cohort	tissue	population	modality	vmr_id	seqnames	start	end	n_pairs_tested	n_features_tested	n_sig_fdr_05	n_sig_fdr_10	min_p	min_fdr	max_abs_beta	strongest_beta	vmr_length	num_snps	chromatin_state	cpg_density_proxy	h2_category	h2_unscaled	r_squared_cv	methylation_variance	min_distance	any_sig_fdr_05	any_sig_fdr_10	h2_scaled	log_vmr_length	log_num_snps	log_min_distance	log_max_abs_beta
BA_only	hippocampus	AA	psi	chr10_100025847_100026058	chr10	100025847	100026058	30	30	0	0	0.0820225532183665	0.988137148207548	5.91940819864855	5.91940819864855	211	274	Intergenic	0	Non-heritable	0.0512890926502216	0.76764668199908	0.00632096989716636	69057	0	0	0.512890926502216	5.35185813347607	5.61677109766657	11.1427020102003	1.77823647914379
BA_only	hippocampus	AA	psi	chr10_100348146_100351386	chr10	100348146	100351386	117	117	0	0	0.00217861182838835	0.815187053503819	1.77442921514562	-1.77442921514562	3240	301	Genic/other	2	Non-heritable	0.0783095489493364	0.823017895040547	0.00783093583731823	18276	0	0	0.783095489493364	8.08332860878638	5.71042701737487	9.81339871775444	0.573478807916573
BA_only	hippocampus	AA	psi	chr10_100621288_100622124	chr10	100621288	100622124	94	94	0	0	0.0210157605995721	0.975856666808667	3.25449802205346	-3.25449802205346	836	357	Intergenic	0	Heritable	0.130382186660247	0.903992517410781	0.00660427224760327	84876	0	0	1.30382186660247	6.7286286130847	5.8805329864007	11.3489584286482	1.18003804934537
BA_only	hippocampus	AA	psi	chr10_100931759_100932948	chr10	100931759	100932948	67	67	0	0	0.0298439378906173	0.976741514025636	1.86931597531639	-1.86931597531639	1189	381	Genic/other	0	Heritable	0.211961017063649	0.942915936315885	0.0168692031374996	5809	0	0	2.11961017063649	7.08086789669078	5.94542060860658	8.66733584984596	0.625572580698216
BA_only	hippocampus	AA	psi	chr10_101006502_101007117	chr10	101006502	101007117	107	107	0	0	0.00418623931704223	0.88413881341503	1.94439173494465	-1.94439173494465	615	375	Genic/other	2	Heritable	0.11390774802982	0.915885134743726	0.00927708742549165	3761	0	0	1.1390774802982	6.42162226780652	5.9295891433899	8.23270600986098	0.664949200626073
BA_only	hippocampus	AA	psi	chr10_101008138_101008841	chr10	101008138	101008841	107	107	0	0	0.0160327588245443	0.968049414896919	3.09460463507472	-3.09460463507472	703	373	Genic/other	1	Heritable	0.11899539266022	0.885884717667853	0.00672171862171753	2037	0	0	1.1899539266022	6.55535689181067	5.92425579741453	7.61972421378267	1.1296601580982
BA_only	hippocampus	AA	psi	chr10_101149994_101151815	chr10	101149994	101151815	133	133	0	0	0.000153830903451495	0.440226062739054	2.02654716572335	-2.02654716572335	1821	327	Intergenic	1	Non-heritable	0.0792315893697759	0.880160102354963	0.00930569230990821	0	0	0	0.792315893697759	7.50714107972761	5.79301360838414	0	0.706333446224764
BA_only	hippocampus	AA	psi	chr10_101304131_101304601	chr10	101304131	101304601	97	97	0	0	0.0163063910911433	0.969245141301252	3.44832239261062	3.44832239261062	470	307	Genic/other	0	Non-heritable	0.087446072867914	0.879063534406347	0.00597889786051637	0	0	0	0.87446072867914	6.1527326947041	5.73009978297357	0	1.23788785266762
BA_only	hippocampus	AA	psi	chr10_101484347_101485280	chr10	101484347	101485280	95	95	0	0	0.031323786743195	0.977060807838727	2.07738171654349	-2.07738171654349	933	241	Genic/other	0	Non-heritable	0.0695182716487797	0.770171709869855	0.0061630716463535	4978	0	0	0.695182716487797	6.83840520084734	5.48893772615669	8.51298434664218	0.731108315461868
BA_only	hippocampus	AA	psi	chr10_101507300_101507470	chr10	101507300	101507470	57	57	0	0	0.0536820537461055	0.985016765603212	1.61456370529182	-1.61456370529182	170	245	Genic/other	0	Non-heritable	0.0884827123862537	0.834434752354892	0.00737942384591228	27931	0	0	0.884827123862537	5.13579843705026	5.50533153593236	10.2375282639659	0.479064774848655
BA_only	hippocampus	AA	psi	chr10_10157082_10157739	chr10	10157082	10157739	27	27	0	0	0.0470915294572219	0.982477894608776	0.978935989125019	0.978935989125019	657	362	Intergenic	0	Heritable	0.103996079278268	0.890743248065376	0.0102599719293453	171992	0	0	1.03996079278268	6.48768401848461	5.89440283426485	12.055209057293	-0.0212890123117491
BA_only	hippocampus	AA	psi	chr10_101829919_101830147	chr10	101829919	101830147	45	45	0	0	0.00827015053238919	0.933559278800072	8.98989551359854	8.98989551359854	228	130	Promoter	1	Heritable	0.152924485839536	0.703734801013631	0.00700963081439704	0	0	0	1.52924485839536	5.42934562895444	4.87519732320115	0	2.19610122701428
BA_only	hippocampus	AA	psi	chr10_102433070_102433216	chr10	102433070	102433216	173	173	0	0	0.00806037346418563	0.933559278800072	8.22244210953947	-8.22244210953947	146	155	Promoter	1	Heritable	0.47842281464451	0.818153691830712	0.00753239692329707	543	0	0	4.7842281464451	4.98360662170834	5.04985600724954	6.29894924685594	2.10686725977864
BA_only	hippocampus	AA	psi	chr10_102853856_102854041	chr10	102853856	102854041	51	51	0	0	0.0668811183907003	0.985907779499035	1.05978665843297	1.05978665843297	185	149	Promoter	1	Non-heritable	0.0894212313241169	0.650822400930158	0.0157497637076301	0	0	0	0.894212313241169	5.22035582507832	5.01063529409626	0	0.0580676316739187
BA_only	hippocampus	AA	psi	chr10_103125057_103125425	chr10	103125057	103125425	30	30	0	0	0.00452370331208566	0.895415716423085	2.4809258460976	-2.4809258460976	368	191	Promoter	0	Non-heritable	0.0509715046531325	0.648371156288878	0.00659784309527634	0	0	0	0.509715046531325	5.90808293816893	5.25749537202778	0	0.908631819578545
BA_only	hippocampus	AA	psi	chr10_103473434_103473776	chr10	103473434	103473776	36	36	0	0	0.0212165187131192	0.975932065139872	3.14999081003945	3.14999081003945	342	268	Genic/other	2	Non-heritable	0.098207070920001	0.818730705714473	0.00585385358806231	6220	0	0	0.98207070920001	5.83481073706261	5.59471137960184	8.73568594451502	1.1473995385601
BA_only	hippocampus	AA	psi	chr10_1034873_1035605	chr10	1034873	1035605	44	44	0	0	0.0331563153179714	0.979164877002956	2.19529489623525	-2.19529489623525	732	465	Promoter	0	Heritable	0.113731982033779	0.912435668771473	0.008910189150096	0	0	0	1.13731982033779	6.59578051396131	6.14418563412565	0	0.78631639114042
BA_only	hippocampus	AA	psi	chr10_103715573_103716553	chr10	103715573	103716553	50	50	0	0	0.0104304131352617	0.944902218841749	2.76077898971287	-2.76077898971287	980	284	Genic/other	0	Heritable	0.208118651778228	0.850027561299731	0.00549839390627095	15757	0	0	2.08118651778228	6.88755257166462	5.65248918026865	9.66510345180563	1.01551288617785
BA_only	hippocampus	AA	psi	chr10_103727172_103728093	chr10	103727172	103728093	52	52	0	0	0.0147968581005762	0.966089857218066	3.0470846409963	-3.0470846409963	921	284	Genic/other	0	Non-heritable	0.0759559093980696	0.801462081828746	0.00890126318883399	27356	0	0	0.759559093980696	6.82546003625531	5.65248918026865	10.2167277166018	1.114185281369
BA_only	hippocampus	AA	psi	chr10_103852988_103853980	chr10	103852988	103853980	33	33	0	0	0.0129000662690454	0.964059403720961	2.47208156013483	-2.47208156013483	992	302	Genic/other	1	Heritable	0.158546687874122	0.870024766870146	0.00682416532532576	3357	0	0	1.58546687874122	6.89972310728487	5.71373280550937	8.11910083763749	0.905060536678393
BA_only	hippocampus	AA	psi	chr10_104275213_104275792	chr10	104275213	104275792	15	15	0	0	0.000291629192299503	0.533335148192578	0.908621503147881	-0.908621503147881	579	317	Genic/other	1	Heritable	0.428062556533724	0.836294515032612	0.0139493704236137	0	0	0	4.28062556533724	6.361302477573	5.76205138278018	0	-0.0958266486887524
BA_only	hippocampus	AA	psi	chr10_104292348_104292675	chr10	104292348	104292675	14	14	0	0	0.0866242687277091	0.988137148207548	0.977070128558111	0.977070128558111	327	315	Genic/other	0	Non-heritable	0.078121774591525	0.805249103794873	0.0053211504580783	14453	0	0	0.78121774591525	5.78996017089725	5.75574221358691	9.57872647184293	-0.0231968397944026
BA_only	hippocampus	AA	psi	chr10_104305583_104306086	chr10	104305583	104306086	14	14	0	0	0.0568577355472852	0.98577631996496	0.529176710782828	0.529176710782828	503	301	Enhancer	0	Heritable	0.160201304103168	0.849503973123623	0.00641189975276341	9977	0	0	1.60201304103168	6.22059017009974	5.71042701737487	9.20813794842098	-0.636432837159339
BA_only	hippocampus	AA	psi	chr10_104330899_104331648	chr10	104330899	104331648	14	14	0	0	0.0250668946087963	0.975932065139872	1.44952540214956	1.44952540214956	749	290	Genic/other	0	Heritable	0.302463477240416	0.826937856365773	0.00972329573171762	0	0	0	3.02463477240416	6.61873898351722	5.67332326717149	0	0.371236200891683
BA_only	hippocampus	AA	psi	chr10_10461260_10462899	chr10	10461260	10462899	36	36	0	0	0.0290628559631165	0.975932065139872	1.50026386874723	1.50026386874723	1639	475	Promoter	0	Heritable	0.218480996601816	0.910018732371823	0.00426886035979438	0	0	0	2.18480996601816	7.40184157874383	6.16541785423142	0	0.405641011801023
BA_only	hippocampus	AA	psi	chr10_1047631_1047762	chr10	1047631	1047762	44	44	0	0	0.0168438754936752	0.970581273335112	3.42218144316308	3.42218144316308	131	482	Genic/other	1	Non-heritable	0.0500672704383589	0.889856282654982	0.00971636374026814	0	0	0	0.500672704383589	4.87519732320115	6.18001665365257	0	1.23027819953559
BA_only	hippocampus	AA	psi	chr10_104784526_104785923	chr10	104784526	104785923	0	0	0	0					1397	287	Genic/other	0	Heritable	0.168417250837291	0.804740648431461	0.00918434677594487	189809	0	0	1.68417250837291	7.24208235925696	5.66296048013595	12.153778850809	
BA_only	hippocampus	AA	psi	chr10_106735808_106737102	chr10	106735808	106737102	1	1	0	0	0.815036671951014	0.997974917564472	0.0124779009410458	0.0124779009410458	1294	364	Enhancer	0	Heritable	0.528686919998654	0.892298141000109	0.0130204340000609	59662	0	0	5.28686919998654	7.16549347506085	5.89989735358249	10.9964673417525	-4.38379532259696
BA_only	hippocampus	AA	psi	chr10_108315734_108316106	chr10	108315734	108316106	1	1	0	0	0.885843752817865	0.999100225123066	0.0416686025396298	0.0416686025396298	372	286	Intergenic	0	Heritable	0.295542110270417	0.84880979742936	0.0131491089937189	117997	0	0	2.95542110270417	5.91889385427315	5.65948221575962	11.6784229541516	-3.17800713048729
BA_only	hippocampus	AA	psi	chr10_108396052_108398540	chr10	108396052	108398540	1	1	0	0	0.110546211158466	0.990898390030923	0.455607500151896	-0.455607500151896	2488	251	Intergenic	0	Heritable	0.685944338434057	0.90015012796607	0.00808858322592561	198315	0	0	6.85944338434057	7.81923445385907	5.52942908751142	12.1976169970825	-0.786123563453891
BA_only	hippocampus	AA	psi	chr10_108912788_108912901	chr10	108912788	108912901	12	12	0	0	0.110352448486099	0.990898390030923	1.92210106865623	-1.92210106865623	113	224	Intergenic	1	Non-heritable	0.0474513982562522	0.716573744774946	0.0088238317147585	9491	0	0	0.474513982562522	4.72738781871234	5.41610040220442	9.15820461755565	0.653418899517113
BA_only	hippocampus	AA	psi	chr10_110005895_110006876	chr10	110005895	110006876	101	101	0	0	0.00242909891294035	0.824728302674626	3.44979156163239	3.44979156163239	981	268	Promoter	1	Non-heritable	0.0925805730411493	0.784623774355536	0.00889021028588326	0	0	0	0.925805730411493	6.88857245956536	5.59471137960184	0	1.23831381519867
BA_only	hippocampus	AA	psi	chr10_11007535_11007706	chr10	11007535	11007706	67	67	0	0	0.00615318989537237	0.920376068783091	5.58768880340619	-5.58768880340619	171	532	Genic/other	0	Non-heritable	0.062924748654333	0.939710537510555	0.00720472676857316	0	0	0	0.62924748654333	5.14166355650266	6.27852142416584	0	1.72056575147724
BA_only	hippocampus	AA	psi	chr10_110462104_110462322	chr10	110462104	110462322	459	459	0	0	0.00101019956953718	0.719858499521447	5.49000178664636	5.49000178664636	218	355	Genic/other	0	Heritable	0.108161334659066	0.800224729388162	0.00620408575301095	0	0	0	1.08161334659066	5.38449506278909	5.87493073085203	0	1.70292858277937
BA_only	hippocampus	AA	psi	chr10_110642850_110643041	chr10	110642850	110643041	401	401	0	0	0.00222597104820518	0.817446144573316	4.80292646123282	4.80292646123282	191	352	Promoter	1	Non-heritable	0.0947546441759124	0.898861513947663	0.00608059781938793	41212	0	0	0.947546441759124	5.25227342804663	5.8664680569333	10.6265090195478	1.56922541364042
BA_only	hippocampus	AA	psi	chr10_11163737_11164258	chr10	11163737	11164258	74	74	0	0	0.00277461129200333	0.842029831452187	4.24330270582275	-4.24330270582275	521	502	Promoter	1	Non-heritable	0.083458772769284	0.940077067827022	0.010085045260887	0	0	0	0.83458772769284	6.25575004175337	6.22059017009974	0	1.4453419084367
BA_only	hippocampus	AA	psi	chr10_1120929_1121242	chr10	1120929	1121242	41	41	0	0	0.0629333725998331	0.985907779499035	6.30276316768544	-6.30276316768544	313	541	Genic/other	0	Non-heritable	0.0770569860508085	0.936862746856846	0.00673523435336303	0	0	0	0.770569860508085	5.74620319054015	6.29526600143965	0	1.84098813687339
BA_only	hippocampus	AA	psi	chr10_112678599_112678874	chr10	112678599	112678874	34	34	0	0	0.0215352578617171	0.975932065139872	2.39753096904535	-2.39753096904535	275	458	Promoter	0	Non-heritable	0.0747934449173334	0.931706294781474	0.00610985818997385	115675	0	0	0.747934449173334	5.61677109766657	6.12905021006055	11.6585484586481	0.874439449087325
BA_only	hippocampus	AA	psi	chr10_112949136_112949501	chr10	112949136	112949501	48	48	0	0	0.00577912366427251	0.91658260669542	3.43551632289637	-3.43551632289637	365	450	Promoter	1	Non-heritable	0.0879879475020216	0.923011270236187	0.00842330055238547	199	0	0	0.879879475020216	5.89989735358249	6.11146733950268	5.29831736654804	1.23416722963178
BA_only	hippocampus	AA	psi	chr10_112953211_112953473	chr10	112953211	112953473	48	48	0	0	0.0125154041261429	0.961394807854409	6.30417626412071	6.30417626412071	262	453	Genic/other	1	Heritable	0.13369440208005	0.92947389153654	0.00522406059050999	0	0	0	1.3369440208005	5.5683445037611	6.11809719804135	0	1.84121231442998
BA_only	hippocampus	AA	psi	chr10_112991920_112992569	chr10	112991920	112992569	48	48	0	0	0.00641665922595518	0.921986326914528	4.23803669119922	-4.23803669119922	649	430	Genic/other	0	Non-heritable	0.096644414140293	0.936341685342467	0.00946089133021681	0	0	0	0.96644414140293	6.47543271670409	6.06610809010375	0	1.44410011983674
BA_only	hippocampus	AA	psi	chr10_113028440_113028689	chr10	113028440	113028689	49	49	0	0	0.0258674614516583	0.975932065139872	4.00787011213605	-4.00787011213605	249	439	Genic/other	0	Heritable	0.10845588345174	0.946435362775285	0.00700512618494896	0	0	0	1.0845588345174	5.51745289646471	6.08677472691231	0	1.38825995860085
BA_only	hippocampus	AA	psi	chr10_11336078_11336768	chr10	11336078	11336768	28	28	0	0	0.00594514458151903	0.918414150018684	4.44407916547756	4.44407916547756	690	561	Intergenic	0	Heritable	0.132989658592726	0.953013006203549	0.00681273870646284	0	0	0	1.32989658592726	6.53669159759131	6.33150184989369	0	1.49157268788275
BA_only	hippocampus	AA	psi	chr10_11339305_11340056	chr10	11339305	11340056	28	28	0	0	0.108670186677084	0.990898390030923	1.06871436294581	1.06871436294581	751	555	Intergenic	0	Heritable	0.332593375216821	0.914127950193465	0.00698763833889108	0	0	0	3.32593375216821	6.62140565176413	6.32076829425058	0	0.0664564054578185
BA_only	hippocampus	AA	psi	chr10_11379673_11380201	chr10	11379673	11380201	21	21	0	0	0.0539003010811887	0.985176584192382	1.4759293299434	1.4759293299434	528	577	Intergenic	0	Non-heritable	0.0542241418922574	0.948569520347779	0.00537306239809955	5789	0	0	0.542241418922574	6.26909628370626	6.35957386867238	8.66388757056704	0.389287852365275
BA_only	hippocampus	AA	psi	chr10_113978414_113979492	chr10	113978414	113979492	27	27	0	0	0.0217856526280778	0.975932065139872	1.86961912484271	1.86961912484271	1078	448	Intergenic	0	Non-heritable	0.0826579920744629	0.910121262070631	0.0088087920243133	0	0	0	0.826579920744629	6.98286275146894	6.10702288774226	0	0.625734738915591
BA_only	hippocampus	AA	psi	chr10_114046162_114048652	chr10	114046162	114048652	23	23	0	0	0.00944364693215512	0.939841915020693	2.1310305551788	-2.1310305551788	2490	441	Intergenic	2	Heritable	0.14675887418607	0.91718949153787	0.00600785073464596	3021	0	0	1.4675887418607	7.82003798945875	6.0913098820777	8.01367414283268	0.756605696128963
BA_only	hippocampus	AA	psi	chr10_114101563_114101831	chr10	114101563	114101831	24	24	0	0	0.0282658717622587	0.975932065139872	1.50435364745028	1.50435364745028	268	403	Enhancer	1	Heritable	0.665452383995424	0.901082591320425	0.0115478945960302	0	0	0	6.65452383995424	5.59098698051086	6.00141487796115	0	0.408363342466797
BA_only	hippocampus	AA	psi	chr10_114103330_114103933	chr10	114103330	114103933	23	23	0	0	0.023944393252106	0.975932065139872	1.66300047447532	1.66300047447532	603	421	Intergenic	2	Heritable	0.216466803328992	0.925009130166135	0.0136383398100904	0	0	0	2.16466803328992	6.40191719672719	6.04500531403601	0	0.508623491536858
BA_only	hippocampus	AA	psi	chr10_114402228_114403211	chr10	114402228	114403211	10	10	0	0	0.0866647868409589	0.988137148207548	1.16759822263742	-1.16759822263742	983	403	Genic/other	1	Non-heritable	0.0859082583401603	0.927254913461362	0.00766813673834784	0	0	0	0.859082583401603	6.89060912014717	6.00141487796115	0	0.154948846325403
BA_only	hippocampus	AA	psi	chr10_115094679_115095024	chr10	115094679	115095024	6	6	0	0	0.100880343635764	0.990400450319684	1.62282049147592	1.62282049147592	345	202	Genic/other	1	Non-heritable	0.0733012467377344	0.67898104376237	0.0049622455285007	0	0	0	0.733012467377344	5.84354441703136	5.31320597904179	0	0.484165685666904
BA_only	hippocampus	AA	psi	chr10_116270578_116270817	chr10	116270578	116270817	25	25	0	0	0.00257065796480974	0.833167185490902	5.0589770270427	-5.0589770270427	239	448	Genic/other	1	Heritable	0.142405857146625	0.921972252392684	0.00740447163724799	1074	0	0	1.42405857146625	5.47646355193151	6.10702288774226	6.98007594056176	1.6211642962686
BA_only	hippocampus	AA	psi	chr10_116803517_116803983	chr10	116803517	116803983	25	25	0	0	0.0143869701711378	0.965704068068287	0.730195161233533	-0.730195161233533	466	364	Genic/other	0	Non-heritable	0.0595783189835699	0.838424522331291	0.0110296361715488	0	0	0	0.595783189835699	6.14418563412565	5.89989735358249	0	-0.314443422719287
BA_only	hippocampus	AA	psi	chr10_116961466_116961865	chr10	116961466	116961865	16	16	0	0	0.118731263289031	0.990898390030923	1.51160323284936	-1.51160323284936	399	388	Genic/other	0	Heritable	0.104552504500746	0.898784700890823	0.00850225100344316	6846	0	0	1.04552504500746	5.98896141688986	5.96357934361845	8.83156587912106	0.413170837800078
BA_only	hippocampus	AA	psi	chr10_116973110_116973732	chr10	116973110	116973732	16	16	0	0	0.036036697714648	0.980494018606455	1.94911327512036	-1.94911327512036	622	398	Genic/other	0	Non-heritable	0.0765602278684635	0.852443100328722	0.00762272930527896	0	0	0	0.765602278684635	6.43294009273918	5.98896141688986	0	0.667374543577324
BA_only	hippocampus	AA	psi	chr10_117095062_117095468	chr10	117095062	117095468	18	18	0	0	0.0266964366839872	0.975932065139872	2.95031865204943	-2.95031865204943	406	417	Genic/other	0	Heritable	0.102297112804275	0.919093186698317	0.00817534318716119	49001	0	0	1.02297112804275	6.00635315960173	6.03548143252476	10.7996163925863	1.08191318555158
BA_only	hippocampus	AA	psi	chr10_117132603_117133663	chr10	117132603	117133663	17	17	0	0	0.0218482579876717	0.975932065139872	1.94304799727992	-1.94304799727992	1060	443	Genic/other	2	Heritable	0.116951677373577	0.915776351688022	0.00682729489863167	10806	0	0	1.16951677373577	6.96602418710611	6.09582456243223	9.28794935130317	0.66425787790269
BA_only	hippocampus	AA	psi	chr10_117164190_117164769	chr10	117164190	117164769	15	15	0	0	0.0605962382980777	0.98577631996496	2.17301820617847	2.17301820617847	579	425	Genic/other	1	Non-heritable	0.0642798965922755	0.911654579033747	0.00751723644458765	0	0	0	0.642798965922755	6.361302477573	6.05443934626937	0	0.776117084202097
BA_only	hippocampus	AA	psi	chr10_117373474_117373652	chr10	117373474	117373652	24	24	0	0	0.00232962377593103	0.821900074869887	3.32588671931527	3.32588671931527	178	511	Genic/other	1	Heritable	0.140366538500866	0.945839241683665	0.00739528534604165	62671	0	0	1.40366538500866	5.18178355029209	6.23832462503951	11.0456700559056	1.20173632406191
BA_only	hippocampus	AA	psi	chr10_11742869_11742966	chr10	11742869	11742966	10	10	0	0	0.0388705017248735	0.980549382116533	1.81828089659207	-1.81828089659207	97	523	Genic/other	2	Heritable	0.170925852077939	0.94268786740812	0.00548097401124228	0	0	0	1.70925852077939	4.57471097850338	6.26149168432104	0	0.597891497896263
BA_only	hippocampus	AA	psi	chr10_117533944_117534736	chr10	117533944	117534736	14	14	0	0	0.00624926544502937	0.920376068783091	1.77997480032877	1.77997480032877	792	583	Genic/other	2	Non-heritable	0.0744073705115657	0.94806076621799	0.00559970394262953	0	0	0	0.744073705115657	6.67456139181443	6.36990098282823	0	0.576599212703169
BA_only	hippocampus	AA	psi	chr10_117536524_117536816	chr10	117536524	117536816	14	14	0	0	0.000139850208406977	0.427037609173052	1.52314402080751	1.52314402080751	292	578	Genic/other	1	Heritable	0.117972484440361	0.963447666916593	0.00693215680496937	0	0	0	1.17972484440361	5.67675380226828	6.361302477573	0	0.420776639899505
BA_only	hippocampus	AA	psi	chr10_117540874_117541192	chr10	117540874	117541192	14	14	0	0	0.0308089346446163	0.976893291659941	0.942703519655862	0.942703519655862	318	578	Genic/other	1	Non-heritable	0.0594361302210415	0.950067971612341	0.00773049971761294	0	0	0	0.594361302210415	5.76205138278018	6.361302477573	0	-0.0590034363886097
BA_only	hippocampus	AA	psi	chr10_118047470_118047606	chr10	118047470	118047606	58	58	0	0	0.00701437164865547	0.931602204679102	2.6423729343879	2.6423729343879	136	534	Promoter	1	Heritable	0.149779340526394	0.947891128802577	0.00713094709594372	0	0	0	1.49779340526394	4.91265488573605	6.28226674689601	0	0.971677356012316
BA_only	hippocampus	AA	psi	chr10_1180946_1181329	chr10	1180946	1181329	41	41	0	0	0.0178562399523378	0.970931943606436	6.16714649639928	6.16714649639928	383	550	Genic/other	1	Non-heritable	0.0965646907062254	0.939760966555008	0.00789421113241391	0	0	0	0.965646907062254	5.94803498918065	6.31173480915292	0	1.81923625223752
BA_only	hippocampus	AA	psi	chr10_1187120_1187817	chr10	1187120	1187817	38	38	0	0	0.0234341778017749	0.975932065139872	2.31668389922096	2.31668389922096	697	563	Promoter	2	Heritable	0.121726631475329	0.913271642184125	0.0085377326022	0	0	0	1.21726631475329	6.54678541076052	6.33505425149806	0	0.840136813710085
BA_only	hippocampus	AA	psi	chr10_119378436_119379139	chr10	119378436	119379139	15	15	0	0	0.00733567567985941	0.933401561104855	1.70462210900924	-1.70462210900924	703	417	Genic/other	0	Non-heritable	0.0791597624626523	0.897849654201678	0.00847399251319306	121119	0	0	0.791597624626523	6.55535689181067	6.03548143252476	11.7045370686713	0.533343455092058
BA_only	hippocampus	AA	psi	chr10_119505686_119506239	chr10	119505686	119506239	14	14	0	0	0.0528128112797039	0.984783117109287	1.00155338471515	1.00155338471515	553	353	Genic/other	0	Heritable	0.10914670665462	0.898749370726101	0.0121985761307579	0	0	0	1.0914670665462	6.31535800152234	5.86929691313377	0	0.00155218944559098
BA_only	hippocampus	AA	psi	chr10_119544119_119544382	chr10	119544119	119544382	19	19	0	0	0.0018591544611477	0.800632140208814	5.03090624061321	-5.03090624061321	263	344	Genic/other	1	Non-heritable	0.0756168269079383	0.831039218445106	0.00858712313577028	18086	0	0	0.756168269079383	5.57215403217777	5.84354441703136	9.80294872715752	1.61560013699114
BA_only	hippocampus	AA	psi	chr10_119652657_119653185	chr10	119652657	119653185	22	22	0	0	0.0590964071510777	0.98577631996496	3.33754221113505	-3.33754221113505	528	367	Enhancer	1	Heritable	0.116795686124803	0.887526339632464	0.00761568729084306	17816	0	0	1.16795686124803	6.26909628370626	5.90808293816893	9.78790833668397	1.20523467417371
BA_only	hippocampus	AA	psi	chr10_119830999_119831918	chr10	119830999	119831918	20	20	0	0	0.0423237462866909	0.980549382116533	6.24127317922259	6.24127317922259	919	367	Genic/other	0	Heritable	0.12006704851054	0.890462198837277	0.00592013426055207	4367	0	0	1.2006704851054	6.82328612235569	5.90808293816893	8.38206051742474	1.83118419830306
BA_only	hippocampus	AA	psi	chr10_120011833_120012247	chr10	120011833	120012247	11	11	0	0	0.314501661670155	0.993790903832506	0.751738559199438	0.751738559199438	414	364	Intergenic	2	Heritable	0.189009657494339	0.917174854474386	0.00618923920456782	78824	0	0	1.89009657494339	6.02586597382531	5.89989735358249	11.2749854844133	-0.285366662816816
BA_only	hippocampus	AA	psi	chr10_1200396_1201077	chr10	1200396	1201077	37	37	0	0	0.0306824758404458	0.976893291659941	3.13866836368087	3.13866836368087	681	571	Promoter	0	Non-heritable	0.0815682374026391	0.952877993164767	0.00611645644769035	0	0	0	0.815682374026391	6.52356230614951	6.3491389913798	0	1.14379862515576
BA_only	hippocampus	AA	psi	chr10_120127763_120128517	chr10	120127763	120128517	1	1	0	0	0.154626528850508	0.991064867102684	1.05366964318995	-1.05366964318995	754	384	Intergenic	0	Heritable	0.509160257931099	0.896427384721072	0.0110966453299039	194754	0	0	5.09160257931099	6.62539236800796	5.95324333428779	12.1794976373444	0.0522789789713033
BA_only	hippocampus	AA	psi	chr10_120458214_120459480	chr10	120458214	120459480	11	11	0	0	0.0250982636488838	0.975932065139872	1.71007655457342	1.71007655457342	1266	444	Genic/other	1	Heritable	0.142800218019114	0.925775359630718	0.00816864887003574	0	0	0	1.42800218019114	7.14361760270412	6.09807428216624	0	0.536538144116555
BA_only	hippocampus	AA	psi	chr10_120793502_120794188	chr10	120793502	120794188	31	31	0	0	0.042741949004941	0.980549382116533	1.30912710850259	-1.30912710850259	686	474	Promoter	0	Heritable	0.526298070879586	0.90539822771815	0.00759799675587795	0	0	0	5.26298070879586	6.53087762772589	6.16331480403464	0	0.269360593368311
BA_only	hippocampus	AA	psi	chr10_120842904_120844112	chr10	120842904	120844112	29	29	0	0	0.0450159774625394	0.981395945960329	1.60752526752984	1.60752526752984	1208	501	Genic/other	0	Heritable	0.554684107369437	0.89548919223364	0.00997736372565008	0	0	0	5.54684107369437	7.09672137849476	6.21860011969173	0	0.474695901752406
BA_only	hippocampus	AA	psi	chr10_120917025_120917304	chr10	120917025	120917304	29	29	0	0	0.00557153412674673	0.914301706404424	1.59615126119713	1.59615126119713	279	514	Intergenic	0	Heritable	0.1139918438854	0.93791672083686	0.00991085898069241	10248	0	0	1.139918438854	5.63121178182137	6.24416690066374	9.23493541883156	0.467595275987975
BA_only	hippocampus	AA	psi	chr10_120917794_120918443	chr10	120917794	120918443	29	29	0	0	0.0904103086469662	0.989446665475032	1.30631403336174	-1.30631403336174	649	520	Intergenic	0	Heritable	0.110957062918821	0.939968696467181	0.00903786526272417	11017	0	0	1.10957062918821	6.47543271670409	6.25575004175337	9.30728557803266	0.267209463940032
BA_only	hippocampus	AA	psi	chr10_120946349_120946768	chr10	120946349	120946768	21	21	0	0	0.0304836915516049	0.976893291659941	3.74276730392789	3.74276730392789	419	528	Genic/other	1	Heritable	0.124537658303521	0.954179964789626	0.00798349708151373	7501	0	0	1.24537658303521	6.03787091992214	6.2709884318583	8.92292493064183	1.31982526132813
BA_only	hippocampus	AA	psi	chr10_120950232_120950403	chr10	120950232	120950403	21	21	0	0	0.0160853313704073	0.968106276565941	2.26575184167857	2.26575184167857	171	523	Genic/other	1	Heritable	0.110611720802745	0.946931745723273	0.00734046506236362	3866	0	0	1.10611720802745	5.14166355650266	6.26149168432104	8.2602342916073	0.817906647199941
BA_only	hippocampus	AA	psi	chr10_121025130_121026654	chr10	121025130	121026654	22	22	0	0	0.0172443709994398	0.970581273335112	7.52044713994148	7.52044713994148	1524	535	Intergenic	0	Non-heritable	0.073726272705242	0.927554219737779	0.000750186300211791	28532	0	0	0.73726272705242	7.32909373624659	6.2841341610708	10.2588165911505	2.01762559762238
BA_only	hippocampus	AA	psi	chr10_121131637_121132159	chr10	121131637	121132159	6	6	0	0	0.198387584515995	0.991064867102684	1.43787454894613	-1.43787454894613	522	540	Intergenic	0	Heritable	0.113414731335435	0.957141196456838	0.00745040142318668	0	0	0	1.13414731335435	6.25766758788264	6.29341927884648	0	0.363166022493926
BA_only	hippocampus	AA	psi	chr10_121594442_121594680	chr10	121594442	121594680	92	92	0	0	0.0149699158123204	0.966167725188189	5.20337569737051	-5.20337569737051	238	541	Promoter	1	Non-heritable	0.0549622075851699	0.937952639285823	0.0078538068974502	0	0	0	0.549622075851699	5.47227067367148	6.29526600143965	0	1.6493075894591
BA_only	hippocampus	AA	psi	chr10_121648171_121649015	chr10	121648171	121649015	103	103	0	0	0.00940910503750409	0.939841915020693	2.33698497001525	2.33698497001525	844	587	Intergenic	0	Non-heritable	0.0986790897555104	0.950031396297785	0.00711215917568199	50208	0	0	0.986790897555104	6.73815249459596	6.37672694789863	10.8239495724791	0.848861628499375
BA_only	hippocampus	AA	psi	chr10_122162900_122163075	chr10	122162900	122163075	87	87	0	0	0.00200967846070861	0.80788746747084	4.27130385455882	-4.27130385455882	175	513	Promoter	1	Non-heritable	0.0972471195377189	0.924354998772257	0.00657855897324493	0	0	0	0.972471195377189	5.16478597392351	6.24222326545517	0	1.45191913532689
BA_only	hippocampus	AA	psi	chr10_122164392_122165034	chr10	122164392	122165034	87	87	0	0	0.00139336679045552	0.759071555562182	4.87663967007953	-4.87663967007953	642	530	Enhancer	1	Non-heritable	0.0912358077085059	0.936915874139736	0.00697227244353655	0	0	0	0.912358077085059	6.46458830368996	6.27476202124194	0	1.58445639253033
BA_only	hippocampus	AA	psi	chr10_122331625_122332075	chr10	122331625	122332075	28	28	0	0	0.0493455970921152	0.983382963027712	1.52156648129018	-1.52156648129018	450	518	Promoter	0	Heritable	0.146347064353471	0.941066824922989	0.00633599218523282	42730	0	0	1.46347064353471	6.10924758276437	6.25190388316589	10.6626799311258	0.419740390543748
BA_only	hippocampus	AA	psi	chr10_122376167_122376616	chr10	122376167	122376616	29	29	0	0	0.0452913706010668	0.981463528948039	1.96575728365052	-1.96575728365052	449	505	Genic/other	1	Non-heritable	0.061134071975513	0.91892016303664	0.00442408040166313	0	0	0	0.61134071975513	6.10702288774226	6.22653666928747	0	0.67587756224787
BA_only	hippocampus	AA	psi	chr10_122463833_122465514	chr10	122463833	122465514	20	20	0	0	0.00367517087520101	0.867953489674172	5.5459780056768	5.5459780056768	1681	501	Genic/other	2	Non-heritable	0.0721832853766487	0.941336274949706	0.00929628004864337	0	0	0	0.721832853766487	7.42714413340862	6.21860011969173	0	1.71307298318948
BA_only	hippocampus	AA	psi	chr10_122475383_122475614	chr10	122475383	122475614	16	16	0	0	0.0123523320820964	0.959147569313826	2.31490493412765	-2.31490493412765	231	504	Genic/other	0	Heritable	0.136402596365607	0.940649017746615	0.00767666134125466	0	0	0	1.36402596365607	5.44241771052179	6.22455842927536	0	0.839368625843191
BA_only	hippocampus	AA	psi	chr10_122556855_122557384	chr10	122556855	122557384	15	15	0	0	0.12563210055065	0.991064867102684	0.721854151811397	-0.721854151811397	529	449	Genic/other	0	Heritable	0.40249443968488	0.902445647574525	0.00908808992062021	25538	0	0	4.0249443968488	6.2709884318583	6.10924758276437	10.1479619745522	-0.325932152443406
BA_only	hippocampus	AA	psi	chr10_122818163_122819028	chr10	122818163	122819028	37	37	0	0	0.0301523787832183	0.976893291659941	1.60691739841327	-1.60691739841327	865	378	Promoter	2	Heritable	0.132807931973789	0.910508524782868	0.0125184666203098	0	0	0	1.32807931973789	6.76272950693188	5.93753620508243	0	0.474317690545546
BA_only	hippocampus	AA	psi	chr10_122879228_122879358	chr10	122879228	122879358	34	34	0	0	0.000144554192877496	0.431795965327074	4.4201008337114	-4.4201008337114	130	385	Promoter	1	Heritable	0.161187302659887	0.90032585630373	0.00766933164175233	401	0	0	1.61187302659887	4.86753445045558	5.95583736946483	5.99645208861902	1.48616251114866
BA_only	hippocampus	AA	psi	chr10_123735749_123737965	chr10	123735749	123737965	76	76	0	0	0.0206505372399391	0.975856666808667	2.25840741564944	-2.25840741564944	2216	540	Genic/other	0	Heritable	0.689947980525694	0.913773973734686	0.0114240902013851	29186	0	0	6.89947980525694	7.70345904786718	6.29341927884648	10.2814786836435	0.814659885965127
BA_only	hippocampus	AA	psi	chr10_123991414_123992449	chr10	123991414	123992449	16	16	0	0	0.0404037780864758	0.980549382116533	0.469567072071807	0.469567072071807	1035	651	Promoter	2	Non-heritable	0.0590731135349842	0.938576989902956	0.0201373203939658	0	0	0	0.590731135349842	6.94215670569947	6.48004456192665	0	-0.755944110728012
BA_only	hippocampus	AA	psi	chr10_124020577_124021296	chr10	124020577	124021296	15	15	0	0	0.0701603703662719	0.985907779499035	0.952651156663271	-0.952651156663271	719	645	Genic/other	0	Non-heritable	0.0872870360782416	0.964682233758069	0.00725322288916726	24525	0	0	0.872870360782416	6.57786135772105	6.4707995037826	10.107489058322	-0.0485064794153225
BA_only	hippocampus	AA	psi	chr10_1240284_1240695	chr10	1240284	1240695	36	36	0	0	0.0594160002527087	0.98577631996496	5.49247566195692	5.49247566195692	411	571	Promoter	1	Heritable	0.104937685473642	0.960823566271582	0.00777705675238091	0	0	0	1.04937685473642	6.01859321449623	6.3491389913798	0	1.70337909594628
BA_only	hippocampus	AA	psi	chr10_12405620_12405965	chr10	12405620	12405965	9	9	0	0	0.0707545436432196	0.985907779499035	1.28381383125331	-1.28381383125331	345	662	Genic/other	0	Non-heritable	0.0892351347556176	0.957025674280363	0.00681673193231857	0	0	0	0.892351347556176	5.84354441703136	6.49677499018586	0	0.249835211309076
BA_only	hippocampus	AA	psi	chr10_124356465_124356612	chr10	124356465	124356612	10	10	0	0	0.188559982944489	0.991064867102684	1.61748160632863	1.61748160632863	147	560	Intergenic	0	Heritable	0.120101883869935	0.955763588527797	0.00645150439401874	14216	0	0	1.20101883869935	4.99043258677874	6.3297209055227	9.5621937106357	0.480870381843713
BA_only	hippocampus	AA	psi	chr10_124417028_124417438	chr10	124417028	124417438	10	10	0	0	0.175489203275925	0.991064867102684	1.93993996010757	-1.93993996010757	410	550	Genic/other	1	Non-heritable	0.0778401650791067	0.950705422301153	0.00518464232097757	0	0	0	0.778401650791067	6.01615715969835	6.31173480915292	0	0.662657029352964
BA_only	hippocampus	AA	psi	chr10_124521572_124522042	chr10	124521572	124522042	15	15	0	0	0.0383465273021664	0.980549382116533	3.21319803235494	3.21319803235494	470	508	Genic/other	0	Non-heritable	0.0643463633545501	0.930212099213157	0.00734030585719111	0	0	0	0.643463633545501	6.1527326947041	6.23244801655052	0	1.16726671606641
BA_only	hippocampus	AA	psi	chr10_124534198_124534535	chr10	124534198	124534535	16	16	0	0	0.0250009797326052	0.975932065139872	2.56967316521297	2.56967316521297	337	514	Genic/other	0	Heritable	0.557720029740769	0.914019862790665	0.0107723035695459	0	0	0	5.57720029740769	5.82008293035236	6.24416690066374	0	0.94377872164261
BA_only	hippocampus	AA	psi	chr10_124588930_124590348	chr10	124588930	124590348	16	16	0	0	0.27902099034251	0.993437465767387	0.865859184394071	0.865859184394071	1418	572	Genic/other	2	Non-heritable	0.0629744044499229	0.921232760409409	0.00620790152722068	0	0	0	0.629744044499229	7.25700270709207	6.35088571671474	0	-0.144032976717829
BA_only	hippocampus	AA	psi	chr10_124604851_124606841	chr10	124604851	124606841	15	15	0	0	0.115223103686276	0.990898390030923	3.68160300340817	3.68160300340817	1990	584	Promoter	1	Non-heritable	0.0510766052599681	0.946144349102336	0.00711656571469054	0	0	0	0.510766052599681	7.59588991771854	6.37161184723186	0	1.30334825880367
BA_only	hippocampus	AA	psi	chr10_124609810_124610101	chr10	124609810	124610101	15	15	0	0	0.0289107015232636	0.975932065139872	3.28339999454104	3.28339999454104	291	585	Genic/other	1	Heritable	0.171707920529826	0.861964184045295	0.00639033686516647	0	0	0	1.71707920529826	5.67332326717149	6.37331978957701	0	1.18887947226131
BA_only	hippocampus	AA	psi	chr10_124643335_124643548	chr10	124643335	124643548	15	15	0	0	0.115961681343401	0.990898390030923	5.91498247349752	5.91498247349752	213	601	Genic/other	0	Non-heritable	0.0482737444603008	0.952723597286153	0.00682696604377452	0	0	0	0.482737444603008	5.36129216570943	6.40025744530882	0	1.77748853605615
BA_only	hippocampus	AA	psi	chr10_124672019_124673098	chr10	124672019	124673098	13	13	0	0	0.140289685146261	0.991064867102684	1.76793079565425	1.76793079565425	1079	604	Genic/other	0	Non-heritable	0.0670113843748454	0.941868795843279	0.00612870861832749	0	0	0	0.670113843748454	6.98378996525814	6.40522845803084	0	0.569809826376189
BA_only	hippocampus	AA	psi	chr10_124677401_124677891	chr10	124677401	124677891	13	13	0	0	0.0373771247034353	0.980549382116533	5.29196702687364	5.29196702687364	490	596	Genic/other	0	Non-heritable	0.0760211357516421	0.940435050135984	0.0055824357157605	0	0	0	0.760211357516421	6.19440539110467	6.3919171133926	0	1.66619001737345
BA_only	hippocampus	AA	psi	chr10_124704065_124705029	chr10	124704065	124705029	13	13	0	0	0.0148128424548092	0.966089857218066	9.8967205951231	9.8967205951231	964	616	Promoter	0	Heritable	0.111713397693994	0.946566046203413	0.0059530776100973	0	0	0	1.11713397693994	6.87109129461055	6.42486902390539	0	2.29220345025671
BA_only	hippocampus	AA	psi	chr10_124792671_124792769	chr10	124792671	124792769	18	18	0	0	0.0486538258895754	0.982844443292717	2.15712171394315	2.15712171394315	98	608	Promoter	1	Heritable	0.123146560597582	0.953035840717285	0.00665055805796741	3627	0	0	1.23146560597582	4.58496747867057	6.4118182677099	8.19643681123503	0.76877479787003
BA_only	hippocampus	AA	psi	chr10_125005032_125005169	chr10	125005032	125005169	9	9	0	0	0.451953405296034	0.994840206451052	0.562594482308187	0.562594482308187	137	511	Genic/other	0	Non-heritable	0.0855966841705403	0.932780478730088	0.00690043453937183	0	0	0	0.855966841705403	4.91998092582813	6.23832462503951	0	-0.575196172686019
BA_only	hippocampus	AA	psi	chr10_125007049_125007597	chr10	125007049	125007597	9	9	0	0	0.25883734510154	0.992837608310815	1.59276352531331	1.59276352531331	548	511	Genic/other	0	Non-heritable	0.0840277988141895	0.916603733224738	0.00670509826606221	0	0	0	0.840277988141895	6.30627528694802	6.23832462503951	0	0.465470580056086
BA_only	hippocampus	AA	psi	chr10_125156425_125157778	chr10	125156425	125157778	9	9	0	0	0.0549633747326814	0.98577631996496	2.49752153456043	-2.49752153456043	1353	473	Genic/other	2	Non-heritable	0.0617623642998466	0.874153049523882	0.00526966596173142	0	0	0	0.617623642998466	7.21007962817079	6.16120732169508	0	0.915298857953987
BA_only	hippocampus	AA	psi	chr10_125773885_125774417	chr10	125773885	125774417	97	97	0	0	0.000126183323479681	0.416823565661347	2.44517944567877	-2.44517944567877	532	459	Promoter	1	Non-heritable	0.082625652454528	0.910468173017484	0.0128125455422571	53	0	0	0.82625652454528	6.27664348934165	6.13122648948314	3.98898404656427	0.894118517239039
BA_only	hippocampus	AA	psi	chr10_125844438_125845172	chr10	125844438	125845172	93	93	0	0	0.00884084562728227	0.934211099658086	7.06154896856812	7.06154896856812	734	483	Genic/other	0	Non-heritable	0.0601072790116155	0.926287413972611	0.0077065698371705	28000	0	0	0.601072790116155	6.59850902861452	6.18208490671663	10.2399955028053	1.95466442950351
BA_only	hippocampus	AA	psi	chr10_125885100_125888328	chr10	125885100	125888328	94	94	0	0	0.00301827384700165	0.846513053928579	1.76303122237388	1.76303122237388	3228	477	Enhancer	0	Heritable	0.125730949418075	0.949300917772472	0.0177703210860854	8326	0	0	1.25730949418075	8.07961802938984	6.16961073249146	9.02725852623582	0.567034618728969
BA_only	hippocampus	AA	psi	chr10_125895355_125896734	chr10	125895355	125896734	94	94	0	0	0.00193042296726781	0.804679915749906	4.53725301108787	4.53725301108787	1379	475	Promoter	2	Non-heritable	0.0832592204766403	0.944010308165277	0.0123729064912384	0	0	0	0.832592204766403	7.2291138777933	6.16541785423142	0	1.51232176749533
BA_only	hippocampus	AA	psi	chr10_125898569_125899776	chr10	125898569	125899776	94	94	0	0	0.000869973615294517	0.696297367007034	5.01783720823379	-5.01783720823379	1207	497	Enhancer	2	Heritable	0.123669914862418	0.951065469458392	0.0103677747849824	0	0	0	1.23669914862418	7.09589322109753	6.21060007702465	0	1.61299900784727
BA_only	hippocampus	AA	psi	chr10_125901779_125902367	chr10	125901779	125902367	94	94	0	0	0.0009811057558547	0.716185863339116	4.43276425496717	-4.43276425496717	588	484	Genic/other	0	Non-heritable	0.0852951616342491	0.942460297151411	0.00913432570699945	0	0	0	0.852951616342491	6.37672694789863	6.18414889093748	0	1.48902337703498
BA_only	hippocampus	AA	psi	chr10_125904847_125906472	chr10	125904847	125906472	94	94	0	0	0.00186124463909756	0.800632140208814	3.80698401687931	-3.80698401687931	1625	482	Genic/other	0	Heritable	0.17016324030141	0.945876306461267	0.0114108981763153	0	0	0	1.7016324030141	7.39326309476384	6.18001665365257	0	1.33683728166771
BA_only	hippocampus	AA	psi	chr10_125907494_125909038	chr10	125907494	125909038	94	94	0	0	0.00279983662746228	0.842320220530838	3.5333184852647	-3.5333184852647	1544	491	Genic/other	0	Heritable	0.117669648754259	0.940002518006789	0.0126554846343771	0	0	0	1.17669648754259	7.34213173058472	6.19847871649231	0	1.26223751298771
BA_only	hippocampus	AA	psi	chr10_125913906_125918509	chr10	125913906	125918509	91	91	0	0	0.00124171778985738	0.747738399837652	4.73203613889132	-4.73203613889132	4603	491	Genic/other	0	Heritable	0.100996279871013	0.941676575118336	0.00756188924410877	0	0	0	1.00996279871013	8.43446354381724	6.19847871649231	0	1.55435558532858
BA_only	hippocampus	AA	psi	chr10_126041930_126042244	chr10	126041930	126042244	31	31	0	0	0.0113206708733198	0.950514761895271	2.64390607250066	-2.64390607250066	314	538	Genic/other	0	Heritable	0.206028787723922	0.920223571853641	0.00675293290891716	32556	0	0	2.06028787723922	5.74939298590825	6.289715570909	10.3907476782794	0.972257400367881
BA_only	hippocampus	AA	psi	chr10_12606159_12606481	chr10	12606159	12606481	0	0	0	0					322	747	Genic/other	0	Non-heritable	0.0888382182533704	0.952764539778624	0.00535554468140308	0	0	0	0.888382182533704	5.77455154554441	6.61740297797448	0	
BA_only	hippocampus	AA	psi	chr10_1264041_1264684	chr10	1264041	1264684	34	34	0	0	0.120219780412055	0.991064867102684	2.62246912088016	2.62246912088016	643	565	Genic/other	0	Non-heritable	0.0792109673639959	0.95104979597675	0.00776759221458992	0	0	0	0.792109673639959	6.46614472423762	6.33859407820318	0	0.96411629034398
BA_only	hippocampus	AA	psi	chr10_126561806_126562390	chr10	126561806	126562390	53	53	0	0	0.000395575849432865	0.582192209842775	2.03871216472264	2.03871216472264	584	703	Genic/other	0	Non-heritable	0.0922087106283348	0.962199755057438	0.00967080779034908	57848	0	0	0.922087106283348	6.36990098282823	6.55677835615804	10.9655914463877	0.712318321609982
BA_only	hippocampus	AA	psi	chr10_126668019_126671109	chr10	126668019	126671109	47	47	0	0	0.00155940634961689	0.777132814755397	2.34857863885051	2.34857863885051	3090	661	Promoter	0	Non-heritable	0.0709915154996283	0.960581078747171	0.00863115452925453	85026	0	0	0.709915154996283	8.03592636989179	6.49526555593701	11.3507241320921	0.853810314896071
BA_only	hippocampus	AA	psi	chr10_126881904_126882350	chr10	126881904	126882350	6	6	0	0	0.0062842359253945	0.920376068783091	0.330483070341319	0.330483070341319	446	645	Intergenic	0	Heritable	0.341752025048429	0.926950767122024	0.0100781352056229	97413	0	0	3.41752025048429	6.10031895202006	6.4707995037826	11.4867252164678	-1.10719981512698
BA_only	hippocampus	AA	psi	chr10_12728341_12728949	chr10	12728341	12728949	0	0	0	0					608	775	Genic/other	0	Non-heritable	0.0815324725645567	0.966902671644736	0.00865322215999045	61604	0	0	0.815324725645567	6.41017488196617	6.65415252018322	11.0284983150588	
BA_only	hippocampus	AA	psi	chr10_127395406_127396182	chr10	127395406	127396182	0	0	0	0					776	626	Genic/other	1	Heritable	0.437803775243821	0.906549425164328	0.00742175605925405	220193	0	0	4.37803775243821	6.65415252018322	6.44094654063292	12.3022642549431	
BA_only	hippocampus	AA	psi	chr10_127935256_127935418	chr10	127935256	127935418	7	7	0	0	0.0979556828828945	0.990400450319684	0.552065632951324	-0.552065632951324	162	603	Promoter	0	Heritable	0.124660187852294	0.950254502336318	0.00772092238194374	0	0	0	1.24660187852294	5.08759633523238	6.40357419793482	0	-0.594088321385193
BA_only	hippocampus	AA	psi	chr10_127964890_127965657	chr10	127964890	127965657	7	7	0	0	0.413779619044362	0.99461028164865	0.234361920945312	0.234361920945312	767	587	Genic/other	0	Non-heritable	0.055214112004381	0.932772081302869	0.0075392915777967	21737	0	0	0.55214112004381	6.64248680136726	6.37672694789863	9.98681716012313	-1.45088864511218
BA_only	hippocampus	AA	psi	chr10_128287619_128288451	chr10	128287619	128288451	9	9	0	0	0.0633663502288054	0.985907779499035	0.887203156276953	0.887203156276953	832	659	Genic/other	1	Non-heritable	0.0629127629597233	0.959515462710753	0.0100822541033818	0	0	0	0.629127629597233	6.72383244082121	6.49223983502047	0	-0.119681274109975
BA_only	hippocampus	AA	psi	chr10_128470661_128471453	chr10	128470661	128471453	4	4	0	0	0.259943876980691	0.992837608310815	0.460033454724662	0.460033454724662	792	666	Intergenic	0	Non-heritable	0.0779389774935997	0.967965194291878	0.00805372863853754	3691	0	0	0.779389774935997	6.67456139181443	6.50279004591562	8.21392359562274	-0.776456042743667
BA_only	hippocampus	AA	psi	chr10_128590664_128591548	chr10	128590664	128591548	1	1	0	0	0.753652217713746	0.997543272146997	0.192418284572627	0.192418284572627	884	651	Intergenic	0	Heritable	0.598360330926326	0.925175009059421	0.0126001964441232	114300	0	0	5.98360330926326	6.78445706263764	6.48004456192665	11.646590598651	-1.64808365913462
BA_only	hippocampus	AA	psi	chr10_128854630_128855170	chr10	128854630	128855170	11	11	0	0	0.105685990849627	0.990610842832516	0.966432096427178	0.966432096427178	540	703	Intergenic	0	Heritable	0.306639782071709	0.947719669006303	0.00756567847053859	57746	0	0	3.06639782071709	6.29156913955832	6.55677835615804	10.9638266789827	-0.0341442296432064
BA_only	hippocampus	AA	psi	chr10_128929162_128930242	chr10	128929162	128930242	11	11	0	0	0.150418713495133	0.991064867102684	1.43989566950192	-1.43989566950192	1080	725	Intergenic	0	Non-heritable	0.0522450051749303	0.968834052424992	0.00641859262317768	14160	0	0	0.522450051749303	6.98471632011827	6.5875500148248	9.55824698622306	0.364570666173325
BA_only	hippocampus	AA	psi	chr10_129029133_129029307	chr10	129029133	129029307	15	15	0	0	0.117109910460869	0.990898390030923	2.05835897593937	-2.05835897593937	174	688	Intergenic	0	Heritable	0.109672704596567	0.969939626658001	0.00767359273275549	0	0	0	1.09672704596567	5.15905529921453	6.53524127101366	0	0.721909056572823
BA_only	hippocampus	AA	psi	chr10_129034968_129035583	chr10	129034968	129035583	15	15	0	0	0.134956247608099	0.991064867102684	3.61447564722075	-3.61447564722075	615	672	Enhancer	0	Heritable	0.101745713562076	0.972475091470803	0.00777400234128961	0	0	0	1.01745713562076	6.42162226780652	6.51174532964473	0	1.28494679867852
BA_only	hippocampus	AA	psi	chr10_1293510_1294191	chr10	1293510	1294191	28	28	0	0	0.080966358347255	0.988137148207548	1.71964404286133	1.71964404286133	681	550	Promoter	0	Heritable	0.142421466715778	0.933807039781339	0.00743577460642752	5036	0	0	1.42421466715778	6.52356230614951	6.31173480915292	8.52456594574565	0.542117323398227
BA_only	hippocampus	AA	psi	chr10_129421724_129423028	chr10	129421724	129423028	4	4	0	0	0.0396733946767787	0.980549382116533	6.62474904804503	-6.62474904804503	1304	635	Intergenic	0	Non-heritable	0.0899716655179358	0.938055619303352	0.00753893893251628	130392	0	0	0.899716655179358	7.1731917424866	6.45519856334012	11.7783082460522	1.89081249312396
BA_only	hippocampus	AA	psi	chr10_129833449_129834121	chr10	129833449	129834121	4	4	0	0	0.136826755421858	0.991064867102684	0.750340904674244	-0.750340904674244	672	520	Genic/other	0	Heritable	0.139522818400967	0.90096209624678	0.00819530831512128	3838	0	0	1.39522818400967	6.51025834052315	6.25575004175337	8.2529671950008	-0.287227622830662
BA_only	hippocampus	AA	psi	chr10_129843554_129844083	chr10	129843554	129844083	4	4	0	0	0.322071087979674	0.993828622005322	0.660719787288693	-0.660719787288693	529	533	Promoter	1	Heritable	0.133350631087605	0.940822779541353	0.0077362794328587	2709	0	0	1.33350631087605	6.2709884318583	6.2803958389602	7.90470391387375	-0.414425436283372
BA_only	hippocampus	AA	psi	chr10_129844834_129845562	chr10	129844834	129845562	4	4	0	0	0.0067506053790762	0.92655656508175	1.76621190819311	-1.76621190819311	728	543	Promoter	0	Heritable	0.128043780822414	0.944129402292189	0.00679921652081246	3989	0	0	1.28043780822414	6.59030104819669	6.29894924685594	8.29154650988391	0.568837093959313
BA_only	hippocampus	AA	psi	chr10_129871074_129871230	chr10	129871074	129871230	5	5	0	0	0.0524896564351842	0.984531440499105	1.46710073944211	-1.46710073944211	156	530	Enhancer	1	Non-heritable	0.0248044662139769	0.913375013452809	0.00905711154364763	30229	0	0	0.248044662139769	5.04985600724954	6.27476202124194	10.3165900877735	0.38328817399566
BA_only	hippocampus	AA	psi	chr10_129898502_129899450	chr10	129898502	129899450	5	5	0	0	0.0139457312221656	0.964441318501853	0.585000271107527	0.585000271107527	948	540	Genic/other	2	Non-heritable	0.0405525430452259	0.952112900284019	0.00781518358773879	57657	0	0	0.405525430452259	6.85435450225502	6.29341927884648	10.9622842844999	-0.536142951224709
BA_only	hippocampus	AA	psi	chr10_130020997_130021288	chr10	130020997	130021288	12	12	0	0	0.0341809246398761	0.979563930597888	1.99236138131222	-1.99236138131222	291	544	Genic/other	0	Non-heritable	0.0989245599227275	0.874152721576174	0.00721890251489545	43094	0	0	0.989245599227275	5.67332326717149	6.30078579466324	10.6711622600815	0.689320564049021
BA_only	hippocampus	AA	psi	chr10_130254418_130255266	chr10	130254418	130255266	26	26	0	0	0.00662567949881887	0.925319278784117	2.78262281946219	-2.78262281946219	848	581	Genic/other	0	Heritable	0.30227205562465	0.938652415344295	0.00779482324969715	0	0	0	3.0227205562465	6.7428806357919	6.36647044773144	0	1.0233939467556
BA_only	hippocampus	AA	psi	chr10_130300841_130302053	chr10	130300841	130302053	26	26	0	0	0.0688187651578766	0.985907779499035	1.54730033179805	1.54730033179805	1212	593	Enhancer	0	Heritable	0.118097183198528	0.932927038542032	0.0140214543280748	0	0	0	1.18097183198528	7.10002716662926	6.38687931936265	0	0.436511697413129
BA_only	hippocampus	AA	psi	chr10_130360703_130361031	chr10	130360703	130361031	25	25	0	0	0.00512749636786082	0.909885926705608	1.68705592248997	1.68705592248997	328	588	Genic/other	0	Non-heritable	0.0816028339168372	0.942006312822471	0.00681856032902706	0	0	0	0.816028339168372	5.79301360838414	6.37842618365159	0	0.522984958017162
BA_only	hippocampus	AA	psi	chr10_130385335_130386250	chr10	130385335	130386250	24	24	0	0	0.0311028551062944	0.976893291659941	2.39210625775578	-2.39210625775578	915	593	Genic/other	0	Heritable	0.12001842833451	0.947872306370376	0.00658556863582787	0	0	0	1.2001842833451	6.81892406527552	6.38687931936265	0	0.872174261420872
BA_only	hippocampus	AA	psi	chr10_13101135_13102009	chr10	13101135	13102009	10	10	0	0	0.145495800442849	0.991064867102684	1.48645146954238	-1.48645146954238	874	655	Enhancer	1	Non-heritable	0.0948069754871108	0.971260030085369	0.00629243257717346	0	0	0	0.948069754871108	6.77308037565554	6.48616078894409	0	0.396391722184903
BA_only	hippocampus	AA	psi	chr10_131109389_131109871	chr10	131109389	131109871	11	11	0	0	0.0705474733792912	0.985907779499035	1.70363417494151	-1.70363417494151	482	756	Genic/other	0	Non-heritable	0.0890479135573044	0.965100804363554	0.00761244247641862	14000	0	0	0.890479135573044	6.1779441140506	6.62936325343745	9.54688403461792	0.532763725161387
BA_only	hippocampus	AA	psi	chr10_131231758_131232184	chr10	131231758	131232184	4	4	0	0	0.0772243387620367	0.987720536119146	0.600909034196819	0.600909034196819	426	767	Genic/other	0	Heritable	0.118243145461823	0.97333251656365	0.0054476534737617	64960	0	0	1.18243145461823	6.05443934626937	6.64378973314767	11.0815423688057	-0.509311696670783
BA_only	hippocampus	AA	psi	chr10_131380362_131380634	chr10	131380362	131380634	3	3	0	0	0.233344319330146	0.991959169052758	1.19792656464754	-1.19792656464754	272	722	Intergenic	0	Heritable	0.393570854001327	0.950334291389119	0.00803255365476452	97110	0	0	3.93570854001327	5.605802066296	6.58340922215877	11.483609933136	0.18059220787133
BA_only	hippocampus	AA	psi	chr10_131453299_131453519	chr10	131453299	131453519	2	2	0	0	0.307991407242662	0.993663620961428	0.343456799227993	-0.343456799227993	220	690	Enhancer	0	Heritable	0.107016827893887	0.964730262626437	0.00664986868261363	24225	0	0	1.07016827893887	5.39362754635236	6.53813982376767	10.0951817155767	-1.06869391255286
BA_only	hippocampus	AA	psi	chr10_13158419_13158558	chr10	13158419	13158558	21	21	0	0	0.026187472307518	0.975932065139872	1.75493711165289	-1.75493711165289	139	645	Promoter	1	Heritable	0.169706002426337	0.953113971205592	0.00707570689481117	3047	0	0	1.69706002426337	4.93447393313069	6.4707995037826	8.02224091680654	0.562433028157975
BA_only	hippocampus	AA	psi	chr10_1316184_1316593	chr10	1316184	1316593	24	24	0	0	0.0722912702086248	0.985907779499035	2.66729143996227	2.66729143996227	409	558	Genic/other	0	Non-heritable	0.0911718823974797	0.952865735963668	0.00694546880477836	3643	0	0	0.911718823974797	6.0137151560428	6.3261494731551	8.20083725837985	0.981063519305086
BA_only	hippocampus	AA	psi	chr10_131652565_131652686	chr10	131652565	131652686	19	19	0	0	0.0275934596148999	0.975932065139872	2.51183120507344	-2.51183120507344	121	732	Intergenic	0	Heritable	0.164385806041258	0.970788785730436	0.00575527319722966	83614	0	0	1.64385806041258	4.79579054559674	6.59714570188665	11.3339782088152	0.921012054896849
BA_only	hippocampus	AA	psi	chr10_131676419_131676574	chr10	131676419	131676574	19	19	0	0	0.0255838230600699	0.975932065139872	3.46080347418527	-3.46080347418527	155	747	Intergenic	1	Non-heritable	0.0891483691396323	0.963500848361101	0.00693560878300533	59726	0	0	0.891483691396323	5.04342511691925	6.61740297797448	10.9975394584479	1.24150078297334
BA_only	hippocampus	AA	psi	chr10_131690712_131690905	chr10	131690712	131690905	21	21	0	0	0.013411492317591	0.964283399649536	2.21269557916843	-2.21269557916843	193	736	Intergenic	0	Heritable	0.10855008608963	0.960705951013383	0.0072657967706822	45395	0	0	1.0855008608963	5.26269018890489	6.60258789218934	10.723179274421	0.794211495876767
BA_only	hippocampus	AA	psi	chr10_131961969_131962441	chr10	131961969	131962441	46	46	0	0	0.029703919953331	0.976741514025636	1.56433470029401	-1.56433470029401	472	715	Intergenic	0	Non-heritable	0.0939294723813257	0.955236582895808	0.00603105750685907	6127	0	0	0.939294723813257	6.15697898558556	6.57368016696065	8.72062371142043	0.447460628365823
BA_only	hippocampus	AA	psi	chr10_131983893_131984207	chr10	131983893	131984207	47	47	0	0	0.000250738688972686	0.503902674622265	5.44195686626736	5.44195686626736	314	700	Genic/other	1	Non-heritable	0.084197496495871	0.966405684673244	0.00672262377074205	13254	0	0	0.84197496495871	5.74939298590825	6.55250788703459	9.49213011872313	1.69413871608625
BA_only	hippocampus	AA	psi	chr10_132060066_132060536	chr10	132060066	132060536	30	30	0	0	0.0295810080326276	0.976741514025636	7.63482335221104	7.63482335221104	470	675	Enhancer	0	Non-heritable	0.0930955916924886	0.958525145494727	0.00783735288505729	0	0	0	0.930955916924886	6.1527326947041	6.51619307604296	0	2.03271980313264
BA_only	hippocampus	AA	psi	chr10_132063614_132064652	chr10	132063614	132064652	30	30	0	0	0.021768742072772	0.975932065139872	5.48506981607988	5.48506981607988	1038	682	Promoter	1	Non-heritable	0.0902233182578972	0.932923979030797	0.00983106381975456	0	0	0	0.902233182578972	6.94505106372583	6.52649485957079	0	1.70202982401624
BA_only	hippocampus	AA	psi	chr10_132078638_132079752	chr10	132078638	132079752	32	32	0	0	0.0343173365096518	0.979869705615164	7.20340927713506	-7.20340927713506	1114	663	Genic/other	0	Non-heritable	0.0860335625877262	0.967791197853388	0.00700430483057951	0	0	0	0.860335625877262	7.01571242048723	6.49828214947643	0	1.97455442605262
BA_only	hippocampus	AA	psi	chr10_132113193_132113956	chr10	132113193	132113956	35	35	0	0	0.00189015967900799	0.801360789073658	4.59527192596042	4.59527192596042	763	669	Genic/other	1	Non-heritable	0.0777305954642522	0.961019223719619	0.00827373255242042	0	0	0	0.777305954642522	6.63725803128446	6.50727771238501	0	1.52502793489667
BA_only	hippocampus	AA	psi	chr10_132132039_132132695	chr10	132132039	132132695	43	43	0	0	0.020389338594097	0.975856666808667	4.82582273297182	4.82582273297182	656	670	Genic/other	1	Non-heritable	0.0362986118296216	0.917789201061954	0.00949704649839978	0	0	0	0.362986118296216	6.48616078894409	6.50876913697168	0	1.57398123693273
BA_only	hippocampus	AA	psi	chr10_132180449_132180836	chr10	132180449	132180836	49	49	0	0	0.0123897849570621	0.959836775961539	5.39671609812844	5.39671609812844	387	644	Promoter	0	Non-heritable	0.089664891029472	0.950389412614992	0.00765278187117464	0	0	0	0.89664891029472	5.95842469302978	6.46925031679577	0	1.68579064046096
BA_only	hippocampus	AA	psi	chr10_132230150_132230779	chr10	132230150	132230779	49	49	0	0	0.00265394777662991	0.835655744705892	1.70447672265456	1.70447672265456	629	595	Genic/other	2	Non-heritable	0.0777322919717001	0.927096299381864	0.0108428637857022	0	0	0	0.777322919717001	6.44413125670044	6.39024066706535	0	0.533258161962645
BA_only	hippocampus	AA	psi	chr10_132245095_132245456	chr10	132245095	132245456	49	49	0	0	4.62098332074497e-05	0.267788293928832	2.66002754471406	2.66002754471406	361	608	Genic/other	0	Heritable	0.122995806552084	0.951080603717188	0.00842000135797561	0	0	0	1.22995806552084	5.88887795833288	6.4118182677099	0	0.978336481655015
BA_only	hippocampus	AA	psi	chr10_132249000_132249139	chr10	132249000	132249139	49	49	0	0	0.000438793361445472	0.601853128815286	2.59662281146852	-2.59662281146852	139	581	Promoter	0	Heritable	0.10017980779411	0.956951111519136	0.0073134648059287	0	0	0	1.0017980779411	4.93447393313069	6.36647044773144	0	0.954211685886568
BA_only	hippocampus	AA	psi	chr10_132352070_132352186	chr10	132352070	132352186	54	54	0	0	0.0156529574477794	0.967613773757012	3.33058596525815	3.33058596525815	116	586	Genic/other	1	Heritable	0.237558951472346	0.92328282971176	0.00754843977850947	0	0	0	2.37558951472346	4.75359019110636	6.3750248198281	0	1.20314825705769
BA_only	hippocampus	AA	psi	chr10_132363905_132364862	chr10	132363905	132364862	51	51	0	0	0.0186343168548918	0.972503866121758	1.64320773925087	1.64320773925087	957	579	Promoter	0	Non-heritable	0.0949882507335888	0.943044762298784	0.0123491535874122	687	0	0	0.949882507335888	6.86380339145295	6.36302810354047	6.53378883793334	0.49665027613215
BA_only	hippocampus	AA	psi	chr10_132407796_132408082	chr10	132407796	132408082	45	45	0	0	0.0228204406808721	0.975932065139872	4.11210990854055	4.11210990854055	286	584	Enhancer	1	Heritable	0.178229110243526	0.936428846440024	0.00757471560598421	0	0	0	1.78229110243526	5.65599181081985	6.37161184723186	0	1.41393625895818
BA_only	hippocampus	AA	psi	chr10_132411827_132412129	chr10	132411827	132412129	45	45	0	0	0.0313805270846782	0.977060807838727	3.42868356838241	3.42868356838241	302	582	Enhancer	0	Non-heritable	0.0670562601917942	0.906512184786049	0.00652155586152976	0	0	0	0.670562601917942	5.71042701737487	6.36818718635049	0	1.2321763911192
BA_only	hippocampus	AA	psi	chr10_132469626_132469870	chr10	132469626	132469870	28	28	0	0	0.123149728852438	0.991064867102684	2.70279195743051	-2.70279195743051	244	600	Intergenic	0	Heritable	0.110107789763105	0.955698144847776	0.00747269479948463	21846	0	0	1.10107789763105	5.4971682252932	6.39859493453521	9.99181889132609	0.994285300747745
BA_only	hippocampus	AA	psi	chr10_132492522_132492654	chr10	132492522	132492654	28	28	0	0	0.072529889418095	0.985907779499035	3.23708936088737	-3.23708936088737	132	584	Intergenic	1	Heritable	0.153565445470312	0.961016742133654	0.00710330135665834	16274	0	0	1.53565445470312	4.88280192258637	6.37161184723186	9.69738546707677	1.17467458373424
BA_only	hippocampus	AA	psi	chr10_132507037_132507255	chr10	132507037	132507255	27	27	0	0	0.0133731835782957	0.964283399649536	2.47473288598324	-2.47473288598324	218	574	Intergenic	1	Heritable	0.122406594922121	0.951590471466451	0.0071033814941202	1673	0	0	1.22406594922121	5.38449506278909	6.35437004079735	7.42297125104942	0.906132469381931
BA_only	hippocampus	AA	psi	chr10_132625180_132625604	chr10	132625180	132625604	15	15	0	0	0.0420393481445721	0.980549382116533	2.50362814448621	-2.50362814448621	424	577	Genic/other	0	Heritable	0.146952754077216	0.931970516286601	0.00706072165694177	107062	0	0	1.46952754077216	6.04973345523196	6.35957386867238	11.5811727252249	0.917740941605997
BA_only	hippocampus	AA	psi	chr10_132627333_132628305	chr10	132627333	132628305	15	15	0	0	0.0924065523678552	0.989446665475032	1.32808518570761	-1.32808518570761	972	570	Genic/other	0	Heritable	0.175330763793746	0.959188393443361	0.00828733194594737	109215	0	0	1.75330763793746	6.87935580446044	6.34738920965601	11.6010828517064	0.283738202390786
BA_only	hippocampus	AA	psi	chr10_132648069_132649395	chr10	132648069	132649395	15	15	0	0	0.327183752929704	0.993828622005322	0.568297980802207	0.568297980802207	1326	556	Genic/other	2	Non-heritable	0.0869584052699509	0.956343591397376	0.010287524966887	129951	0	0	0.869584052699509	7.18992217074581	6.32256523992728	11.774920430486	-0.565109366138053
BA_only	hippocampus	AA	psi	chr10_132685184_132685904	chr10	132685184	132685904	9	9	0	0	0.134414719124449	0.991064867102684	1.62099807991097	-1.62099807991097	720	554	Genic/other	0	Heritable	0.116993552879837	0.953660389828914	0.00910657689692834	95992	0	0	1.16993552879837	6.5792512120101	6.31896811374643	11.4720305511248	0.483042064412913
BA_only	hippocampus	AA	psi	chr10_132708527_132709055	chr10	132708527	132709055	37	37	0	0	0.0307665404161502	0.976893291659941	2.13159106921625	-2.13159106921625	528	546	Genic/other	0	Heritable	0.110675248480862	0.966524954202667	0.00674454446939302	72841	0	0	1.10675248480862	6.26909628370626	6.30444880242198	11.1960479909056	0.756868686414023
BA_only	hippocampus	AA	psi	chr10_132714345_132714698	chr10	132714345	132714698	64	64	0	0	0.00967881731043448	0.939841915020693	2.85802426067804	2.85802426067804	353	557	Enhancer	2	Heritable	0.106707900922584	0.951554118550078	0.00669828617870829	67198	0	0	1.06707900922584	5.8664680569333	6.32435896238131	11.1154136454481	1.05013057166127
BA_only	hippocampus	AA	psi	chr10_1327276_1327863	chr10	1327276	1327863	21	21	0	0	0.0568497736987519	0.98577631996496	1.8602187549282	-1.8602187549282	587	572	Genic/other	2	Heritable	0.366863714362444	0.914062353317369	0.0173301139065599	0	0	0	3.66863714362444	6.3750248198281	6.35088571671474	0	0.620694096361739
BA_only	hippocampus	AA	psi	chr10_132735494_132736554	chr10	132735494	132736554	65	65	0	0	0.0281105670475383	0.975932065139872	2.33328258334379	-2.33328258334379	1060	540	Enhancer	2	Heritable	0.102417112240693	0.938367501169617	0.00708069003483294	45342	0	0	1.02417112240693	6.96602418710611	6.29341927884648	10.7220110886128	0.847276114440958
BA_only	hippocampus	AA	psi	chr10_132738066_132739425	chr10	132738066	132739425	65	65	0	0	0.0463880928215653	0.982043028317203	2.6331294088691	-2.6331294088691	1359	535	Enhancer	2	Heritable	0.124711632355729	0.944922766617419	0.00707456107584512	42471	0	0	1.24711632355729	7.21450441415114	6.2841341610708	10.6566003142635	0.968173031934061
BA_only	hippocampus	AA	psi	chr10_132765518_132765726	chr10	132765518	132765726	73	73	0	0	0.0258068492962769	0.975932065139872	3.2891231668794	-3.2891231668794	208	538	Promoter	1	Heritable	0.132393067499009	0.959702886478932	0.00853400995378611	16170	0	0	1.32393067499009	5.33753807970132	6.289715570909	9.69097479357794	1.19062101766995
BA_only	hippocampus	AA	psi	chr10_132774829_132775474	chr10	132774829	132775474	68	68	0	0	0.00484098748614247	0.903845859635741	4.09418865959327	-4.09418865959327	645	540	Genic/other	2	Non-heritable	0.0849170813023087	0.930872442380227	0.00679690846887644	6422	0	0	0.849170813023087	6.46925031679577	6.29341927884648	8.76764057725779	1.40956857059182
BA_only	hippocampus	AA	psi	chr10_132879348_132879553	chr10	132879348	132879553	71	71	0	0	0.000810467258935874	0.683148985370606	5.87630116239625	-5.87630116239625	205	501	Genic/other	1	Heritable	0.299260840640001	0.908448457532967	0.00651631031371115	62458	0	0	2.99260840640001	5.32300997913841	6.21860011969173	11.0422656204623	1.77092751166055
BA_only	hippocampus	AA	psi	chr10_132895476_132896371	chr10	132895476	132896371	73	73	0	0	0.0104139832296143	0.944902218841749	3.53197294038551	-3.53197294038551	895	486	Genic/other	0	Non-heritable	0.0554103368619597	0.910628169779286	0.0116593995125244	45640	0	0	0.554103368619597	6.79682371827486	6.18826412308259	10.7285617143407	1.26185662427114
BA_only	hippocampus	AA	psi	chr10_132905884_132907085	chr10	132905884	132907085	73	73	0	0	0.0021674687385544	0.815187053503819	2.59475569760479	2.59475569760479	1201	484	Genic/other	2	Non-heritable	0.0729944665926858	0.907888025617426	0.0062175801795103	34926	0	0	0.729944665926858	7.09090982207998	6.18414889093748	10.4610154480546	0.953492372535104
BA_only	hippocampus	AA	psi	chr10_132964710_132965659	chr10	132964710	132965659	94	94	0	0	0.014601838599682	0.966089857218066	1.13643852242691	-1.13643852242691	949	462	Promoter	2	Heritable	0.106396559479252	0.899696783280459	0.0209821994763361	0	0	0	1.06396559479252	6.85540879860993	6.13772705408623	0	0.127899277873694
BA_only	hippocampus	AA	psi	chr10_133024733_133024954	chr10	133024733	133024954	106	106	0	0	0.00998095185305797	0.944902218841749	3.65381085895967	-3.65381085895967	221	443	Intergenic	1	Heritable	0.25168606623612	0.887192217884307	0.00815176587717749	0	0	0	2.5168606623612	5.39816270151775	6.09582456243223	0	1.29577069661613
BA_only	hippocampus	AA	psi	chr10_133089755_133090140	chr10	133089755	133090140	136	136	0	0	0.00545094495943339	0.91390327133611	3.18988587182542	-3.18988587182542	385	450	Genic/other	1	Heritable	0.114504930216457	0.935596645924062	0.00689796264606787	1771	0	0	1.14504930216457	5.95324333428779	6.11146733950268	7.47986413116503	1.15998514243442
BA_only	hippocampus	AA	psi	chr10_133124727_133125085	chr10	133124727	133125085	142	142	0	0	0.00561288352222002	0.914301706404424	5.06581241236413	5.06581241236413	358	442	Genic/other	2	Heritable	0.102796135790665	0.91100350288298	0.00941581644062326	19114	0	0	1.02796135790665	5.8805329864007	6.09356977004514	9.85822864613051	1.62251452412022
BA_only	hippocampus	AA	psi	chr10_133139603_133140060	chr10	133139603	133140060	149	149	0	0	0.00577477532717772	0.91658260669542	2.74906189351503	-2.74906189351503	457	472	Intergenic	2	Heritable	0.18575835824721	0.911202060457688	0.00699294946509713	4139	0	0	1.8575835824721	6.12468339089421	6.15909538849193	8.32845106681936	1.01125972748724
BA_only	hippocampus	AA	psi	chr10_133162376_133163859	chr10	133162376	133163859	156	156	0	0	3.54087193346294e-05	0.225038023804675	4.48818623051565	-4.48818623051565	1483	454	Promoter	1	Heritable	0.200049475885362	0.929996518139285	0.00664542284961704	372	0	0	2.00049475885362	7.30182234213793	6.12029741895095	5.92157841964382	1.5014486648005
BA_only	hippocampus	AA	psi	chr10_133220746_133220810	chr10	133220746	133220810	101	101	0	0	0.000188311701810785	0.477398618736782	1.58567029972589	1.58567029972589	64	436	Genic/other	1	Heritable	0.10665882335849	0.918676354241034	0.00825617061786514	8029	0	0	1.0665882335849	4.15888308335967	6.07993319509559	8.99093980694081	0.461007226273125
BA_only	hippocampus	AA	psi	chr10_133247876_133247982	chr10	133247876	133247982	101	101	0	0	0.00455316582188729	0.897520405788695	3.70552883572465	-3.70552883572465	106	431	Promoter	0	Heritable	0.115488968958316	0.915366408198031	0.00506136703815632	84	0	0	1.15488968958316	4.66343909411207	6.06842558824411	4.44265125649032	1.30982598694912
BA_only	hippocampus	AA	psi	chr10_133256295_133256438	chr10	133256295	133256438	101	101	0	0	0.00162528127535098	0.786209776683368	2.46025878435506	2.46025878435506	143	442	Intergenic	0	Heritable	0.110133630782698	0.904143739588238	0.00569921999769305	6794	0	0	1.10133630782698	4.96284463025991	6.09356977004514	8.82394232658525	0.90026654536838
BA_only	hippocampus	AA	psi	chr10_133375549_133376032	chr10	133375549	133376032	103	103	0	0	0.00346873762903694	0.866906756094015	3.75944929927911	-3.75944929927911	483	376	Promoter	2	Non-heritable	0.068490783167159	0.858987400900121	0.00842284940808365	3464	0	0	0.68490783167159	6.18001665365257	5.93224518744801	8.150467911624	1.32427248637734
BA_only	hippocampus	AA	psi	chr10_133379917_133380180	chr10	133379917	133380180	103	103	0	0	0.000994568036182906	0.718066796783097	4.03886187795339	-4.03886187795339	263	378	Promoter	1	Heritable	0.102359941557592	0.884382383261118	0.0080842263901409	0	0	0	1.02359941557592	5.57215403217777	5.93753620508243	0	1.39596294138246
BA_only	hippocampus	AA	psi	chr10_133424204_133425240	chr10	133424204	133425240	106	106	0	0	0.019012919145565	0.97294422691241	8.51211382827963	8.51211382827963	1036	336	Promoter	1	Non-heritable	0.0809337191371831	0.874336224169377	0.00934434554291397	0	0	0	0.809337191371831	6.94312242281943	5.82008293035236	0	2.1414903063679
BA_only	hippocampus	AA	psi	chr10_133527521_133530147	chr10	133527521	133530147	79	79	0	0	0.00873919353753308	0.933559278800072	1.53597487292015	-1.53597487292015	2626	302	Promoter	2	Heritable	0.130850916715167	0.851589331972495	0.0243513103069572	760	0	0	1.30850916715167	7.87321705486274	5.71373280550937	6.63463335786169	0.429165282326253
BA_only	hippocampus	AA	psi	chr10_133569017_133570035	chr10	133569017	133570035	53	53	0	0	0.0188806939995939	0.972503866121758	3.16258463490886	3.16258463490886	1018	262	Promoter	2	Heritable	0.111411736919749	0.842926557435576	0.014645559808169	0	0	0	1.11411736919749	6.92559519711047	5.57215403217777	0	1.15138961888403
BA_only	hippocampus	AA	psi	chr10_133625421_133625493	chr10	133625421	133625493	45	45	0	0	0.0278161893278914	0.975932065139872	3.3449047229843	-3.3449047229843	72	228	Genic/other	1	Heritable	0.114471098968546	0.776546449867952	0.00649645892068789	0	0	0	1.14471098968546	4.27666611901606	5.43372200355424	0	1.20743821275139
BA_only	hippocampus	AA	psi	chr10_133631648_133632758	chr10	133631648	133632758	40	40	0	0	0.0575487668325394	0.98577631996496	3.22465130024472	3.22465130024472	1110	227	Intergenic	0	Non-heritable	0.0663116068798012	0.749750129045568	0.00807537666549152	4114	0	0	0.663116068798012	7.01211529430638	5.42934562895444	8.32239411311117	1.1708248235479
BA_only	hippocampus	AA	psi	chr10_133689642_133690310	chr10	133689642	133690310	30	30	0	0	0.0696101156843384	0.985907779499035	2.53885004626031	2.53885004626031	668	198	Intergenic	0	Non-heritable	0.0399337475280802	0.641871954652587	0.00939232334750399	38317	0	0	0.399337475280802	6.50428817353665	5.29330482472449	10.5536750386559	0.931711244759792
BA_only	hippocampus	AA	psi	chr10_133764119_133764710	chr10	133764119	133764710	27	27	0	0	0.0515325078771621	0.984153364580922	1.44784154379387	1.44784154379387	591	152	Intergenic	1	Non-heritable	0.0383153195633038	0.612914866846755	0.0354722423180632	670	0	0	0.383153195633038	6.3818160174061	5.03043792139244	6.50876913697168	0.370073863800759
BA_only	hippocampus	AA	psi	chr10_13496182_13496352	chr10	13496182	13496352	70	70	0	0	0.0297349624764229	0.976741514025636	1.93180963534655	1.93180963534655	170	683	Genic/other	0	Heritable	0.140082889371858	0.970867661246114	0.00755317286037889	535	0	0	1.40082889371858	5.13579843705026	6.52795791762255	6.2841341610708	0.658457203682859
BA_only	hippocampus	AA	psi	chr10_1363289_1363566	chr10	1363289	1363566	15	15	0	0	0.01330907204019	0.964283399649536	1.90949725753009	1.90949725753009	277	582	Genic/other	1	Heritable	0.10840076597593	0.930050134619631	0.00678050567365202	35183	0	0	1.0840076597593	5.62401750618734	6.36818718635049	10.4683467127945	0.646839996695288
BA_only	hippocampus	AA	psi	chr10_13684491_13685328	chr10	13684491	13685328	63	63	0	0	0.00382700350883352	0.871592970243331	3.14943719958023	-3.14943719958023	837	658	Genic/other	0	Non-heritable	0.0633980903645206	0.952929647482455	0.0070942380562494	0	0	0	0.633980903645206	6.72982407048948	6.49072353450251	0	1.14722377324997
BA_only	hippocampus	AA	psi	chr10_1368685_1370342	chr10	1368685	1370342	15	15	0	0	0.0413348108293797	0.980549382116533	1.23987084620275	1.23987084620275	1657	579	Genic/other	1	Heritable	0.683917683629054	0.920510084224178	0.0136424089017789	40579	0	0	6.83917683629054	7.41276401742656	6.36302810354047	10.6110306133798	0.215007225969554
BA_only	hippocampus	AA	psi	chr10_13707040_13707953	chr10	13707040	13707953	47	47	0	0	0.0164841135909696	0.969551756742057	6.91175753302654	-6.91175753302654	913	668	Promoter	0	Non-heritable	0.0449651839050375	0.932421757046864	0.00933449812523069	159	0	0	0.449651839050375	6.81673588059497	6.50578406012823	5.07517381523383	1.93322395319939
BA_only	hippocampus	AA	psi	chr10_13716304_13716642	chr10	13716304	13716642	47	47	0	0	0.0051777586832234	0.910521893616427	3.2621120063438	-3.2621120063438	338	662	Enhancer	0	Heritable	0.105644122748462	0.949656192893673	0.00804771032673961	4381	0	0	1.05644122748462	5.82304589548302	6.49677499018586	8.38526052015541	1.18237484338354
BA_only	hippocampus	AA	psi	chr10_13885627_13886223	chr10	13885627	13886223	42	42	0	0	0.00792346308365853	0.933559278800072	4.12843039119278	-4.12843039119278	596	633	Genic/other	0	Heritable	0.112476405977516	0.963403781401027	0.00782770619173522	0	0	0	1.12476405977516	6.39024066706535	6.45204895443723	0	1.417897286599
BA_only	hippocampus	AA	psi	chr10_14007966_14009762	chr10	14007966	14009762	10	10	0	0	0.098574508404514	0.990400450319684	0.888206319595463	0.888206319595463	1796	644	Promoter	0	Heritable	0.139027406558832	0.965638351872285	0.00579975363728725	0	0	0	1.39027406558832	7.49331724886215	6.46925031679577	0	-0.118551209831735
BA_only	hippocampus	AA	psi	chr10_14074532_14075084	chr10	14074532	14075084	9	9	0	0	0.0553225988020113	0.98577631996496	3.56566397435439	3.56566397435439	552	614	Genic/other	0	Non-heritable	0.0711282618282884	0.946620227034299	0.00636764162809905	0	0	0	0.711282618282884	6.3135480462771	6.42162226780652	0	1.27135028739452
BA_only	hippocampus	AA	psi	chr10_14172445_14172838	chr10	14172445	14172838	6	6	0	0	0.115752773681811	0.990898390030923	1.25325388499694	1.25325388499694	393	685	Genic/other	0	Non-heritable	0.0728054410535407	0.962920797873108	0.00649284120867268	0	0	0	0.728054410535407	5.97380961186926	6.53087762772589	0	0.225743285073614
BA_only	hippocampus	AA	psi	chr10_14481607_14481838	chr10	14481607	14481838	74	74	0	0	0.0271694546960124	0.975932065139872	3.50138500920551	3.50138500920551	231	555	Intergenic	0	Non-heritable	0.0897749727986808	0.947526562536961	0.00794571790266768	19538	0	0	0.897749727986808	5.44241771052179	6.32076829425058	9.88016774721451	1.25315860999195
BA_only	hippocampus	AA	psi	chr10_14543433_14543551	chr10	14543433	14543551	74	74	0	0	0.00248292160479349	0.826044052865936	2.24111660746113	2.24111660746113	118	580	Genic/other	0	Non-heritable	0.0675914654112818	0.946136928493639	0.00633449733082041	0	0	0	0.675914654112818	4.77068462446567	6.36475075685191	0	0.806974231600119
BA_only	hippocampus	AA	psi	chr10_14549373_14550002	chr10	14549373	14550002	74	74	0	0	0.00634297076698883	0.920376068783091	3.21169032453753	-3.21169032453753	629	569	Promoter	0	Non-heritable	0.0818767597718698	0.951094440303501	0.00745719907630685	0	0	0	0.818767597718698	6.44413125670044	6.3456363608286	0	1.16679738251332
BA_only	hippocampus	AA	psi	chr10_14563542_14565464	chr10	14563542	14565464	74	74	0	0	0.00172728788127682	0.790501057168271	7.5093726356676	-7.5093726356676	1922	591	Enhancer	0	Non-heritable	0.0704678541727031	0.946270824688002	0.00741795375405783	0	0	0	0.704678541727031	7.56112158953024	6.38350663488401	0	2.01615192642356
BA_only	hippocampus	AA	psi	chr10_14567994_14571074	chr10	14567994	14571074	75	75	0	0	0.000190038285784822	0.47752037638475	3.85327945012024	3.85327945012024	3080	595	Enhancer	0	Heritable	0.153138332365869	0.954867344747849	0.00764240124327931	0	0	0	1.53138332365869	8.03268487596762	6.39024066706535	0	1.34892459354073
BA_only	hippocampus	AA	psi	chr10_14580087_14581194	chr10	14580087	14581194	76	76	0	0	0.00553646707932064	0.914301706404424	3.0514886192951	-3.0514886192951	1107	574	Genic/other	0	Heritable	0.12416608979078	0.958502745983412	0.00518184606971137	0	0	0	1.2416608979078	7.00940893270864	6.35437004079735	0	1.11562954672809
BA_only	hippocampus	AA	psi	chr10_14625599_14626275	chr10	14625599	14626275	87	87	0	0	0.00309256923582521	0.84862690950741	8.29392566861489	8.29392566861489	676	591	Genic/other	0	Non-heritable	0.0954564379682007	0.950428395154538	0.00814001323278265	13109	0	0	0.954564379682007	6.51619307604296	6.38350663488401	9.48113057675775	2.11552340092256
BA_only	hippocampus	AA	psi	chr10_1468534_1469622	chr10	1468534	1469622	3	3	0	0	0.309505328393601	0.993663620961428	0.206091772350522	-0.206091772350522	1088	596	Genic/other	0	Heritable	0.574859919804971	0.931872812506813	0.0130356728709127	77241	0	0	5.74859919804971	6.99209642741589	6.3919171133926	11.2546986295267	-1.57943366402755
BA_only	hippocampus	AA	psi	chr10_14958266_14958890	chr10	14958266	14958890	52	52	0	0	0.0170463807474161	0.970581273335112	2.37099423928801	2.37099423928801	624	541	Promoter	1	Heritable	0.109169562784991	0.945739481942776	0.00808226273648634	666	0	0	1.09169562784991	6.43615036836943	6.29526600143965	6.50279004591562	0.863309381642963
BA_only	hippocampus	AA	psi	chr10_14973726_14974318	chr10	14973726	14974318	52	52	0	0	0.0137358892938115	0.964441318501853	2.16449278895282	2.16449278895282	592	563	Genic/other	0	Heritable	0.430747824050207	0.916573639576861	0.00675079221956702	1212	0	0	4.30747824050207	6.38350663488401	6.33505425149806	7.10085190894405	0.77218606100724
BA_only	hippocampus	AA	psi	chr10_15167075_15167513	chr10	15167075	15167513	37	37	0	0	0.043667251892952	0.980789550235948	1.97993175749288	1.97993175749288	438	549	Genic/other	1	Heritable	0.114952306847815	0.95885468818848	0.00837804164934461	22440	0	0	1.14952306847815	6.08221891037645	6.30991827822652	10.0186449219236	0.683062383250473
BA_only	hippocampus	AA	psi	chr10_15254347_15254973	chr10	15254347	15254973	13	13	0	0	0.0423581101197996	0.980549382116533	1.00485138679494	1.00485138679494	626	535	Genic/other	0	Non-heritable	0.0816282600216269	0.939833642337898	0.00689157006315186	7212	0	0	0.816282600216269	6.4393503711001	6.2841341610708	8.88364023250367	0.00483966669246511
BA_only	hippocampus	AA	psi	chr10_15515279_15515423	chr10	15515279	15515423	0	0	0	0					144	464	Genic/other	0	Non-heritable	0.0792272674266664	0.914977781694637	0.00885688249463099	222448	0	0	0.792272674266664	4.969813299576	6.14203740558736	12.3124531408319	
BA_only	hippocampus	AA	psi	chr10_1663909_1664249	chr10	1663909	1664249	0	0	0	0					340	625	Genic/other	0	Heritable	0.148120672461066	0.957997849586687	0.00793357155827308	107297	0	0	1.48120672461066	5.82894561761021	6.4393503711001	11.5833652891161	
BA_only	hippocampus	AA	psi	chr10_16827050_16827687	chr10	16827050	16827687	15	15	0	0	0.101072985812879	0.990428070812969	3.59520197269114	-3.59520197269114	637	557	Genic/other	0	Heritable	0.151297073379157	0.935866973456623	0.00621381885133097	6221	0	0	1.51297073379157	6.45676965557216	6.32435896238131	8.73584667745758	1.27960017393163
BA_only	hippocampus	AA	psi	chr10_16832562_16833181	chr10	16832562	16833181	15	15	0	0	0.00178556340118734	0.796268588634543	1.21686481359039	1.21686481359039	619	566	Genic/other	0	Heritable	0.155825872254788	0.903453513553689	0.00808164217112591	11733	0	0	1.55825872254788	6.4281052726846	6.34035930372775	9.3702458894858	0.196277734369053
BA_only	hippocampus	AA	psi	chr10_17227275_17227729	chr10	17227275	17227729	27	27	0	0	0.0194507621733837	0.973401339742928	2.90401702575604	2.90401702575604	454	504	Promoter	1	Heritable	0.104312536463499	0.927166334072723	0.00933569883705263	0	0	0	1.04312536463499	6.11809719804135	6.22455842927536	0	1.06609496325252
BA_only	hippocampus	AA	psi	chr10_1735676_1736061	chr10	1735676	1736061	7	7	0	0	0.0594130342000975	0.98577631996496	1.5697759404792	-1.5697759404792	385	635	Genic/other	1	Heritable	0.126562665407635	0.954351149509493	0.00883739785721714	179064	0	0	1.26562665407635	5.95324333428779	6.45519856334012	12.0955041473993	0.4509329024755
BA_only	hippocampus	AA	psi	chr10_17643011_17643059	chr10	17643011	17643059	15	15	0	0	0.0784675963799963	0.987720536119146	1.61235567181973	1.61235567181973	48	487	Genic/other	1	Heritable	0.143157513531904	0.936771605153168	0.00801033543306213	25927	0	0	1.43157513531904	3.87120101090789	6.19031540585315	10.1630787448214	0.477696266035779
BA_only	hippocampus	AA	psi	chr10_18202653_18204367	chr10	18202653	18204367	31	31	0	0	0.040935962353575	0.980549382116533	0.779986864058989	-0.779986864058989	1714	495	Genic/other	0	Non-heritable	0.0727724320310295	0.9335172369365	0.0071110647341407	2426	0	0	0.727724320310295	7.44658509915773	6.20657592672493	7.7944112057266	-0.248478187569595
BA_only	hippocampus	AA	psi	chr10_18497891_18498691	chr10	18497891	18498691	38	38	0	0	0.00916162352203504	0.939077729475158	1.64502550393023	1.64502550393023	800	414	Genic/other	0	Non-heritable	0.0711321532014359	0.911604079465034	0.00743621083997993	2256	0	0	0.711321532014359	6.68461172766793	6.0282785202307	7.72179177681754	0.497755894085038
BA_only	hippocampus	AA	psi	chr10_19488325_19489689	chr10	19488325	19489689	28	28	0	0	0.0187313707206507	0.972503866121758	2.06461408268479	2.06461408268479	1364	379	Promoter	0	Heritable	0.113402742065067	0.891929608549955	0.00791476158858314	0	0	0	1.13402742065067	7.21817683840341	5.94017125272043	0	0.724943328892951
BA_only	hippocampus	AA	psi	chr10_21175160_21175433	chr10	21175160	21175433	9	9	0	0	0.0211151576980231	0.975932065139872	3.9006183404371	3.9006183404371	273	357	Promoter	1	Heritable	0.152817475375311	0.901414512306743	0.00851548745833309	0	0	0	1.52817475375311	5.60947179518496	5.8805329864007	0	1.36113509196179
BA_only	hippocampus	AA	psi	chr10_21500437_21500658	chr10	21500437	21500658	15	15	0	0	0.0306963696704249	0.976893291659941	1.18288461534676	-1.18288461534676	221	268	Genic/other	1	Non-heritable	0.0672656488277209	0.811868427475526	0.0088475779934649	23212	0	0	0.672656488277209	5.39816270151775	5.59471137960184	10.0524677455474	0.167956053060757
BA_only	hippocampus	AA	psi	chr10_21509708_21509994	chr10	21509708	21509994	15	15	0	0	0.0050509947488002	0.909885926705608	3.43505665908064	3.43505665908064	286	256	Intergenic	1	Non-heritable	0.0694371129731131	0.791942552598852	0.00706720659091339	13876	0	0	0.694371129731131	5.65599181081985	5.54907608489522	9.53798807237101	1.23403342308718
BA_only	hippocampus	AA	psi	chr10_21515695_21515885	chr10	21515695	21515885	15	15	0	0	0.0934111420900805	0.98957470025223	1.05942842385852	1.05942842385852	190	254	Genic/other	1	Non-heritable	0.0802983117200281	0.795169236105974	0.0095748768775165	7985	0	0	0.802983117200281	5.24702407216049	5.54126354515843	8.98544528762317	0.0577295493551633
BA_only	hippocampus	AA	psi	chr10_21518449_21519501	chr10	21518449	21519501	15	15	0	0	0.142096452140885	0.991064867102684	0.467077128103685	0.467077128103685	1052	264	Promoter	1	Non-heritable	0.0454160917544048	0.719069788306703	0.00895752110232294	4369	0	0	0.454160917544048	6.95844839329766	5.57972982598622	8.38251828808964	-0.761260857001399
BA_only	hippocampus	AA	psi	chr10_21528118_21529537	chr10	21528118	21529537	15	15	0	0	0.233862119765824	0.991959169052758	1.88653649150493	1.88653649150493	1419	248	Enhancer	1	Heritable	0.100417070164302	0.847036829158327	0.00810736473092453	0	0	0	1.00417070164302	7.25770767716004	5.51745289646471	0	0.634742609031719
BA_only	hippocampus	AA	psi	chr10_21976385_21977135	chr10	21976385	21977135	7	7	0	0	0.225583684224154	0.991497141402577	1.05843182330399	1.05843182330399	750	172	Enhancer	0	Non-heritable	0.0908655156446864	0.736856201168952	0.00887846111152947	47344	0	0	0.908655156446864	6.62007320653036	5.15329159449778	10.7652164964176	0.0567884101841392
BA_only	hippocampus	AA	psi	chr10_22253731_22254648	chr10	22253731	22254648	31	31	0	0	0.0396388680955152	0.980549382116533	4.35935678590161	-4.35935678590161	917	215	Genic/other	2	Non-heritable	0.0898857806239768	0.767738992084288	0.0075756263778994	304	0	0	0.898857806239768	6.82110747225647	5.37527840768417	5.72031177660741	1.47232452260245
BA_only	hippocampus	AA	psi	chr10_22319913_22320045	chr10	22319913	22320045	32	32	0	0	0.00844795450082791	0.933559278800072	3.18875249923711	-3.18875249923711	132	233	Genic/other	1	Non-heritable	0.0854845770356168	0.806937634368849	0.00752548629548556	953	0	0	0.854845770356168	4.88280192258637	5.4553211153577	6.86066367144829	1.15962977737663
BA_only	hippocampus	AA	psi	chr10_2244414_2244744	chr10	2244414	2244744	103	103	0	0	0.00842907770362728	0.933559278800072	2.60211106099332	2.60211106099332	330	508	Intergenic	0	Heritable	0.336468026258927	0.923248607040406	0.00889824727581718	54951	0	0	3.36468026258927	5.79909265446053	6.23244801655052	10.9142153558937	0.956323065956092
BA_only	hippocampus	AA	psi	chr10_22454176_22454613	chr10	22454176	22454613	33	33	0	0	0.0168114516573516	0.970581273335112	3.16639849535759	3.16639849535759	437	243	Genic/other	0	Non-heritable	0.0745870821806421	0.714144225960581	0.00797394625367868	0	0	0	0.745870821806421	6.07993319509559	5.4971682252932	0	1.15259482383396
BA_only	hippocampus	AA	psi	chr10_22479441_22480081	chr10	22479441	22480081	30	30	0	0	0.0111487307105621	0.948703871232836	1.5753414334088	-1.5753414334088	640	243	Promoter	1	Heritable	0.126253854242737	0.822116596848552	0.00742179778273102	18	0	0	1.26253854242737	6.46146817635372	5.4971682252932	2.94443897916644	0.454472038248061
BA_only	hippocampus	AA	psi	chr10_2251600_2251738	chr10	2251600	2251738	110	110	0	0	0.00325208582795805	0.857374229512349	5.51353473955559	5.51353473955559	138	505	Intergenic	0	Heritable	0.111967134001604	0.933392944993047	0.00800008791848143	53281	0	0	1.11967134001604	4.92725368515721	6.22653666928747	10.8833538420473	1.70720593282766
BA_only	hippocampus	AA	psi	chr10_22620663_22622608	chr10	22620663	22622608	13	13	0	0	0.00800018894864361	0.933559278800072	1.05159877801943	-1.05159877801943	1945	283	Genic/other	0	Non-heritable	0.0513772678713435	0.703174102095575	0.00824185989757406	0	0	0	0.513772678713435	7.57301725605255	5.64897423816121	0	0.0503116613619226
BA_only	hippocampus	AA	psi	chr10_22625597_22626151	chr10	22625597	22626151	13	13	0	0	0.000247314075863406	0.503902674622265	1.33492249479299	-1.33492249479299	554	305	Genic/other	0	Non-heritable	0.0826148714843826	0.839399377234553	0.00796656572073065	0	0	0	0.826148714843826	6.31716468674728	5.72358510195238	0	0.288873241323111
BA_only	hippocampus	AA	psi	chr10_22631011_22632626	chr10	22631011	22632626	13	13	0	0	1.87923516860867e-05	0.146453490013154	1.60330585732526	-1.60330585732526	1615	294	Enhancer	0	Heritable	0.116177701357562	0.836724189667616	0.00623083606278187	0	0	0	1.16177701357562	7.38709023565676	5.68697535633982	0	0.472067664736464
BA_only	hippocampus	AA	psi	chr10_22670249_22672971	chr10	22670249	22672971	10	10	0	0	0.00244105871696186	0.824728302674626	0.978199994566403	-0.978199994566403	2722	307	Enhancer	0	Non-heritable	0.079543851420794	0.86097419989368	0.00696774013171438	0	0	0	0.79543851420794	7.90912218321141	5.73009978297357	0	-0.0220411262087111
BA_only	hippocampus	AA	psi	chr10_22710157_22711650	chr10	22710157	22711650	18	18	0	0	0.0225555997394796	0.975932065139872	1.78611564425758	1.78611564425758	1493	299	Genic/other	2	Heritable	0.101260108991583	0.85592244322725	0.00956699310913961	0	0	0	1.01260108991583	7.30854279753919	5.7037824746562	0	0.580043236381008
BA_only	hippocampus	AA	psi	chr10_22927209_22927430	chr10	22927209	22927430	14	14	0	0	0.0173532645859089	0.970581273335112	1.73599373498693	1.73599373498693	221	302	Promoter	0	Heritable	0.12762578727966	0.832730266888202	0.00929251620071012	4613	0	0	1.2762578727966	5.39816270151775	5.71373280550937	8.4368504387337	0.551580013113539
BA_only	hippocampus	AA	psi	chr10_23081010_23082500	chr10	23081010	23082500	18	18	0	0	0.0149836880169938	0.966167725188189	1.71689883802626	-1.71689883802626	1490	280	Genic/other	0	Heritable	0.142052580904459	0.866409831813042	0.0081191671169016	0	0	0	1.42052580904459	7.30653139893951	5.63835466933375	0	0.540519668139339
BA_only	hippocampus	AA	psi	chr10_23096650_23096895	chr10	23096650	23096895	19	19	0	0	0.0347477490118206	0.980327953711174	2.48646966722084	2.48646966722084	245	278	Genic/other	1	Non-heritable	0.0930122172137482	0.821937561526897	0.00517541935471152	0	0	0	0.930122172137482	5.50125821054473	5.63121178182137	0	0.910863904133825
BA_only	hippocampus	AA	psi	chr10_23111124_23111549	chr10	23111124	23111549	19	19	0	0	0.0204629744057388	0.975856666808667	0.900682423427074	-0.900682423427074	425	282	Genic/other	0	Non-heritable	0.0881955546150809	0.834781080849378	0.00812137072322784	0	0	0	0.881955546150809	6.05208916892442	5.64544689764324	0	-0.104602543627802
BA_only	hippocampus	AA	psi	chr10_23158478_23158891	chr10	23158478	23158891	18	18	0	0	0.000308524577243864	0.542820600032501	0.955612636414238	0.955612636414238	413	274	Intergenic	0	Heritable	0.124689085383681	0.867892155695182	0.0063048481703053	15377	0	0	1.24689085383681	6.02344759296103	5.61677109766657	9.64069319559213	-0.0454026296140349
BA_only	hippocampus	AA	psi	chr10_23200296_23200648	chr10	23200296	23200648	18	18	0	0	0.072141385114732	0.985907779499035	1.78422694140589	1.78422694140589	352	274	Intergenic	1	Non-heritable	0.0881072986996054	0.836471318747453	0.00583134111217083	6543	0	0	0.881072986996054	5.8636311755981	5.61677109766657	8.78630387828258	0.578985240980302
BA_only	hippocampus	AA	psi	chr10_23203448_23204204	chr10	23203448	23204204	18	18	0	0	0.116214175799442	0.990898390030923	2.1118520916397	2.1118520916397	756	266	Genic/other	1	Heritable	0.124962860883979	0.876006044593762	0.00613940481184066	9695	0	0	1.24962860883979	6.62804137617953	5.58724865840025	9.17946870830909	0.747565335759248
BA_only	hippocampus	AA	psi	chr10_23345250_23345483	chr10	23345250	23345483	13	13	0	0	0.226152097163606	0.991497141402577	1.01004066814262	1.01004066814262	233	265	Promoter	1	Non-heritable	0.0927995407207916	0.834209127879389	0.00740281019752449	0	0	0	0.927995407207916	5.4510384535657	5.5834963087817	0	0.00999060543086895
BA_only	hippocampus	AA	psi	chr10_2335511_2335836	chr10	2335511	2335836	98	98	0	0	0.000118442313701478	0.413849507326493	4.44485472016329	4.44485472016329	325	509	Intergenic	0	Heritable	0.100302495638945	0.938540224787666	0.00923281151093828	29242	0	0	1.00302495638945	5.78382518232974	6.23441072571837	10.28339550778	1.49174718680376
BA_only	hippocampus	AA	psi	chr10_24783728_24784440	chr10	24783728	24784440	9	9	0	0	0.0738646622333171	0.985907779499035	0.765234590980753	-0.765234590980753	712	431	Intergenic	0	Non-heritable	0.0781593353514045	0.808671953398871	0.0106842048905696	60165	0	0	0.781593353514045	6.56807791141198	6.06842558824411	11.0048626876932	-0.267572824219908
BA_only	hippocampus	AA	psi	chr10_24790167_24791249	chr10	24790167	24791249	9	9	0	0	0.0275335212551749	0.975932065139872	3.39930398861724	3.39930398861724	1082	427	Enhancer	0	Non-heritable	0.0978471035208201	0.867041861312314	0.00767410156311079	66604	0	0	0.978471035208201	6.98656645940643	6.0591231955818	11.1065349287856	1.22357070437788
BA_only	hippocampus	AA	psi	chr10_24811625_24812329	chr10	24811625	24812329	7	7	0	0	0.094205932330926	0.98989315440863	1.37260894582343	1.37260894582343	704	434	Enhancer	0	Non-heritable	0.0885849152863112	0.919775438707679	0.00879290521907847	88062	0	0	0.885849152863112	6.55677835615804	6.07534603108868	11.3858077464106	0.316713276185835
BA_only	hippocampus	AA	psi	chr10_2501272_2501888	chr10	2501272	2501888	92	92	0	0	0.00021312653614868	0.491811708572313	2.93924962992332	2.93924962992332	616	527	Promoter	1	Heritable	0.141935627427123	0.910370753262569	0.0102030529749378	0	0	0	1.41935627427123	6.42324696353352	6.26909628370626	0	1.07815432425939
BA_only	hippocampus	AA	psi	chr10_25299488_25300647	chr10	25299488	25300647	2	2	0	0	0.00644017905582941	0.922500611491166	0.240829029077898	0.240829029077898	1159	374	Genic/other	0	Heritable	0.429948806117527	0.851109275307155	0.00676721931063612	123050	0	0	4.29948806117527	7.05531284333975	5.92692602597041	11.7203541825639	-1.42366797864105
BA_only	hippocampus	AA	psi	chr10_25534367_25535368	chr10	25534367	25535368	15	15	0	0	0.0315597819474783	0.977060807838727	1.31781202692884	-1.31781202692884	1001	369	Genic/other	0	Heritable	0.493496816070529	0.914088763687117	0.0088546989789376	116430	0	0	4.93496816070529	6.90875477931522	5.91350300563827	11.6650541018458	0.275972813564867
BA_only	hippocampus	AA	psi	chr10_25717498_25718091	chr10	25717498	25718091	24	24	0	0	0.103112688123674	0.990610842832516	1.43512185614214	-1.43512185614214	593	334	Genic/other	0	Heritable	0.64921830625151	0.878392526202538	0.0069017875068207	0	0	0	6.4921830625151	6.38519439899773	5.81413053182507	0	0.361249769746598
BA_only	hippocampus	AA	psi	chr10_2575600_2575902	chr10	2575600	2575902	87	87	0	0	0.00432934063714695	0.888539612676336	3.03486095446354	3.03486095446354	302	544	Genic/other	0	Heritable	0.132195813379509	0.954920835041157	0.0117488455069175	0	0	0	1.32195813379509	5.71042701737487	6.30078579466324	0	1.1101656127417
BA_only	hippocampus	AA	psi	chr10_25893150_25894521	chr10	25893150	25894521	24	24	0	0	0.10185575504434	0.990428070812969	1.45667967731754	1.45667967731754	1371	361	Intergenic	0	Heritable	0.234174738189427	0.901400636413673	0.00689375801263571	29999	0	0	2.34174738189427	7.22329567956231	5.89164421182577	10.3089526606443	0.376159659061366
BA_only	hippocampus	AA	psi	chr10_26071930_26073625	chr10	26071930	26073625	13	13	0	0	0.0608456174483759	0.98577631996496	1.59849206930515	-1.59849206930515	1695	384	Genic/other	0	Heritable	0.673908982249796	0.913855586966059	0.0103606957885856	129481	0	0	6.73908982249796	7.43543801981455	5.95324333428779	11.7712971543219	0.469060734425814
BA_only	hippocampus	AA	psi	chr10_26453167_26453912	chr10	26453167	26453912	63	63	0	0	0.0188031496971368	0.972503866121758	3.29945823920081	3.29945823920081	745	334	Genic/other	0	Heritable	0.68840890872377	0.879463351524187	0.00709490371693075	72405	0	0	6.8840890872377	6.61338421837956	5.81413053182507	11.1900444478682	1.19375828808673
BA_only	hippocampus	AA	psi	chr10_2680911_2681518	chr10	2680911	2681518	87	87	0	0	0.00633319390606144	0.920376068783091	3.71665929095047	-3.71665929095047	607	611	Intergenic	0	Heritable	0.43088099331866	0.944348993750905	0.00763471397037188	169	0	0	4.3088099331866	6.4085287910595	6.41673228251233	5.13579843705026	1.31282522742901
BA_only	hippocampus	AA	psi	chr10_26945501_26947281	chr10	26945501	26947281	59	59	0	0	0.0271662306727934	0.975932065139872	3.65560040114499	-3.65560040114499	1780	334	Genic/other	0	Heritable	0.437752404592722	0.879992969660908	0.0191345556930767	0	0	0	4.37752404592722	7.48436864328613	5.81413053182507	0	1.29626035088581
BA_only	hippocampus	AA	psi	chr10_27252369_27252984	chr10	27252369	27252984	72	72	0	0	0.0632479664867318	0.985907779499035	2.57226915019085	-2.57226915019085	615	263	Promoter	2	Heritable	0.155483811476446	0.831076721706311	0.00883295346026839	0	0	0	1.55483811476446	6.42162226780652	5.57594910314632	0	0.944788451051891
BA_only	hippocampus	AA	psi	chr10_27319170_27320404	chr10	27319170	27320404	114	114	0	0	0.00371143893925236	0.867953489674172	2.27810807525952	2.27810807525952	1234	276	Enhancer	2	Heritable	0.227568702717476	0.849865881495456	0.0103172787628275	0	0	0	2.27568702717476	7.11801620446533	5.62401750618734	0	0.823345311335533
BA_only	hippocampus	AA	psi	chr10_2734650_2734952	chr10	2734650	2734952	85	85	0	0	0.0108578225106533	0.944902218841749	3.62607906162616	-3.62607906162616	302	625	Enhancer	0	Non-heritable	0.0803446937005492	0.955656626521268	0.00718879603451021	53908	0	0	0.803446937005492	5.71042701737487	6.4393503711001	10.8950527188394	1.2881519189416
BA_only	hippocampus	AA	psi	chr10_27354771_27354941	chr10	27354771	27354941	113	113	0	0	0.000235696129454528	0.503902674622265	3.26957216488134	3.26957216488134	170	282	Genic/other	0	Heritable	0.174904737183438	0.827288862225071	0.0063391836055129	0	0	0	1.74904737183438	5.13579843705026	5.64544689764324	0	1.18465914298011
BA_only	hippocampus	AA	psi	chr10_27413523_27414302	chr10	27413523	27414302	109	109	0	0	0.0044254960693171	0.891375990765259	2.7749129052182	2.7749129052182	779	257	Genic/other	2	Non-heritable	0.0836214380440839	0.790055227007524	0.00874705374074945	0	0	0	0.836214380440839	6.65801104587075	5.55295958492162	0	1.02061936480262
BA_only	hippocampus	AA	psi	chr10_27608114_27609700	chr10	27608114	27609700	47	47	0	0	0.00163625944060148	0.786661074605562	2.0711043625006	-2.0711043625006	1586	284	Intergenic	0	Heritable	0.666899348633792	0.885837465636571	0.00854299442881278	65360	0	0	6.66899348633792	7.36897040219479	5.65248918026865	11.0876810292944	0.728081978294978
BA_only	hippocampus	AA	psi	chr10_2773523_2773796	chr10	2773523	2773796	14	14	0	0	0.10696028039817	0.990610842832516	2.3978094903173	-2.3978094903173	273	650	Intergenic	1	Heritable	0.101470267657801	0.957644711605789	0.00704883299367421	92781	0	0	1.01470267657801	5.60947179518496	6.47850964220857	11.4380079344433	0.874555612381032
BA_only	hippocampus	AA	psi	chr10_27747160_27747325	chr10	27747160	27747325	46	46	0	0	0.032869640168338	0.979164877002956	1.95316834160782	1.95316834160782	165	301	Genic/other	1	Non-heritable	0.0566567602151519	0.79712587158163	0.00640916551455964	1452	0	0	0.566567602151519	5.10594547390058	5.71042701737487	7.28138566357028	0.669452849719505
BA_only	hippocampus	AA	psi	chr10_27857808_27858928	chr10	27857808	27858928	3	3	0	0	0.487427797592192	0.994840206451052	0.906905504860262	0.906905504860262	1120	292	Genic/other	0	Non-heritable	0.0968752587169512	0.790551142244608	0.00624366574390083	0	0	0	0.968752587169512	7.02108396428914	5.68017260901707	0	-0.0977170075456023
BA_only	hippocampus	AA	psi	chr10_28326807_28328017	chr10	28326807	28328017	7	7	0	0	0.0153122449281622	0.967076513219291	0.833901424213858	-0.833901424213858	1210	390	Genic/other	0	Heritable	0.286590915134139	0.841245843530689	0.00677456147422605	44796	0	0	2.86590915134139	7.09837563859079	5.96870755998537	10.7098964518752	-0.18164006800357
BA_only	hippocampus	AA	psi	chr10_28679064_28679464	chr10	28679064	28679464	158	158	0	0	0.00597868315322084	0.918975427356839	2.95960190927174	-2.95960190927174	400	571	Genic/other	1	Non-heritable	0.0858376122655526	0.935954378835419	0.00906494105047119	10445	0	0	0.858376122655526	5.99146454710798	6.3491389913798	9.25397440899624	1.0850547725593
BA_only	hippocampus	AA	psi	chr10_28768204_28768579	chr10	28768204	28768579	157	157	0	0	0.00259375102422403	0.833258918532135	2.10476056453453	-2.10476056453453	375	619	Genic/other	0	Non-heritable	0.0467971182177904	0.959839105519998	0.00856062230474928	0	0	0	0.467971182177904	5.92692602597041	6.42971947803914	0	0.744201719351548
BA_only	hippocampus	AA	psi	chr10_28812410_28815026	chr10	28812410	28815026	152	152	0	0	0.0030735508163264	0.84862690950741	2.06541461263702	2.06541461263702	2616	633	Promoter	0	Heritable	0.72961502541552	0.951114940649688	0.0114125037892233	0	0	0	7.2961502541552	7.86940171257709	6.45204895443723	0	0.725330992038868
BA_only	hippocampus	AA	psi	chr10_28897041_28898358	chr10	28897041	28898358	141	141	0	0	0.000342031140207231	0.556375455174152	2.7007478092814	-2.7007478092814	1317	650	Genic/other	0	Heritable	0.148705508336256	0.965215110426992	0.00808428434343671	0	0	0	1.48705508336256	7.18311170174328	6.47850964220857	0	0.993528704765367
BA_only	hippocampus	AA	psi	chr10_28924992_28925432	chr10	28924992	28925432	141	141	0	0	0.0161533077640813	0.968106276565941	2.031442806376	2.031442806376	440	617	Genic/other	2	Heritable	0.232259146870954	0.924208196621441	0.0082888779837273	0	0	0	2.32259146870954	6.08677472691231	6.42648845745769	0	0.708746287575927
BA_only	hippocampus	AA	psi	chr10_29082290_29083541	chr10	29082290	29083541	15	15	0	0	0.0292918982313783	0.976321847132651	1.14767278361994	-1.14767278361994	1251	641	Intergenic	0	Heritable	0.122835927072047	0.958323499622304	0.00759348016754275	142693	0	0	1.22835927072047	7.13169851046691	6.46458830368996	11.8684577563301	0.137736234291459
BA_only	hippocampus	AA	psi	chr10_2922229_2922620	chr10	2922229	2922620	50	50	0	0	0.0516218884985303	0.984153364580922	2.47674855462486	-2.47674855462486	391	679	Intergenic	0	Heritable	0.460403745495422	0.933451933783789	0.00844401403975907	49410	0	0	4.60403745495422	5.96870755998537	6.52209279817015	10.807928350453	0.906946637331059
BA_only	hippocampus	AA	psi	chr10_29245586_29245820	chr10	29245586	29245820	234	234	0	0	0.00365112738914104	0.86788393490482	3.59092110438827	3.59092110438827	234	659	Intergenic	0	Heritable	0.113348772892388	0.968583328395081	0.00566862807466128	50	0	0	1.13348772892388	5.4553211153577	6.49223983502047	3.93182563272433	1.27840874741376
BA_only	hippocampus	AA	psi	chr10_29689215_29689519	chr10	29689215	29689519	217	217	0	0	0.00390133880617416	0.875236523541043	4.72306196918901	-4.72306196918901	304	578	Enhancer	0	Non-heritable	0.0887400259175284	0.919113624486352	0.00738651665422857	0	0	0	0.887400259175284	5.71702770140622	6.361302477573	0	1.5524573136712
BA_only	hippocampus	AA	psi	chr10_29731788_29732278	chr10	29731788	29732278	144	144	0	0	0.00170733860993902	0.787933326622287	3.83680318085591	3.83680318085591	490	569	Genic/other	1	Heritable	0.120160153990384	0.949441005661134	0.00935406119360566	0	0	0	1.20160153990384	6.19440539110467	6.3456363608286	0	1.34463951749581
BA_only	hippocampus	AA	psi	chr10_29865946_29866238	chr10	29865946	29866238	22	22	0	0	0.0140028588350643	0.964710008537998	1.37952185096919	1.37952185096919	292	554	Intergenic	0	Non-heritable	0.0794859009804066	0.923807382472558	0.00579342180167207	14011	0	0	0.794859009804066	5.67675380226828	6.31896811374643	9.54766938431738	0.321736961573338
BA_only	hippocampus	AA	psi	chr10_30165592_30166077	chr10	30165592	30166077	9	9	0	0	0.0091724437914188	0.939130218965751	1.58367312334409	1.58367312334409	485	623	Intergenic	0	Non-heritable	0.0969903522610347	0.951953029943085	0.00754425529599246	175562	0	0	0.969903522610347	6.18414889093748	6.43615036836943	12.0757532318312	0.459746916886003
BA_only	hippocampus	AA	psi	chr10_30208434_30209157	chr10	30208434	30209157	6	6	0	0	0.0338094758970881	0.979164877002956	1.81925684588791	-1.81925684588791	723	624	Intergenic	0	Heritable	0.488541981267707	0.892179450230254	0.00926755510456134	132482	0	0	4.88541981267707	6.58340922215877	6.4377516497364	11.7942096142902	0.5984280967623
BA_only	hippocampus	AA	psi	chr10_30212333_30213779	chr10	30212333	30213779	4	4	0	0	0.20370262057921	0.991064867102684	0.91728538781241	0.91728538781241	1446	624	Intergenic	0	Heritable	0.660789811087855	0.931192626922417	0.00721843542103456	127860	0	0	6.60789811087855	7.27655640271871	6.4377516497364	11.7586990153444	-0.086336625254072
BA_only	hippocampus	AA	psi	chr10_30597080_30597459	chr10	30597080	30597459	17	17	0	0	0.0223782307157133	0.975932065139872	2.24532748927391	-2.24532748927391	379	492	Intergenic	0	Heritable	0.228300805396462	0.890570367056905	0.00707945437761714	43093	0	0	2.28300805396462	5.93753620508243	6.20050917404269	10.6711390552642	0.808851389964165
BA_only	hippocampus	AA	psi	chr10_30671371_30671670	chr10	30671371	30671670	20	20	0	0	0.0700440831041508	0.985907779499035	1.43225351252461	1.43225351252461	299	465	Genic/other	0	Heritable	0.144644435607729	0.917767380626407	0.0098833836675685	29065	0	0	1.44644435607729	5.70044357339069	6.14418563412565	10.2773243851861	0.35924909373771
BA_only	hippocampus	AA	psi	chr10_30781641_30782007	chr10	30781641	30782007	21	21	0	0	0.0484060548017506	0.982661996589092	2.08507748560021	2.08507748560021	366	449	Intergenic	1	Heritable	0.12035209970477	0.915471302229894	0.00808511426123296	26398	0	0	1.2035209970477	5.90263333340137	6.10924758276437	10.1810814096291	0.734806022713624
BA_only	hippocampus	AA	psi	chr10_3095655_3096346	chr10	3095655	3096346	88	88	0	0	0.0242928487791995	0.975932065139872	1.61737796365438	1.61737796365438	691	655	Enhancer	0	Heritable	0.107436002037459	0.961340777520256	0.00779198273491254	3005	0	0	1.07436002037459	6.53813982376767	6.48616078894409	8.00836557031292	0.480806303220575
BA_only	hippocampus	AA	psi	chr10_31030575_31030891	chr10	31030575	31030891	27	27	0	0	0.10671664869758	0.990610842832516	3.3974633005586	3.3974633005586	316	359	Genic/other	1	Non-heritable	0.0725632493505038	0.81742002796215	0.00781695769206437	0	0	0	0.725632493505038	5.75574221358691	5.88610403145016	0	1.22302906803227
BA_only	hippocampus	AA	psi	chr10_3107217_3107813	chr10	3107217	3107813	88	88	0	0	0.000672593761310846	0.66356279177562	3.96976568612573	-3.96976568612573	596	671	Genic/other	1	Non-heritable	0.0336033288772577	0.956331301423215	0.00724451665406023	1666	0	0	0.336033288772577	6.39024066706535	6.51025834052315	7.41878088275079	1.3787070743493
BA_only	hippocampus	AA	psi	chr10_3120271_3120862	chr10	3120271	3120862	88	88	0	0	0.015218671828975	0.966228276045537	10.5183571985029	-10.5183571985029	591	683	Genic/other	1	Heritable	0.178893500585732	0.948901544454603	0.0070497816123393	0	0	0	1.78893500585732	6.3818160174061	6.52795791762255	0	2.35312203622794
BA_only	hippocampus	AA	psi	chr10_3169278_3169900	chr10	3169278	3169900	88	88	0	0	0.0134141434686585	0.964283399649536	2.3009979528212	-2.3009979528212	622	675	Genic/other	1	Non-heritable	0.0840590121733805	0.967689059612193	0.0100827076142821	305	0	0	0.840590121733805	6.43294009273918	6.51619307604296	5.72358510195238	0.833342925707856
BA_only	hippocampus	AA	psi	chr10_31913042_31913422	chr10	31913042	31913422	12	12	0	0	0.0625333261560398	0.985907779499035	2.18031212977297	-2.18031212977297	380	293	Promoter	0	Non-heritable	0.0513437904890513	0.732175933461969	0.0074276856055416	104733	0	0	0.513437904890513	5.94017125272043	5.68357976733868	11.5591790814877	0.779468049933332
BA_only	hippocampus	AA	psi	chr10_31926991_31927173	chr10	31926991	31927173	12	12	0	0	0.00958214782002503	0.939841915020693	1.54571345560855	-1.54571345560855	182	322	Enhancer	1	Non-heritable	0.0226597327247837	0.769533305939851	0.00788853155113563	90982	0	0	0.226597327247837	5.2040066870768	5.77765232322266	11.4184279548604	0.4354855937954
BA_only	hippocampus	AA	psi	chr10_3241436_3241987	chr10	3241436	3241987	124	124	0	0	0.0108909005264767	0.946049287554188	3.79251525992351	-3.79251525992351	551	643	Enhancer	0	Non-heritable	0.0616145090444732	0.931448767637833	0.00748504532564359	0	0	0	0.616145090444732	6.31173480915292	6.46769872610435	0	1.33302945858011
BA_only	hippocampus	AA	psi	chr10_3270561_3271148	chr10	3270561	3271148	136	136	0	0	0.0038371879169815	0.871813607970739	2.65378671567053	-2.65378671567053	587	658	Genic/other	0	Non-heritable	0.0896480136463054	0.943794283537656	0.00801158226302624	0	0	0	0.896480136463054	6.3750248198281	6.49072353450251	0	0.975987573099448
BA_only	hippocampus	AA	psi	chr10_3281942_3282258	chr10	3281942	3282258	136	136	0	0	0.000623071951733483	0.657105411686211	3.01955654389706	3.01955654389706	316	653	Genic/other	0	Heritable	0.146833727864103	0.963401760095598	0.00845346163499831	0	0	0	1.46833727864103	5.75574221358691	6.4831073514572	0	1.10510998414732
BA_only	hippocampus	AA	psi	chr10_32980014_32980106	chr10	32980014	32980106	91	91	0	0	0.00954458317840981	0.939841915020693	4.40931353397648	-4.40931353397648	92	282	Promoter	1	Heritable	0.137776325473522	0.774638255118344	0.00849516308583479	0	0	0	1.37776325473522	4.52178857704904	5.64544689764324	0	1.48371901838039
BA_only	hippocampus	AA	psi	chr10_33259007_33259530	chr10	33259007	33259530	66	66	0	0	0.00978263989960912	0.939841915020693	3.20861507078823	3.20861507078823	523	366	Enhancer	0	Non-heritable	0.0970577324573542	0.883352044491803	0.00796389301749908	4342	0	0	0.970577324573542	6.25958146406492	5.90536184805457	8.37632063253482	1.16583940503856
BA_only	hippocampus	AA	psi	chr10_33333527_33333891	chr10	33333527	33333891	46	46	0	0	0.0276451663046555	0.975932065139872	3.04734955447317	3.04734955447317	364	377	Genic/other	1	Non-heritable	0.0830124065178045	0.905408227849331	0.0126855830190223	1267	0	0	0.830124065178045	5.89715386763674	5.93489419561959	7.14519613499717	1.11427221756936
BA_only	hippocampus	AA	psi	chr10_33337581_33337762	chr10	33337581	33337762	46	46	0	0	0.0122164511953104	0.95809323095415	5.03654433925872	5.03654433925872	181	392	Genic/other	1	Non-heritable	0.0908574447530732	0.794318178271461	0.00755377650740055	0	0	0	0.908574447530732	5.19849703126583	5.97380961186926	0	1.61672020193291
BA_only	hippocampus	AA	psi	chr10_33556471_33556967	chr10	33556471	33556967	50	50	0	0	0.00488202546654438	0.903845859635741	7.55803908069019	7.55803908069019	496	512	Intergenic	0	Heritable	0.15783198898452	0.946521632670008	0.00895774091215438	127560	0	0	1.5783198898452	6.20657592672493	6.24027584517077	11.7563499605414	2.02261177700842
BA_only	hippocampus	AA	psi	chr10_33790725_33792015	chr10	33790725	33792015	10	10	0	0	0.0589262872747665	0.98577631996496	0.381405229772966	-0.381405229772966	1290	510	Intergenic	0	Heritable	0.106966348123914	0.937442102436705	0.0081967585971916	17038	0	0	1.06966348123914	7.16239749735572	6.2363695902037	9.74326011321524	-0.963892847648609
BA_only	hippocampus	AA	psi	chr10_3399040_3399328	chr10	3399040	3399328	112	112	0	0	0.0175734306244503	0.970581273335112	1.5292640527668	1.5292640527668	288	729	Enhancer	0	Non-heritable	0.0860946494751634	0.971842860897332	0.0138869870901365	0	0	0	0.860946494751634	5.66296048013595	6.59304453414244	0	0.424786614956879
BA_only	hippocampus	AA	psi	chr10_3406529_3406977	chr10	3406529	3406977	112	112	0	0	0.0154429999510596	0.967076513219291	1.76264810502092	-1.76264810502092	448	714	Intergenic	0	Non-heritable	0.0806686858600808	0.967244794074911	0.00936192959751719	0	0	0	0.806686858600808	6.10479323241499	6.57228254269401	0	0.566817289064687
BA_only	hippocampus	AA	psi	chr10_34081481_34081887	chr10	34081481	34081887	0	0	0	0					406	422	Intergenic	0	Non-heritable	0.0953305353176065	0.904640618203134	0.00789830422259713	188011	0	0	0.953305353176065	6.00635315960173	6.04737217904628	12.1442610695623	
BA_only	hippocampus	AA	psi	chr10_34181372_34182159	chr10	34181372	34182159	3	3	0	0	0.0482378512755011	0.982661996589092	0.869900806424045	-0.869900806424045	787	406	Genic/other	0	Non-heritable	0.0806969201476119	0.921996291059575	0.00772989684845527	87739	0	0	0.806969201476119	6.6682282484174	6.0088131854426	11.3821331747202	-0.139376077942763
BA_only	hippocampus	AA	psi	chr10_3471653_3472149	chr10	3471653	3472149	103	103	0	0	0.0220979338814647	0.975932065139872	2.15497930221864	2.15497930221864	496	745	Genic/other	0	Heritable	0.115781122722722	0.974129136825478	0.00650788128321485	0	0	0	1.15781122722722	6.20657592672493	6.61472560020376	0	0.767781123611089
BA_only	hippocampus	AA	psi	chr10_35208599_35209469	chr10	35208599	35209469	136	136	0	0	0.00571300317729755	0.91440075671538	4.31124829461785	4.31124829461785	870	214	Promoter	0	Heritable	0.257570859587464	0.811952772975426	0.00737864195037495	0	0	0	2.57570859587464	6.76849321164863	5.37063802812766	0	1.46122749202276
BA_only	hippocampus	AA	psi	chr10_35299206_35300482	chr10	35299206	35300482	115	115	0	0	0.000582575283551885	0.642817408649347	2.96193147251902	2.96193147251902	1276	264	Enhancer	0	Heritable	0.15479217860324	0.845179894451344	0.00798620689327446	0	0	0	1.5479217860324	7.15148546390474	5.57972982598622	0	1.08584158341027
BA_only	hippocampus	AA	psi	chr10_35472672_35473292	chr10	35472672	35473292	24	24	0	0	0.00614186575107528	0.920376068783091	1.98703630216291	-1.98703630216291	620	273	Genic/other	0	Heritable	0.141108675067678	0.823297821635424	0.00818577107194018	52706	0	0	1.41108675067678	6.42971947803914	5.61312810638807	10.8725035530332	0.686644238270794
BA_only	hippocampus	AA	psi	chr10_3570574_3570958	chr10	3570574	3570958	88	88	0	0	0.0233325181827305	0.975932065139872	2.30085279551642	2.30085279551642	384	705	Intergenic	0	Non-heritable	0.0814813184623352	0.965303037843305	0.00905592239397082	979	0	0	0.814813184623352	5.95064255258773	6.55961523749324	6.88755257166462	0.83327983921847
BA_only	hippocampus	AA	psi	chr10_36379926_36381375	chr10	36379926	36381375	2	2	0	0	0.0541718896286661	0.985306780190445	0.196991737787298	0.196991737787298	1449	334	Intergenic	0	Heritable	0.136350514277894	0.897102870372806	0.00589072169483718	60344	0	0	1.36350514277894	7.27862894232068	5.81413053182507	11.007833373052	-1.62459344052611
BA_only	hippocampus	AA	psi	chr10_36446873_36447060	chr10	36446873	36447060	2	2	0	0	0.692147743967419	0.997398934041968	0.118489657127531	0.118489657127531	187	320	Intergenic	0	Heritable	0.596489450157302	0.887537688585402	0.00769428478966519	0	0	0	5.96489450157302	5.23110861685459	5.77144112313002	0	-2.13292951944488
BA_only	hippocampus	AA	psi	chr10_36450128_36450435	chr10	36450128	36450435	2	2	0	0	0.129730972570481	0.991064867102684	0.300511722418179	-0.300511722418179	307	312	Intergenic	0	Heritable	0.161689821567966	0.858041781636303	0.00667506062849351	233	0	0	1.61689821567966	5.7268477475872	5.74620319054015	5.4553211153577	-1.20226848278008
BA_only	hippocampus	AA	psi	chr10_38355750_38356563	chr10	38355750	38356563	50	50	0	0	0.0340458809448031	0.979302031268167	3.75543854913587	3.75543854913587	813	65	Promoter	2	Heritable	0.141598487999936	0.492187576732276	0.00817358742347735	1951	0	0	1.41598487999936	6.70073110954781	4.18965474202643	7.57660976697304	1.32320507177468
BA_only	hippocampus	AA	psi	chr10_38401902_38402378	chr10	38401902	38402378	48	48	0	0	0.00363809558292195	0.866906756094015	3.76254170377577	3.76254170377577	476	62	Promoter	1	Non-heritable	0.0877254068299189	0.437804506690683	0.00642039827059578	0	0	0	0.877254068299189	6.16541785423142	4.14313472639153	0	1.32509471673135
BA_only	hippocampus	AA	psi	chr10_3992730_3992913	chr10	3992730	3992913	230	230	0	0	0.00279803464628774	0.842320220530838	6.14824594247945	6.14824594247945	183	595	Enhancer	0	Heritable	0.192365065098909	0.928423940778036	0.00832845685646352	3389	0	0	1.92365065098909	5.20948615284142	6.39024066706535	8.1285852003745	1.81616683015909
BA_only	hippocampus	AA	psi	chr10_42177911_42179463	chr10	42177911	42179463	7	7	0	0	0.0384202098375935	0.980549382116533	5.10479314118077	5.10479314118077	1552	70	Intergenic	2	Heritable	0.219748062583468	0.569449161190163	0.00562965688653038	13215	0	0	2.19748062583468	7.34729970074316	4.26267987704132	9.48918349576076	1.63017993192809
BA_only	hippocampus	AA	psi	chr10_42367154_42369565	chr10	42367154	42369565	105	105	0	0	0.0111000266051213	0.948447257389615	6.23676522756025	-6.23676522756025	2411	105	Promoter	2	Heritable	0.117220511897591	0.682798912530508	0.00672047416521048	0	0	0	1.17220511897591	7.78779687818117	4.66343909411207	0	1.83046165655343
BA_only	hippocampus	AA	psi	chr10_4315723_4316782	chr10	4315723	4316782	186	186	0	0	0.00896571182531253	0.937915179400488	3.72145836811231	-3.72145836811231	1059	653	Enhancer	0	Heritable	0.115519551813045	0.965363079298188	0.00807390656554085	17711	0	0	1.15519551813045	6.96508034560141	6.4831073514572	9.78199765494842	1.31411562858554
BA_only	hippocampus	AA	psi	chr10_43350553_43351398	chr10	43350553	43351398	64	64	0	0	0.0219919767740689	0.975932065139872	1.53731310629928	1.53731310629928	845	278	Promoter	2	Non-heritable	0.0764920092065736	0.807194959666193	0.0149374818033063	0	0	0	0.764920092065736	6.73933662735717	5.63121178182137	0	0.430036162936238
BA_only	hippocampus	AA	psi	chr10_43409915_43410161	chr10	43409915	43410161	63	63	0	0	0.0737511758781612	0.985907779499035	2.06993623206172	-2.06993623206172	246	278	Promoter	1	Non-heritable	0.0600882450045912	0.734533384436797	0.00906642138922328	0	0	0	0.600882450045912	5.50533153593236	5.63121178182137	0	0.727517805866552
BA_only	hippocampus	AA	psi	chr10_43454886_43455157	chr10	43454886	43455157	64	64	0	0	0.00687303120495684	0.928603340265007	3.09854818711096	3.09854818711096	271	286	Genic/other	1	Heritable	0.137503445966429	0.849926591748184	0.00774215582002652	0	0	0	1.37503445966429	5.6021188208797	5.65948221575962	0	1.1309336782808
BA_only	hippocampus	AA	psi	chr10_44292429_44292547	chr10	44292429	44292547	12	12	0	0	0.048417751437156	0.982661996589092	1.27325441563142	1.27325441563142	118	295	Promoter	1	Non-heritable	0.0627384371828545	0.859072828792501	0.00579626151975641	0	0	0	0.627384371828545	4.77068462446567	5.69035945432406	0	0.241576162630783
BA_only	hippocampus	AA	psi	chr10_44566264_44567488	chr10	44566264	44567488	10	10	0	0	0.032082871031941	0.977551792925355	1.29779953329795	-1.29779953329795	1224	342	Intergenic	0	Heritable	0.731764639214503	0.891668449573657	0.0104511219273559	106559	0	0	7.31764639214503	7.10987946307227	5.83773044716594	11.5764634857742	0.260670171300069
BA_only	hippocampus	AA	psi	chr10_44864074_44864483	chr10	44864074	44864483	117	117	0	0	0.00219187515511378	0.816522369956905	4.59482327968692	-4.59482327968692	409	307	Genic/other	1	Heritable	0.11168576871849	0.871990158103692	0.0107779784269543	0	0	0	1.1168576871849	6.0137151560428	5.73009978297357	0	1.52493029798152
BA_only	hippocampus	AA	psi	chr10_45198940_45199138	chr10	45198940	45199138	135	135	0	0	3.38510954223856e-05	0.224192903459995	3.28366084957224	-3.28366084957224	198	260	Promoter	1	Heritable	0.147099787278289	0.818329673164836	0.00700592918324658	906	0	0	1.47099787278289	5.28826703069454	5.56452040732269	6.81014245011514	1.18895891572521
BA_only	hippocampus	AA	psi	chr10_45328429_45331457	chr10	45328429	45331457	96	96	0	0	0.00775339423001753	0.933559278800072	7.32307594353143	-7.32307594353143	3028	240	Intergenic	0	Heritable	0.194434070816965	0.830413588141321	0.0126321921545156	12904	0	0	1.94434070816965	8.01565761455734	5.48479693349066	9.46537011215271	1.99103045193986
BA_only	hippocampus	AA	psi	chr10_45513404_45515009	chr10	45513404	45515009	20	20	0	0	0.0248843620102371	0.975932065139872	4.75667202207275	-4.75667202207275	1605	164	Genic/other	0	Non-heritable	0.0758488235461211	0.5935219108061	0.00658511291084435	18279	0	0	0.758488235461211	7.38087903556412	5.10594547390058	9.81356284500814	1.55954827079605
BA_only	hippocampus	AA	psi	chr10_45600383_45601265	chr10	45600383	45601265	22	22	0	0	0.0674535468472185	0.985907779499035	2.18608606555148	-2.18608606555148	882	143	Intergenic	0	Heritable	0.123891697689477	0.662443227661363	0.0115539182131399	6147	0	0	1.23891697689477	6.78219205600679	4.969813299576	8.72388210465849	0.782112764803238
BA_only	hippocampus	AA	psi	chr10_45969708_45971265	chr10	45969708	45971265	24	24	0	0	0.0101601569410426	0.944902218841749	1.87672767027162	-1.87672767027162	1557	123	Genic/other	2	Non-heritable	0.0378255216705106	0.527187602611788	0.00750418119929708	0	0	0	0.378255216705106	7.350516171834	4.82028156560504	0	0.629529664645024
BA_only	hippocampus	AA	psi	chr10_46261989_46263494	chr10	46261989	46263494	31	31	0	0	0.00569165810318196	0.914301706404424	1.73500244586994	-1.73500244586994	1505	86	Genic/other	0	Heritable	0.244288544902412	0.772794473674296	0.00684276940448964	113	0	0	2.44288544902412	7.31654817718298	4.46590811865458	4.7361984483945	0.551008828884818
BA_only	hippocampus	AA	psi	chr10_46267744_46269368	chr10	46267744	46269368	30	30	0	0	0.0035043716940743	0.866906756094015	1.98735778654673	1.98735778654673	1624	86	Genic/other	0	Heritable	0.605613083612565	0.858427816093171	0.00916197958793058	0	0	0	6.05613083612565	7.39264752072162	4.46590811865458	0	0.686806016079299
BA_only	hippocampus	AA	psi	chr10_46281209_46282430	chr10	46281209	46282430	24	24	0	0	9.24369990413851e-05	0.366274893193011	4.16149280767132	4.16149280767132	1221	87	Intergenic	1	Heritable	0.110845627857975	0.553585019615285	0.010446836019916	1143	0	0	1.10845627857975	7.10742547411071	4.47733681447821	7.04228617193974	1.42587386030353
BA_only	hippocampus	AA	psi	chr10_46283446_46284151	chr10	46283446	46284151	24	24	0	0	0.0359815568804995	0.980494018606455	1.30989437731694	1.30989437731694	705	89	Genic/other	1	Heritable	0.47947262590324	0.874139861736149	0.0126675520041919	0	0	0	4.7947262590324	6.55819780281227	4.49980967033027	0	0.269946513594315
BA_only	hippocampus	AA	psi	chr10_46465949_46466131	chr10	46465949	46466131	28	28	0	0	0.0234654310572045	0.975932065139872	2.77141027304896	2.77141027304896	182	68	Promoter	0	Non-heritable	0.0436897706355381	0.337984910536117	0.00777652729323543	8012	0	0	0.436897706355381	5.2040066870768	4.23410650459726	8.98882050177807	1.01935631809234
BA_only	hippocampus	AA	psi	chr10_46467429_46467917	chr10	46467429	46467917	28	28	0	0	0.0228906515428345	0.975932065139872	2.2633295312949	2.2633295312949	488	63	Genic/other	0	Heritable	0.116639858884131	0.386235127520941	0.0228663309728525	9492	0	0	1.16639858884131	6.19031540585315	4.15888308335967	9.1583099638818	0.816836977479104
BA_only	hippocampus	AA	psi	chr10_46579592_46579624	chr10	46579592	46579624	165	165	0	0	0.000147539384795256	0.433520394044454	5.18707089343422	5.18707089343422	32	69	Genic/other	1	Non-heritable	0.0703684064054797	0.346798446336465	0.007177135590932	0	0	0	0.703684064054797	3.46573590279973	4.24849524204936	0	1.64616916472527
BA_only	hippocampus	AA	psi	chr10_46779717_46779802	chr10	46779717	46779802	194	194	0	0	0.00175988292411647	0.794438912514208	5.7524931139937	-5.7524931139937	85	27	Genic/other	0		0.0487353419771999		0.00746171160167275	0	0	0	0.487353419771999	4.44265125649032	3.3322045101752	0	1.74963334761919
BA_only	hippocampus	AA	psi	chr10_46786160_46786273	chr10	46786160	46786273	194	194	0	0	0.00982964770148696	0.941397586311041	2.894587302563	-2.894587302563	113	24	Promoter	1	Heritable	0.198168124376538	0.426762267511842	0.0143014970156334	0	0	0	1.98168124376538	4.72738781871234	3.2188758248682	0	1.06284254907178
BA_only	hippocampus	AA	psi	chr10_46878860_46879487	chr10	46878860	46879487	186	186	0	0	0.000575849233465269	0.64251746818636	2.52177157106018	2.52177157106018	627	4	Genic/other	0		0.0027104995283326		0.0155069294823782	1390	0	0	0.027104995283326	6.44094654063292	1.6094379124341	7.23777819192344	0.924961662885924
BA_only	hippocampus	AA	psi	chr10_46890447_46891493	chr10	46890447	46891493	194	194	0	0	0.0118478374284235	0.95477271817661	9.17596191226545	-9.17596191226545	1046	4	Genic/other	0	Low prediction	0.0140760581865768	0.0253311665651814	0.00852405854523727	7262	0	0	0.140760581865768	6.95272864462487	1.6094379124341	8.89054824560617	2.21658723010894
BA_only	hippocampus	AA	psi	chr10_46910606_46912723	chr10	46910606	46912723	202	202	0	0	0.00112504989398125	0.726050490461723	4.41307338146814	-4.41307338146814	2117	3	Promoter	2	Low prediction	0.0349166650639687	0.0518608251103225	0.0109672754074747	0	0	0	0.349166650639687	7.65775527113487	1.38629436111989	0	1.48457136089196
BA_only	hippocampus	AA	psi	chr10_47381956_47383470	chr10	47381956	47383470	94	94	0	0	0.000455202185247938	0.604162640906295	2.67572342387709	2.67572342387709	1514	2	Genic/other	2	Low prediction	0.0113818100109445	0.0162871427155073	0.00720471878403625	24082	0	0	0.113818100109445	7.32251043399739	1.09861228866811	10.0892614763803	0.984219786355844
BA_only	hippocampus	AA	psi	chr10_47416592_47417600	chr10	47416592	47417600	85	85	0	0	0.00477244142569141	0.903845859635741	2.49811226008419	-2.49811226008419	1008	2	Intergenic	0		0.00022779435462557		0.00895110395699956	0	0	0	0.0022779435462557	6.91572344863131	1.09861228866811	0	0.915535354682302
BA_only	hippocampus	AA	psi	chr10_47461214_47462309	chr10	47461214	47462309	99	99	0	0	0.000781094086925321	0.681457250102356	3.13888943889429	3.13888943889429	1095	2	Genic/other	2		0.00014106839041089		0.0113314013607247	0	0	0	0.0014106839041089	6.9985096422506	1.09861228866811	0	1.14386905866502
BA_only	hippocampus	AA	psi	chr10_47762204_47762278	chr10	47762204	47762278	186	186	0	0	0.0122302973268367	0.95809323095415	5.476903601138	-5.476903601138	74	38	Genic/other	1	Heritable	0.123460299399424	0.318557564837378	0.0089813102853491	3518	0	0	1.23460299399424	4.30406509320417	3.66356164612965	8.16593213732159	1.70053990680393
BA_only	hippocampus	AA	psi	chr10_48140579_48140632	chr10	48140579	48140632	94	94	0	0	0.00340096428130253	0.86593481253084	1.37792379294186	1.37792379294186	53	164	Promoter	1	Heritable	0.209135440279243	0.692611391309151	0.0149716540325633	215	0	0	2.09135440279243	3.97029191355212	5.10594547390058	5.37527840768417	0.320577875664841
BA_only	hippocampus	AA	psi	chr10_4815227_4815376	chr10	4815227	4815376	69	69	0	0	0.00744463489879948	0.933559278800072	2.65457443720909	-2.65457443720909	149	487	Genic/other	0	Heritable	0.256817041117556	0.9235473133693	0.00805136535326294	0	0	0	2.56817041117556	5.00394630594546	6.19031540585315	0	0.976284358310057
BA_only	hippocampus	AA	psi	chr10_48305952_48306111	chr10	48305952	48306111	12	12	0	0	0.0484495034019908	0.982661996589092	2.55521304312083	2.55521304312083	159	254	Promoter	1	Heritable	0.120731100999298	0.771207759968646	0.00769207725463942	2176	0	0	1.20731100999298	5.06890420222023	5.54126354515843	7.68570306123455	0.938135606919238
BA_only	hippocampus	AA	psi	chr10_48491551_48492063	chr10	48491551	48492063	7	7	0	0	0.171243765229824	0.991064867102684	2.18818680087399	-2.18818680087399	512	321	Genic/other	0	Heritable	0.161250710968155	0.829921224115499	0.00675701403163233	17892	0	0	1.61250710968155	6.23832462503951	5.77455154554441	9.79216485389186	0.783073260656404
BA_only	hippocampus	AA	psi	chr10_48509254_48509650	chr10	48509254	48509650	7	7	0	0	0.0297981691252132	0.976741514025636	2.87914014897493	2.87914014897493	396	336	Genic/other	0	Non-heritable	0.0993522941498816	0.867213521927165	0.00639235279212152	305	0	0	0.993522941498816	5.98141421125448	5.82008293035236	5.72358510195238	1.05749169365968
BA_only	hippocampus	AA	psi	chr10_48670811_48671632	chr10	48670811	48671632	6	6	0	0	0.0422958573910954	0.980549382116533	0.975354323651257	-0.975354323651257	821	363	Enhancer	0	Non-heritable	0.094436433765144	0.864132189354417	0.00559442889128867	66047	0	0	0.94436433765144	6.71052310945243	5.89715386763674	11.0981370294012	-0.0249544548755324
BA_only	hippocampus	AA	psi	chr10_4867391_4868497	chr10	4867391	4868497	64	64	0	0	0.0019375714791357	0.804679915749906	2.45728315403933	2.45728315403933	1106	504	Enhancer	0	Heritable	0.689474415700566	0.910375284989961	0.00604569677557926	8304	0	0	6.89474415700566	7.00850518208228	6.22455842927536	9.0246130220474	0.899056334777771
BA_only	hippocampus	AA	psi	chr10_48819255_48819505	chr10	48819255	48819505	1	1	0	0	0.114834470973697	0.990898390030923	0.195234229659286	0.195234229659286	250	408	Genic/other	0	Heritable	0.120413127171761	0.899105672882402	0.00730497141287876	147167	0	0	1.20413127171761	5.52146091786225	6.0137151560428	11.8993300703396	-1.63355521229474
BA_only	hippocampus	AA	psi	chr10_50024391_50025336	chr10	50024391	50025336	11	11	0	0	0.405803332481225	0.99461028164865	0.387967370702234	0.387967370702234	945	312	Genic/other	2	Heritable	0.156308148155779	0.876090162676401	0.0124185934714391	0	0	0	1.56308148155779	6.85118492749374	5.74620319054015	0	-0.946834013248041
BA_only	hippocampus	AA	psi	chr10_50659996_50660499	chr10	50659996	50660499	24	24	0	0	0.0420338131882305	0.980549382116533	3.75854670399942	3.75854670399942	503	283	Intergenic	0	Non-heritable	0.0648244766642841	0.805400133251647	0.0113568854037156	0	0	0	0.648244766642841	6.22059017009974	5.64897423816121	0	1.3240323704525
BA_only	hippocampus	AA	psi	chr10_5094729_5095990	chr10	5094729	5095990	16	16	0	0	0.0544594806436349	0.98577631996496	2.43277916364087	2.43277916364087	1261	534	Promoter	0	Heritable	0.119460766903393	0.922869261927161	0.00541344912575096	0	0	0	1.19460766903393	7.13966033596492	6.28226674689601	0	0.889034296690343
BA_only	hippocampus	AA	psi	chr10_52232077_52233363	chr10	52232077	52233363	61	61	0	0	0.00108024774727682	0.725281935740074	2.63902213425321	-2.63902213425321	1286	455	Genic/other	0	Non-heritable	0.0894680005360073	0.942678213038923	0.00977731156775732	0	0	0	0.894680005360073	7.15929190479756	6.12249280951439	0	0.970408448639149
BA_only	hippocampus	AA	psi	chr10_5238450_5240778	chr10	5238450	5240778	48	48	0	0	0.00564036123632473	0.914301706404424	1.71859842671712	-1.71859842671712	2328	537	Genic/other	0	Heritable	0.651486159564004	0.916999218199509	0.00720065804164609	30674	0	0	6.51486159564004	7.75276480885133	6.28785856016178	10.3312032695791	0.541509096270783
BA_only	hippocampus	AA	psi	chr10_52728739_52730813	chr10	52728739	52730813	30	30	0	0	0.0660238796047005	0.985907779499035	1.35972037837726	-1.35972037837726	2074	448	Genic/other	0	Non-heritable	0.0739881716372325	0.841925256115763	0.00721213295767286	0	0	0	0.739881716372325	7.63723438878947	6.10702288774226	0	0.307279081828619
BA_only	hippocampus	AA	psi	chr10_5276982_5279146	chr10	5276982	5279146	47	47	0	0	0.00034331813085126	0.557490923765911	2.36911679279931	-2.36911679279931	2164	488	Genic/other	0	Heritable	0.527368024402547	0.940199136756435	0.00664530878982011	0	0	0	5.27368024402547	7.67971363996637	6.19236248947487	0	0.862517228646443
BA_only	hippocampus	AA	psi	chr10_52778255_52779168	chr10	52778255	52779168	34	34	0	0	0.00158112843929863	0.780220829135284	1.07774952930389	1.07774952930389	913	451	Intergenic	0	Heritable	0.393082723989931	0.927241415822784	0.0092415806378497	0	0	0	3.93082723989931	6.81673588059497	6.11368217983223	0	0.0748751071839994
BA_only	hippocampus	AA	psi	chr10_52884016_52884139	chr10	52884016	52884139	30	30	0	0	0.0156029271777608	0.967605562340161	2.04105567186389	-2.04105567186389	123	451	Intergenic	0	Non-heritable	0.0783290579971721	0.92632550821567	0.00881829815097711	34781	0	0	0.783290579971721	4.81218435537242	6.11368217983223	10.4568552905678	0.713467165113527
BA_only	hippocampus	AA	psi	chr10_53123451_53124415	chr10	53123451	53124415	13	13	0	0	0.145875086643322	0.991064867102684	1.20821985059398	-1.20821985059398	964	489	Intergenic	0	Heritable	0.289196527029796	0.884799858782337	0.00787466430940699	93539	0	0	2.89196527029796	6.87109129461055	6.19440539110467	11.4461444312799	0.189148086754904
BA_only	hippocampus	AA	psi	chr10_53563667_53566318	chr10	53563667	53566318	3	3	0	0	0.0612432076312654	0.985907779499035	2.81298821713184	2.81298821713184	2651	375	Intergenic	0	Heritable	0.736659517209758	0.868167771383963	0.00944164560006115	240811	0	0	7.36659517209758	7.88269220628903	5.9295891433899	12.3917718250622	1.03424734433431
BA_only	hippocampus	AA	psi	chr10_53568988_53569655	chr10	53568988	53569655	4	4	0	0	0.0766918789375001	0.987589764461923	3.04327857398969	3.04327857398969	667	374	Intergenic	0	Heritable	0.719158836781161	0.877302686656841	0.00737405549488379	237474	0	0	7.19158836781161	6.50279004591562	5.92692602597041	12.3778176337584	1.11293541585023
BA_only	hippocampus	AA	psi	chr10_5370814_5370862	chr10	5370814	5370862	84	84	0	0	0.0301693057170142	0.976893291659941	7.59641529425862	7.59641529425862	48	479	Genic/other	0	Heritable	0.127934890208249	0.931313702246851	0.00865453490311197	30104	0	0	1.27934890208249	3.87120101090789	6.17378610390194	10.3124465498985	2.02767646552848
BA_only	hippocampus	AA	psi	chr10_55866326_55866452	chr10	55866326	55866452	1	1	0	0	0.681038712992648	0.99725367388771	0.0606833625073997	-0.0606833625073997	126	205	Intergenic	0	Heritable	0.160632172475489	0.730289343922959	0.00671999296774672	236320	0	0	1.60632172475489	4.83628190695148	5.32787616878958	12.3729463293067	-2.80208554747999
BA_only	hippocampus	AA	psi	chr10_5616580_5616943	chr10	5616580	5616943	97	97	0	0	0.0059457892806754	0.918414150018684	5.46194993934461	-5.46194993934461	363	519	Genic/other	1	Heritable	0.10325155137062	0.933033398312056	0.0110320684191426	0	0	0	1.0325155137062	5.89440283426485	6.25382881157547	0	1.6978058595794
BA_only	hippocampus	AA	psi	chr10_575988_576369	chr10	575988	576369	7	7	0	0	0.0604709622643511	0.98577631996496	1.85853532312551	-1.85853532312551	381	283	Genic/other	0	Non-heritable	0.0801321417446363	0.747132687056842	0.00641753211969767	73808	0	0	0.801321417446363	5.9427993751267	5.64897423816121	11.2092359543726	0.619788722210453
BA_only	hippocampus	AA	psi	chr10_58203347_58204751	chr10	58203347	58204751	2	2	0	0	0.169474608548366	0.991064867102684	4.63015616155418	-4.63015616155418	1404	253	Genic/other	0	Heritable	0.612656664024052	0.857659381114123	0.00982544936184911	64552	0	0	6.12656664024052	7.24708058458576	5.53733426701854	11.0752418707951	1.53259059788656
BA_only	hippocampus	AA	psi	chr10_58443832_58444119	chr10	58443832	58444119	3	3	0	0	0.210367108447812	0.991242081076261	4.35524052256338	4.35524052256338	287	294	Intergenic	0	Heritable	0.499325496543675	0.856073132247222	0.00515305983589957	4716	0	0	4.99325496543675	5.65948221575962	5.68697535633982	8.45892828328426	1.47137984013711
BA_only	hippocampus	AA	psi	chr10_58517488_58519240	chr10	58517488	58519240	3	3	0	0	0.684015913052848	0.997275762524294	0.758922763557806	0.758922763557806	1752	291	Genic/other	1	Heritable	0.683185916557835	0.895193719254837	0.0144277473952767	14350	0	0	6.83185916557835	7.46851327149634	5.67675380226828	9.57157490517093	-0.275855254381321
BA_only	hippocampus	AA	psi	chr10_58796364_58796767	chr10	58796364	58796767	15	15	0	0	0.101655164019654	0.990428070812969	3.73232215454772	3.73232215454772	403	274	Genic/other	0	Heritable	0.104863735774032	0.871516464584523	0.00677098064233534	171138	0	0	1.04863735774032	5.99893656194668	5.61677109766657	12.0502313707856	1.31703060416492
BA_only	hippocampus	AA	psi	chr10_60388618_60389884	chr10	60388618	60389884	7	7	0	0	0.224984311374708	0.991497141402577	2.23766863584738	-2.23766863584738	1266	380	Promoter	0	Non-heritable	0.0805614110345607	0.816580464422091	0.00684048452111255	124782	0	0	0.805614110345607	7.14361760270412	5.9427993751267	11.7343315076902	0.80543454077227
BA_only	hippocampus	AA	psi	chr10_604879_605309	chr10	604879	605309	7	7	0	0	0.178151523212666	0.991064867102684	1.24446145514222	-1.24446145514222	430	285	Genic/other	1	Heritable	0.390343409454587	0.837051182036348	0.010275933346341	44868	0	0	3.90343409454587	6.06378520868761	5.65599181081985	10.7115024121159	0.218702878217722
BA_only	hippocampus	AA	psi	chr10_607746_609092	chr10	607746	609092	7	7	0	0	0.26042532216284	0.992837608310815	0.699890840000454	-0.699890840000454	1346	282	Genic/other	2	Heritable	0.169962492923397	0.833843778648924	0.0121257126509272	41085	0	0	1.69962492923397	7.20489251020467	5.64544689764324	10.6234227098525	-0.356830884667636
BA_only	hippocampus	AA	psi	chr10_61452111_61452331	chr10	61452111	61452331	9	9	0	0	0.214093087647868	0.991290284450776	1.26440640021299	1.26440640021299	220	278	Promoter	1	Heritable	0.137335129213281	0.843309964017998	0.0100084074002551	957	0	0	1.37335129213281	5.39362754635236	5.63121178182137	6.86484777797086	0.234602771113154
BA_only	hippocampus	AA	psi	chr10_614590_615862	chr10	614590	615862	8	8	0	0	0.129255788289801	0.991064867102684	1.937989310699	-1.937989310699	1272	275	Genic/other	0	Non-heritable	0.0353840059389696	0.751443749906573	0.00727977087039366	34315	0	0	0.353840059389696	7.14834574390007	5.62040086571715	10.4433669966929	0.66165100297816
BA_only	hippocampus	AA	psi	chr10_6174396_6175093	chr10	6174396	6175093	99	99	0	0	0.0357380804223514	0.980494018606455	2.02700072566689	-2.02700072566689	697	650	Genic/other	0	Non-heritable	0.0666951307726405	0.940695745024432	0.00665090874037033	0	0	0	0.666951307726405	6.54678541076052	6.47850964220857	0	0.706557230403635
BA_only	hippocampus	AA	psi	chr10_61867277_61868187	chr10	61867277	61868187	45	45	0	0	0.0384851329974633	0.980549382116533	1.24114095879821	1.24114095879821	910	319	Intergenic	0	Heritable	0.147530491641331	0.856415917900011	0.0167696847528824	0	0	0	1.47530491641331	6.8134445995109	5.76832099579377	0	0.216031092678786
BA_only	hippocampus	AA	psi	chr10_621990_623230	chr10	621990	623230	8	8	0	0	0.0319706409605362	0.97748455075509	2.05812407236682	2.05812407236682	1240	279	Genic/other	2	Non-heritable	0.0498435615554017	0.795231000365443	0.00725723826675781	26947	0	0	0.498435615554017	7.12286665859908	5.63478960316925	10.2016643620805	0.721794928289574
BA_only	hippocampus	AA	psi	chr10_62375105_62377323	chr10	62375105	62377323	3	3	0	0	0.781948747261967	0.997796053933084	0.49856792156513	0.49856792156513	2218	375	Promoter	2	Heritable	0.111469763013139	0.90139245203429	0.00780433722477692	0	0	0	1.11469763013139	7.70436116791031	5.9295891433899	0	-0.696015426918324
BA_only	hippocampus	AA	psi	chr10_62379243_62379967	chr10	62379243	62379967	3	3	0	0	0.0534567080757877	0.985016765603212	3.48167946855921	3.48167946855921	724	373	Genic/other	0	Non-heritable	0.0362727974851787	0.909836567321292	0.00696364679659981	0	0	0	0.362727974851787	6.58479139238572	5.92425579741453	0	1.2475147861496
BA_only	hippocampus	AA	psi	chr10_62386170_62387290	chr10	62386170	62387290	3	3	0	0	0.241362251843652	0.992251400764981	2.5697769058731	2.5697769058731	1120	367	Enhancer	0	Heritable	0.148530946770815	0.908565934450464	0.00615620325081373	0	0	0	1.48530946770815	7.02108396428914	5.90808293816893	0	0.943819091977298
BA_only	hippocampus	AA	psi	chr10_6247220_6247732	chr10	6247220	6247732	52	52	0	0	0.00916386918003836	0.939077729475158	2.91896135510222	-2.91896135510222	512	704	Genic/other	0	Non-heritable	0.0728072679082095	0.963441637841241	0.00789894528247974	0	0	0	0.728072679082095	6.23832462503951	6.55819780281227	0	1.07122785612225
BA_only	hippocampus	AA	psi	chr10_625953_626149	chr10	625953	626149	8	8	0	0	0.114835507735095	0.990898390030923	2.71909540270592	-2.71909540270592	196	290	Genic/other	1	Non-heritable	0.0664054252468911	0.759878363493256	0.00675867703490264	24028	0	0	0.664054252468911	5.27811465923052	5.67332326717149	10.0870167132162	1.0002992561365
BA_only	hippocampus	AA	psi	chr10_627055_627650	chr10	627055	627650	8	8	0	0	0.131046078266353	0.991064867102684	1.64588758516846	-1.64588758516846	595	287	Promoter	1	Heritable	0.16448999984453	0.784570037063539	0.0102305712521004	22527	0	0	1.6448999984453	6.38856140554563	5.66296048013595	10.0225142589578	0.498279810231937
BA_only	hippocampus	AA	psi	chr10_628469_628908	chr10	628469	628908	8	8	0	0	0.148923619875589	0.991064867102684	1.7993740349835	-1.7993740349835	439	292	Promoter	1	Non-heritable	0.0537215611887347	0.857915673325676	0.00843413887426181	21269	0	0	0.537215611887347	6.08449941307517	5.68017260901707	9.96505290819428	0.587438851635152
BA_only	hippocampus	AA	psi	chr10_62924362_62924737	chr10	62924362	62924737	5	5	0	0	0.0330056578708938	0.979164877002956	0.884331497534727	0.884331497534727	375	279	Genic/other	0	Heritable	0.336321643039638	0.812047212546537	0.0139169030044941	22766	0	0	3.36321643039638	5.92692602597041	5.63478960316925	10.033067398072	-0.122923278119169
BA_only	hippocampus	AA	psi	chr10_62992270_62992566	chr10	62992270	62992566	11	11	0	0	0.0725580454231769	0.985907779499035	1.06683687827536	-1.06683687827536	296	240	Intergenic	0	Non-heritable	0.055979828059321	0.812113522643279	0.00959306875668139	90674	0	0	0.55979828059321	5.69035945432406	5.48479693349066	11.4150369641511	0.0646980911637472
BA_only	hippocampus	AA	psi	chr10_63502823_63503806	chr10	63502823	63503806	13	13	0	0	0.0406027822601425	0.980549382116533	2.31628113920951	2.31628113920951	983	216	Genic/other	0	Heritable	0.162751958918628	0.778765254351689	0.00760179546544337	0	0	0	1.62751958918628	6.89060912014717	5.37989735354046	0	0.839962946647681
BA_only	hippocampus	AA	psi	chr10_635099_635895	chr10	635099	635895	11	11	0	0	0.161026211967375	0.991064867102684	1.81116912788246	-1.81116912788246	796	298	Genic/other	2	Heritable	0.122225588361212	0.762217672224076	0.0071901783405761	14282	0	0	1.22225588361212	6.67959918584438	5.70044357339069	9.56682529786263	0.593972569284853
BA_only	hippocampus	AA	psi	chr10_63556870_63557210	chr10	63556870	63557210	11	11	0	0	0.193931092650306	0.991064867102684	1.40597281916081	1.40597281916081	340	227	Genic/other	0	Non-heritable	0.0916231754441553	0.694468576455033	0.0105192133591017	35131	0	0	0.916231754441553	5.82894561761021	5.42934562895444	10.466867675037	0.340729468280557
BA_only	hippocampus	AA	psi	chr10_639602_639940	chr10	639602	639940	11	11	0	0	0.0423296811111626	0.980549382116533	1.95824999422105	1.95824999422105	338	286	Genic/other	2	Non-heritable	0.0761085586417823	0.760104610793992	0.00834503754539658	10237	0	0	0.761085586417823	5.82304589548302	5.65948221575962	9.23386156701753	0.672051219420732
BA_only	hippocampus	AA	psi	chr10_64041465_64041639	chr10	64041465	64041639	34	34	0	0	0.000475520172328021	0.604162640906295	2.02243829420974	-2.02243829420974	174	236	Genic/other	0	Heritable	0.182977012451782	0.76174118712883	0.00726656639814053	0	0	0	1.82977012451782	5.15905529921453	5.46806014113513	0	0.704303864768168
BA_only	hippocampus	AA	psi	chr10_64726241_64727873	chr10	64726241	64727873	1	1	0	0	0.356240934883498	0.994059412929268	0.605727512169266	-0.605727512169266	1632	242	Intergenic	0	Heritable	0.641400691557243	0.872886635489186	0.00765999359121278	34798	0	0	6.41400691557243	7.39756153552405	5.49306144334055	10.4573439297175	-0.501325027412273
BA_only	hippocampus	AA	psi	chr10_654387_655678	chr10	654387	655678	11	11	0	0	0.132821327434878	0.991064867102684	2.39003555946998	-2.39003555946998	1291	305	Enhancer	0	Non-heritable	0.0722335705999547	0.768508007516641	0.00965594185616008	3182	0	0	0.722335705999547	7.16317239084664	5.72358510195238	8.06557942728209	0.871308248456097
BA_only	hippocampus	AA	psi	chr10_65570144_65571455	chr10	65570144	65571455	580	580	0	0	0.000744220340712882	0.677254417144753	6.32906822875781	-6.32906822875781	1311	345	Promoter	0	Heritable	0.161661191709222	0.870278201771546	0.00819880547377239	0	0	0	1.61661191709222	7.1785454837637	5.84643877505773	0	1.84515302765285
BA_only	hippocampus	AA	psi	chr10_6581249_6582138	chr10	6581249	6582138	45	45	0	0	0.0286193918700872	0.975932065139872	3.02020213181784	3.02020213181784	889	739	Promoter	1	Non-heritable	0.0724729160073304	0.975350772393663	0.00732897682370729	0	0	0	0.724729160073304	6.79009723551391	6.60665018619822	0	1.10532376352354
BA_only	hippocampus	AA	psi	chr10_6603247_6603875	chr10	6603247	6603875	50	50	0	0	0.00470058913410658	0.901081955382879	3.49177035853872	3.49177035853872	628	727	Genic/other	0	Heritable	0.128116524707343	0.943076704096601	0.00791071079752026	0	0	0	1.28116524707343	6.4425401664682	6.59030104819669	0	1.25040887651922
BA_only	hippocampus	AA	psi	chr10_662816_664443	chr10	662816	664443	11	11	0	0	0.0433100988815783	0.980549382116533	1.39689949657456	1.39689949657456	1627	302	Promoter	0	Non-heritable	0.0928795479395204	0.772226445969071	0.0078684269651876	0	0	0	0.928795479395204	7.39449310721904	5.71373280550937	0	0.334255142522413
BA_only	hippocampus	AA	psi	chr10_66926946_66927496	chr10	66926946	66927496	0	0	0	0					550	349	Genic/other	0	Heritable	0.169030229260722	0.897855148536924	0.00967285723636044	0	0	0	1.69030229260722	6.30991827822652	5.85793315448346	0	
BA_only	hippocampus	AA	psi	chr10_66941053_66942175	chr10	66941053	66942175	0	0	0	0					1122	348	Genic/other	0	Heritable	0.176088626986306	0.891061309064465	0.00662257184388667	0	0	0	1.76088626986306	7.02286808608264	5.85507192220243	0	
BA_only	hippocampus	AA	psi	chr10_67050121_67050650	chr10	67050121	67050650	0	0	0	0					529	338	Genic/other	0	Non-heritable	0.0682765581153266	0.898614197699604	0.00749584520351939	0	0	0	0.682765581153266	6.2709884318583	5.82600010738045	0	
BA_only	hippocampus	AA	psi	chr10_67230374_67230866	chr10	67230374	67230866	0	0	0	0					492	281	Genic/other	0	Non-heritable	0.0634921388141032	0.790320898895311	0.00634790937553328	50056	0	0	0.634921388141032	6.19847871649231	5.64190707093811	10.8209176351037	
BA_only	hippocampus	AA	psi	chr10_67386476_67387529	chr10	67386476	67387529	1	1	0	0	0.258096457315091	0.992837608310815	0.621287146010144	-0.621287146010144	1053	242	Promoter	0	Heritable	0.129961992968994	0.804795971749145	0.00907075225085374	134431	0	0	1.29961992968994	6.95939851213398	5.49306144334055	11.8088137739691	-0.475961894892721
BA_only	hippocampus	AA	psi	chr10_67663456_67664906	chr10	67663456	67664906	4	4	0	0	0.243126699136484	0.992251400764981	1.10026404971395	1.10026404971395	1450	216	Genic/other	0	Non-heritable	0.0927801222621805	0.776429060595522	0.00434207667868855	0	0	0	0.927801222621805	7.27931883541462	5.37989735354046	0	0.0955502052813142
BA_only	hippocampus	AA	psi	chr10_67695208_67695827	chr10	67695208	67695827	4	4	0	0	0.0440443161353552	0.980789550235948	0.759350487011226	-0.759350487011226	619	235	Genic/other	0	Heritable	0.160116338127449	0.824118006374415	0.00558152538370765	0	0	0	1.60116338127449	6.4281052726846	5.46383180502561	0	-0.275291820284144
BA_only	hippocampus	AA	psi	chr10_68562130_68562859	chr10	68562130	68562859	28	28	0	0	0.00930735054814305	0.939841915020693	3.63783267167471	-3.63783267167471	729	305	Genic/other	1	Non-heritable	0.0456481656740573	0.800771612631383	0.00627500740591901	34883	0	0	0.456481656740573	6.59167373200866	5.72358510195238	10.4597835503469	1.29138808719515
BA_only	hippocampus	AA	psi	chr10_69243050_69243396	chr10	69243050	69243396	83	83	0	0	0.000727015301985507	0.673766456790362	2.08746748493435	2.08746748493435	346	481	Genic/other	0	Non-heritable	0.0630151187117269	0.906950172467348	0.00828443761327813	26711	0	0	0.630151187117269	5.84643877505773	6.1779441140506	10.1928681816235	0.735951606332706
BA_only	hippocampus	AA	psi	chr10_69319803_69320004	chr10	69319803	69320004	78	78	0	0	0.00530267498060548	0.911505484735131	1.87842711799369	1.87842711799369	201	528	Genic/other	1	Non-heritable	0.0784513851827398	0.941833217995606	0.00834228586343708	0	0	0	0.784513851827398	5.30330490805908	6.2709884318583	0	0.63043479262236
BA_only	hippocampus	AA	psi	chr10_69492261_69492862	chr10	69492261	69492862	102	102	0	0	0.0144019107645213	0.965777132080372	2.52105656318116	-2.52105656318116	601	662	Genic/other	0	Heritable	0.151676489243551	0.961679288205104	0.00831699427254432	2173	0	0	1.51676489243551	6.39859493453521	6.49677499018586	7.68432406768116	0.924678088723988
BA_only	hippocampus	AA	psi	chr10_69866703_69867032	chr10	69866703	69867032	54	54	0	0	0.0285134646662355	0.975932065139872	3.25576024091471	3.25576024091471	329	656	Enhancer	0	Non-heritable	0.0920724378579189	0.909162243883324	0.00669967315589194	772	0	0	0.920724378579189	5.79605775076537	6.48768401848461	6.65027904858742	1.1804258124178
BA_only	hippocampus	AA	psi	chr10_6987812_6988359	chr10	6987812	6988359	42	42	0	0	0.0451510330595224	0.981395945960329	3.48859960569761	3.48859960569761	547	597	Promoter	0	Non-heritable	0.0760822859121982	0.917612981065692	0.00877569232771702	9789	0	0	0.760822859121982	6.30444880242198	6.39359075395063	9.18911673552456	1.2495003994424
BA_only	hippocampus	AA	psi	chr10_7117933_7118046	chr10	7117933	7118046	19	19	0	0	0.0104387966166582	0.944902218841749	4.17795671785549	4.17795671785549	113	618	Genic/other	0	Heritable	0.115668422713129	0.938179618070044	0.00766715270100876	0	0	0	1.15668422713129	4.72738781871234	6.4281052726846	0	1.42982230593749
BA_only	hippocampus	AA	psi	chr10_71214872_71215017	chr10	71214872	71215017	18	18	0	0	0.0511115853409964	0.984153364580922	1.6465150663179	1.6465150663179	145	687	Genic/other	1	Non-heritable	0.0469636916579318	0.954555262385831	0.0083472955486638	2617	0	0	0.469636916579318	4.97673374242057	6.53378883793334	7.87016594646985	0.498660979377784
BA_only	hippocampus	AA	psi	chr10_71985080_71986980	chr10	71985080	71986980	29	29	0	0	0.00514729305171717	0.909885926705608	5.02531827653002	5.02531827653002	1900	444	Enhancer	0	Non-heritable	0.0920509479043337	0.842623642791352	0.00667575768952235	81320	0	0	0.920509479043337	7.54960916515453	6.09807428216624	11.3061595647646	1.6144887925422
BA_only	hippocampus	AA	psi	chr10_72086351_72087157	chr10	72086351	72087157	29	29	0	0	0.0528635387606392	0.984783117109287	4.69975602142121	-4.69975602142121	806	367	Genic/other	2	Non-heritable	0.0739723394327714	0.777792901946815	0.0091647010788566	10292	0	0	0.739723394327714	6.69208374250663	5.90808293816893	9.23921933152656	1.54751059916048
BA_only	hippocampus	AA	psi	chr10_72089059_72089409	chr10	72089059	72089409	29	29	0	0	0.0219342588579777	0.975932065139872	1.93071075630772	1.93071075630772	350	368	Promoter	1	Non-heritable	0.0634684358494037	0.865787090750065	0.0106393022270989	8040	0	0	0.634684358494037	5.85793315448346	5.91079664404053	8.99230873254815	0.657888207819349
BA_only	hippocampus	AA	psi	chr10_72158173_72158499	chr10	72158173	72158499	29	29	0	0	0.060390286833624	0.98577631996496	2.31432526776152	2.31432526776152	326	340	Genic/other	0	Non-heritable	0.0706153904007497	0.788401298487609	0.0097256221356821	0	0	0	0.706153904007497	5.78689738136671	5.83188247728352	0	0.839118188365953
BA_only	hippocampus	AA	psi	chr10_72186616_72186850	chr10	72186616	72186850	29	29	0	0	0.0778056943437187	0.987720536119146	1.29910388645082	1.29910388645082	234	306	Enhancer	0	Heritable	0.137809976793514	0.850556077081101	0.00912813164258961	0	0	0	1.37809976793514	5.4553211153577	5.7268477475872	0	0.261674716361384
BA_only	hippocampus	AA	psi	chr10_72542471_72543064	chr10	72542471	72543064	10	10	0	0	0.0247423478972691	0.975932065139872	0.862300624527643	-0.862300624527643	593	163	Genic/other	0	Heritable	0.493071623710978	0.780276340018815	0.0140734244473098	8724	0	0	4.93071623710978	6.38519439899773	5.0998664278242	9.07394774707063	-0.148151305169272
BA_only	hippocampus	AA	psi	chr10_73093561_73094284	chr10	73093561	73094284	30	30	0	0	0.0467531288659785	0.982445572707507	1.67885619375677	-1.67885619375677	723	125	Genic/other	2	Non-heritable	0.0294955735939537	0.641146370290022	0.00959084278415853	31224	0	0	0.294955735939537	6.58340922215877	4.83628190695148	10.3489743349938	0.518112730447266
BA_only	hippocampus	AA	psi	chr10_73110923_73111269	chr10	73110923	73111269	33	33	0	0	0.0505592413607967	0.984097419681979	0.998115519690599	0.998115519690599	346	119	Genic/other	0	Heritable	0.633682635801933	0.842171854908593	0.0165941594897865	14239	0	0	6.33682635801933	5.84643877505773	4.78749174278205	9.56381018496597	-0.00188624815746018
BA_only	hippocampus	AA	psi	chr10_73365365_73366639	chr10	73365365	73366639	138	138	0	0	0.00753993464862958	0.933559278800072	12.6876258861106	-12.6876258861106	1274	151	Intergenic	0	Heritable	0.123426616605931	0.776822302763992	0.00584421810660841	9577	0	0	1.23426616605931	7.14991683613211	5.02388052084628	9.16722408090255	2.54062717959893
BA_only	hippocampus	AA	psi	chr10_73604910_73605213	chr10	73604910	73605213	251	251	0	0	0.0059125257074545	0.917215821057826	3.39869656974958	3.39869656974958	303	163	Genic/other	0	Non-heritable	0.0922165039605783	0.705094325685723	0.00713838898205495	0	0	0	0.922165039605783	5.71373280550937	5.0998664278242	0	1.22339199922413
BA_only	hippocampus	AA	psi	chr10_73729361_73729449	chr10	73729361	73729449	261	261	0	0	0.00596184351569359	0.918414150018684	3.87263344074457	-3.87263344074457	88	168	Promoter	1	Non-heritable	0.0994317291381522	0.66833701405377	0.0121409152512084	184	0	0	0.994317291381522	4.47733681447821	5.12989871492307	5.22035582507832	1.35393475384993
BA_only	hippocampus	AA	psi	chr10_73742866_73743299	chr10	73742866	73743299	261	261	0	0	0.00236014486060978	0.82299556070563	1.90125725068519	1.90125725068519	433	164	Genic/other	1	Non-heritable	0.043123790625365	0.689776873560881	0.00928577154465039	0	0	0	0.43123790625365	6.07073772800249	5.10594547390058	0	0.642515383484897
BA_only	hippocampus	AA	psi	chr10_7397644_7397972	chr10	7397644	7397972	19	19	0	0	0.0743215536211723	0.986186896048602	1.09497998815831	-1.09497998815831	328	611	Genic/other	0	Non-heritable	0.0691407661945473	0.950334260048721	0.00834991058673811	0	0	0	0.691407661945473	5.79301360838414	6.41673228251233	0	0.0907360965795378
BA_only	hippocampus	AA	psi	chr10_75029882_75030425	chr10	75029882	75030425	124	124	0	0	0.00304546494664091	0.846573428968813	3.9182060419878	-3.9182060419878	543	211	Genic/other	0	Non-heritable	0.0573135718915527	0.730389885882542	0.0108671702982553	9299	0	0	0.573135718915527	6.29710931993394	5.35658627467201	9.13776967914135	1.36563390925429
BA_only	hippocampus	AA	psi	chr10_75071894_75072228	chr10	75071894	75072228	146	146	0	0	0.0114791526187246	0.952444039490149	4.76680211399931	-4.76680211399931	334	219	Genic/other	0	Non-heritable	0.0562393319106915	0.761227609732138	0.00643519631291112	22649	0	0	0.562393319106915	5.8111409929767	5.39362754635236	10.0279151309112	1.56167566581621
BA_only	hippocampus	AA	psi	chr10_75396084_75397602	chr10	75396084	75397602	170	170	0	0	0.00320813005871936	0.853517162049828	5.69788576905136	5.69788576905136	1518	239	Enhancer	1	Heritable	0.101605340133632	0.762343726880962	0.00691621241513467	0	0	0	1.01605340133632	7.32514895795558	5.48063892334199	0	1.74009519007826
BA_only	hippocampus	AA	psi	chr10_75406316_75407608	chr10	75406316	75407608	169	169	0	0	0.0108456518734244	0.944902218841749	6.32538720736507	6.32538720736507	1292	241	Genic/other	1	Heritable	0.134117836457205	0.784794859013563	0.00488449369732042	0	0	0	1.34117836457205	7.16394668434255	5.48893772615669	0	1.84457125287648
BA_only	hippocampus	AA	psi	chr10_76539765_76540508	chr10	76539765	76540508	3	3	0	0	0.138770690507808	0.991064867102684	0.716656242915077	-0.716656242915077	743	324	Genic/other	0	Non-heritable	0.0668697838708799	0.86708884216904	0.00664217398557124	0	0	0	0.668697838708799	6.61069604471776	5.78382518232974	0	-0.333158977450283
BA_only	hippocampus	AA	psi	chr10_76633374_76633784	chr10	76633374	76633784	14	14	0	0	0.00168975841225947	0.786661074605562	3.0636280767336	3.0636280767336	410	320	Intergenic	0	Non-heritable	0.0971597413276961	0.852943390260834	0.00806761627461366	76164	0	0	0.971597413276961	6.01615715969835	5.77144112313002	11.2406573185708	1.11959986289664
BA_only	hippocampus	AA	psi	chr10_77635130_77636042	chr10	77635130	77636042	22	22	0	0	0.0578557485349891	0.98577631996496	1.09440908925676	1.09440908925676	912	350	Genic/other	1	Non-heritable	0.0673988229195932	0.868074404968115	0.00831443880295435	0	0	0	0.673988229195932	6.81563999007433	5.86078622346587	0	0.090214582230934
BA_only	hippocampus	AA	psi	chr10_78176801_78177042	chr10	78176801	78177042	63	63	0	0	0.011613676375616	0.95315577890577	4.27125492631363	-4.27125492631363	241	420	Promoter	0	Non-heritable	0.0838512871063682	0.912152942083493	0.00601940537717897	2203	0	0	0.838512871063682	5.48479693349066	6.04263283368238	7.69802917027281	1.45190768015372
BA_only	hippocampus	AA	psi	chr10_789003_790015	chr10	789003	790015	21	21	0	0	0.00207816372237182	0.811102170217818	1.75075345571324	-1.75075345571324	1012	330	Intergenic	1	Heritable	0.42338133361435	0.862099598472354	0.0143978524902672	18256	0	0	4.2338133361435	6.91968384984741	5.80211837537706	9.81230384711351	0.560046247110714
BA_only	hippocampus	AA	psi	chr10_79060192_79061728	chr10	79060192	79061728	16	16	0	0	0.0484680274259426	0.982661996589092	2.59015290204395	-2.59015290204395	1536	589	Genic/other	0	Heritable	0.11674247624046	0.962541872912498	0.00801341754342749	0	0	0	1.1674247624046	7.33693691370762	6.38012253689977	0	0.951716913367898
BA_only	hippocampus	AA	psi	chr10_79239499_79240137	chr10	79239499	79240137	16	16	0	0	0.0198292396413916	0.974913375101634	3.46074615208871	-3.46074615208871	638	547	Enhancer	1	Non-heritable	0.054476990508126	0.947567910137016	0.00688671555511387	52218	0	0	0.54476990508126	6.45833828334479	6.30627528694802	10.8632016923187	1.24148421960256
BA_only	hippocampus	AA	psi	chr10_79310146_79311066	chr10	79310146	79311066	18	18	0	0	0.0273293612881024	0.975932065139872	2.64665624993018	2.64665624993018	920	512	Genic/other	0	Heritable	0.111196956076055	0.928599717559566	0.00853805460772134	16764	0	0	1.11196956076055	6.82437367004309	6.24027584517077	9.72704865890033	0.973297054566899
BA_only	hippocampus	AA	psi	chr10_79311458_79311905	chr10	79311458	79311905	18	18	0	0	0.0300557082500991	0.976893291659941	7.45525128525969	7.45525128525969	447	514	Enhancer	0	Non-heritable	0.0577681493014135	0.932278063658448	0.0065102785005294	18076	0	0	0.577681493014135	6.10255859461357	6.24416690066374	9.80239569097485	2.00891865593292
BA_only	hippocampus	AA	psi	chr10_79403436_79403651	chr10	79403436	79403651	7	7	0	0	0.0774751511061845	0.987720536119146	1.11819187023532	1.11819187023532	215	492	Genic/other	0	Non-heritable	0.0847707884350701	0.937066613891616	0.00693179592552809	48863	0	0	0.847707884350701	5.37063802812766	6.20050917404269	10.7967962080184	0.111712988123947
BA_only	hippocampus	AA	psi	chr10_79408760_79409984	chr10	79408760	79409984	7	7	0	0	0.0337929345068092	0.979164877002956	1.51893397889188	-1.51893397889188	1224	496	Genic/other	0	Non-heritable	0.0519936466375931	0.931584260599845	0.00661309018721081	42530	0	0	0.519936466375931	7.10987946307227	6.20859002609663	10.6579885007857	0.418008765718651
BA_only	hippocampus	AA	psi	chr10_79438119_79438870	chr10	79438119	79438870	26	26	0	0	0.0823894960537203	0.988137148207548	2.65403745554747	-2.65403745554747	751	484	Genic/other	0	Non-heritable	0.0837421323319186	0.933927197720126	0.0059930353513023	13644	0	0	0.837421323319186	6.62140565176413	6.18414889093748	9.52112843314244	0.976082052444691
BA_only	hippocampus	AA	psi	chr10_79441249_79443262	chr10	79441249	79443262	59	59	0	0	0.0135739857826707	0.964283399649536	3.34908349302168	-3.34908349302168	2013	495	Genic/other	2	Heritable	0.126394181031785	0.951480226200168	0.00877589969259024	9252	0	0	1.26394181031785	7.60738142563979	6.20657592672493	9.13270310224903	1.20868672721926
BA_only	hippocampus	AA	psi	chr10_79778707_79779513	chr10	79778707	79779513	261	261	0	0	0.00457043144168837	0.897520405788695	11.1786076042354	11.1786076042354	806	388	Genic/other	0	Non-heritable	0.0938312659789873	0.890683748399181	0.00922773165756695	0	0	0	0.938312659789873	6.69208374250663	5.96357934361845	0	2.41400191741591
BA_only	hippocampus	AA	psi	chr10_80203860_80204792	chr10	80203860	80204792	54	54	0	0	0.0110896039761007	0.948447257389615	3.03548563618242	3.03548563618242	932	374	Genic/other	1	Heritable	0.172213193948232	0.914698179910508	0.00732470132774144	0	0	0	1.72213193948232	6.83733281468559	5.92692602597041	0	1.11037142692701
BA_only	hippocampus	AA	psi	chr10_80207516_80207612	chr10	80207516	80207612	54	54	0	0	0.000826830697537707	0.684927501132483	4.07074290324145	-4.07074290324145	96	377	Promoter	1	Heritable	0.118851292278024	0.898549658565096	0.00665481994244886	0	0	0	1.18851292278024	4.56434819146784	5.93489419561959	0	1.40382551676316
BA_only	hippocampus	AA	psi	chr10_80450311_80451948	chr10	80450311	80451948	40	40	0	0	0.0133881527483156	0.964283399649536	1.34901267535359	-1.34901267535359	1637	444	Enhancer	2	Heritable	0.738078261121579	0.900406719503385	0.00901218813502668	2422	0	0	7.38078261121579	7.40062057737114	6.09807428216624	7.79276172081653	0.299372980705194
BA_only	hippocampus	AA	psi	chr10_80535746_80536351	chr10	80535746	80536351	26	26	0	0	0.0156641042183553	0.967613773757012	1.44785275392445	1.44785275392445	605	451	Promoter	1	Heritable	0.123360745042742	0.885556748384523	0.0119988556342358	0	0	0	1.23360745042742	6.40522845803084	6.11368217983223	0	0.370081606420904
BA_only	hippocampus	AA	psi	chr10_8075391_8075986	chr10	8075391	8075986	34	34	0	0	0.0175421047798867	0.970581273335112	6.14473720594578	6.14473720594578	595	651	Intergenic	0	Heritable	0.119413490963547	0.968538077092143	0.00606428338717674	5917	0	0	1.19413490963547	6.38856140554563	6.48004456192665	8.68575383296015	1.81559597822171
BA_only	hippocampus	AA	psi	chr10_83174150_83176146	chr10	83174150	83176146	1	1	0	0	0.445072227515744	0.994840206451052	0.758137303095349	0.758137303095349	1996	261	Intergenic	0	Heritable	0.658578265185052	0.845784599325532	0.008008472956048	215200	0	0	6.58578265185052	7.59890045687141	5.5683445037611	12.2793277540991	-0.276890757904949
BA_only	hippocampus	AA	psi	chr10_83457426_83457714	chr10	83457426	83457714	1	1	0	0	0.474385332403449	0.994840206451052	0.0483928911042434	0.0483928911042434	288	309	Intergenic	0	Non-heritable	0.0674990503318341	0.837732649970737	0.0113790104410247	192513	0	0	0.674990503318341	5.66296048013595	5.73657229747919	12.1679241573382	-3.02840214741678
BA_only	hippocampus	AA	psi	chr10_86177485_86177995	chr10	86177485	86177995	4	4	0	0	0.095636609774088	0.990400450319684	1.78120104597658	-1.78120104597658	510	317	Genic/other	0	Non-heritable	0.0758632859093602	0.871591102686359	0.00863943857185637	219459	0	0	0.758632859093602	6.23441072571837	5.76205138278018	12.2989252625448	0.577287887310833
BA_only	hippocampus	AA	psi	chr10_86388993_86389166	chr10	86388993	86389166	4	4	0	0	0.0158562786093901	0.967716068030647	3.57461841838313	3.57461841838313	173	340	Intergenic	1	Heritable	0.148393328876507	0.882095772871369	0.00841258835573831	8288	0	0	1.48393328876507	5.15329159449778	5.83188247728352	9.02268461359153	1.27385843713016
BA_only	hippocampus	AA	psi	chr10_86665394_86669511	chr10	86665394	86669511	21	21	0	0	0.00796221355526491	0.933559278800072	1.18365885868847	1.18365885868847	4117	313	Promoter	0	Non-heritable	0.0700275422205123	0.813736046694108	0.00766867830735057	0	0	0	0.700275422205123	8.32288002176991	5.74939298590825	0	0.168610377286181
BA_only	hippocampus	AA	psi	chr10_86712094_86712498	chr10	86712094	86712498	27	27	0	0	0.122965302053242	0.991064867102684	1.50934527369331	-1.50934527369331	404	296	Enhancer	2	Non-heritable	0.0831911666276345	0.780409268203069	0.00882718983408038	0	0	0	0.831911666276345	6.00141487796115	5.6937321388027	0	0.411675969842755
BA_only	hippocampus	AA	psi	chr10_87407535_87408429	chr10	87407535	87408429	1184	1184	0	0	0.00141766067351128	0.760354180375728	9.06649924111581	-9.06649924111581	894	293	Promoter	0	Non-heritable	0.0831974377208757	0.856606251216548	0.00820211825977074	0	0	0	0.831974377208757	6.79570577517351	5.68357976733868	0	2.2045862195129
BA_only	hippocampus	AA	psi	chr10_88836128_88836831	chr10	88836128	88836831	146	146	0	0	0.0103900887913649	0.944902218841749	2.55059533048641	-2.55059533048641	703	341	Genic/other	0	Non-heritable	0.0869629361494386	0.891143581286237	0.00911668640285141	27829	0	0	0.869629361494386	6.55535689181067	5.83481073706261	10.2338698545199	0.936326798778605
BA_only	hippocampus	AA	psi	chr10_89215269_89216296	chr10	89215269	89216296	175	175	0	0	0.00426774851498002	0.888539612676336	6.12278702117128	-6.12278702117128	1027	373	Genic/other	0	Heritable	0.122637393425094	0.917672246431097	0.00654942646374108	62206	0	0	1.22637393425094	6.93439720992856	5.92425579741453	11.038222812588	1.81201739011259
BA_only	hippocampus	AA	psi	chr10_89836832_89837112	chr10	89836832	89837112	169	169	0	0	0.000865312383748582	0.696219356083129	2.00288318640213	2.00288318640213	280	331	Promoter	1	Heritable	0.174328632366165	0.839778316180294	0.00876258558040362	1052	0	0	1.74328632366165	5.63478960316925	5.80513496891649	6.95939851213398	0.694587740655891
BA_only	hippocampus	AA	psi	chr10_90696481_90697051	chr10	90696481	90697051	13	13	0	0	0.0574241171277727	0.98577631996496	3.32373831750682	3.32373831750682	570	340	Intergenic	0	Heritable	0.581861570834476	0.900104677812112	0.00768175836462651	45476	0	0	5.81861570834476	6.3456363608286	5.83188247728352	10.7249619826281	1.20109015172442
BA_only	hippocampus	AA	psi	chr10_91164408_91164852	chr10	91164408	91164852	56	56	0	0	0.102900752172758	0.990610842832516	2.94180796356933	-2.94180796356933	444	334	Enhancer	1	Non-heritable	0.0800734605500034	0.889642871919954	0.00652163696333873	0	0	0	0.800734605500034	6.09582456243223	5.81413053182507	0	1.07902434933839
BA_only	hippocampus	AA	psi	chr10_91411582_91412547	chr10	91411582	91412547	81	81	0	0	0.00571511534860489	0.91440075671538	2.11358895644048	-2.11358895644048	965	318	Genic/other	1	Heritable	0.110037587362926	0.894792971461472	0.0120109614844487	0	0	0	1.10037587362926	6.87212810133899	5.76519110278484	0	0.74838743450379
BA_only	hippocampus	AA	psi	chr10_91796377_91797023	chr10	91796377	91797023	75	75	0	0	0.019293251818026	0.973353388707841	2.88610271628398	-2.88610271628398	646	207	Genic/other	1	Non-heritable	0.078119208288717	0.81474466086067	0.00857718479819529	0	0	0	0.78119208288717	6.4707995037826	5.33753807970132	0	1.0599070544112
BA_only	hippocampus	AA	psi	chr10_92110399_92110931	chr10	92110399	92110931	7	7	0	0	0.0229617152676395	0.975932065139872	4.97505727683635	-4.97505727683635	532	173	Genic/other	0	Non-heritable	0.099436865402947	0.700091799060128	0.00713632247728796	34153	0	0	0.99436865402947	6.27664348934165	5.15905529921453	10.4386349884472	1.60443688548624
BA_only	hippocampus	AA	psi	chr10_92590914_92591114	chr10	92590914	92591114	28	28	0	0	0.0224568071906353	0.975932065139872	2.51397889851351	2.51397889851351	200	202	Promoter	1	Heritable	0.11184010594312	0.764239108521034	0.00569244316579047	0	0	0	1.1184010594312	5.29831736654804	5.31320597904179	0	0.921866720520098
BA_only	hippocampus	AA	psi	chr10_92592198_92592551	chr10	92592198	92592551	28	28	0	0	0.00266260821762492	0.835655744705892	2.37429732287305	-2.37429732287305	353	212	Promoter	1	Heritable	0.180285030839312	0.737504238783157	0.00826251788376972	0	0	0	1.80285030839312	5.8664680569333	5.36129216570943	0	0.86470153386852
BA_only	hippocampus	AA	psi	chr10_92695461_92695713	chr10	92695461	92695713	29	29	0	0	0.0713748916333359	0.985907779499035	3.59171610035509	3.59171610035509	252	230	Intergenic	1	Heritable	0.144010545713496	0.842846087788907	0.0167984796542105	3092	0	0	1.44010545713496	5.52942908751142	5.44241771052179	8.03689677268507	1.2786301134511
BA_only	hippocampus	AA	psi	chr10_93994939_93995077	chr10	93994939	93995077	65	65	0	0	0.00236729808221737	0.823087269649574	2.48637653783073	-2.48637653783073	138	374	Genic/other	1	Non-heritable	0.0372751778733869	0.890013984227685	0.0090253618777538	37174	0	0	0.372751778733869	4.92725368515721	5.92692602597041	10.5233917713284	0.910826448967948
BA_only	hippocampus	AA	psi	chr10_95230021_95231243	chr10	95230021	95231243	25	25	0	0	0.0241964627231968	0.975932065139872	1.06012326327028	1.06012326327028	1222	241	Promoter	0	Non-heritable	0.0780177265046619	0.698893556890029	0.0209990137932242	0	0	0	0.780177265046619	7.10824413973154	5.48893772615669	0	0.0583851969001738
BA_only	hippocampus	AA	psi	chr10_95474314_95475289	chr10	95474314	95475289	37	37	0	0	0.0453633339313238	0.981589333839837	2.83428104467691	-2.83428104467691	975	224	Genic/other	0	Heritable	0.145619361331653	0.826330061708858	0.00809202152731102	52352	0	0	1.45619361331653	6.88243747099785	5.41610040220442	10.865764521247	1.04178830878486
BA_only	hippocampus	AA	psi	chr10_95559376_95559844	chr10	95559376	95559844	56	56	0	0	0.0084852997292415	0.933559278800072	3.32026005381575	-3.32026005381575	468	242	Enhancer	1	Non-heritable	0.0930782379779762	0.782115855820907	0.00796644413462134	73204	0	0	0.930782379779762	6.14846829591765	5.49306144334055	11.2010190036276	1.20004311233519
BA_only	hippocampus	AA	psi	chr10_96356213_96357919	chr10	96356213	96357919	15	15	0	0	0.0310953623987518	0.976893291659941	0.952594930928834	0.952594930928834	1706	392	Promoter	0	Non-heritable	0.0921050092044318	0.908402242807427	0.00865176472068516	0	0	0	0.921050092044318	7.44190672805163	5.97380961186926	0	-0.048565501432719
BA_only	hippocampus	AA	psi	chr10_96834117_96834572	chr10	96834117	96834572	69	69	0	0	0.0179799500094002	0.971197196579887	2.31206500695432	-2.31206500695432	455	432	Genic/other	1	Non-heritable	0.0864253439123875	0.915686500548305	0.00771561133473221	0	0	0	0.864253439123875	6.12029741895095	6.07073772800249	0	0.838141071934763
BA_only	hippocampus	AA	psi	chr10_96984655_96985958	chr10	96984655	96985958	68	68	0	0	0.00156509100020445	0.777798990961062	2.8495318398382	-2.8495318398382	1303	376	Genic/other	0	Heritable	0.165236937391339	0.912401576701589	0.00784949173773577	3861	0	0	1.65236937391339	7.17242457712485	5.93224518744801	8.25894046298846	1.04715471757321
BA_only	hippocampus	AA	psi	chr10_97553633_97553968	chr10	97553633	97553968	38	38	0	0	0.0594075388223479	0.98577631996496	3.83686220253695	-3.83686220253695	335	414	Genic/other	0	Heritable	0.288685687824644	0.852757593221797	0.00735653100226705	48021	0	0	2.88685687824644	5.81413053182507	6.0282785202307	10.7794145182207	1.34465490041334
BA_only	hippocampus	AA	psi	chr10_97688213_97688803	chr10	97688213	97688803	55	55	0	0	0.0239554363658568	0.975932065139872	3.01392469647528	3.01392469647528	590	368	Promoter	1	Non-heritable	0.0711527271012552	0.871523658656791	0.0109709760472681	24481	0	0	0.711527271012552	6.38012253689977	5.91079664404053	10.1056934326355	1.10324311862992
BA_only	hippocampus	AA	psi	chr10_98405491_98405985	chr10	98405491	98405985	139	139	0	0	0.00429323049175884	0.888539612676336	7.0742031215134	7.0742031215134	494	359	Genic/other	0	Heritable	0.104186477786226	0.795553402947333	0.00907709964408548	2011	0	0	1.04186477786226	6.20253551718792	5.88610403145016	7.60688453121963	1.95645480559768
BA_only	hippocampus	AA	psi	chr10_9992650_9992959	chr10	9992650	9992959	1	1	0	0	0.631810952032137	0.99722229822956	1.3753410106891	-1.3753410106891	309	322	Intergenic	0	Heritable	0.107824167101247	0.87512802619301	0.00589032740301168	201975	0	0	1.07824167101247	5.73334127689775	5.77765232322266	12.2159041574435	0.318701715414505
BA_only	hippocampus	AA	psi	chr11_100680255_100680450	chr11	100680255	100680450	1	1	0	0	0.581286884682349	0.996615769927408	0.258510746861613	-0.258510746861613	195	343	Intergenic	0	Non-heritable	0.0754400822846634	0.881976836760074	0.00900188672168147	5252	0	0	0.754400822846634	5.27299955856375	5.8406416573734	8.56655462095396	-1.35281797328198
BA_only	hippocampus	AA	psi	chr11_101584437_101584832	chr11	101584437	101584832	6	6	0	0	0.0195997033404101	0.973631121108853	3.35477193639437	-3.35477193639437	395	282	Promoter	1	Heritable	0.121835847560562	0.829303865134512	0.00730394630119131	0	0	0	1.21835847560562	5.97888576490112	5.64544689764324	0	1.21038379386422
BA_only	hippocampus	AA	psi	chr11_102279865_102280215	chr11	102279865	102280215	41	41	0	0	0.00596456018562593	0.918414150018684	3.76102547491178	3.76102547491178	350	322	Intergenic	0	Non-heritable	0.0585528077779388	0.82116877384889	0.0146512254284038	0	0	0	0.585528077779388	5.85793315448346	5.77765232322266	0	1.32469165556516
BA_only	hippocampus	AA	psi	chr11_102448946_102450753	chr11	102448946	102450753	41	41	0	0	0.0271926900282918	0.975932065139872	3.13393939062022	-3.13393939062022	1807	379	Promoter	2	Heritable	0.109801833030612	0.911912234478021	0.00912686459404032	0	0	0	1.09801833030612	7.49942329059223	5.94017125272043	0	1.14229080763336
BA_only	hippocampus	AA	psi	chr11_10302075_10302370	chr11	10302075	10302370	43	43	0	0	0.0778134909564376	0.987720536119146	2.77597933746452	-2.77597933746452	295	369	Genic/other	1	Non-heritable	0.0937524067760757	0.857873359214461	0.010022357226603	0	0	0	0.937524067760757	5.68697535633982	5.91350300563827	0	1.02100360294272
BA_only	hippocampus	AA	psi	chr11_103090772_103090906	chr11	103090772	103090906	12	12	0	0	0.0238554130793176	0.975932065139872	2.91131816082594	2.91131816082594	134	341	Genic/other	1	Heritable	0.121531298445919	0.876846317907581	0.00574892521552348	0	0	0	1.21531298445919	4.89783979995091	5.83481073706261	0	1.06860595828436
BA_only	hippocampus	AA	psi	chr11_10450073_10450234	chr11	10450073	10450234	82	82	0	0	0.00710327602794064	0.931602204679102	4.90549392391639	-4.90549392391639	161	394	Promoter	1	Heritable	0.10833175786025	0.903981534266208	0.00814662343123387	280	0	0	1.0833175786025	5.08140436498446	5.97888576490112	5.63835466933375	1.5903557880323
BA_only	hippocampus	AA	psi	chr11_1050973_1051547	chr11	1050973	1051547	71	71	0	0	0.00310028005996432	0.849469407162943	3.20641851568632	3.20641851568632	574	387	Genic/other	0	Heritable	0.573116813421905	0.859119938907622	0.0089464038510145	0	0	0	5.73116813421905	6.35262939631957	5.96100533962327	0	1.16515459017319
BA_only	hippocampus	AA	psi	chr11_105488461_105489676	chr11	105488461	105489676	1	1	0	0	0.0208310617689866	0.975856666808667	1.15236751221077	-1.15236751221077	1215	193	Genic/other	0	Non-heritable	0.095155345657275	0.681570492002789	0.00650474003640959	120346	0	0	0.95155345657275	7.10249935577465	5.26785815906333	11.6981345156051	0.141818541091396
BA_only	hippocampus	AA	psi	chr11_105612290_105613180	chr11	105612290	105613180	1	1	0	0	0.155792034168138	0.991064867102684	0.562897349397676	-0.562897349397676	890	188	Genic/other	2	Non-heritable	0.0317380525818367	0.696211866943685	0.00925427737107755	1351	0	0	0.317380525818367	6.79122146272619	5.24174701505964	7.20934025660291	-0.57465797759142
BA_only	hippocampus	AA	psi	chr11_106019558_106021357	chr11	106019558	106021357	22	22	0	0	0.0808880414984422	0.988137148207548	2.67321127966394	2.67321127966394	1799	227	Genic/other	2	Non-heritable	0.076264719070919	0.807025758256572	0.00497602041247977	0	0	0	0.76264719070919	7.49498623395053	5.42934562895444	0	0.983280479922809
BA_only	hippocampus	AA	psi	chr11_106244782_106248070	chr11	106244782	106248070	19	19	0	0	0.00282428015449267	0.8436517891388	3.26624463760777	3.26624463760777	3288	269	Enhancer	0	Heritable	0.664012114402773	0.901740586728647	0.0096664630791852	2196	0	0	6.64012114402773	8.09803475617607	5.59842195899838	7.69484807238461	1.18364089915491
BA_only	hippocampus	AA	psi	chr11_10729558_10729804	chr11	10729558	10729804	130	130	0	0	0.0109209386159454	0.946344095230339	3.64051437027173	3.64051437027173	246	530	Intergenic	0	Non-heritable	0.0653862407289013	0.933868331995849	0.00817473251763085	30516	0	0	0.653862407289013	5.50533153593236	6.27476202124194	10.3260391843678	1.29212498492634
BA_only	hippocampus	AA	psi	chr11_107592874_107594681	chr11	107592874	107594681	8	8	0	0	0.206975249605562	0.991064867102684	1.46481224170611	-1.46481224170611	1807	327	Genic/other	2	Non-heritable	0.0981444899790501	0.748135882091889	0.00543401685074305	0	0	0	0.981444899790501	7.49942329059223	5.79301360838414	0	0.381727078424364
BA_only	hippocampus	AA	psi	chr11_10778715_10779035	chr11	10778715	10779035	125	125	0	0	0.0194356940424506	0.973401339742928	7.51596422753727	-7.51596422753727	320	570	Genic/other	0	Non-heritable	0.097311089740585	0.942578596898953	0.00734739382228492	15283	0	0	0.97311089740585	5.76832099579377	6.34738920965601	9.63456180856679	2.01702932336231
BA_only	hippocampus	AA	psi	chr11_108818974_108819905	chr11	108818974	108819905	3	3	0	0	0.54789423198728	0.996372748468176	0.326513061499593	0.326513061499593	931	318	Genic/other	0	Heritable	0.110217525532937	0.884296806932963	0.0087136937997326	0	0	0	1.10217525532937	6.83625927727707	5.76519110278484	0	-1.11928529584623
BA_only	hippocampus	AA	psi	chr11_110209394_110209626	chr11	110209394	110209626	23	23	0	0	0.0260407740509094	0.975932065139872	1.34465264469264	-1.34465264469264	232	283	Genic/other	0	Non-heritable	0.0749404301859572	0.813140812694288	0.0101258874847187	0	0	0	0.749404301859572	5.44673737166631	5.64897423816121	0	0.296135730402557
BA_only	hippocampus	AA	psi	chr11_110710503_110710738	chr11	110710503	110710738	3	3	0	0	0.353961226585629	0.993907636149293	0.374124218142954	0.374124218142954	235	282	Genic/other	1	Non-heritable	0.0747533686400679	0.831536801072605	0.0060664183918861	0	0	0	0.747533686400679	5.45958551414416	5.64544689764324	0	-0.983167375910757
BA_only	hippocampus	AA	psi	chr11_111018392_111019987	chr11	111018392	111019987	4	4	0	0	0.0644123010758696	0.985907779499035	3.00117975551466	-3.00117975551466	1595	333	Genic/other	0	Heritable	0.604362169711605	0.897291729902021	0.0081044422339918	77373	0	0	6.04362169711605	7.37462901521895	5.8111409929767	11.2564060858323	1.09900546653511
BA_only	hippocampus	AA	psi	chr11_111449275_111450527	chr11	111449275	111450527	18	18	0	0	0.0248130145855019	0.975932065139872	4.0011990307856	4.0011990307856	1252	303	Promoter	0	Non-heritable	0.0803188702649747	0.895221398964722	0.00962651018281275	0	0	0	0.803188702649747	7.13249755166004	5.71702770140622	0	1.38659407639718
BA_only	hippocampus	AA	psi	chr11_111729745_111730055	chr11	111729745	111730055	91	91	0	0	0.0104489884109015	0.944902218841749	2.7023734508698	-2.7023734508698	310	272	Genic/other	0	Non-heritable	0.0889970684190715	0.828773107717342	0.00699205425087278	12088	0	0	0.889970684190715	5.73657229747919	5.60947179518496	9.40005122720199	0.994130446445098
BA_only	hippocampus	AA	psi	chr11_111909492_111910331	chr11	111909492	111910331	116	116	0	0	0.00695810121977759	0.93083351836496	4.95970673957009	4.95970673957009	839	235	Promoter	0	Heritable	0.116505458771611	0.801865703214646	0.00646873998366284	0	0	0	1.16505458771611	6.73221070646721	5.46383180502561	0	1.60134661591845
BA_only	hippocampus	AA	psi	chr11_111913381_111913662	chr11	111913381	111913662	116	116	0	0	0.0167118966825831	0.970578191533636	3.25099339877936	3.25099339877936	281	229	Promoter	0	Heritable	0.198514672954322	0.841956533245531	0.00838941555892484	0	0	0	1.98514672954322	5.63835466933375	5.4380793089232	0	1.17896061387565
BA_only	hippocampus	AA	psi	chr11_1120894_1121421	chr11	1120894	1121421	27	27	0	0	0.0948098942705421	0.990261152872353	1.07489911055748	1.07489911055748	527	385	Intergenic	0	Heritable	0.490472147679119	0.881024001295824	0.011737274683993	66654	0	0	4.90472147679119	6.26720054854136	5.95583736946483	11.1072853415478	0.0722268158343729
BA_only	hippocampus	AA	psi	chr11_112150557_112150987	chr11	112150557	112150987	200	200	0	0	0.000104459905978253	0.394040491768958	3.03451068160694	-3.03451068160694	430	231	Genic/other	0	Heritable	0.105259450455334	0.819291215838036	0.00745529043904747	0	0	0	1.05259450455334	6.06378520868761	5.44673737166631	0	1.11005018963802
BA_only	hippocampus	AA	psi	chr11_112281341_112281713	chr11	112281341	112281713	192	192	0	0	0.00639864924513592	0.92127998958134	1.64209839895032	-1.64209839895032	372	251	Genic/other	0	Heritable	0.117530385072735	0.826153414101705	0.0105061334830496	0	0	0	1.17530385072735	5.91889385427315	5.52942908751142	0	0.495974941603621
BA_only	hippocampus	AA	psi	chr11_1123535_1124693	chr11	1123535	1124693	27	27	0	0	0.0271703513447435	0.975932065139872	1.49448763071113	-1.49448763071113	1158	383	Intergenic	0	Heritable	0.499496642503459	0.920004177551018	0.00941318639566366	69295	0	0	4.99496642503459	7.05444965813294	5.95064255258773	11.1461424634544	0.401783432858968
BA_only	hippocampus	AA	psi	chr11_112471415_112472915	chr11	112471415	112472915	179	179	0	0	0.00452264435146781	0.895415716423085	1.44948155719592	1.44948155719592	1500	305	Genic/other	0	Heritable	0.13167153262995	0.861568449135741	0.0116618053626291	0	0	0	1.3167153262995	7.3132203870903	5.72358510195238	0	0.371205952634983
BA_only	hippocampus	AA	psi	chr11_112877554_112877976	chr11	112877554	112877976	53	53	0	0	0.0160071227083713	0.967855252365536	3.69361521037974	3.69361521037974	422	357	Intergenic	0	Heritable	0.116584434129721	0.874184429438775	0.00783051122440955	14190	0	0	1.16584434129721	6.04500531403601	5.8805329864007	9.56036323983454	1.30660571294607
BA_only	hippocampus	AA	psi	chr11_112881361_112882314	chr11	112881361	112882314	53	53	0	0	0.0168337407973672	0.970581273335112	4.20285129537148	4.20285129537148	953	348	Enhancer	0	Heritable	0.114083253482538	0.899862879354501	0.00731028504896673	17997	0	0	1.14083253482538	6.8596149036542	5.85507192220243	9.79801591959389	1.43576317718433
BA_only	hippocampus	AA	psi	chr11_113234721_113235164	chr11	113234721	113235164	19	19	0	0	0.109629886132294	0.990898390030923	0.972238765421444	0.972238765421444	443	330	Genic/other	0	Heritable	0.127404377056113	0.889245309539587	0.00731071944356777	0	0	0	1.27404377056113	6.09356977004514	5.80211837537706	0	-0.0281538509638685
BA_only	hippocampus	AA	psi	chr11_113241822_113242470	chr11	113241822	113242470	19	19	0	0	0.0530247197954982	0.984783117109287	2.93586050128997	2.93586050128997	648	340	Genic/other	0	Heritable	0.128845276616747	0.887130893535497	0.00680707868397276	0	0	0	1.28845276616747	6.47389069635227	5.83188247728352	0	1.07700059984502
BA_only	hippocampus	AA	psi	chr11_113243817_113245040	chr11	113243817	113245040	19	19	0	0	0.0310174964859913	0.976893291659941	3.18178548863044	-3.18178548863044	1223	345	Genic/other	0	Heritable	0.122649376492702	0.904413218417092	0.0119437707172753	0	0	0	1.22649376492702	7.10906213568717	5.84643877505773	0	1.15744251677928
BA_only	hippocampus	AA	psi	chr11_113257029_113257827	chr11	113257029	113257827	19	19	0	0	0.0736636445812846	0.985907779499035	5.52518530384725	5.52518530384725	798	345	Genic/other	0	Heritable	0.12644253613877	0.904619996320364	0.00661027048982045	1151	0	0	1.2644253613877	6.68210859744981	5.84643877505773	7.04925484125584	1.70931678780916
BA_only	hippocampus	AA	psi	chr11_113272489_113272806	chr11	113272489	113272806	19	19	0	0	0.0314605598597655	0.977060807838727	1.76583598433342	1.76583598433342	317	333	Genic/other	0	Heritable	0.14690425866581	0.893556067475697	0.00534195268443197	241	0	0	1.4690425866581	5.75890177387728	5.8111409929767	5.48893772615669	0.568624229428356
BA_only	hippocampus	AA	psi	chr11_113315961_113316677	chr11	113315961	113316677	19	19	0	0	0.190456203610011	0.991064867102684	2.29325389825406	-2.29325389825406	716	304	Promoter	1	Heritable	0.115353810312632	0.87073929869223	0.00597160492367385	0	0	0	1.15353810312632	6.57368016696065	5.72031177660741	0	0.829971729648653
BA_only	hippocampus	AA	psi	chr11_113872958_113873584	chr11	113872958	113873584	22	22	0	0	0.0215297555922476	0.975932065139872	1.25015986335722	-1.25015986335722	626	498	Genic/other	2	Heritable	0.123265885905	0.953750044557177	0.00715350395408238	0	0	0	1.23265885905	6.4393503711001	6.21260609575152	0	0.223271441821646
BA_only	hippocampus	AA	psi	chr11_114164023_114164938	chr11	114164023	114164938	18	18	0	0	0.111085649977773	0.990898390030923	1.97612400824706	1.97612400824706	915	458	Genic/other	0	Non-heritable	0.0761954560840669	0.877864599683306	0.00854757554824489	7685	0	0	0.761954560840669	6.81892406527552	6.12905021006055	8.94715577112479	0.681137359626986
BA_only	hippocampus	AA	psi	chr11_114233036_114233269	chr11	114233036	114233269	29	29	0	0	0.0249575129236727	0.975932065139872	1.36438195231133	-1.36438195231133	233	468	Genic/other	0	Non-heritable	0.0599218716306369	0.903976710276067	0.0068052899387413	14750	0	0	0.599218716306369	5.4510384535657	6.15060276844628	9.59906615608005	0.310701551239939
BA_only	hippocampus	AA	psi	chr11_114243982_114244374	chr11	114243982	114244374	29	29	0	0	0.00811803915966633	0.933559278800072	2.56064443390576	-2.56064443390576	392	459	Genic/other	0	Non-heritable	0.0781211131869494	0.928787360901267	0.00628612965919495	25696	0	0	0.781211131869494	5.97126183979046	6.13122648948314	10.1541295325521	0.940258962711993
BA_only	hippocampus	AA	psi	chr11_114260736_114261053	chr11	114260736	114261053	29	29	0	0	0.0256868940575748	0.975932065139872	2.20807373302103	2.20807373302103	317	463	Genic/other	0	Non-heritable	0.0818606932683973	0.890471594052014	0.00740848990023025	37081	0	0	0.818606932683973	5.75890177387728	6.13988455222626	10.5208869556578	0.792120525964495
BA_only	hippocampus	AA	psi	chr11_115500079_115501719	chr11	115500079	115501719	32	32	0	0	0.00933499133909443	0.939841915020693	4.0499958651369	-4.0499958651369	1640	339	Enhancer	2	Heritable	0.149379219091958	0.876837004987531	0.0119953965709569	0	0	0	1.49379219091958	7.40245152081824	5.82894561761021	0	1.39871586263321
BA_only	hippocampus	AA	psi	chr11_115660201_115660299	chr11	115660201	115660299	70	70	0	0	0.0300219215310115	0.976891416474381	5.97175334817886	5.97175334817886	98	347	Genic/other	1	Non-heritable	0.0708015431408552	0.87431455402735	0.0051284454934876	37945	0	0	0.708015431408552	4.58496747867057	5.85220247977447	10.5439193754241	1.78704057912195
BA_only	hippocampus	AA	psi	chr11_115959147_115959751	chr11	115959147	115959751	45	45	0	0	0.00185185110474496	0.800632140208814	2.77856598021621	-2.77856598021621	604	488	Intergenic	0	Non-heritable	0.0609619555009299	0.910371652927572	0.00853749120294109	16235	0	0	0.609619555009299	6.40357419793482	6.19236248947487	9.69498627795879	1.02193496375856
BA_only	hippocampus	AA	psi	chr11_115989826_115990316	chr11	115989826	115990316	45	45	0	0	0.0107544956033725	0.944902218841749	2.60540423474196	-2.60540423474196	490	504	Intergenic	0	Heritable	0.11003164010636	0.931813436946758	0.00728752217214959	46914	0	0	1.1003164010636	6.19440539110467	6.22455842927536	10.7560927327242	0.957587843489319
BA_only	hippocampus	AA	psi	chr11_116162637_116163687	chr11	116162637	116163687	11	11	0	0	0.00514111368760035	0.909885926705608	1.89413309488082	-1.89413309488082	1050	591	Intergenic	0	Non-heritable	0.0859485817361965	0.935361387576271	0.00728733707575006	89527	0	0	0.859485817361965	6.95654544315157	6.38350663488401	11.4023067044979	0.63876126942277
BA_only	hippocampus	AA	psi	chr11_11619903_11620378	chr11	11619903	11620378	9	9	0	0	0.18546767894695	0.991064867102684	1.42904074031682	1.42904074031682	475	748	Enhancer	1	Non-heritable	0.0626519814407348	0.969900804479413	0.00946434744852807	113262	0	0	0.626519814407348	6.16331480403464	6.61873898351722	11.6374678270444	0.357003415207912
BA_only	hippocampus	AA	psi	chr11_116216772_116218220	chr11	116216772	116218220	4	4	0	0	0.348458514043924	0.993907636149293	0.226460833265003	-0.226460833265003	1448	569	Intergenic	0	Heritable	0.543395215979941	0.936244847891757	0.00932676577076546	128871	0	0	5.43395215979941	7.27793857294566	6.3456363608286	11.7665749426778	-1.48518322642128
BA_only	hippocampus	AA	psi	chr11_116427694_116428312	chr11	116427694	116428312	7	7	0	0	0.173324636088866	0.991064867102684	0.907620301373506	-0.907620301373506	618	584	Intergenic	0	Non-heritable	0.0447956592032796	0.946830127139001	0.00891715074365942	50561	0	0	0.447956592032796	6.42648845745769	6.37161184723186	10.8309555850004	-0.0969291471140956
BA_only	hippocampus	AA	psi	chr11_116992933_116993885	chr11	116992933	116993885	68	68	0	0	0.0142458965696582	0.964826773227435	1.51960699239122	1.51960699239122	952	430	Enhancer	0	Non-heritable	0.082038097472075	0.929999824725118	0.0131609481196954	38888	0	0	0.82038097472075	6.85856503479137	6.06610809010375	10.5684667132682	0.41845175036969
BA_only	hippocampus	AA	psi	chr11_117126908_117127271	chr11	117126908	117127271	62	62	0	0	0.00225851673341633	0.819293733707938	2.49635654800677	2.49635654800677	363	358	Intergenic	0	Heritable	0.126934568161696	0.895490900871459	0.00609694176043679	10207	0	0	1.26934568161696	5.89440283426485	5.88332238848828	9.23092700558457	0.914832292070372
BA_only	hippocampus	AA	psi	chr11_117138735_117139158	chr11	117138735	117139158	63	63	0	0	0.000140235815949162	0.427037609173052	1.47300656564014	-1.47300656564014	423	343	Intergenic	0	Heritable	0.135359218515584	0.877946859597117	0.00799915458286867	0	0	0	1.35359218515584	6.04737217904628	5.8406416573734	0	0.387305601584677
BA_only	hippocampus	AA	psi	chr11_117239492_117239722	chr11	117239492	117239722	65	65	0	0	0.00831605418103773	0.933559278800072	2.58712418588901	2.58712418588901	230	355	Genic/other	0	Heritable	0.139811025503981	0.879577361191444	0.00505124403660054	0	0	0	1.39811025503981	5.4380793089232	5.87493073085203	0	0.950546909739619
BA_only	hippocampus	AA	psi	chr11_117295761_117296118	chr11	117295761	117296118	65	65	0	0	0.00012171690307628	0.416727663010105	3.14532179086001	3.14532179086001	357	365	Promoter	0	Heritable	0.111262293423926	0.878238698495658	0.00720590083786632	441	0	0	1.11262293423926	5.87773578177964	5.90263333340137	6.0913098820777	1.14591620633605
BA_only	hippocampus	AA	psi	chr11_117427227_117428360	chr11	117427227	117428360	46	46	0	0	0.0208135067684329	0.975856666808667	1.92230755311946	-1.92230755311946	1133	460	Intergenic	0	Heritable	0.1525133361909	0.949767644986022	0.00674785455239963	15431	0	0	1.525133361909	7.03262426102801	6.13339804299665	9.64419855458556	0.653526320180559
BA_only	hippocampus	AA	psi	chr11_117529828_117530319	chr11	117529828	117530319	18	18	0	0	0.0041433861985092	0.883014356817342	1.74810642108946	1.74810642108946	491	515	Genic/other	0	Non-heritable	0.0265075889792079	0.879653253389376	0.007063327910367	118032	0	0	0.265075889792079	6.19644412779452	6.24610676548156	11.6787195253669	0.558533162730734
BA_only	hippocampus	AA	psi	chr11_117583410_117584325	chr11	117583410	117584325	17	17	0	0	0.114628726866828	0.990898390030923	2.97896329537526	2.97896329537526	915	539	Genic/other	0	Heritable	0.140115285087658	0.968073893829128	0.00900808023222328	171614	0	0	1.40115285087658	6.81892406527552	6.29156913955832	12.0530088748032	1.09157535588934
BA_only	hippocampus	AA	psi	chr11_117601138_117601551	chr11	117601138	117601551	24	24	0	0	0.0246977134345077	0.975932065139872	1.5241187137041	-1.5241187137041	413	524	Genic/other	0	Heritable	0.111850668745216	0.939227391991549	0.00775336221605832	179258	0	0	1.11850668745216	6.02344759296103	6.26339826259162	12.0965869664064	0.421416356923176
BA_only	hippocampus	AA	psi	chr11_117677823_117678853	chr11	117677823	117678853	20	20	0	0	0.0177793440795777	0.970931943606436	1.75026055169906	-1.75026055169906	1030	573	Genic/other	0	Non-heritable	0.0989253282114312	0.965200585394286	0.00716886223573674	101956	0	0	0.989253282114312	6.93731408122368	6.35262939631957	11.5323064347539	0.559764669251512
BA_only	hippocampus	AA	psi	chr11_117688729_117689332	chr11	117688729	117689332	20	20	0	0	0.104721584529004	0.990610842832516	3.07185671172743	-3.07185671172743	603	566	Genic/other	0	Heritable	0.136895442192894	0.968591647369095	0.00645547175518082	91477	0	0	1.36895442192894	6.40191719672719	6.34035930372775	11.4238537851955	1.12228217413506
BA_only	hippocampus	AA	psi	chr11_117711540_117712719	chr11	117711540	117712719	20	20	0	0	0.019108060599084	0.97294422691241	1.47121487827458	-1.47121487827458	1179	578	Genic/other	0	Heritable	0.135716731772702	0.956934290073203	0.00757437461928593	68090	0	0	1.35716731772702	7.07242190053737	6.361302477573	11.1286003248136	0.38608851407364
BA_only	hippocampus	AA	psi	chr11_117723454_117724297	chr11	117723454	117724297	20	20	0	0	0.00826754695050283	0.933559278800072	3.24083763954477	-3.24083763954477	843	563	Genic/other	0	Heritable	0.131986411429093	0.962147795592147	0.00601383816014736	56512	0	0	1.31986411429093	6.73696695800186	6.33505425149806	10.9422259791638	1.17583183020025
BA_only	hippocampus	AA	psi	chr11_117771125_117772548	chr11	117771125	117772548	25	25	0	0	0.0099324710500609	0.944143738365007	1.85727560039272	-1.85727560039272	1423	566	Genic/other	0	Heritable	0.102786387554979	0.953384088255595	0.00734161516399333	8261	0	0	1.02786387554979	7.26052259808985	6.34035930372775	9.01942196795671	0.619110688370627
BA_only	hippocampus	AA	psi	chr11_117793735_117795344	chr11	117793735	117795344	25	25	0	0	0.0102664945039635	0.944902218841749	2.10335033386353	-2.10335033386353	1609	559	Genic/other	2	Non-heritable	0.0839635732142566	0.949532834439854	0.00955201037230787	0	0	0	0.839635732142566	7.38336814699238	6.3279367837292	0	0.743531475267617
BA_only	hippocampus	AA	psi	chr11_117874453_117875264	chr11	117874453	117875264	35	35	0	0	0.0129415751052086	0.964283399649536	5.50218453683787	5.50218453683787	811	560	Enhancer	1	Non-heritable	0.0746820509241579	0.889690498528283	0.00755231308498572	0	0	0	0.746820509241579	6.69826805411541	6.3297209055227	0	1.70514520371338
BA_only	hippocampus	AA	psi	chr11_117877377_117877713	chr11	117877377	117877713	35	35	0	0	0.0184186751319758	0.972503866121758	1.98093270255642	1.98093270255642	336	552	Promoter	1	Heritable	0.11643420019283	0.950493952113253	0.00801247951809808	77	0	0	1.1643420019283	5.8171111599632	6.31535800152234	4.35670882668959	0.683567800736928
BA_only	hippocampus	AA	psi	chr11_118194512_118195559	chr11	118194512	118195559	68	68	0	0	0.0047130414430832	0.901768413198161	4.0890493881055	-4.0890493881055	1047	446	Enhancer	0	Non-heritable	0.0768456870509048	0.913439522056635	0.00609892411320681	1261	0	0	0.768456870509048	6.95368421087054	6.10255859461357	7.14045304310116	1.40831252203966
BA_only	hippocampus	AA	psi	chr11_118250705_118251078	chr11	118250705	118251078	70	70	0	0	0.00272249673067386	0.840552724771638	4.1319216477673	-4.1319216477673	373	437	Genic/other	0	Non-heritable	0.0996845173602069	0.919893884051386	0.00590804103425029	0	0	0	0.996845173602069	5.92157841964382	6.08221891037645	0	1.41874259119558
BA_only	hippocampus	AA	psi	chr11_118488670_118489137	chr11	118488670	118489137	121	121	0	0	0.00200102989978581	0.806886144690754	3.36339805791766	3.36339805791766	467	354	Genic/other	0	Heritable	0.10659024082358	0.900284701086121	0.0135959678671524	55	0	0	1.0659024082358	6.1463292576689	5.87211778947542	4.02535169073515	1.21295179266312
BA_only	hippocampus	AA	psi	chr11_118605554_118605961	chr11	118605554	118605961	107	107	0	0	0.00920358301319975	0.939585238273321	10.0102464265769	-10.0102464265769	407	323	Promoter	2	Non-heritable	0.0921331806059271	0.874839311518679	0.00575025631677612	710	0	0	0.921331806059271	6.0088131854426	5.78074351579233	6.56667242980324	2.30360921206274
BA_only	hippocampus	AA	psi	chr11_118609041_118610545	chr11	118609041	118610545	107	107	0	0	0.00137567026481081	0.758185047287174	4.77279447711991	-4.77279447711991	1504	324	Promoter	1	Non-heritable	0.0908631575464896	0.883566179464799	0.00877652249112442	0	0	0	0.908631575464896	7.31588350450979	5.78382518232974	0	1.56293197971564
BA_only	hippocampus	AA	psi	chr11_118611581_118612734	chr11	118611581	118612734	107	107	0	0	0.00133347807246258	0.753869787821095	5.97490152540212	-5.97490152540212	1153	325	Promoter	1	Non-heritable	0.0716152511433338	0.871731330596784	0.0053345232689636	0	0	0	0.716152511433338	7.05012252026906	5.78689738136671	0	1.78756761825118
BA_only	hippocampus	AA	psi	chr11_118628515_118629327	chr11	118628515	118629327	106	106	0	0	0.00221245349758672	0.817446144573316	7.80170652712329	-7.80170652712329	812	330	Promoter	0	Heritable	0.100768225180225	0.877689444229414	0.00764425891206908	0	0	0	1.00768225180225	6.69950034016168	5.80211837537706	0	2.05434249657588
BA_only	hippocampus	AA	psi	chr11_118689253_118689458	chr11	118689253	118689458	86	86	0	0	0.00860178672125714	0.933559278800072	4.85538654632317	-4.85538654632317	205	296	Genic/other	0	Heritable	0.428263395151924	0.879862929343727	0.00609431846232328	11184	0	0	4.28263395151924	5.32300997913841	5.6937321388027	9.32232887392423	1.5800887188257
BA_only	hippocampus	AA	psi	chr11_118923818_118924401	chr11	118923818	118924401	267	267	0	0	0.00445755259658247	0.892468962272388	12.1030770012211	-12.1030770012211	583	336	Promoter	1	Non-heritable	0.0795022619845671	0.86818010986684	0.00691425619232807	16334	0	0	0.795022619845671	6.36818718635049	5.82008293035236	9.70106532403517	2.49345971872235
BA_only	hippocampus	AA	psi	chr11_119320066_119320445	chr11	119320066	119320445	478	478	0	0	0.0023272487668794	0.821900074869887	2.86070145608786	-2.86070145608786	379	442	Genic/other	1	Heritable	0.119328196715759	0.904650025892201	0.00895512088802956	3030	0	0	1.19328196715759	5.93753620508243	6.09356977004514	8.0166478770578	1.0510668626214
BA_only	hippocampus	AA	psi	chr11_119421271_119421523	chr11	119421271	119421523	327	327	0	0	0.000225157081942427	0.500454494889145	5.20318021500335	5.20318021500335	252	448	Promoter	1	Heritable	0.136200062474971	0.927866968806253	0.00687898829766344	0	0	0	1.36200062474971	5.52942908751142	6.10702288774226	0	1.6492700203789
BA_only	hippocampus	AA	psi	chr11_119423561_119423704	chr11	119423561	119423704	320	320	0	0	0.00800873919950464	0.933559278800072	3.99567238596263	3.99567238596263	143	458	Promoter	1	Non-heritable	0.0714420884567199	0.875533986016214	0.00547457070073495	0	0	0	0.714420884567199	4.96284463025991	6.12905021006055	0	1.38521187443318
BA_only	hippocampus	AA	psi	chr11_119607845_119609071	chr11	119607845	119609071	364	364	0	0	0.00162560507885767	0.786209776683368	5.07379040358542	5.07379040358542	1226	469	Promoter	0	Non-heritable	0.0566741120314925	0.89773570845235	0.00575819936237601	0	0	0	0.566741120314925	7.11151211649616	6.1527326947041	0	1.62408815436919
BA_only	hippocampus	AA	psi	chr11_119615059_119615300	chr11	119615059	119615300	363	363	0	0	0.00193572358006767	0.804679915749906	3.17045274170175	-3.17045274170175	241	449	Genic/other	0	Non-heritable	0.0331392804499951	0.872135025846195	0.00564195891569476	0	0	0	0.331392804499951	5.48479693349066	6.10924758276437	0	1.15387440157151
BA_only	hippocampus	AA	psi	chr11_119663080_119664394	chr11	119663080	119664394	225	225	0	0	0.0052786683472863	0.910718986954723	2.20079085779976	2.20079085779976	1314	452	Genic/other	1	Non-heritable	0.0648635150751564	0.900778086600151	0.00780719393503024	902	0	0	0.648635150751564	7.18083119904456	6.11589212548303	6.80572255341699	0.788816781128415
BA_only	hippocampus	AA	psi	chr11_119730276_119730919	chr11	119730276	119730919	170	170	0	0	0.0112383459558618	0.949283436006445	3.2254326483343	3.2254326483343	643	481	Genic/other	1	Non-heritable	0.0977819347190341	0.934132234310026	0.00647580655829502	0	0	0	0.977819347190341	6.46614472423762	6.1779441140506	0	1.17106709887245
BA_only	hippocampus	AA	psi	chr11_119742586_119742859	chr11	119742586	119742859	204	204	0	0	0.000524181197143291	0.627129031536563	3.53180603935899	-3.53180603935899	273	496	Enhancer	1	Heritable	0.102396003740208	0.938805956375883	0.00688167244312167	0	0	0	1.02396003740208	5.60947179518496	6.20859002609663	0	1.26180936882146
BA_only	hippocampus	AA	psi	chr11_119891570_119892517	chr11	119891570	119892517	173	173	0	0	0.00207884007778895	0.811102170217818	5.37983297741941	5.37983297741941	947	504	Promoter	0	Non-heritable	0.0756992484802877	0.912676519695157	0.00698486165875942	11976	0	0	0.756992484802877	6.85329909318608	6.22455842927536	9.39074342294751	1.68265733046125
BA_only	hippocampus	AA	psi	chr11_1199926_1200443	chr11	1199926	1200443	15	15	0	0	0.145678965538957	0.991064867102684	1.73720829965371	1.73720829965371	517	419	Genic/other	2	Heritable	0.15605174203292	0.9257261517616	0.00596275232057854	76809	0	0	1.5605174203292	6.24804287450843	6.04025471127741	11.2490901189927	0.552279405027503
BA_only	hippocampus	AA	psi	chr11_120208102_120208549	chr11	120208102	120208549	77	77	0	0	0.0283377331905346	0.975932065139872	4.81022473010777	-4.81022473010777	447	517	Enhancer	1	Non-heritable	0.0975748985605188	0.903979054670322	0.00746094196614707	2960	0	0	0.975748985605188	6.10255859461357	6.24997524225948	7.99328232810159	1.57074380654129
BA_only	hippocampus	AA	psi	chr11_120401014_120401275	chr11	120401014	120401275	14	14	0	0	0.0573113611822019	0.98577631996496	1.32526311213619	-1.32526311213619	261	552	Genic/other	0	Heritable	0.156739881822898	0.962022824534672	0.0075533134467258	0	0	0	1.56739881822898	5.56452040732269	6.31535800152234	0	0.281611022467537
BA_only	hippocampus	AA	psi	chr11_120512708_120512975	chr11	120512708	120512975	7	7	0	0	0.0288416306084989	0.975932065139872	2.33684065642989	-2.33684065642989	267	535	Genic/other	1	Heritable	0.134756671675519	0.921401714407307	0.00717880447682219	0	0	0	1.34756671675519	5.58724865840025	6.2841341610708	0	0.84879987455461
BA_only	hippocampus	AA	psi	chr11_120565574_120565827	chr11	120565574	120565827	8	8	0	0	0.0511563364705534	0.984153364580922	1.43740284542024	-1.43740284542024	253	524	Genic/other	1	Non-heritable	0.0553224037718218	0.932102664528477	0.00916099917175263	0	0	0	0.553224037718218	5.53338948872752	6.26339826259162	0	0.362837912567722
BA_only	hippocampus	AA	psi	chr11_120681836_120682269	chr11	120681836	120682269	5	5	0	0	0.372785488564012	0.994416868537123	0.886138523873573	-0.886138523873573	433	511	Genic/other	0	Heritable	0.146039541072393	0.945919221546323	0.00750823429404843	21566	0	0	1.46039541072393	6.07073772800249	6.23832462503951	9.97891964765198	-0.120881981826031
BA_only	hippocampus	AA	psi	chr11_120710613_120710980	chr11	120710613	120710980	5	5	0	0	0.297508611094443	0.993663620961428	1.4464437955383	-1.4464437955383	367	496	Genic/other	0	Non-heritable	0.0864811402647926	0.929547585002807	0.00519469987542683	50343	0	0	0.864811402647926	5.90536184805457	6.20859002609663	10.8266347252068	0.369107996105836
BA_only	hippocampus	AA	psi	chr11_120986414_120986650	chr11	120986414	120986650	5	5	0	0	0.132175430545273	0.991064867102684	2.46974748276165	-2.46974748276165	236	534	Genic/other	2	Heritable	0.377023739111865	0.922507887705346	0.0115274228438432	37503	0	0	3.77023739111865	5.46383180502561	6.28226674689601	10.5322028729367	0.904115915762925
BA_only	hippocampus	AA	psi	chr11_121193986_121195407	chr11	121193986	121195407	6	6	0	0	0.00213216016649908	0.815187053503819	1.68250896282646	1.68250896282646	1421	465	Intergenic	0	Non-heritable	0.094147391127848	0.930892459272404	0.0134920062346522	3279	0	0	0.94147391127848	7.2591161280971	6.14418563412565	8.09559870137819	0.520286115554597
BA_only	hippocampus	AA	psi	chr11_121794487_121795494	chr11	121794487	121795494	87	87	0	0	0.0087850813394715	0.933559278800072	3.08145714686403	-3.08145714686403	1007	418	Genic/other	0	Non-heritable	0.0904406155908403	0.890141932991385	0.00813728034957475	0	0	0	0.904406155908403	6.91473089271856	6.03787091992214	0	1.12540258798553
BA_only	hippocampus	AA	psi	chr11_122141085_122142094	chr11	122141085	122142094	1685	1685	0	0	0.000296756151176296	0.537579539290605	4.86165839165156	-4.86165839165156	1009	396	Genic/other	0	Non-heritable	0.0756197443890068	0.912180444459451	0.00856944913349338	0	0	0	0.756197443890068	6.91671502035361	5.98393628068719	0	1.58137961461274
BA_only	hippocampus	AA	psi	chr11_122154176_122156493	chr11	122154176	122156493	1685	1685	0	0	0.00100812882728076	0.719858499521447	3.42622529119013	3.42622529119013	2317	385	Promoter	0	Non-heritable	0.0752782655151067	0.915807413291411	0.00695453189947242	0	0	0	0.752782655151067	7.74802852443238	5.95583736946483	0	1.23145915990844
BA_only	hippocampus	AA	psi	chr11_122212936_122213655	chr11	122212936	122213655	1684	1684	0	0	0.00337918931191394	0.86593481253084	4.77807459033172	4.77807459033172	719	395	Genic/other	0	Heritable	0.150262010400387	0.926892872027701	0.0074501093859285	0	0	0	1.50262010400387	6.57786135772105	5.98141421125448	0	1.56403766207845
BA_only	hippocampus	AA	psi	chr11_122306337_122311089	chr11	122306337	122311089	1684	1684	0	0	0.000100975543436635	0.387877200068827	11.2611335536947	-11.2611335536947	4752	444	Promoter	0	Heritable	0.10799823010227	0.924824737696972	0.00557774840875453	0	0	0	1.0799823010227	8.46632086104248	6.09807428216624	0	2.42135728937581
BA_only	hippocampus	AA	psi	chr11_122320265_122320982	chr11	122320265	122320982	1679	1679	0	0	0.000526380610163493	0.628948856686176	9.80850848637742	-9.80850848637742	717	457	Enhancer	0	Heritable	0.148118607074931	0.941064280197573	0.00634388716850548	0	0	0	1.48118607074931	6.57507584059962	6.12686918411419	0	2.2832502229129
BA_only	hippocampus	AA	psi	chr11_122556500_122557251	chr11	122556500	122557251	1111	1111	0	0	0.00165964976201973	0.786661074605562	3.28813321568147	3.28813321568147	751	473	Promoter	0	Heritable	0.323899424596247	0.899171738664059	0.0225899600417732	1358	0	0	3.23899424596247	6.62140565176413	6.16120732169508	7.21450441415114	1.19031999513264
BA_only	hippocampus	AA	psi	chr11_122581638_122582676	chr11	122581638	122582676	992	992	0	0	0.000228755225936997	0.503902674622265	2.25161706680187	-2.25161706680187	1038	478	Genic/other	0	Heritable	0.103435281842939	0.922847994176771	0.0182738014629347	26496	0	0	1.03435281842939	6.94505106372583	6.17170059741092	10.1847867980187	0.811648658875416
BA_only	hippocampus	AA	psi	chr11_122628300_122629153	chr11	122628300	122629153	713	713	0	0	0.00349161806197002	0.866906756094015	3.28991139056133	3.28991139056133	853	475	Intergenic	0	Non-heritable	0.0746199901180098	0.881148321045569	0.00851987557220942	73158	0	0	0.746199901180098	6.74875954749168	6.16541785423142	11.20039043374	1.1908606344941
BA_only	hippocampus	AA	psi	chr11_122781674_122782924	chr11	122781674	122782924	2	2	0	0	0.196317369231126	0.991064867102684	0.336829290056444	0.336829290056444	1250	529	Promoter	0	Heritable	0.141538237538108	0.876361064853195	0.00877862839053486	194347	0	0	1.41538237538108	7.13089883029635	6.27287700654617	12.1774056455148	-1.08817900498085
BA_only	hippocampus	AA	psi	chr11_122882345_122882452	chr11	122882345	122882452	29	29	0	0	0.0137087557505446	0.964283399649536	4.1078485065545	-4.1078485065545	107	546	Promoter	1	Heritable	0.106153455256187	0.921617339883491	0.00814576030381764	94819	0	0	1.06153455256187	4.67282883446191	6.30444880242198	11.4597356364561	1.41289941615624
BA_only	hippocampus	AA	psi	chr11_123106328_123106442	chr11	123106328	123106442	42	42	0	0	0.00988878835139499	0.943309019518544	3.99629559358875	-3.99629559358875	114	652	Genic/other	0	Heritable	0.213499243707691	0.950947040442512	0.00744899418946531	0	0	0	2.13499243707691	4.7361984483945	6.48157712927643	0	1.38536783292236
BA_only	hippocampus	AA	psi	chr11_123137657_123138341	chr11	123137657	123138341	43	43	0	0	0.0426658176154046	0.980549382116533	7.85346530550253	-7.85346530550253	684	634	Enhancer	0	Heritable	0.101910565264145	0.959694261679564	0.00860485935310014	1561	0	0	1.01910565264145	6.52795791762255	6.45362499889269	7.35372233039963	2.06095487585299
BA_only	hippocampus	AA	psi	chr11_123251799_123252149	chr11	123251799	123252149	44	44	0	0	0.0925486670392286	0.989446665475032	2.51037726938361	2.51037726938361	350	651	Intergenic	0	Non-heritable	0.0775312648053587	0.962271190057863	0.00780674164865239	9022	0	0	0.775312648053587	5.85793315448346	6.48004456192665	9.1075321519945	0.920433052359598
BA_only	hippocampus	AA	psi	chr11_123268051_123268352	chr11	123268051	123268352	45	45	0	0	0.0150410032284757	0.966167725188189	3.13404377749171	-3.13404377749171	301	624	Intergenic	0	Heritable	0.365058044706295	0.923137766804918	0.00900442081972669	25274	0	0	3.65058044706295	5.70711026474888	6.4377516497364	10.1375710438887	1.14232411559491
BA_only	hippocampus	AA	psi	chr11_123571079_123571376	chr11	123571079	123571376	26	26	0	0	0.0598097738702152	0.98577631996496	1.21651715074198	-1.21651715074198	297	542	Genic/other	0	Heritable	0.141697842535291	0.940848693710995	0.00708301166712653	0	0	0	1.41697842535291	5.6937321388027	6.29710931993394	0	0.195991989793796
BA_only	hippocampus	AA	psi	chr11_123707687_123707791	chr11	123707687	123707791	26	26	0	0	0.0191678917458887	0.973092377667411	1.2344610649991	-1.2344610649991	104	531	Intergenic	0	Heritable	0.146519941817841	0.943932413873069	0.00904545431639464	0	0	0	1.46519941817841	4.64439089914137	6.27664348934165	0	0.210634498321052
BA_only	hippocampus	AA	psi	chr11_124238718_124240908	chr11	124238718	124240908	9	9	0	0	0.0704193011271412	0.985907779499035	0.704304907196235	0.704304907196235	2190	336	Promoter	0	Heritable	0.267543726469175	0.908981489922842	0.00793180527208379	53458	0	0	2.67543726469175	7.69165682281055	5.82008293035236	10.8866702839437	-0.350543895576548
BA_only	hippocampus	AA	psi	chr11_124644328_124645075	chr11	124644328	124645075	79	79	0	0	0.00109701558947804	0.726050490461723	2.71462153002911	-2.71462153002911	747	403	Enhancer	0	Heritable	0.105923063113627	0.891490666840853	0.00715047831907396	13052	0	0	1.05923063113627	6.61606518513282	6.00141487796115	9.47677327138879	0.998652547731669
BA_only	hippocampus	AA	psi	chr11_124718994_124719433	chr11	124718994	124719433	94	94	0	0	0.00465752746357462	0.900841552712699	5.02069359819075	-5.02069359819075	439	443	Intergenic	1	Heritable	0.118944440131948	0.932533505694549	0.00829027186019036	26295	0	0	1.18944440131948	6.08449941307517	6.09582456243223	10.1771721153441	1.61356809312149
BA_only	hippocampus	AA	psi	chr11_124807197_124808149	chr11	124807197	124808149	95	95	0	0	0.0267499940009283	0.975932065139872	4.79415586177687	4.79415586177687	952	451	Genic/other	0	Non-heritable	0.0886495494618967	0.898437777109239	0.00680429261573445	0	0	0	0.886495494618967	6.85856503479137	6.11368217983223	0	1.56739764941289
BA_only	hippocampus	AA	psi	chr11_124877179_124877450	chr11	124877179	124877450	119	119	0	0	0.0021204365088164	0.815187053503819	5.60396138986353	5.60396138986353	271	500	Promoter	1	Heritable	0.126259739259622	0.921757495482851	0.00616332194941237	0	0	0	1.26259739259622	5.6021188208797	6.21660610108487	0	1.7234737404895
BA_only	hippocampus	AA	psi	chr11_124934794_124937005	chr11	124934794	124937005	120	120	0	0	0.000566711171973247	0.636920160415722	6.92084925711024	6.92084925711024	2211	546	Promoter	0	Non-heritable	0.0669745888818267	0.927220977954063	0.00796556278258435	0	0	0	0.669745888818267	7.70120018085745	6.30444880242198	0	1.93453848856032
BA_only	hippocampus	AA	psi	chr11_125167142_125168154	chr11	125167142	125168154	60	60	0	0	0.0179006356565867	0.970931943606436	2.79529525477844	-2.79529525477844	1012	462	Enhancer	1	Non-heritable	0.0896564466218703	0.944820778951956	0.00782109776302057	0	0	0	0.896564466218703	6.91968384984741	6.13772705408623	0	1.02793774137758
BA_only	hippocampus	AA	psi	chr11_125201551_125202226	chr11	125201551	125202226	43	43	0	0	0.017003890907584	0.970581273335112	2.28151373794262	2.28151373794262	675	453	Genic/other	0	Non-heritable	0.0733384979203323	0.928458346284106	0.00829744670153692	0	0	0	0.733384979203323	6.51471269087253	6.11809719804135	0	0.824839147202195
BA_only	hippocampus	AA	psi	chr11_125481400_125482743	chr11	125481400	125482743	64	64	0	0	0.00914613983084398	0.939077729475158	1.93231105464843	1.93231105464843	1343	383	Promoter	0	Non-heritable	0.0481704871854831	0.879089482706831	0.00708988941538338	0	0	0	0.481704871854831	7.20266119652324	5.95064255258773	0	0.65871672937697
BA_only	hippocampus	AA	psi	chr11_125494020_125494743	chr11	125494020	125494743	64	64	0	0	0.000304594966455703	0.541467659154849	2.64038087562234	2.64038087562234	723	386	Promoter	1	Non-heritable	0.0835682281407515	0.914917094669992	0.0108604592871212	0	0	0	0.835682281407515	6.58340922215877	5.95842469302978	0	0.970923181608556
BA_only	hippocampus	AA	psi	chr11_125886999_125887138	chr11	125886999	125887138	54	54	0	0	0.0125832271152342	0.961461717209863	1.49827975963614	-1.49827975963614	139	411	Promoter	1	Heritable	0.100848485217227	0.896511390275102	0.00684160599877536	0	0	0	1.00848485217227	4.93447393313069	6.02102334934953	0	0.404317629764059
BA_only	hippocampus	AA	psi	chr11_126146475_126147108	chr11	126146475	126147108	157	157	0	0	0.00301077411488991	0.846513053928579	2.73129574024311	2.73129574024311	633	526	Intergenic	0	Non-heritable	0.0936791899683189	0.949451735583591	0.00689568563178302	0	0	0	0.936791899683189	6.45047042214418	6.26720054854136	0	1.00477613038257
BA_only	hippocampus	AA	psi	chr11_1262173_1263263	chr11	1262173	1263263	18	18	0	0	0.00390010307063829	0.875236523541043	1.25431165120575	-1.25431165120575	1090	411	Intergenic	0	Heritable	0.50110631318827	0.886659628946791	0.00955932920989128	13989	0	0	5.0110631318827	6.99393297522319	6.02102334934953	9.54609806765953	0.226586944988254
BA_only	hippocampus	AA	psi	chr11_126415089_126416180	chr11	126415089	126416180	130	130	0	0	0.00888177676656141	0.934868256575079	4.10730577157872	-4.10730577157872	1091	592	Genic/other	1	Non-heritable	0.0670885862827724	0.954043340419846	0.00879166272845084	1501	0	0	0.670885862827724	6.99484998583307	6.38519439899773	7.31455283232408	1.41276728595957
BA_only	hippocampus	AA	psi	chr11_126585862_126586157	chr11	126585862	126586157	56	56	0	0	0.0133589263902707	0.964283399649536	9.1684236831894	9.1684236831894	295	534	Genic/other	0	Non-heritable	0.0821953326384327	0.948542863191181	0.00704230619506761	23026	0	0	0.821953326384327	5.68697535633982	6.28226674689601	10.0444227194576	2.21576537325765
BA_only	hippocampus	AA	psi	chr11_12675942_12677115	chr11	12675942	12677115	1	1	0	0	0.0748111876884403	0.986273715994367	0.839385768478257	-0.839385768478257	1173	563	Enhancer	1	Non-heritable	0.0791636543234235	0.95113532487957	0.00903854779311278	0	0	0	0.791636543234235	7.06731984865348	6.33505425149806	0	-0.175084870710974
BA_only	hippocampus	AA	psi	chr11_12693918_12694508	chr11	12693918	12694508	1	1	0	0	0.685574623868101	0.997275762524294	0.205003623460809	-0.205003623460809	590	557	Genic/other	0	Non-heritable	0.0493849134461645	0.860200551790215	0.0075718231410142	0	0	0	0.493849134461645	6.38012253689977	6.32435896238131	0	-1.58472757580173
BA_only	hippocampus	AA	psi	chr11_128450563_128451075	chr11	128450563	128451075	46	46	0	0	0.042035620901278	0.980549382116533	3.77441120656822	-3.77441120656822	512	576	Intergenic	1	Non-heritable	0.0986382268085324	0.939865675086081	0.00656969831072294	1841	0	0	0.986382268085324	6.23832462503951	6.3578422665081	7.51860721681525	1.32824440141554
BA_only	hippocampus	AA	psi	chr11_128552822_128553235	chr11	128552822	128553235	22	22	0	0	0.0202717906817646	0.975856666808667	4.44689717748664	-4.44689717748664	413	558	Enhancer	1	Non-heritable	0.0820203132577122	0.942757060830865	0.00643305144015567	19908	0	0	0.820203132577122	6.02344759296103	6.3261494731551	9.8989271697798	1.49220659173952
BA_only	hippocampus	AA	psi	chr11_12864488_12865493	chr11	12864488	12865493	10	10	0	0	0.0321964860591437	0.977880789129003	4.92825843351245	4.92825843351245	1005	526	Genic/other	0	Non-heritable	0.0723998204622529	0.927864944571094	0.00956232175536846	0	0	0	0.723998204622529	6.91274282049318	6.26720054854136	0	1.59498566875066
BA_only	hippocampus	AA	psi	chr11_128901631_128902328	chr11	128901631	128902328	20	20	0	0	0.00917894226474153	0.939173328118127	1.77224354010206	-1.77224354010206	697	486	Genic/other	0	Non-heritable	0.0482328952928687	0.888136175292816	0.0061936317328676	0	0	0	0.482328952928687	6.54678541076052	6.18826412308259	0	0.572246286362567
BA_only	hippocampus	AA	psi	chr11_129291297_129292313	chr11	129291297	129292313	8	8	0	0	0.0954529282619652	0.990400450319684	0.769539080312358	0.769539080312358	1016	513	Intergenic	0	Non-heritable	0.0936472752270728	0.93422138173298	0.00946769717481515	0	0	0	0.936472752270728	6.92362862813843	6.24222326545517	0	-0.261963527367264
BA_only	hippocampus	AA	psi	chr11_129313265_129313938	chr11	129313265	129313938	8	8	0	0	0.0658125586120179	0.985907779499035	0.67779961908935	0.67779961908935	673	511	Intergenic	0	Non-heritable	0.0942317768277011	0.947742676706132	0.0072461921667882	0	0	0	0.942317768277011	6.51174532964473	6.23832462503951	0	-0.388903567036615
BA_only	hippocampus	AA	psi	chr11_129344447_129344770	chr11	129344447	129344770	8	8	0	0	0.101294030032614	0.990428070812969	1.00179188137329	1.00179188137329	323	499	Intergenic	0	Heritable	0.703678745720978	0.920208711932206	0.0147771636163654	23974	0	0	7.03678745720978	5.77765232322266	6.21460809842219	10.0847668997516	0.00179028785121559
BA_only	hippocampus	AA	psi	chr11_12957616_12958319	chr11	12957616	12958319	10	10	0	0	0.0731720404472927	0.985907779499035	7.57855405739358	-7.57855405739358	703	477	Intergenic	0	Heritable	0.607846293118649	0.924015665671523	0.00650721806729316	4443	0	0	6.07846293118649	6.55535689181067	6.16961073249146	8.39931015075952	2.02532242517746
BA_only	hippocampus	AA	psi	chr11_129618065_129618463	chr11	129618065	129618463	12	12	0	0	0.169506217836774	0.991064867102684	0.583806776990007	-0.583806776990007	398	484	Promoter	2	Heritable	0.105616333686023	0.927853467959544	0.00888791041602472	91022	0	0	1.05616333686023	5.98645200528444	6.18414889093748	11.4188675008165	-0.538185195090118
BA_only	hippocampus	AA	psi	chr11_1300284_1300379	chr11	1300284	1300379	17	17	0	0	0.00626193074543979	0.920376068783091	3.71216087921919	-3.71216087921919	95	415	Genic/other	0	Heritable	0.108695727461423	0.850039772960435	0.0105108205329487	0	0	0	1.08695727461423	4.55387689160054	6.03068526026126	0	1.31161415698553
BA_only	hippocampus	AA	psi	chr11_130071418_130072234	chr11	130071418	130072234	49	49	0	0	0.0212542435630058	0.975932065139872	1.31293008716044	-1.31293008716044	816	553	Enhancer	1	Non-heritable	0.0692923029474718	0.952596744321181	0.0118900963829323	0	0	0	0.692923029474718	6.70441435496411	6.31716468674728	0	0.272261354878614
BA_only	hippocampus	AA	psi	chr11_130368747_130370422	chr11	130368747	130370422	144	144	0	0	0.00224716077123277	0.818039030279412	3.04798371990746	3.04798371990746	1675	577	Genic/other	0	Non-heritable	0.0618205425668654	0.945896911888397	0.00699609504059845	0	0	0	0.618205425668654	7.42356844425917	6.35957386867238	0	1.11448029985328
BA_only	hippocampus	AA	psi	chr11_130418261_130418650	chr11	130418261	130418650	146	146	0	0	0.0108567203826964	0.944902218841749	4.79462299729281	-4.79462299729281	389	560	Genic/other	0	Non-heritable	0.0881804134490942	0.956186863256731	0.00702643067854109	14959	0	0	0.881804134490942	5.96357934361845	6.3297209055227	9.61313525152847	1.56749508319923
BA_only	hippocampus	AA	psi	chr11_130862649_130863232	chr11	130862649	130863232	15	15	0	0	0.0444018241623421	0.981294536864781	0.857429658889338	0.857429658889338	583	687	Genic/other	0	Heritable	0.25916926100009	0.949838725471348	0.0100094648409658	7921	0	0	2.5916926100009	6.36818718635049	6.53378883793334	8.97739897818186	-0.153816122093711
BA_only	hippocampus	AA	psi	chr11_131372459_131372989	chr11	131372459	131372989	33	33	0	0	0.00118844714816705	0.737106190880273	3.23301268153864	3.23301268153864	530	715	Enhancer	0	Non-heritable	0.074070769210538	0.963272132002714	0.00751084916399964	0	0	0	0.74070769210538	6.27287700654617	6.57368016696065	0	1.17341442435843
BA_only	hippocampus	AA	psi	chr11_131584208_131584933	chr11	131584208	131584933	13	13	0	0	0.00208473330327457	0.812860133163416	0.629004843014982	0.629004843014982	725	750	Enhancer	0	Heritable	0.132417412539381	0.966752890784297	0.00666164762086498	0	0	0	1.32417412539381	6.58617165485468	6.62140565176413	0	-0.463616306866338
BA_only	hippocampus	AA	psi	chr11_131662820_131665579	chr11	131662820	131665579	19	19	0	0	0.00382561479215299	0.871592970243331	0.902855670313715	-0.902855670313715	2759	761	Promoter	0	Non-heritable	0.090741560133251	0.964704497400098	0.008351439979936	0	0	0	0.90741560133251	7.92262357421729	6.63594655568665	0	-0.102192560803555
BA_only	hippocampus	AA	psi	chr11_131760032_131760699	chr11	131760032	131760699	19	19	0	0	0.0158701825920804	0.967716068030647	1.27425649904958	-1.27425649904958	667	688	Enhancer	0	Non-heritable	0.0478489718534053	0.957203607174267	0.0077360304814127	0	0	0	0.478489718534053	6.50279004591562	6.53524127101366	0	0.242362878366682
BA_only	hippocampus	AA	psi	chr11_132072095_132073753	chr11	132072095	132073753	9	9	0	0	0.0481772823349359	0.982661996589092	2.45745712498273	-2.45745712498273	1658	554	Enhancer	0	Heritable	0.128442144366102	0.956983837015619	0.00662894020790717	0	0	0	1.28442144366102	7.41336733569524	6.31896811374643	0	0.899127130357145
BA_only	hippocampus	AA	psi	chr11_13279270_13279709	chr11	13279270	13279709	30	30	0	0	0.00277216474847806	0.842029831452187	0.810472964793922	0.810472964793922	439	383	Genic/other	1	Heritable	0.100000339994158	0.899454734608249	0.00600386604769235	0	0	0	1.00000339994158	6.08449941307517	5.95064255258773	0	-0.210137282231638
BA_only	hippocampus	AA	psi	chr11_133081798_133082356	chr11	133081798	133082356	1	1	0	0	0.854074736756701	0.998788149732349	0.240198608365066	-0.240198608365066	558	645	Genic/other	2	Heritable	0.100635943309366	0.962830416299167	0.0128285666105198	0	0	0	1.00635943309366	6.32435896238131	6.4707995037826	0	-1.42628912137167
BA_only	hippocampus	AA	psi	chr11_133468654_133470183	chr11	133468654	133470183	15	15	0	0	0.0823113035625136	0.988137148207548	2.73746095430647	-2.73746095430647	1529	605	Genic/other	0	Heritable	0.364868453266045	0.92203065217731	0.00828442574825963	0	0	0	3.64868453266045	7.33236920592906	6.40687998606931	0	1.00703083542687
BA_only	hippocampus	AA	psi	chr11_133541344_133542385	chr11	133541344	133542385	146	146	0	0	0.000396436927348838	0.582534850290431	3.0215416522799	-3.0215416522799	1041	606	Genic/other	0	Non-heritable	0.0322621370218944	0.949326850560308	0.0087149988333619	0	0	0	0.322621370218944	6.94793706861497	6.4085287910595	0	1.10576718533269
BA_only	hippocampus	AA	psi	chr11_133787516_133788181	chr11	133787516	133788181	241	241	0	0	0.00722293605023531	0.931602204679102	6.290429990312	-6.290429990312	665	492	Genic/other	2	Heritable	0.256743805841308	0.936998146241942	0.0088566055137815	0	0	0	2.56743805841308	6.49978704065585	6.20050917404269	0	1.83902943090547
BA_only	hippocampus	AA	psi	chr11_133930926_133930984	chr11	133930926	133930984	259	259	0	0	0.0109123291295355	0.946344095230339	4.71823878105341	4.71823878105341	58	495	Genic/other	1	Heritable	0.285661178459606	0.911150286148379	0.0058546520775356	15273	0	0	2.85661178459606	4.06044301054642	6.20657592672493	9.63390731544833	1.55143559247566
BA_only	hippocampus	AA	psi	chr11_133934642_133935179	chr11	133934642	133935179	261	261	0	0	0.003708828742321	0.867953489674172	3.77556962321718	-3.77556962321718	537	484	Enhancer	1	Non-heritable	0.0740972188144277	0.936544932976341	0.00722724057227463	11078	0	0	0.740972188144277	6.28599809450887	6.18414889093748	9.31280670352067	1.32855126753377
BA_only	hippocampus	AA	psi	chr11_134036618_134036845	chr11	134036618	134036845	275	275	0	0	0.00766324455095644	0.933559278800072	9.47051989121487	9.47051989121487	227	548	Promoter	1	Non-heritable	0.0893855101127184	0.937335538891727	0.00992871472723486	0	0	0	0.893855101127184	5.4249500174814	6.30809844150953	0	2.24818380550254
BA_only	hippocampus	AA	psi	chr11_134070274_134071245	chr11	134070274	134071245	112	112	0	0	0.00276789071556457	0.842029831452187	4.42452061292362	-4.42452061292362	971	559	Enhancer	1	Non-heritable	0.0587220494042801	0.905824939873449	0.00906912668471028	0	0	0	0.587220494042801	6.87832646829133	6.3279367837292	0	1.48716193878879
BA_only	hippocampus	AA	psi	chr11_134125584_134126096	chr11	134125584	134126096	90	90	0	0	0.0291431748592089	0.976056724851304	2.68673484136155	-2.68673484136155	512	557	Promoter	1	Heritable	0.114673609863446	0.94631674043954	0.010216639310792	0	0	0	1.14673609863446	6.23832462503951	6.32435896238131	0	0.988326646447079
BA_only	hippocampus	AA	psi	chr11_134287622_134287965	chr11	134287622	134287965	118	118	0	0	0.00131230518980934	0.751853324816034	4.45987279013592	-4.45987279013592	343	564	Genic/other	0	Non-heritable	0.0670277655120439	0.950169265690102	0.00734277793279553	19242	0	0	0.670277655120439	5.83773044716594	6.33682573114644	9.86490263722056	1.49512024547637
BA_only	hippocampus	AA	psi	chr11_134439471_134441426	chr11	134439471	134441426	91	91	0	0	0.0280626491665385	0.975932065139872	2.17480799160875	-2.17480799160875	1955	593	Genic/other	0	Heritable	0.398501884823808	0.932715138825683	0.0087906737825764	0	0	0	3.98501884823808	7.57814547241947	6.38687931936265	0	0.776940385521756
BA_only	hippocampus	AA	psi	chr11_134691344_134692155	chr11	134691344	134692155	78	78	0	0	0.000947683135203126	0.709134489015595	1.87513750346948	1.87513750346948	811	529	Genic/other	0	Non-heritable	0.064852164755498	0.897304665217045	0.00715504498224779	0	0	0	0.64852164755498	6.69826805411541	6.27287700654617	0	0.628681997250146
BA_only	hippocampus	AA	psi	chr11_134760135_134760648	chr11	134760135	134760648	51	51	0	0	0.0454312657819019	0.981589333839837	3.72582148274601	-3.72582148274601	513	532	Genic/other	2	Heritable	0.131548814212457	0.947739441824021	0.00936948592438345	0	0	0	1.31548814212457	6.24027584517077	6.27852142416584	0	1.31528736248263
BA_only	hippocampus	AA	psi	chr11_134851076_134852331	chr11	134851076	134852331	37	37	0	0	0.0410916146937678	0.980549382116533	1.30443716928983	1.30443716928983	1255	464	Enhancer	0	Non-heritable	0.0595177790866188	0.871864767308936	0.0100513367337481	12274	0	0	0.595177790866188	7.13489085156588	6.14203740558736	9.41531995266272	0.265771667508908
BA_only	hippocampus	AA	psi	chr11_1397006_1397916	chr11	1397006	1397916	16	16	0	0	0.0480926231767052	0.982661996589092	1.60124831529876	1.60124831529876	910	434	Genic/other	0	Heritable	0.133926135856168	0.94536364165065	0.00646636614314727	0	0	0	1.33926135856168	6.8134445995109	6.07534603108868	0	0.470783528357072
BA_only	hippocampus	AA	psi	chr11_1489314_1489767	chr11	1489314	1489767	45	45	0	0	0.00772102685102525	0.933559278800072	3.68559576206418	3.68559576206418	453	442	Genic/other	0	Heritable	0.149537290150219	0.933189957120277	0.00933711611521384	0	0	0	1.49537290150219	6.11589212548303	6.09356977004514	0	1.30443218748897
BA_only	hippocampus	AA	psi	chr11_1541382_1541786	chr11	1541382	1541786	47	47	0	0	0.000219049423381024	0.495453565136512	3.57458196779351	3.57458196779351	404	418	Intergenic	0	Heritable	0.198772670393556	0.93299623353492	0.0083158104310298	29799	0	0	1.98772670393556	6.00141487796115	6.03787091992214	10.3022636724935	1.27384824002068
BA_only	hippocampus	AA	psi	chr11_1548727_1548946	chr11	1548727	1548946	47	47	0	0	0.0313272108112071	0.977060807838727	6.19711510030083	6.19711510030083	219	432	Intergenic	1	Heritable	0.108933179528408	0.933433280651018	0.0082149859600738	22639	0	0	1.08933179528408	5.3890717298165	6.07073772800249	10.0274735323171	1.82408387897299
BA_only	hippocampus	AA	psi	chr11_15651822_15652375	chr11	15651822	15652375	96	96	0	0	0.00946281207626355	0.939841915020693	4.97871102246514	4.97871102246514	553	336	Genic/other	2	Non-heritable	0.0850589973263298	0.774937886264496	0.00662968014661938	0	0	0	0.850589973263298	6.31535800152234	5.82008293035236	0	1.60517102871234
BA_only	hippocampus	AA	psi	chr11_16148390_16149085	chr11	16148390	16149085	57	57	0	0	0.00250279238456311	0.827739280566027	1.66530995203781	-1.66530995203781	695	241	Genic/other	0	Heritable	0.134925244383976	0.846634564259535	0.0066409719179889	36586	0	0	1.34925244383976	6.54391184556479	5.48893772615669	10.5074482650373	0.510011269492226
BA_only	hippocampus	AA	psi	chr11_16610804_16611297	chr11	16610804	16611297	13	13	0	0	0.0961413406865437	0.990400450319684	1.14226460831056	1.14226460831056	493	226	Genic/other	2	Non-heritable	0.0653345349673845	0.784106755448706	0.00769680019351069	125174	0	0	0.653345349673845	6.20050917404269	5.4249500174814	11.7374680371981	0.133012799199935
BA_only	hippocampus	AA	psi	chr11_16807032_16807826	chr11	16807032	16807826	28	28	0	0	0.0282262555517006	0.975932065139872	1.47748429390594	-1.47748429390594	794	218	Genic/other	0	Non-heritable	0.0502816060897091	0.642315557580712	0.00658771823627437	0	0	0	0.502816060897091	6.67708346124714	5.3890717298165	0	0.390340846827772
BA_only	hippocampus	AA	psi	chr11_17173927_17174960	chr11	17173927	17174960	85	85	0	0	0.011609788258537	0.95315577890577	1.43015429714377	-1.43015429714377	1033	366	Genic/other	0	Heritable	0.417575835411906	0.87499419015933	0.0102105608741611	0	0	0	4.17575835411906	6.94022246911964	5.90536184805457	0	0.35778234554381
BA_only	hippocampus	AA	psi	chr11_1746449_1747074	chr11	1746449	1747074	113	113	0	0	0.00118662111363758	0.737106190880273	6.43196620478912	6.43196620478912	625	463	Enhancer	1	Non-heritable	0.070175606097633	0.935333262884571	0.00685885612413219	0	0	0	0.70175606097633	6.4377516497364	6.13988455222626	0	1.86128027918705
BA_only	hippocampus	AA	psi	chr11_1747816_1747981	chr11	1747816	1747981	114	114	0	0	0.0193394009382296	0.973353388707841	3.14782554263489	3.14782554263489	165	445	Genic/other	1	Heritable	0.15146167245303	0.947264468582548	0.00593996550951242	58	0	0	1.5146167245303	5.10594547390058	6.10031895202006	4.07753744390572	1.14671191371945
BA_only	hippocampus	AA	psi	chr11_17776124_17776545	chr11	17776124	17776545	70	70	0	0	0.000735694515589684	0.676738315160382	3.39092695674634	-3.39092695674634	421	419	Genic/other	1	Heritable	0.125983560644742	0.926013598322738	0.00697619982629062	0	0	0	1.25983560644742	6.04263283368238	6.04025471127741	0	1.22110332553214
BA_only	hippocampus	AA	psi	chr11_18046808_18050063	chr11	18046808	18050063	68	68	0	0	0.0133818037670793	0.964283399649536	2.23364533498668	-2.23364533498668	3255	357	Promoter	2	Heritable	0.377260511154211	0.856589593303565	0.00876502780081084	0	0	0	3.77260511154211	8.08794755464267	5.8805329864007	0	0.803634934681191
BA_only	hippocampus	AA	psi	chr11_18105136_18105320	chr11	18105136	18105320	73	73	0	0	0.021694941020245	0.975932065139872	1.69264223895458	-1.69264223895458	184	325	Genic/other	1	Non-heritable	0.0895115380608121	0.870122821361071	0.00448623985973611	12890	0	0	0.895115380608121	5.21493575760899	5.78689738136671	9.4642846724431	0.526290768922249
BA_only	hippocampus	AA	psi	chr11_18121377_18122648	chr11	18121377	18122648	72	72	0	0	0.0151446453049755	0.966228276045537	3.34002417164632	3.34002417164632	1271	330	Genic/other	0	Heritable	0.179894216049228	0.854832531034073	0.00678803391436536	29131	0	0	1.79894216049228	7.14755927118945	5.80211837537706	10.2795925053378	1.20597804697627
BA_only	hippocampus	AA	psi	chr11_18411819_18412807	chr11	18411819	18412807	27	27	0	0	0.0114922934911547	0.952980755609316	1.37871201659096	1.37871201659096	988	359	Promoter	0	Heritable	0.221290578354587	0.883781090492249	0.0121909697571102	0	0	0	2.21290578354587	6.89568269774787	5.88610403145016	0	0.321149749295835
BA_only	hippocampus	AA	psi	chr11_18455707_18456208	chr11	18455707	18456208	30	30	0	0	0.00911077260048969	0.938828766543103	1.82190176425852	1.82190176425852	501	370	Promoter	2	Non-heritable	0.0802572768286393	0.891081532631493	0.00748889952367625	20966	0	0	0.802572768286393	6.21660610108487	5.91620206260744	9.95070505214524	0.59988088643969
BA_only	hippocampus	AA	psi	chr11_1908225_1908869	chr11	1908225	1908869	120	120	0	0	0.00151641260208581	0.773674697357111	5.62595377438183	-5.62595377438183	644	506	Intergenic	0	Heritable	0.117854782927309	0.953110875826032	0.00695413479590406	0	0	0	1.17854782927309	6.46769872610435	6.22851100359118	0	1.72739049538441
BA_only	hippocampus	AA	psi	chr11_19187817_19188226	chr11	19187817	19188226	11	11	0	0	0.0859783703954986	0.988137148207548	0.743036763151553	0.743036763151553	409	520	Genic/other	0	Heritable	0.175420325936215	0.924869231930998	0.0074809824893388	0	0	0	1.75420325936215	6.0137151560428	6.25575004175337	0	-0.297009742687554
BA_only	hippocampus	AA	psi	chr11_19474269_19475243	chr11	19474269	19475243	11	11	0	0	0.0410844640548175	0.980549382116533	0.739626722623585	-0.739626722623585	974	571	Genic/other	0	Non-heritable	0.0987796133630148	0.948818497866979	0.00686401284661586	0	0	0	0.987796133630148	6.88141130364254	6.3491389913798	0	-0.301609635417686
BA_only	hippocampus	AA	psi	chr11_1953177_1953409	chr11	1953177	1953409	103	103	0	0	0.0140042641030189	0.964710008537998	4.82203632574525	-4.82203632574525	232	538	Genic/other	1	Non-heritable	0.0980428356417031	0.929465339772307	0.0131182957253116	0	0	0	0.980428356417031	5.44673737166631	6.289715570909	0	1.57319631514022
BA_only	hippocampus	AA	psi	chr11_1954006_1954789	chr11	1954006	1954789	103	103	0	0	0.0125473318772478	0.961394807854409	3.80227980101594	3.80227980101594	783	556	Promoter	1	Heritable	0.135787237607884	0.947714909562963	0.00884080363753696	0	0	0	1.35787237607884	6.6631326959908	6.32256523992728	0	1.33560083710148
BA_only	hippocampus	AA	psi	chr11_19564007_19564504	chr11	19564007	19564504	5	5	0	0	0.182725122165243	0.991064867102684	0.38026584941475	-0.38026584941475	497	615	Genic/other	0	Heritable	0.136112049279399	0.968146513270619	0.00831995396460684	0	0	0	1.36112049279399	6.20859002609663	6.42324696353352	0	-0.966884640849893
BA_only	hippocampus	AA	psi	chr11_1959959_1960146	chr11	1959959	1960146	103	103	0	0	0.00451302939724149	0.895275344749142	6.14982308781083	-6.14982308781083	187	542	Genic/other	1	Non-heritable	0.0480011294177769	0.945580395254764	0.00735934638281643	0	0	0	0.480011294177769	5.23110861685459	6.29710931993394	0	1.81642331682111
BA_only	hippocampus	AA	psi	chr11_19714924_19715122	chr11	19714924	19715122	5	5	0	0	0.0260184945919204	0.975932065139872	0.967543268733578	0.967543268733578	198	695	Genic/other	1	Non-heritable	0.0796594655898132	0.953824788640218	0.00804246354779408	0	0	0	0.796594655898132	5.28826703069454	6.54534966033442	0	-0.0329951225375045
BA_only	hippocampus	AA	psi	chr11_1982631_1982833	chr11	1982631	1982833	103	103	0	0	0.00325821435304944	0.857374229512349	2.98880585190865	2.98880585190865	202	548	Genic/other	0	Non-heritable	0.0865039771148459	0.920796180134323	0.0101448918631276	2148	0	0	0.865039771148459	5.30826769740121	6.30809844150953	7.67275789664251	1.09487393034217
BA_only	hippocampus	AA	psi	chr11_20164363_20164673	chr11	20164363	20164673	8	8	0	0	0.288083750799319	0.993663620961428	0.379727843299338	-0.379727843299338	310	633	Genic/other	1	Heritable	0.101833450176236	0.951235702550996	0.00720938660117793	102055	0	0	1.01833450176236	5.73657229747919	6.45204895443723	11.5332769612181	-0.968300458365967
BA_only	hippocampus	AA	psi	chr11_20208716_20209037	chr11	20208716	20209037	8	8	0	0	0.00120384112422435	0.741782412295099	0.961811670454277	0.961811670454277	321	662	Intergenic	0	Heritable	0.107216644978016	0.962366107661833	0.00630528007181949	146408	0	0	1.07216644978016	5.77144112313002	6.49677499018586	11.8941593540296	-0.0389366058431374
BA_only	hippocampus	AA	psi	chr11_20309895_20310392	chr11	20309895	20310392	4	4	0	0	0.30450469127109	0.993663620961428	0.373528488516838	0.373528488516838	497	646	Intergenic	0	Non-heritable	0.0980895572578852	0.949431817334868	0.00563815994014725	53356	0	0	0.980895572578852	6.20859002609663	6.4723462945009	10.8847604571199	-0.984760976070156
BA_only	hippocampus	AA	psi	chr11_20343717_20346086	chr11	20343717	20346086	4	4	0	0	0.168968936672205	0.991064867102684	0.382465567285585	0.382465567285585	2369	639	Intergenic	0	Heritable	0.552621981885382	0.943133860951904	0.0086219222555763	17662	0	0	5.52621981885382	7.77022320415879	6.46146817635372	9.77922733515544	-0.961116623789866
BA_only	hippocampus	AA	psi	chr11_20405952_20406340	chr11	20405952	20406340	5	5	0	0	0.15767912456183	0.991064867102684	0.258983215710952	-0.258983215710952	388	641	Genic/other	0	Non-heritable	0.0478464030348222	0.96698504693068	0.00896151756222376	16207	0	0	0.478464030348222	5.96100533962327	6.46458830368996	9.69326022648846	-1.35099198497476
BA_only	hippocampus	AA	psi	chr11_20609089_20609728	chr11	20609089	20609728	7	7	0	0	0.269556750401336	0.993437465767387	0.437381536841253	0.437381536841253	639	576	Genic/other	0	Non-heritable	0.0893476609824967	0.949300736012037	0.0107466351824683	2081	0	0	0.893476609824967	6.45990445437754	6.3578422665081	7.64108424917491	-0.826949359921023
BA_only	hippocampus	AA	psi	chr11_2257219_2257590	chr11	2257219	2257590	56	56	0	0	0.00176716174872818	0.795401023180755	2.70799833630149	-2.70799833630149	371	639	Intergenic	0	Heritable	0.169854585371594	0.930958278633425	0.00800964578008657	42116	0	0	1.69854585371594	5.91620206260744	6.46146817635372	10.6482067386401	0.99620974437831
BA_only	hippocampus	AA	psi	chr11_2261241_2261587	chr11	2261241	2261587	57	57	0	0	0.0181490698773283	0.971491284972723	6.30609425645959	-6.30609425645959	346	646	Intergenic	0	Heritable	0.110658183655026	0.965176892954306	0.00678043279729408	38119	0	0	1.10658183655026	5.84643877505773	6.4723462945009	10.5484943577681	1.84151650970438
BA_only	hippocampus	AA	psi	chr11_22667493_22667873	chr11	22667493	22667873	17	17	0	0	0.119166503258787	0.99090322242539	0.582543222826846	0.582543222826846	380	368	Promoter	1	Heritable	0.136586091829194	0.893938361297682	0.012624480696425	0	0	0	1.36586091829194	5.94017125272043	5.91079664404053	0	-0.540351876851179
BA_only	hippocampus	AA	psi	chr11_2305486_2305971	chr11	2305486	2305971	56	56	0	0	0.0139858912148667	0.964529504141215	4.48356823945938	-4.48356823945938	485	647	Promoter	0	Heritable	0.277204555509266	0.927386382600621	0.00663699135981998	0	0	0	2.77204555509266	6.18414889093748	6.47389069635227	0	1.50041921365596
BA_only	hippocampus	AA	psi	chr11_2314823_2315383	chr11	2314823	2315383	56	56	0	0	0.0168348786784495	0.970581273335112	3.65912048808663	-3.65912048808663	560	650	Genic/other	0	Heritable	0.154694144925005	0.9447181239822	0.00695119584004494	0	0	0	1.54694144925005	6.3279367837292	6.47850964220857	0	1.29722281746712
BA_only	hippocampus	AA	psi	chr11_2420096_2420298	chr11	2420096	2420298	69	69	0	0	0.0165425422524444	0.969699026744516	2.03138633967427	-2.03138633967427	202	669	Genic/other	1	Heritable	0.131528938489252	0.95536741080562	0.00616751390859596	106	0	0	1.31528938489252	5.30826769740121	6.50727771238501	4.67282883446191	0.708718490836549
BA_only	hippocampus	AA	psi	chr11_2590828_2591456	chr11	2590828	2591456	64	64	0	0	0.0225381699577612	0.975932065139872	5.63336790774545	5.63336790774545	628	696	Genic/other	0	Heritable	0.113927940280961	0.964529696611496	0.00748902184359135	3257	0	0	1.13927940280961	6.4425401664682	6.54678541076052	8.08886878916199	1.72870747248683
BA_only	hippocampus	AA	psi	chr11_26284296_26286086	chr11	26284296	26286086	1	1	0	0	0.719092113469031	0.997543272146997	0.45406624286703	-0.45406624286703	1790	351	Genic/other	0	Heritable	0.293983415779601	0.843752410503335	0.0121929716631043	23632	0	0	2.93983415779601	7.4899708988348	5.8636311755981	10.0703993193803	-0.789512160162567
BA_only	hippocampus	AA	psi	chr11_26545956_26546886	chr11	26545956	26546886	2	2	0	0	0.0828116719642918	0.988137148207548	0.373748867458199	0.373748867458199	930	301	Genic/other	0	Heritable	0.549541894046247	0.874204917950104	0.0086570151648308	19009	0	0	5.49541894046247	6.8351845861473	5.71042701737487	9.85272043548247	-0.984171157738075
BA_only	hippocampus	AA	psi	chr11_26994983_26996630	chr11	26994983	26996630	44	44	0	0	0.0150920166273515	0.966167725188189	1.04025344977967	1.04025344977967	1647	338	Genic/other	0	Heritable	0.140491497728639	0.890038985514333	0.0073263544357284	44388	0	0	1.40491497728639	7.40671073017764	5.82600010738045	10.700746969978	0.0394643947871059
BA_only	hippocampus	AA	psi	chr11_2728583_2729616	chr11	2728583	2729616	58	58	0	0	0.0135209935723219	0.964283399649536	5.58613194078359	5.58613194078359	1033	750	Genic/other	0	Non-heritable	0.0970601001329383	0.966531856225588	0.0104289558116149	28726	0	0	0.970601001329383	6.94022246911964	6.62140565176413	10.2655927260547	1.72028708893816
BA_only	hippocampus	AA	psi	chr11_2732413_2733122	chr11	2732413	2733122	58	58	0	0	0.0058386373362397	0.91658260669542	3.44562025760381	3.44562025760381	709	747	Genic/other	0	Non-heritable	0.0816486935071514	0.973846909778112	0.0124101581912388	32556	0	0	0.816486935071514	6.56385552653213	6.61740297797448	10.3907476782794	1.23710393691013
BA_only	hippocampus	AA	psi	chr11_27470831_27471354	chr11	27470831	27471354	175	175	0	0	0.0103118383758716	0.944902218841749	5.94599178348587	-5.94599178348587	523	270	Promoter	1	Non-heritable	0.0773104350587135	0.710962575690794	0.00947434133709867	0	0	0	0.773104350587135	6.25958146406492	5.6021188208797	0	1.78271734440103
BA_only	hippocampus	AA	psi	chr11_2791444_2791591	chr11	2791444	2791591	67	67	0	0	0.00254468457677925	0.831085557261831	2.13861821396759	-2.13861821396759	147	710	Genic/other	1	Non-heritable	0.0494851336627356	0.969768961156214	0.00748957433601741	0	0	0	0.494851336627356	4.99043258677874	6.56667242980324	0	0.760159930751596
BA_only	hippocampus	AA	psi	chr11_2867748_2868213	chr11	2867748	2868213	67	67	0	0	0.00465099741666839	0.900741069326031	4.62418673135651	4.62418673135651	465	728	Genic/other	1	Heritable	0.123951012019648	0.973673194398625	0.00707387185019081	0	0	0	1.23951012019648	6.14203740558736	6.59167373200866	0	1.53130051579607
BA_only	hippocampus	AA	psi	chr11_2888923_2889077	chr11	2888923	2889077	79	79	0	0	0.0120277137430989	0.956202726940857	2.01591002544601	2.01591002544601	154	714	Genic/other	1	Heritable	0.131916914248107	0.976051788012442	0.0076647677657269	0	0	0	1.31916914248107	5.03695260241363	6.57228254269401	0	0.701070723938588
BA_only	hippocampus	AA	psi	chr11_2945123_2945629	chr11	2945123	2945629	78	78	0	0	0.0179251342235282	0.970931943606436	2.60974170781605	2.60974170781605	506	685	Genic/other	1	Non-heritable	0.0484064779463571	0.930022027635847	0.00998372265959332	16	0	0	0.484064779463571	6.22653666928747	6.53087762772589	2.83321334405622	0.959251257746699
BA_only	hippocampus	AA	psi	chr11_30018009_30018405	chr11	30018009	30018405	5	5	0	0	0.145393818470468	0.991064867102684	0.270511087638578	-0.270511087638578	396	204	Promoter	1	Heritable	0.114079599761867	0.728865066186745	0.00612003527952561	1436	0	0	1.14079599761867	5.98141421125448	5.32300997913841	7.27031288607903	-1.30744215514685
BA_only	hippocampus	AA	psi	chr11_3049140_3049733	chr11	3049140	3049733	61	61	0	0	0.0369773300842784	0.980549382116533	5.55276102371448	-5.55276102371448	593	626	Promoter	0	Non-heritable	0.0650220704731082	0.966007709259002	0.00644910131625508	0	0	0	0.650220704731082	6.38519439899773	6.44094654063292	0	1.71429528760659
BA_only	hippocampus	AA	psi	chr11_31141104_31141989	chr11	31141104	31141989	4	4	0	0	0.347950609943172	0.993907636149293	0.59185210058907	0.59185210058907	885	165	Genic/other	0	Heritable	0.137556690179076	0.74125590596051	0.00781895396139628	37455	0	0	1.37556690179076	6.78558764500793	5.11198778835654	10.5309221897307	-0.524498488500783
BA_only	hippocampus	AA	psi	chr11_3124661_3125085	chr11	3124661	3125085	111	111	0	0	0.00599096332941015	0.918975427356839	4.3836405234578	-4.3836405234578	424	640	Genic/other	0	Non-heritable	0.087762352359482	0.96498139472562	0.0124095835772605	2663	0	0	0.87762352359482	6.04973345523196	6.46302945692067	7.88758403166028	1.4778795511785
BA_only	hippocampus	AA	psi	chr11_3162273_3163083	chr11	3162273	3163083	125	125	0	0	0.0174004241043125	0.970581273335112	4.41628292649703	4.41628292649703	810	679	Promoter	2	Heritable	0.100773691190139	0.953801231731631	0.00592009732512328	0	0	0	1.00773691190139	6.69703424766648	6.52209279817015	0	1.48529837768708
BA_only	hippocampus	AA	psi	chr11_31798817_31799867	chr11	31798817	31799867	148	148	0	0	0.00458726542807291	0.897520405788695	3.16047865910914	-3.16047865910914	1050	312	Genic/other	1	Non-heritable	0.0691035568522461	0.721259310528913	0.00724659964555073	0	0	0	0.691035568522461	6.95654544315157	5.74620319054015	0	1.15072349369344
BA_only	hippocampus	AA	psi	chr11_31802361_31802793	chr11	31802361	31802793	148	148	0	0	0.00013259444586208	0.426914408246899	2.20680411120073	-2.20680411120073	432	317	Promoter	1	Non-heritable	0.0510978323512677	0.782094649601908	0.00707409057511426	0	0	0	0.510978323512677	6.06842558824411	5.76205138278018	0	0.791545369915179
BA_only	hippocampus	AA	psi	chr11_31803961_31804406	chr11	31803961	31804406	148	148	0	0	0.00895796586501288	0.937818091156935	3.01088358691657	3.01088358691657	445	313	Promoter	2	Non-heritable	0.0448107521751112	0.760837832975693	0.00683552983300885	0	0	0	0.448107521751112	6.09807428216624	5.74939298590825	0	1.10223358947518
BA_only	hippocampus	AA	psi	chr11_31806731_31808034	chr11	31806731	31808034	148	148	0	0	0.001672459351386	0.786661074605562	3.44689350949092	3.44689350949092	1303	322	Promoter	1	Heritable	0.108606110874945	0.877828980698259	0.00642259016410913	0	0	0	1.08606110874945	7.17242457712485	5.77765232322266	0	1.23747339628038
BA_only	hippocampus	AA	psi	chr11_31808756_31809800	chr11	31808756	31809800	148	148	0	0	0.0018601647671695	0.800632140208814	3.60797601290616	3.60797601290616	1044	316	Promoter	1	Heritable	0.141924017606357	0.873943651190003	0.00752373630681272	0	0	0	1.41924017606357	6.95081476844258	5.75890177387728	0	1.28314695664231
BA_only	hippocampus	AA	psi	chr11_31814585_31815462	chr11	31814585	31815462	148	148	0	0	0.0137321082838927	0.964441318501853	2.10525701625484	-2.10525701625484	877	308	Promoter	1	Heritable	0.101415142676348	0.832331443619551	0.00831174767203645	0	0	0	1.01415142676348	6.77650699237218	5.73334127689775	0	0.744437562414304
BA_only	hippocampus	AA	psi	chr11_31825554_31826410	chr11	31825554	31826410	148	148	0	0	0.000362913395711141	0.566491925606962	3.11699827061091	3.11699827061091	856	318	Promoter	2	Non-heritable	0.0618211493583085	0.787678596400085	0.00854811639624372	0	0	0	0.618211493583085	6.75227037614174	5.76519110278484	0	1.1368704491684
BA_only	hippocampus	AA	psi	chr11_32092358_32092644	chr11	32092358	32092644	42	42	0	0	0.135946925332291	0.991064867102684	1.98212540140837	1.98212540140837	286	399	Genic/other	1	Non-heritable	0.0839147747833274	0.917336798245918	0.00788391059103145	0	0	0	0.839147747833274	5.65599181081985	5.99146454710798	0	0.684169709086819
BA_only	hippocampus	AA	psi	chr11_32462414_32462533	chr11	32462414	32462533	105	105	0	0	0.0111943286967278	0.948703871232836	4.46039812942135	4.46039812942135	119	341	Genic/other	0	Heritable	0.133518871960813	0.905722671656533	0.00583045590586595	0	0	0	1.33518871960813	4.77912349311153	5.83481073706261	0	1.49523803097629
BA_only	hippocampus	AA	psi	chr11_32791473_32791921	chr11	32791473	32791921	19	19	0	0	0.201027799011862	0.991064867102684	0.973468983972393	-0.973468983972393	448	224	Genic/other	0	Non-heritable	0.0607924991354778	0.810897611998293	0.0130542838815461	13092	0	0	0.607924991354778	6.10479323241499	5.41610040220442	9.47983301522775	-0.0268893047311454
BA_only	hippocampus	AA	psi	chr11_33016922_33017680	chr11	33016922	33017680	58	58	0	0	0.0262745409088738	0.975932065139872	1.9500955711861	-1.9500955711861	758	227	Genic/other	1	Non-heritable	0.0292716571140379	0.733356329481918	0.00774948002368401	0	0	0	0.292716571140379	6.63068338564237	5.42934562895444	0	0.667878387367283
BA_only	hippocampus	AA	psi	chr11_33734484_33734804	chr11	33734484	33734804	51	51	0	0	0.015147595984093	0.966228276045537	7.12312532349992	-7.12312532349992	320	443	Genic/other	1	Non-heritable	0.0267542497042211	0.800187859318648	0.00843178044131843	0	0	0	0.267542497042211	5.76832099579377	6.09582456243223	0	1.96334658044719
BA_only	hippocampus	AA	psi	chr11_33857987_33858178	chr11	33857987	33858178	69	69	0	0	0.00860493182904385	0.933559278800072	2.92505501606431	2.92505501606431	191	515	Intergenic	0	Heritable	0.121795907366013	0.94625202851681	0.00639040234560564	6638	0	0	1.21795907366013	5.25227342804663	6.24610676548156	8.80071662871916	1.07331329283655
BA_only	hippocampus	AA	psi	chr11_33867360_33868567	chr11	33867360	33868567	69	69	0	0	5.76363464707349e-05	0.295253489162636	2.61678425858292	-2.61678425858292	1207	522	Enhancer	1	Heritable	0.103992692321319	0.926413640114839	0.00996134702516574	0	0	0	1.03992692321319	7.09589322109753	6.25958146406492	0	0.961946185523768
BA_only	hippocampus	AA	psi	chr11_3428021_3428244	chr11	3428021	3428244	257	257	0	0	0.000626670874479454	0.657105411686211	6.56332795191751	-6.56332795191751	223	578	Intergenic	0	Heritable	0.113574893726163	0.931189745277305	0.00633071060447557	0	0	0	1.13574893726163	5.40717177146012	6.361302477573	0	1.88149778558505
BA_only	hippocampus	AA	psi	chr11_3443308_3444573	chr11	3443308	3444573	259	259	0	0	0.00450774542749358	0.89486574837001	5.00227797480344	5.00227797480344	1265	558	Genic/other	0	Non-heritable	0.0301737961325246	0.878643665073288	0.00894722578703158	0	0	0	0.301737961325246	7.14282740116162	6.3261494731551	0	1.60989340564201
BA_only	hippocampus	AA	psi	chr11_34654980_34656285	chr11	34654980	34656285	48	48	0	0	0.0118724807333369	0.955028623869323	7.00739863018948	7.00739863018948	1305	461	Enhancer	0	Heritable	0.129550854257713	0.921947698995725	0.00584844683642111	0	0	0	1.29550854257713	7.17395831975679	6.13556489108174	0	1.94696653947692
BA_only	hippocampus	AA	psi	chr11_3469093_3469635	chr11	3469093	3469635	261	261	0	0	0.0016401553144722	0.786661074605562	4.63447539691092	4.63447539691092	542	569	Promoter	0	Non-heritable	0.0865826749297201	0.885374239676625	0.00410429946550462	0	0	0	0.865826749297201	6.29526600143965	6.3456363608286	0	1.53352301179489
BA_only	hippocampus	AA	psi	chr11_3497827_3498600	chr11	3497827	3498600	249	249	0	0	0.00151072024265614	0.773187087889525	7.4202774214359	7.4202774214359	773	583	Genic/other	0	Heritable	0.200387257914592	0.940420422328894	0.00736466151054142	0	0	0	2.00387257914592	6.65027904858742	6.36990098282823	0	2.0042164461617
BA_only	hippocampus	AA	psi	chr11_35415555_35418073	chr11	35415555	35418073	148	148	0	0	0.0582520697256563	0.98577631996496	4.29456449955435	4.29456449955435	2518	474	Promoter	2	Heritable	0.167869757517581	0.90361078019775	0.00630066230171777	0	0	0	1.67869757517581	7.83122021460429	6.16331480403464	0	1.45735015554673
BA_only	hippocampus	AA	psi	chr11_35525009_35525297	chr11	35525009	35525297	137	137	0	0	0.000832703615333115	0.686906302042197	4.4173660217719	-4.4173660217719	288	511	Genic/other	0	Heritable	0.117141256615792	0.900048938171871	0.00682607416865709	0	0	0	1.17141256615792	5.66296048013595	6.23832462503951	0	1.48554359804487
BA_only	hippocampus	AA	psi	chr11_35682709_35683898	chr11	35682709	35683898	34	34	0	0	0.05631115099518	0.98577631996496	2.18119949829152	2.18119949829152	1189	603	Enhancer	0	Non-heritable	0.0568821395791708	0.93067827397823	0.0138249854818293	40495	0	0	0.568821395791708	7.08086789669078	6.40357419793482	10.6089584827849	0.779874958639485
BA_only	hippocampus	AA	psi	chr11_35952778_35954268	chr11	35952778	35954268	35	35	0	0	0.0458682828024534	0.981789757189854	2.01964408062616	-2.01964408062616	1490	596	Genic/other	0	Non-heritable	0.0663550400032535	0.947302609152791	0.00771500289560149	0	0	0	0.663550400032535	7.30653139893951	6.3919171133926	0	0.702921303130019
BA_only	hippocampus	AA	psi	chr11_36398371_36399138	chr11	36398371	36399138	43	43	0	0	0.0111775957836811	0.948703871232836	2.08870166096119	2.08870166096119	767	522	Promoter	0	Heritable	0.144160100035193	0.938577679324005	0.00835099945369776	0	0	0	1.44160100035193	6.64248680136726	6.25958146406492	0	0.736542662879384
BA_only	hippocampus	AA	psi	chr11_36541150_36541762	chr11	36541150	36541762	41	41	0	0	0.0196400486244447	0.973631121108853	2.12355117633772	2.12355117633772	612	494	Genic/other	0	Heritable	0.118694330978743	0.941124693387009	0.00906264741741477	0	0	0	1.18694330978743	6.41673228251233	6.20455776256869	0	0.753089775184099
BA_only	hippocampus	AA	psi	chr11_36729340_36731513	chr11	36729340	36731513	27	27	0	0	0.0178264945053147	0.970931943606436	1.38526732483001	-1.38526732483001	2173	431	Intergenic	0	Heritable	0.738969497880478	0.923448166581181	0.0133326277257084	70320	0	0	7.38969497880478	7.68386398025643	6.06842558824411	11.1608257529633	0.325893142550955
BA_only	hippocampus	AA	psi	chr11_37269986_37272541	chr11	37269986	37272541	1	1	0	0	0.142355104781712	0.991064867102684	0.213600339500717	0.213600339500717	2555	311	Intergenic	0	Heritable	0.580073167460251	0.920212591127447	0.00854236856006165	181911	0	0	5.80073167460251	7.84580750263781	5.74300318780948	12.1112783326436	-1.54364853565812
BA_only	hippocampus	AA	psi	chr11_3826444_3827273	chr11	3826444	3827273	160	160	0	0	0.00601371436786281	0.919417785088414	4.30818969286149	-4.30818969286149	829	437	Intergenic	0	Non-heritable	0.0495663601649789	0.786987093095747	0.0128157497673474	932	0	0	0.495663601649789	6.7202201551353	6.08221891037645	6.83840520084734	1.46051779334355
BA_only	hippocampus	AA	psi	chr11_39372419_39373503	chr11	39372419	39373503	5	5	0	0	0.168803140223858	0.991064867102684	0.865812808569152	0.865812808569152	1084	223	Intergenic	0	Heritable	0.643646722484611	0.868015832414644	0.0121301598149765	127356	0	0	6.43646722484611	6.98841318199959	5.41164605185504	11.7547494455244	-0.144086538621681
BA_only	hippocampus	AA	psi	chr11_40290704_40292044	chr11	40290704	40292044	0	0	0	0					1340	358	Genic/other	0	Heritable	0.108399093764506	0.885994164057689	0.00755052681708826	0	0	0	1.08399093764506	7.20042489294496	5.88332238848828	0	
BA_only	hippocampus	AA	psi	chr11_44911125_44911456	chr11	44911125	44911456	68	68	0	0	0.0030342815608609	0.846513053928579	5.51947864616431	5.51947864616431	331	572	Genic/other	0	Heritable	0.11312749157344	0.964084152026968	0.00740942202927278	0	0	0	1.1312749157344	5.80211837537706	6.35088571671474	0	1.70828340948162
BA_only	hippocampus	AA	psi	chr11_4496204_4496739	chr11	4496204	4496739	34	34	0	0	0.108093339675357	0.990865662167886	1.24706606172736	-1.24706606172736	535	472	Genic/other	0	Heritable	0.131351374438899	0.936908481204222	0.00664510701852751	0	0	0	1.31351374438899	6.28226674689601	6.15909538849193	0	0.220793649839063
BA_only	hippocampus	AA	psi	chr11_45400303_45400742	chr11	45400303	45400742	85	85	0	0	0.0076999872374289	0.933559278800072	5.39071502730283	-5.39071502730283	439	393	Genic/other	0	Heritable	0.30141582351864	0.818527979425308	0.00841560277920148	0	0	0	3.0141582351864	6.08449941307517	5.97635090929793	0	1.68467803610432
BA_only	hippocampus	AA	psi	chr11_45728783_45729584	chr11	45728783	45729584	199	199	0	0	0.00112156966075527	0.726050490461723	6.29977341674628	6.29977341674628	801	273	Genic/other	0	Heritable	0.622517454206796	0.868170520793652	0.0071142364214332	0	0	0	6.22517454206796	6.68586094706836	5.61312810638807	0	1.84051366874224
BA_only	hippocampus	AA	psi	chr11_45901786_45902510	chr11	45901786	45902510	182	182	0	0	0.000145971288748736	0.432414526192134	4.2650180331593	4.2650180331593	724	276	Promoter	2	Non-heritable	0.0579303249642707	0.756581044232516	0.0061839280864062	3700	0	0	0.579303249642707	6.58479139238572	5.62401750618734	8.21635833238616	1.4504464114527
BA_only	hippocampus	AA	psi	chr11_45923571_45923768	chr11	45923571	45923768	186	186	0	0	0.000760166748463664	0.680174427388751	4.05666955721254	4.05666955721254	197	292	Promoter	1	Heritable	0.139371974235309	0.836379037596952	0.0104826397068074	512	0	0	1.39371974235309	5.28320372873799	5.68017260901707	6.24027584517077	1.40036233333827
BA_only	hippocampus	AA	psi	chr11_46105162_46106100	chr11	46105162	46106100	106	106	0	0	0.0486335267217844	0.982844443292717	2.62216799214856	-2.62216799214856	938	244	Genic/other	0	Heritable	0.113320721519041	0.840257082099055	0.00779930986672306	0	0	0	1.13320721519041	6.84374994900623	5.50125821054473	0	0.964001457334834
BA_only	hippocampus	AA	psi	chr11_46279041_46279524	chr11	46279041	46279524	103	103	0	0	0.00468292140786983	0.900895908545546	3.08143220555495	-3.08143220555495	483	187	Genic/other	1	Heritable	0.192209573703432	0.707030433979631	0.00626166876694286	3035	0	0	1.92209573703432	6.18001665365257	5.23644196282995	8.01829613851552	1.12539449395445
BA_only	hippocampus	AA	psi	chr11_46280273_46280485	chr11	46280273	46280485	103	103	0	0	0.00569325142845243	0.914301706404424	5.36493351782452	5.36493351782452	212	190	Genic/other	1	Non-heritable	0.0739290986676889	0.721918833616213	0.00722682436849619	4267	0	0	0.739290986676889	5.35658627467201	5.25227342804663	8.35890061242164	1.67988398603844
BA_only	hippocampus	AA	psi	chr11_47184400_47185217	chr11	47184400	47185217	125	125	0	0	0.000949637597960643	0.709134489015595	2.90088111043379	-2.90088111043379	817	119	Genic/other	1	Non-heritable	0.0728754043229443	0.577302919017368	0.00688547844209508	0	0	0	0.728754043229443	6.70563909486	4.78749174278205	0	1.06501452547638
BA_only	hippocampus	AA	psi	chr11_47257582_47258035	chr11	47257582	47258035	137	137	0	0	0.00951765287495985	0.939841915020693	2.55123769658771	2.55123769658771	453	107	Promoter	0	Non-heritable	0.0605346025789273	0.495157218050716	0.00842669369259951	0	0	0	0.605346025789273	6.11589212548303	4.68213122712422	0	0.936578616546363
BA_only	hippocampus	AA	psi	chr11_47374038_47374180	chr11	47374038	47374180	150	150	0	0	0.00168478050592694	0.786661074605562	2.51507215236789	2.51507215236789	142	106	Genic/other	0	Heritable	0.135393059065415	0.654425396245833	0.00612878853099787	1548	0	0	1.35393059065415	4.95582705760126	4.67282883446191	7.34536484041687	0.922301495930486
BA_only	hippocampus	AA	psi	chr11_47426988_47427378	chr11	47426988	47427378	131	131	0	0	0.00735144588139011	0.933559278800072	2.80656432865784	2.80656432865784	390	110	Promoter	1	Heritable	0.368869939112322	0.731566184204285	0.0139451626385507	782	0	0	3.68869939112322	5.96614673912369	4.70953020131233	6.6631326959908	1.03196108001098
BA_only	hippocampus	AA	psi	chr11_47792816_47792916	chr11	47792816	47792916	30	30	0	0	0.0171093616496832	0.970581273335112	1.26273624607109	1.26273624607109	100	120	Genic/other	0	Heritable	0.101070842978421	0.629624505898384	0.00887653546655585	13075	0	0	1.01070842978421	4.60517018598809	4.79579054559674	9.4785337678441	0.23328099818174
BA_only	hippocampus	AA	psi	chr11_48124902_48125142	chr11	48124902	48125142	2	2	0	0	0.0260906719485073	0.975932065139872	0.509768569996322	-0.509768569996322	240	110	Genic/other	0	Heritable	0.148885997273611	0.644419923476132	0.00628348461229072	1288	0	0	1.48885997273611	5.48063892334199	4.70953020131233	7.16162200293919	-0.673798420959221
BA_only	hippocampus	AA	psi	chr11_48170956_48171597	chr11	48170956	48171597	2	2	0	0	0.843624084295864	0.998377898929997	0.329223189825698	-0.329223189825698	641	99	Intergenic	0	Non-heritable	0.069455636098768	0.571329187316029	0.00768048659440992	47342	0	0	0.69455636098768	6.46302945692067	4.60517018598809	10.7651742524162	-1.11101933931576
BA_only	hippocampus	AA	psi	chr11_48172899_48173190	chr11	48172899	48173190	2	2	0	0	0.865958557384124	0.999100225123066	0.170977478715591	0.170977478715591	291	109	Intergenic	0	Non-heritable	0.0815405875531638	0.474191344040593	0.00548151309868993	49285	0	0	0.815405875531638	5.67332326717149	4.70048036579242	10.8053953440428	-1.7662233760835
BA_only	hippocampus	AA	psi	chr11_48900296_48900434	chr11	48900296	48900434	0	0	0	0					138	76	Genic/other	1	Heritable	0.100294611064499	0.524916095651114	0.00800624739162277	246510	0	0	1.00294611064499	4.92725368515721	4.34380542185368	12.4151618962157	
BA_only	hippocampus	AA	psi	chr11_48965820_48967200	chr11	48965820	48967200	5	5	0	0	0.14368540111134	0.991064867102684	3.87211828696211	-3.87211828696211	1380	77	Intergenic	2	Heritable	0.417572713747512	0.872562267740456	0.0098589499672303	179744	0	0	4.17572713747512	7.22983877815125	4.35670882668959	12.0992944587847	1.353801720849
BA_only	hippocampus	AA	psi	chr11_49050162_49050211	chr11	49050162	49050211	5	5	0	0	0.193901418625461	0.991064867102684	1.89619682001123	1.89619682001123	49	80	Promoter	1	Non-heritable	0.0578815864252735	0.487122600983171	0.00727683713336364	96733	0	0	0.578815864252735	3.89182029811063	4.39444915467244	11.4797202225391	0.639850211741665
BA_only	hippocampus	AA	psi	chr11_49206600_49207678	chr11	49206600	49207678	5	5	0	0	0.161588878468339	0.991064867102684	2.596146153154	2.596146153154	1078	77	Genic/other	1	Non-heritable	0.0484932788056042	0.473841924740696	0.00756595635570179	0	0	0	0.484932788056042	6.98286275146894	4.35670882668959	0	0.954028100474905
BA_only	hippocampus	AA	psi	chr11_49559236_49560273	chr11	49559236	49560273	11	11	0	0	0.261009730212642	0.992837608310815	4.9122685195416	-4.9122685195416	1037	63	Promoter	1	Heritable	0.115423331151939	0.390427147480552	0.00433367201800956	0	0	0	1.15423331151939	6.94408720822953	4.15888308335967	0	1.59173585741688
BA_only	hippocampus	AA	psi	chr11_49851833_49852446	chr11	49851833	49852446	4	4	0	0	0.15953589136508	0.991064867102684	0.350190965728996	0.350190965728996	613	52	Promoter	1	Non-heritable	0.0975201227484509	0.489539467537726	0.00833476249024393	43291	0	0	0.975201227484509	6.41836493593621	3.97029191355212	10.675723139415	-1.04927662836876
BA_only	hippocampus	AA	psi	chr11_502983_503929	chr11	502983	503929	263	263	0	0	0.00185614003822204	0.800632140208814	2.92654863993445	2.92654863993445	946	383	Promoter	1	Non-heritable	0.0498141808187225	0.904065577284008	0.00797049802961576	0	0	0	0.498141808187225	6.85224256905188	5.95064255258773	0	1.07382379354209
BA_only	hippocampus	AA	psi	chr11_5188372_5191615	chr11	5188372	5191615	19	19	0	0	0.0145230643735829	0.966089857218066	3.64352094489365	-3.64352094489365	3243	586	Intergenic	0	Heritable	0.444682514726851	0.916246840369381	0.00677798990165684	13471	0	0	4.44682514726851	8.08425410630732	6.3750248198281	9.50836873648211	1.29295050942047
BA_only	hippocampus	AA	psi	chr11_519197_519306	chr11	519197	519306	267	267	0	0	0.000117970826832807	0.413849507326493	3.97463597856805	-3.97463597856805	109	393	Genic/other	1	Non-heritable	0.0812958109588029	0.905610842741573	0.0131780901380265	12083	0	0	0.812958109588029	4.69134788222914	5.97635090929793	9.39963754250656	1.37993316871002
BA_only	hippocampus	AA	psi	chr11_5418262_5418621	chr11	5418262	5418621	31	31	0	0	0.0715844254637656	0.985907779499035	3.75333198405214	-3.75333198405214	359	555	Genic/other	0	Heritable	0.601273550977933	0.918717742893684	0.00558429785019515	0	0	0	6.01273550977933	5.88332238848828	6.32076829425058	0	1.3226439772189
BA_only	hippocampus	AA	psi	chr11_55872697_55873608	chr11	55872697	55873608	2	2	0	0	0.308717249596439	0.993663620961428	0.480423072411672	-0.480423072411672	911	94	Genic/other	1	Heritable	0.288179907586954	0.760124873800201	0.00990970368117291	176223	0	0	2.88179907586954	6.81454289725996	4.55387689160054	12.0795111920622	-0.733088141613207
BA_only	hippocampus	AA	psi	chr11_5595837_5596276	chr11	5595837	5596276	29	29	0	0	0.0128142027551569	0.962448870652374	4.73119907189885	-4.73119907189885	439	553	Promoter	0	Heritable	0.12055316720868	0.917232929556455	0.00543535030925148	0	0	0	1.2055316720868	6.08449941307517	6.31716468674728	0	1.55417867606356
BA_only	hippocampus	AA	psi	chr11_5683986_5684259	chr11	5683986	5684259	28	28	0	0	0.00710597598281768	0.931602204679102	3.11517990355885	-3.11517990355885	273	539	Genic/other	0	Heritable	0.162804805556774	0.9349518452445	0.007852925501093	0	0	0	1.62804805556774	5.60947179518496	6.29156913955832	0	1.13628690773329
BA_only	hippocampus	AA	psi	chr11_57289409_57290018	chr11	57289409	57290018	38	38	0	0	0.0188038118912577	0.972503866121758	2.4982073758575	2.4982073758575	609	225	Intergenic	0	Non-heritable	0.0978898715779903	0.832433243715466	0.00851634489916419	8194	0	0	0.978898715779903	6.4118182677099	5.42053499927229	9.01127949117793	0.915573429016961
BA_only	hippocampus	AA	psi	chr11_5764850_5765903	chr11	5764850	5765903	29	29	0	0	0.0111458337199438	0.948703871232836	6.20956718774487	6.20956718774487	1053	518	Genic/other	0	Heritable	0.255538472693311	0.924210966809389	0.00871048865815639	30667	0	0	2.55538472693311	6.95939851213398	6.25190388316589	10.3309750446788	1.82609119911161
BA_only	hippocampus	AA	psi	chr11_58011994_58013380	chr11	58011994	58013380	20	20	0	0	0.0384903707015143	0.980549382116533	2.30941894609192	2.30941894609192	1386	161	Intergenic	0	Heritable	0.334544767542182	0.751449683474372	0.00708139876938005	111258	0	0	3.34544767542182	7.23417717974985	5.08759633523238	11.6196160956328	0.836995958734338
BA_only	hippocampus	AA	psi	chr11_58405206_58407471	chr11	58405206	58407471	5	5	0	0	0.140896090976186	0.991064867102684	0.566587733787801	-0.566587733787801	2265	167	Promoter	0	Heritable	0.67271014183386	0.882734568727081	0.00890886011885114	90918	0	0	6.7271014183386	7.72533003791714	5.12396397940326	11.4177242792258	-0.568123322974282
BA_only	hippocampus	AA	psi	chr11_58576771_58577067	chr11	58576771	58577067	5	5	0	0	0.52400469289036	0.995736315306933	0.216226363187282	-0.216226363187282	296	178	Promoter	1	Non-heritable	0.0930037755523295	0.754591394554894	0.0141454193083365	0	0	0	0.930037755523295	5.69035945432406	5.18738580584076	0	-1.53142939607655
BA_only	hippocampus	AA	psi	chr11_58900383_58900682	chr11	58900383	58900682	305	305	0	0	0.00394862705078818	0.876132919298309	4.03999544475591	-4.03999544475591	299	180	Genic/other	0	Heritable	0.305900235377148	0.818624782141675	0.00758923543381067	0	0	0	3.05900235377148	5.70044357339069	5.19849703126583	0	1.39624356691201
BA_only	hippocampus	AA	psi	chr11_59062148_59063265	chr11	59062148	59063265	305	305	0	0	0.0027704815241493	0.842029831452187	12.1426201017258	12.1426201017258	1117	196	Genic/other	2	Heritable	0.136236138969418	0.814158243462065	0.01391231620651	0	0	0	1.36236138969418	7.0184017990692	5.28320372873799	0	2.49672158703367
BA_only	hippocampus	AA	psi	chr11_59101391_59101975	chr11	59101391	59101975	304	304	0	0	0.000131059380165455	0.426914408246899	4.97677085142704	4.97677085142704	584	208	Intergenic	1	Heritable	0.106405309000959	0.797766030086784	0.00953130678815743	0	0	0	1.06405309000959	6.36990098282823	5.34233425196481	0	1.60478125932029
BA_only	hippocampus	AA	psi	chr11_5938483_5938828	chr11	5938483	5938828	15	15	0	0	0.0448848397358331	0.981395945960329	5.15137662385385	5.15137662385385	345	569	Promoter	0	Non-heritable	0.0972944216355421	0.931306195992087	0.00797148049762023	3545	0	0	0.972944216355421	5.84354441703136	6.3456363608286	8.17357548663415	1.63926398649979
BA_only	hippocampus	AA	psi	chr11_59538063_59538346	chr11	59538063	59538346	131	131	0	0	0.00100111090543664	0.718185739473938	3.37251602751368	3.37251602751368	283	205	Intergenic	0	Heritable	0.217184708377099	0.777990698973776	0.00697688950980747	0	0	0	2.17184708377099	5.64544689764324	5.32787616878958	0	1.21565906446687
BA_only	hippocampus	AA	psi	chr11_59823068_59823157	chr11	59823068	59823157	123	123	0	0	0.0346681861359265	0.980327953711174	1.3167340991117	-1.3167340991117	89	192	Intergenic	0	Heritable	0.103644867922189	0.743591829254697	0.0151222143876204	12463	0	0	1.03644867922189	4.48863636973214	5.26269018890489	9.43059976811053	0.275154511043265
BA_only	hippocampus	AA	psi	chr11_59824277_59824403	chr11	59824277	59824403	123	123	0	0	0.0212747717455692	0.975932065139872	1.84236392954884	-1.84236392954884	126	195	Intergenic	0	Non-heritable	0.0497904016104071	0.691327294112271	0.00877660327248677	12947	0	0	0.497904016104071	4.83628190695148	5.27811465923052	9.46869661504613	0.611049496790914
BA_only	hippocampus	AA	psi	chr11_60326385_60328221	chr11	60326385	60328221	57	57	0	0	0.0451756451470649	0.981395945960329	2.92393343630133	-2.92393343630133	1836	296	Promoter	0	Heritable	0.699831700725237	0.883077363868926	0.00917461190246065	6820	0	0	6.99831700725237	7.51534457118044	5.6937321388027	8.82776136765472	1.07292978044564
BA_only	hippocampus	AA	psi	chr11_604659_605164	chr11	604659	605164	335	335	0	0	0.000722059657666598	0.673766456790362	7.47526822910371	7.47526822910371	505	444	Genic/other	0	Heritable	0.164913948763716	0.910320173158867	0.0104442941994765	135	0	0	1.64913948763716	6.22455842927536	6.09807428216624	4.91265488573605	2.01160000346283
BA_only	hippocampus	AA	psi	chr11_60915459_60915897	chr11	60915459	60915897	77	77	0	0	0.0285448257585833	0.975932065139872	2.64644812162304	2.64644812162304	438	319	Enhancer	1	Heritable	0.13016221018821	0.871155251931972	0.00837953098804007	1472	0	0	1.3016221018821	6.08221891037645	5.76832099579377	7.29505641646263	0.973218413266124
BA_only	hippocampus	AA	psi	chr11_60948078_60948471	chr11	60948078	60948471	70	70	0	0	0.00711661842298488	0.931602204679102	2.86416787622964	2.86416787622964	393	306	Promoter	1	Heritable	0.212472548498192	0.867870835107984	0.00802299857770396	0	0	0	2.12472548498192	5.97380961186926	5.7268477475872	0	1.05227786687393
BA_only	hippocampus	AA	psi	chr11_61008411_61008832	chr11	61008411	61008832	62	62	0	0	0.00805178632248617	0.933559278800072	1.39855034480382	1.39855034480382	421	286	Promoter	1	Heritable	0.476221636469246	0.846090006723298	0.00885127042301881	12	0	0	4.76221636469246	6.04263283368238	5.65948221575962	2.56494935746154	0.335436239306854
BA_only	hippocampus	AA	psi	chr11_61149940_61150147	chr11	61149940	61150147	141	141	0	0	0.00935780859574572	0.939841915020693	2.35157415944844	-2.35157415944844	207	326	Genic/other	0	Non-heritable	0.0649760011893339	0.805087059883321	0.0073633652076659	0	0	0	0.649760011893339	5.33271879326537	5.78996017089725	0	0.855084963240203
BA_only	hippocampus	AA	psi	chr11_61566661_61566955	chr11	61566661	61566955	363	363	0	0	0.00646995619206446	0.92284858637232	9.51217473199896	-9.51217473199896	294	334	Genic/other	1	Non-heritable	0.0405466602537852	0.835789765282666	0.00660600326315114	15276	0	0	0.405466602537852	5.68357976733868	5.81413053182507	9.63410370836572	2.25257252990929
BA_only	hippocampus	AA	psi	chr11_61636668_61637418	chr11	61636668	61637418	301	301	0	0	0.00154615267987522	0.777132814755397	12.4963967785619	12.4963967785619	750	325	Promoter	0	Non-heritable	0.0903652281852277	0.865174152554775	0.00763835267146498	82	0	0	0.903652281852277	6.62007320653036	5.78689738136671	4.4188406077966	2.5254403458392
BA_only	hippocampus	AA	psi	chr11_61638603_61638797	chr11	61638603	61638797	301	301	0	0	0.00554251294584644	0.914301706404424	5.01394062834077	-5.01394062834077	194	335	Genic/other	0	Non-heritable	0.0969354281830663	0.870650023477931	0.00639786978898129	2017	0	0	0.969354281830663	5.26785815906333	5.8171111599632	7.60986220091355	1.61222216048388
BA_only	hippocampus	AA	psi	chr11_61695872_61696210	chr11	61695872	61696210	229	229	0	0	0.00907510593941541	0.938585776116121	3.71900968528973	3.71900968528973	338	337	Enhancer	0	Heritable	0.121217319811465	0.877473409993916	0.00774405242451721	24656	0	0	1.21217319811465	5.82304589548302	5.82304589548302	10.1128161148166	1.31345742190101
BA_only	hippocampus	AA	psi	chr11_61749425_61750231	chr11	61749425	61750231	239	239	0	0	0.00909501635314643	0.938585776116121	3.15852709508855	-3.15852709508855	806	342	Promoter	1	Heritable	0.140102007389495	0.882313551685313	0.00840893728679974	0	0	0	1.40102007389495	6.69208374250663	5.83773044716594	0	1.15010581295302
BA_only	hippocampus	AA	psi	chr11_61753161_61758071	chr11	61753161	61758071	150	150	0	0	0.000240319215238505	0.503902674622265	2.40354895684111	2.40354895684111	4910	347	Promoter	2	Heritable	0.126668540911729	0.856401054713023	0.00854114298348314	0	0	0	1.26668540911729	8.49902922078857	5.85220247977447	0	0.876946381283983
BA_only	hippocampus	AA	psi	chr11_61760623_61761723	chr11	61760623	61761723	139	139	0	0	0.0104749186070754	0.944902218841749	3.07144429165172	3.07144429165172	1100	341	Genic/other	0	Heritable	0.112018115893311	0.809942262216477	0.00730691770403656	3312	0	0	1.12018115893311	7.00306545878646	5.83481073706261	8.1056094022999	1.12214790753319
BA_only	hippocampus	AA	psi	chr11_61850949_61851214	chr11	61850949	61851214	112	112	0	0	0.00416213616975175	0.883913411287947	3.47507848279598	3.47507848279598	265	356	Genic/other	0	Non-heritable	0.0702359005808932	0.864342199858467	0.00804521701970299	2789	0	0	0.702359005808932	5.57972982598622	5.87773578177964	7.93379687481541	1.24561706661661
BA_only	hippocampus	AA	psi	chr11_61898558_61898720	chr11	61898558	61898720	103	103	0	0	0.00753839570091833	0.933559278800072	3.51342986876346	3.51342986876346	162	360	Genic/other	0	Non-heritable	0.070323243469681	0.818421732895887	0.0063431366875227	0	0	0	0.70323243469681	5.08759633523238	5.88887795833288	0	1.25659273379149
BA_only	hippocampus	AA	psi	chr11_61899275_61899620	chr11	61899275	61899620	103	103	0	0	0.0163161980832969	0.969245141301252	2.27340227383124	2.27340227383124	345	360	Promoter	0	Non-heritable	0.0806995811144342	0.874870408476529	0.00736972594773366	0	0	0	0.806995811144342	5.84354441703136	5.88887795833288	0	0.821277512858356
BA_only	hippocampus	AA	psi	chr11_61994778_61995289	chr11	61994778	61995289	102	102	0	0	0.00696242219262639	0.931142875577777	2.93964886355512	-2.93964886355512	511	412	Enhancer	0	Heritable	0.111263687576702	0.902092630790902	0.00731414524422933	19397	0	0	1.11263687576702	6.2363695902037	6.02344759296103	9.87292524695349	1.0782901434546
BA_only	hippocampus	AA	psi	chr11_62061668_62062395	chr11	62061668	62062395	66	66	0	0	0.00290233009614695	0.846222391562562	2.12939467330004	2.12939467330004	727	386	Genic/other	0	Heritable	0.114079910943597	0.91012627303928	0.00761985538942538	15097	0	0	1.14079910943597	6.58892647753352	5.95842469302978	9.62231756369957	0.755837753088658
BA_only	hippocampus	AA	psi	chr11_62081099_62081363	chr11	62081099	62081363	46	46	0	0	0.0270845593717601	0.975932065139872	4.42585045371438	4.42585045371438	264	393	Genic/other	0	Heritable	0.112147376198526	0.886598025373948	0.00768638420604457	0	0	0	1.12147376198526	5.57594910314632	5.97635090929793	0	1.48746245518245
BA_only	hippocampus	AA	psi	chr11_62433572_62434115	chr11	62433572	62434115	47	47	0	0	0.00320161896927469	0.853185837570312	2.35155879200505	-2.35155879200505	543	316	Genic/other	0	Heritable	0.129343665255064	0.840176928057596	0.00721419975578438	0	0	0	1.29343665255064	6.29710931993394	5.75890177387728	0	0.855078428258741
BA_only	hippocampus	AA	psi	chr11_62436312_62436870	chr11	62436312	62436870	47	47	0	0	0.0553579879907463	0.98577631996496	1.88123083055695	-1.88123083055695	558	325	Genic/other	0	Heritable	0.149405592956811	0.859277673967127	0.0072934367545525	0	0	0	1.49405592956811	6.32435896238131	5.78689738136671	0	0.631926265041632
BA_only	hippocampus	AA	psi	chr11_62443987_62445258	chr11	62443987	62445258	60	60	0	0	0.00394523636028324	0.876132919298309	3.27510202395437	-3.27510202395437	1271	316	Enhancer	2	Heritable	0.189833818384289	0.822810014877237	0.00567670371201022	0	0	0	1.89833818384289	7.14755927118945	5.75890177387728	0	1.18634902400781
BA_only	hippocampus	AA	psi	chr11_62505339_62505915	chr11	62505339	62505915	93	93	0	0	0.0148801049405233	0.966089857218066	2.2470940616154	-2.2470940616154	576	302	Enhancer	0	Non-heritable	0.0853007235146541	0.682769549899317	0.00702199626924892	0	0	0	0.853007235146541	6.35610766069589	5.71373280550937	0	0.809637857754274
BA_only	hippocampus	AA	psi	chr11_62592741_62593351	chr11	62592741	62593351	119	119	0	0	0.021261684676026	0.975932065139872	2.66029629213364	-2.66029629213364	610	288	Genic/other	1	Non-heritable	0.0485041569942932	0.857903383195552	0.00656602913853013	1220	0	0	0.485041569942932	6.41345895716736	5.66642668811243	7.10742547411071	0.978437508369568
BA_only	hippocampus	AA	psi	chr11_62666196_62666560	chr11	62666196	62666560	387	387	0	0	0.00086186393723384	0.695706089555288	2.82272083655041	-2.82272083655041	364	293	Promoter	1	Heritable	0.58846847908236	0.854058060102659	0.0146499368825989	0	0	0	5.8846847908236	5.89715386763674	5.68357976733868	0	1.03770125899413
BA_only	hippocampus	AA	psi	chr11_62747635_62747768	chr11	62747635	62747768	393	393	0	0	0.000660448163464685	0.660644830675263	5.02600381258569	-5.02600381258569	133	267	Intergenic	0	Heritable	0.13068066339514	0.832616943646429	0.0098920952568445	5946	0	0	1.3068066339514	4.89034912822175	5.59098698051086	8.69064216970659	1.61462519968333
BA_only	hippocampus	AA	psi	chr11_62895925_62896202	chr11	62895925	62896202	379	379	0	0	0.0123919868988558	0.959836775961539	14.6417232656265	-14.6417232656265	277	251	Intergenic	0	Heritable	0.134908153920844	0.828623085957926	0.00697925827027648	7272	0	0	1.34908153920844	5.62401750618734	5.52942908751142	8.89192414015454	2.68387521168965
BA_only	hippocampus	AA	psi	chr11_62926196_62926627	chr11	62926196	62926627	375	375	0	0	0.000979524807709133	0.716185863339116	4.82521843423474	4.82521843423474	431	232	Genic/other	1	Heritable	0.115900390022598	0.854916025674674	0.0074918004691458	0	0	0	1.15900390022598	6.06610809010375	5.4510384535657	0	1.57385600718267
BA_only	hippocampus	AA	psi	chr11_6320843_6320905	chr11	6320843	6320905	136	136	0	0	0.0280168773523097	0.975932065139872	1.87828713945764	1.87828713945764	62	524	Promoter	1	Heritable	0.120920514564934	0.934947304760143	0.00664345362539534	0	0	0	1.20920514564934	4.12713438504509	6.26339826259162	0	0.630360270832425
BA_only	hippocampus	AA	psi	chr11_63488705_63490127	chr11	63488705	63490127	36	36	0	0	0.0240779372554339	0.975932065139872	2.80423818247812	-2.80423818247812	1422	280	Genic/other	2	Heritable	0.14369341100987	0.815349893668335	0.00704201550001342	0	0	0	1.4369341100987	7.25981961036319	5.63835466933375	0	1.03113191295329
BA_only	hippocampus	AA	psi	chr11_63549174_63549604	chr11	63549174	63549604	53	53	0	0	0.0170352291514984	0.970581273335112	3.87616281781471	3.87616281781471	430	282	Intergenic	0	Non-heritable	0.0756525139117572	0.820549545018785	0.00726710559541402	4552	0	0	0.756525139117572	6.06378520868761	5.64544689764324	8.42354163533478	1.35484570238628
BA_only	hippocampus	AA	psi	chr11_63611138_63611522	chr11	63611138	63611522	83	83	0	0	0.0567723389671887	0.98577631996496	1.67467809050869	1.67467809050869	384	311	Genic/other	1	Non-heritable	0.0807730402578535	0.800552456120719	0.00806789319309035	0	0	0	0.807730402578535	5.95064255258773	5.74300318780948	0	0.515620968007536
BA_only	hippocampus	AA	psi	chr11_63763719_63763867	chr11	63763719	63763867	83	83	0	0	0.00629920853616418	0.920376068783091	3.01797756299935	-3.01797756299935	148	303	Genic/other	1	Non-heritable	0.0734301113651871	0.802807808026447	0.00528049667032976	1051	0	0	0.734301113651871	4.99721227376412	5.71702770140622	6.95844839329766	1.10458692923765
BA_only	hippocampus	AA	psi	chr11_637832_638641	chr11	637832	638641	343	343	0	0	0.00119440031643385	0.737813143637572	5.58217372166173	5.58217372166173	809	450	Promoter	1	Heritable	0.112786872954445	0.893656773372215	0.0100158058524106	0	0	0	1.12786872954445	6.69579891705849	6.11146733950268	0	1.71957825818081
BA_only	hippocampus	AA	psi	chr11_63880255_63880827	chr11	63880255	63880827	81	81	0	0	0.0110728135154286	0.948447257389615	1.66324023984735	-1.66324023984735	572	303	Genic/other	0	Heritable	0.126958479594591	0.892880367712483	0.0141204620595604	0	0	0	1.26958479594591	6.3491389913798	5.71702770140622	0	0.508767657513764
BA_only	hippocampus	AA	psi	chr11_639070_639241	chr11	639070	639241	343	343	0	0	0.000267543210181548	0.513598767755719	6.08326560303991	6.08326560303991	171	444	Genic/other	1	Non-heritable	0.0777064478982707	0.921432154210827	0.00921241363404529	0	0	0	0.777064478982707	5.14166355650266	6.09807428216624	0	1.8055416591954
BA_only	hippocampus	AA	psi	chr11_63915509_63915690	chr11	63915509	63915690	81	81	0	0	0.0238199543715542	0.975932065139872	3.915699868496	3.915699868496	181	296	Genic/other	1	Heritable	0.177159895931898	0.871790528894623	0.00684777895076652	3203	0	0	1.77159895931898	5.19849703126583	5.6937321388027	8.07215530818825	1.36499408191923
BA_only	hippocampus	AA	psi	chr11_63918755_63919213	chr11	63918755	63919213	81	81	0	0	0.00407667284800753	0.881445490079614	10.7269073171052	-10.7269073171052	458	301	Genic/other	1	Heritable	0.147119088130491	0.846417966277594	0.00436824327350773	6449	0	0	1.47119088130491	6.12686918411419	5.71042701737487	8.77183540978982	2.37275528835967
BA_only	hippocampus	AA	psi	chr11_63919775_63920040	chr11	63919775	63920040	82	82	0	0	0.00984420600268508	0.941963525215441	4.79103742044804	4.79103742044804	265	295	Genic/other	1	Non-heritable	0.0897468071226974	0.847536629211883	0.0060440618027988	7469	0	0	0.897468071226974	5.57972982598622	5.69035945432406	8.91865027812686	1.56674697052921
BA_only	hippocampus	AA	psi	chr11_6402059_6402363	chr11	6402059	6402363	167	167	0	0	0.00765636107504048	0.933559278800072	3.00145217234162	-3.00145217234162	304	546	Promoter	0	Heritable	0.162525272168914	0.934206434614656	0.00452872539401284	0	0	0	1.62525272168914	5.71702770140622	6.30444880242198	0	1.09909623232902
BA_only	hippocampus	AA	psi	chr11_64045074_64045263	chr11	64045074	64045263	187	187	0	0	0.00505010453831633	0.909885926705608	3.1738392780492	3.1738392780492	189	289	Genic/other	0	Heritable	0.10857814951421	0.84552572701681	0.00774006818973752	0	0	0	1.0857814951421	5.24174701505964	5.66988092298052	0	1.15494198693734
BA_only	hippocampus	AA	psi	chr11_64047789_64048832	chr11	64047789	64048832	189	189	0	0	0.00423894057893856	0.886618456195908	12.6631993568974	-12.6631993568974	1043	300	Genic/other	0	Heritable	0.127936838970688	0.842673280636873	0.00666092295027534	0	0	0	1.27936838970688	6.94985645500077	5.70711026474888	0	2.53870009939392
BA_only	hippocampus	AA	psi	chr11_64051355_64051698	chr11	64051355	64051698	189	189	0	0	0.0135228179088054	0.964283399649536	4.95477792927903	-4.95477792927903	343	301	Genic/other	0	Heritable	0.107994324356563	0.852931822206838	0.00706058711253903	0	0	0	1.07994324356563	5.83773044716594	5.71042701737487	0	1.60035235129416
BA_only	hippocampus	AA	psi	chr11_64055851_64057074	chr11	64055851	64057074	191	191	0	0	0.00319248018376986	0.853185837570312	5.09588216919618	5.09588216919618	1223	294	Genic/other	0	Heritable	0.100626481424385	0.85266780550823	0.00725243270294209	0	0	0	1.00626481424385	7.10906213568717	5.68697535633982	0	1.62843279775066
BA_only	hippocampus	AA	psi	chr11_64058554_64058947	chr11	64058554	64058947	191	191	0	0	0.0033625218621257	0.864842488415492	7.10998035587761	7.10998035587761	393	292	Genic/other	0	Heritable	0.15102609520538	0.874657404250131	0.00824787819433863	0	0	0	1.5102609520538	5.97380961186926	5.68017260901707	0	1.96149948233139
BA_only	hippocampus	AA	psi	chr11_64063706_64064523	chr11	64063706	64064523	175	175	0	0	0.0167808813436782	0.970581273335112	5.00240883922061	5.00240883922061	817	290	Genic/other	0	Non-heritable	0.0390244215776151	0.801533724249702	0.00811673766549599	0	0	0	0.390244215776151	6.70563909486	5.67332326717149	0	1.60991956626439
BA_only	hippocampus	AA	psi	chr11_64071595_64072274	chr11	64071595	64072274	177	177	0	0	0.00800597088301694	0.933559278800072	3.3842123742008	3.3842123742008	679	288	Genic/other	0	Heritable	0.110074873574005	0.798371743258307	0.006466897215009	0	0	0	1.10074873574005	6.5206211275587	5.66642668811243	0	1.21912120106322
BA_only	hippocampus	AA	psi	chr11_64083551_64083751	chr11	64083551	64083751	175	175	0	0	0.0102286881464573	0.944902218841749	3.13198496155611	3.13198496155611	200	293	Genic/other	1	Heritable	0.112888947132135	0.816450133004441	0.00713215831996113	0	0	0	1.12888947132135	5.29831736654804	5.68357976733868	0	1.14166697976331
BA_only	hippocampus	AA	psi	chr11_64086849_64087392	chr11	64086849	64087392	176	176	0	0	0.0137390133307408	0.964441318501853	7.57388216023983	7.57388216023983	543	294	Genic/other	1	Non-heritable	0.0705111955986236	0.841068288590938	0.00575751972511465	0	0	0	0.705111955986236	6.29710931993394	5.68697535633982	0	2.02470577222099
BA_only	hippocampus	AA	psi	chr11_64089294_64089872	chr11	64089294	64089872	176	176	0	0	0.016345963124496	0.969245141301252	5.78135161071843	5.78135161071843	578	288	Genic/other	1	Heritable	0.116923407618562	0.836628801416209	0.00793323603593401	0	0	0	1.16923407618562	6.35957386867238	5.66642668811243	0	1.7546374997619
BA_only	hippocampus	AA	psi	chr11_64092130_64093038	chr11	64092130	64093038	176	176	0	0	0.00174978381375501	0.793095751495605	6.57880541426831	6.57880541426831	908	287	Genic/other	0	Non-heritable	0.0746520176988109	0.8215545643741	0.00821043893228038	0	0	0	0.746520176988109	6.81124437860129	5.66296048013595	0	1.88385318239189
BA_only	hippocampus	AA	psi	chr11_64097271_64097742	chr11	64097271	64097742	177	177	0	0	0.00215627886828427	0.815187053503819	3.54710310769388	3.54710310769388	471	285	Genic/other	0	Heritable	0.104378977946922	0.860382729701787	0.00819393399220148	0	0	0	1.04378977946922	6.15485809401642	5.65599181081985	0	1.26613124717434
BA_only	hippocampus	AA	psi	chr11_6410436_6411820	chr11	6410436	6411820	167	167	0	0	0.00317434093031583	0.853185837570312	3.01287057360349	-3.01287057360349	1384	543	Genic/other	0	Non-heritable	0.0852848805268393	0.940214579281647	0.0079801843767856	0	0	0	0.852848805268393	7.23273313617762	6.29894924685594	0	1.10289330655507
BA_only	hippocampus	AA	psi	chr11_64126908_64127032	chr11	64126908	64127032	184	184	0	0	7.81063492486302e-05	0.343226691346559	5.95531203842708	5.95531203842708	124	286	Promoter	0	Heritable	0.102041043469248	0.822890236131789	0.00533373236075099	0	0	0	1.02041043469248	4.82028156560504	5.65948221575962	0	1.78428360251365
BA_only	hippocampus	AA	psi	chr11_64147902_64148114	chr11	64147902	64148114	157	157	0	0	0.00722807331499328	0.931602204679102	4.2831404753888	-4.2831404753888	212	276	Genic/other	0	Heritable	0.176642099089731	0.816215608057248	0.00887860548925276	0	0	0	1.76642099089731	5.35658627467201	5.62401750618734	0	1.45468649879313
BA_only	hippocampus	AA	psi	chr11_64360167_64360244	chr11	64360167	64360244	152	152	0	0	0.0116713416376296	0.953459148646986	4.71717734781564	4.71717734781564	77	296	Promoter	1	Non-heritable	0.0982888235765119	0.860412605117761	0.00469073564281178	3	0	0	0.982888235765119	4.34380542185368	5.6937321388027	1.38629436111989	1.55121060330179
BA_only	hippocampus	AA	psi	chr11_64511412_64511773	chr11	64511412	64511773	72	72	0	0	0.0174951604902297	0.970581273335112	4.0191512980128	-4.0191512980128	361	306	Intergenic	0	Heritable	0.103818647567649	0.87234328958665	0.00673988381416781	10742	0	0	1.03818647567649	5.88887795833288	5.7268477475872	9.28200965866654	1.39107076293276
BA_only	hippocampus	AA	psi	chr11_64642095_64642539	chr11	64642095	64642539	103	103	0	0	0.00228154841706856	0.820192749465547	2.60499154153789	-2.60499154153789	444	264	Genic/other	2	Heritable	0.116925123347422	0.821353741992557	0.00558071931513624	0	0	0	1.16925123347422	6.09582456243223	5.57972982598622	0	0.957429432028436
BA_only	hippocampus	AA	psi	chr11_64874432_64875086	chr11	64874432	64875086	185	185	0	0	0.00258269251145946	0.833258918532135	4.8155033064122	-4.8155033064122	654	274	Genic/other	1	Non-heritable	0.0688058381477858	0.758869592868543	0.00790016049852019	3400	0	0	0.688058381477858	6.4831073514572	5.61677109766657	8.1318247850072	1.57184057071384
BA_only	hippocampus	AA	psi	chr11_65291687_65292955	chr11	65291687	65292955	365	365	0	0	0.0102614409926203	0.944902218841749	3.25646780478449	-3.25646780478449	1268	256	Enhancer	0	Heritable	0.134999856900534	0.841672552582553	0.00925792780563867	1696	0	0	1.34999856900534	7.14519613499717	5.54907608489522	7.43661726523423	1.180643115579
BA_only	hippocampus	AA	psi	chr11_65301473_65301892	chr11	65301473	65301892	341	341	0	0	0.00273489781746722	0.840817154309229	4.28061053615906	-4.28061053615906	419	240	Genic/other	0	Heritable	0.142280356259069	0.863017943456028	0.00684682877179931	0	0	0	1.42280356259069	6.03787091992214	5.48479693349066	0	1.45409565039177
BA_only	hippocampus	AA	psi	chr11_65310559_65311227	chr11	65310559	65311227	338	338	0	0	0.00630651930558384	0.920376068783091	5.5028503111591	-5.5028503111591	668	247	Genic/other	1	Heritable	0.172060436950171	0.86519754032531	0.00755230981722907	0	0	0	1.72060436950171	6.50428817353665	5.51342874616498	0	1.70526619820909
BA_only	hippocampus	AA	psi	chr11_65321984_65322571	chr11	65321984	65322571	350	350	0	0	0.000979847685895102	0.716185863339116	5.25839865727749	5.25839865727749	587	233	Genic/other	0	Non-heritable	0.0705891575853325	0.760916943292511	0.00846867225543682	1439	0	0	0.705891575853325	6.3750248198281	5.4553211153577	7.27239839257005	1.65982654452081
BA_only	hippocampus	AA	psi	chr11_65339698_65340536	chr11	65339698	65340536	344	344	0	0	0.00433670615841308	0.888539612676336	6.3506665226942	6.3506665226942	838	234	Promoter	0	Non-heritable	0.0613853832246217	0.723529330634185	0.00867413366385527	0	0	0	0.613853832246217	6.73101810048208	5.45958551414416	0	1.84855977317469
BA_only	hippocampus	AA	psi	chr11_65423244_65423612	chr11	65423244	65423612	413	413	0	0	0.00330554852538704	0.859969426803329	6.02787981336466	6.02787981336466	368	242	Promoter	2	Non-heritable	0.0677415324318772	0.761067948495592	0.00656689064182849	0	0	0	0.677415324318772	5.90808293816893	5.49306144334055	0	1.79639534416284
BA_only	hippocampus	AA	psi	chr11_65479730_65480188	chr11	65479730	65480188	401	401	0	0	0.00289201092757815	0.845897687109742	5.20917606167098	-5.20917606167098	458	254	Genic/other	1	Heritable	0.145456728977823	0.841910392347069	0.00652507404294378	7975	0	0	1.45456728977823	6.12686918411419	5.54126354515843	8.98419231164167	1.65042169962604
BA_only	hippocampus	AA	psi	chr11_6571048_6571362	chr11	6571048	6571362	175	175	0	0	0.00378157515264388	0.871232310780983	3.34282698947848	3.34282698947848	314	519	Genic/other	1	Heritable	0.113796493976477	0.958506877517077	0.00770448849494962	0	0	0	1.13796493976477	5.74939298590825	6.25382881157547	0	1.20681685601766
BA_only	hippocampus	AA	psi	chr11_658460_658769	chr11	658460	658769	342	342	0	0	0.000520629857550489	0.624491809779656	4.04803909145972	4.04803909145972	309	463	Genic/other	1	Heritable	0.141544854968494	0.910396538320616	0.0107384033484566	0	0	0	1.41544854968494	5.73334127689775	6.13988455222626	0	1.39823259139002
BA_only	hippocampus	AA	psi	chr11_6605444_6606097	chr11	6605444	6606097	135	135	0	0	0.00174684788027897	0.793095751495605	2.40150360186245	-2.40150360186245	653	521	Genic/other	2	Heritable	0.131592668304147	0.909864832897958	0.00792789960564476	1217	0	0	1.31592668304147	6.48157712927643	6.25766758788264	7.10496544826984	0.876095046124297
BA_only	hippocampus	AA	psi	chr11_66069001_66069181	chr11	66069001	66069181	181	181	0	0	0.00107448075766642	0.722686423005282	3.39713630646509	3.39713630646509	180	239	Genic/other	1	Heritable	0.110792919171529	0.816517775240123	0.00784141204881217	0	0	0	1.10792919171529	5.19295685089021	5.48063892334199	0	1.22293281685878
BA_only	hippocampus	AA	psi	chr11_66222138_66222551	chr11	66222138	66222551	179	179	0	0	0.0174598918182197	0.970581273335112	2.68627247046319	2.68627247046319	413	205	Genic/other	0	Heritable	0.12351933900129	0.718940684213248	0.0096542747004498	2391	0	0	1.2351933900129	6.02344759296103	5.32787616878958	7.77988511507052	0.988154537655504
BA_only	hippocampus	AA	psi	chr11_66281673_66282001	chr11	66281673	66282001	193	193	0	0	0.0133433232694625	0.964283399649536	1.39800136202534	-1.39800136202534	328	207	Promoter	1	Non-heritable	0.0795602438024235	0.658346324071625	0.0120959807441915	325	0	0	0.795602438024235	5.79301360838414	5.33753807970132	5.78689738136671	0.335043625231266
BA_only	hippocampus	AA	psi	chr11_66292955_66293201	chr11	66292955	66293201	194	194	0	0	0.00910070812739164	0.938585776116121	3.85075338879633	-3.85075338879633	246	199	Genic/other	1	Heritable	0.182410389898229	0.774716494823503	0.00644607426864204	1344	0	0	1.82410389898229	5.50533153593236	5.29831736654804	7.20414929203594	1.34826881715434
BA_only	hippocampus	AA	psi	chr11_66559218_66559338	chr11	66559218	66559338	187	187	0	0	0.0212662302906028	0.975932065139872	4.43612160681672	-4.43612160681672	120	178	Genic/other	1	Heritable	0.14987507546517	0.758686265192041	0.00669425173696506	4668	0	0	1.4987507546517	4.78749174278205	5.18738580584076	8.44870019497094	1.48978048498623
BA_only	hippocampus	AA	psi	chr11_66578610_66578929	chr11	66578610	66578929	189	189	0	0	0.0122606978593949	0.958193242578116	2.313971542249	-2.313971542249	319	184	Intergenic	0	Heritable	0.117259013130746	0.575768086527172	0.0293662350302359	9891	0	0	1.17259013130746	5.76519110278484	5.22035582507832	9.19948162864131	0.838965334940082
BA_only	hippocampus	AA	psi	chr11_66642996_66643769	chr11	66642996	66643769	176	176	0	1	8.15862482995524e-06	0.0859629796742402	2.73035467212704	2.73035467212704	773	189	Promoter	2	Heritable	0.111231848055969	0.736419024699883	0.00841218270251562	0	0	1	1.11231848055969	6.65027904858742	5.24702407216049	0	1.00443152095103
BA_only	hippocampus	AA	psi	chr11_66694664_66695080	chr11	66694664	66695080	135	135	0	0	0.00402418645423478	0.877181378423641	5.61164092829358	-5.61164092829358	416	184	Genic/other	1	Non-heritable	0.0772020494876765	0.727518228949439	0.00850424491409652	2127	0	0	0.772020494876765	6.03068526026126	5.22035582507832	7.66293785046154	1.72484317913375
BA_only	hippocampus	AA	psi	chr11_66982127_66982506	chr11	66982127	66982506	42	42	0	0	0.00864978607271581	0.933559278800072	1.65985854018247	1.65985854018247	379	141	Intergenic	0	Non-heritable	0.0676559169077926	0.649780216706905	0.0092261099432743	23804	0	0	0.676559169077926	5.93753620508243	4.95582705760126	10.0776509216286	0.506732388004359
BA_only	hippocampus	AA	psi	chr11_67410502_67410635	chr11	67410502	67410635	179	179	0	0	0.00235292645473701	0.822334049093026	3.28817787874466	-3.28817787874466	133	272	Genic/other	1	Heritable	0.107726677396302	0.745097760520394	0.00691295401625061	0	0	0	1.07726677396302	4.89034912822175	5.60947179518496	0	1.19033357814671
BA_only	hippocampus	AA	psi	chr11_67414731_67415161	chr11	67414731	67415161	179	179	0	0	0.0185614664117032	0.972503866121758	3.1990492211655	-3.1990492211655	430	283	Promoter	1	Heritable	0.108493703064641	0.798884722894914	0.00724492913593631	0	0	0	1.08493703064641	6.06378520868761	5.64897423816121	0	1.16285365039742
BA_only	hippocampus	AA	psi	chr11_67416328_67417146	chr11	67416328	67417146	180	180	0	0	0.00125864225408189	0.748685029382681	4.34630342833599	4.34630342833599	818	280	Genic/other	1	Non-heritable	0.0463165156441712	0.686660430376617	0.00660498301886474	0	0	0	0.463165156441712	6.70686233660275	5.63835466933375	0	1.46932569953866
BA_only	hippocampus	AA	psi	chr11_67523295_67523809	chr11	67523295	67523809	193	193	0	0	0.000142641352397133	0.431795965327074	11.6327190686109	-11.6327190686109	514	306	Promoter	1	Non-heritable	0.0816931430681824	0.846801452894679	0.0084507387294326	0	0	0	0.816931430681824	6.24222326545517	5.7268477475872	0	2.4538217378807
BA_only	hippocampus	AA	psi	chr11_67615770_67616800	chr11	67615770	67616800	245	245	0	0	0.00103990676444221	0.721965237965727	3.93040196136691	-3.93040196136691	1030	299	Promoter	2	Heritable	0.331110272065606	0.836143990029581	0.00988583738737233	0	0	0	3.31110272065606	6.93731408122368	5.7037824746562	0	1.3687417034412
BA_only	hippocampus	AA	psi	chr11_67650170_67650742	chr11	67650170	67650742	262	262	0	0	9.91837294736669e-05	0.383183114324249	4.2934005393665	-4.2934005393665	572	302	Promoter	0	Heritable	0.132266193450334	0.86374436470897	0.00510520511029653	0	0	0	1.32266193450334	6.3491389913798	5.71373280550937	0	1.45707908779389
BA_only	hippocampus	AA	psi	chr11_67651962_67652862	chr11	67651962	67652862	252	252	0	0	0.00296014875001381	0.846261736290652	5.70406990073832	-5.70406990073832	900	301	Genic/other	0	Non-heritable	0.036993623591968	0.767602615751279	0.00562452736471781	0	0	0	0.36993623591968	6.80239476332431	5.71042701737487	0	1.74117993947768
BA_only	hippocampus	AA	psi	chr11_67885113_67885478	chr11	67885113	67885478	191	191	0	0	0.00736777923820974	0.933559278800072	6.61979266748157	-6.61979266748157	365	336	Promoter	0	Heritable	0.104162340473707	0.868428706205577	0.0063214162120227	0	0	0	1.04162340473707	5.89989735358249	5.82008293035236	0	1.89006405185754
BA_only	hippocampus	AA	psi	chr11_68010743_68011031	chr11	68010743	68011031	240	240	0	0	0.0169779150941471	0.970581273335112	4.14107685818963	4.14107685818963	288	372	Genic/other	0	Heritable	0.117364478411379	0.882966250250089	0.00756546068935866	0	0	0	1.17364478411379	5.66296048013595	5.92157841964382	0	1.42095586710296
BA_only	hippocampus	AA	psi	chr11_680480_680749	chr11	680480	680749	321	321	0	0	0.00370775203325843	0.867953489674172	4.81229592303269	4.81229592303269	269	469	Genic/other	0	Heritable	0.117041828154562	0.907662653669659	0.00853850534523905	0	0	0	1.17041828154562	5.59471137960184	6.1527326947041	0	1.57117429518917
BA_only	hippocampus	AA	psi	chr11_68257773_68257965	chr11	68257773	68257965	110	110	0	0	0.0172773056205692	0.970581273335112	4.04402087523118	-4.04402087523118	192	271	Intergenic	0	Heritable	0.108343448234931	0.84677043929765	0.00755741808974151	4952	0	0	1.08343448234931	5.25749537202778	5.605802066296	8.50774873258824	1.3972394656432
BA_only	hippocampus	AA	psi	chr11_68265969_68266912	chr11	68265969	68266912	103	103	0	0	0.0126748593999884	0.961717006536833	2.45001137257884	-2.45001137257884	943	271	Genic/other	0	Non-heritable	0.0862850562944417	0.794523921708389	0.00800897155948186	0	0	0	0.862850562944417	6.84906628263346	5.605802066296	0	0.89609267049639
BA_only	hippocampus	AA	psi	chr11_6858785_6860081	chr11	6858785	6860081	46	46	0	0	0.00781215753799771	0.933559278800072	5.01122788347422	5.01122788347422	1296	493	Genic/other	0	Heritable	0.506005603362979	0.91344317081017	0.00668132809288628	4218	0	0	5.06005603362979	7.16703787691222	6.20253551718792	8.34735341212434	1.6116809735853
BA_only	hippocampus	AA	psi	chr11_68853980_68854371	chr11	68853980	68854371	129	129	0	0	0.0102042408029131	0.944902218841749	2.14639363290814	2.14639363290814	391	377	Intergenic	1	Heritable	0.142691810846532	0.889486695776928	0.00806754383796661	9834	0	0	1.42691810846532	5.96870755998537	5.93489419561959	9.19370273082316	0.763789058378777
BA_only	hippocampus	AA	psi	chr11_68869589_68870871	chr11	68869589	68870871	124	124	0	0	0.00610940220242002	0.920376068783091	2.16763808169436	-2.16763808169436	1282	381	Promoter	0	Heritable	0.332477623093775	0.902157167926261	0.0137949235883747	22121	0	0	3.32477623093775	7.15617663748062	5.94542060860658	10.0043278674622	0.773638137767428
BA_only	hippocampus	AA	psi	chr11_68890669_68891501	chr11	68890669	68891501	124	124	0	0	0.0164196789610716	0.969245141301252	2.88472597014295	2.88472597014295	832	380	Intergenic	1	Heritable	0.186180743816104	0.88474358239499	0.00957032690662751	1491	0	0	1.86180743816104	6.72383244082121	5.9427993751267	7.30787278076371	1.05942991456277
BA_only	hippocampus	AA	psi	chr11_68898028_68898164	chr11	68898028	68898164	124	124	0	0	0.00339161350235509	0.86593481253084	1.29078964146177	-1.29078964146177	136	372	Genic/other	0	Non-heritable	0.0722665319505019	0.891338656926854	0.00907864047176718	0	0	0	0.722665319505019	4.91265488573605	5.92157841964382	0	0.25525416401275
BA_only	hippocampus	AA	psi	chr11_69037452_69038096	chr11	69037452	69038096	126	126	0	0	0.00674642073407625	0.92655656508175	3.11686172076611	-3.11686172076611	644	442	Intergenic	0	Heritable	0.110498742599516	0.912954248678981	0.00727234054197366	19200	0	0	1.10498742599516	6.46769872610435	6.09356977004514	9.86271763999292	1.13682664008556
BA_only	hippocampus	AA	psi	chr11_69206018_69206324	chr11	69206018	69206324	52	52	0	0	0.0221238604449115	0.975932065139872	1.44116083798131	-1.44116083798131	306	498	Intergenic	0	Non-heritable	0.0857581355663065	0.880744342894393	0.00702896143833668	0	0	0	0.857581355663065	5.72358510195238	6.21260609575152	0	0.365448933259476
BA_only	hippocampus	AA	psi	chr11_69297009_69297408	chr11	69297009	69297408	26	26	0	0	0.0939773000646776	0.9898374025692	1.86340674712212	-1.86340674712212	399	564	Genic/other	0	Non-heritable	0.099975272315394	0.956323648161569	0.0086075832497313	0	0	0	0.99975272315394	5.98896141688986	6.33682573114644	0	0.62240640226037
BA_only	hippocampus	AA	psi	chr11_69380635_69380900	chr11	69380635	69380900	26	26	0	0	0.116581557318068	0.990898390030923	1.27611220720325	1.27611220720325	265	565	Intergenic	1	Non-heritable	0.0459928039076298	0.908014285484273	0.00567767538643577	36241	0	0	0.459928039076298	5.57972982598622	6.33859407820318	10.4979739462721	0.243818125572359
BA_only	hippocampus	AA	psi	chr11_69391551_69391735	chr11	69391551	69391735	26	26	0	0	0.133944538926968	0.991064867102684	1.59057827181147	-1.59057827181147	184	560	Intergenic	0	Non-heritable	0.071867292100901	0.905216769203721	0.00617546557551283	25406	0	0	0.71867292100901	5.21493575760899	6.3297209055227	10.1427800055897	0.464097649362096
BA_only	hippocampus	AA	psi	chr11_69471269_69471906	chr11	69471269	69471906	32	32	0	0	0.0302601144969271	0.976893291659941	1.82895827728445	-1.82895827728445	637	598	Intergenic	2	Non-heritable	0.0844971035418023	0.942057623551059	0.00940802944521829	3926	0	0	0.844971035418023	6.45676965557216	6.39526159811545	8.27563105457801	0.60374656285257
BA_only	hippocampus	AA	psi	chr11_69645156_69645471	chr11	69645156	69645471	21	21	0	0	0.0165903572996071	0.969892390754483	1.08577021185458	1.08577021185458	315	642	Genic/other	1	Heritable	0.130903100839971	0.955386940450918	0.00558007791723069	7844	0	0	1.30903100839971	5.75257263882563	6.46614472423762	8.96763166516713	0.0822896170390742
BA_only	hippocampus	AA	psi	chr11_69685474_69685598	chr11	69685474	69685598	20	20	0	0	0.0231517674879403	0.975932065139872	2.86239239095937	-2.86239239095937	124	629	Intergenic	1	Non-heritable	0.0935998789408065	0.961324961889923	0.00930879248063741	10283	0	0	0.935998789408065	4.82028156560504	6.44571981938558	9.23834456838578	1.05165777898937
BA_only	hippocampus	AA	psi	chr11_69918032_69918542	chr11	69918032	69918542	22	22	0	0	0.0168469265109542	0.970581273335112	1.57557764455049	-1.57557764455049	510	576	Intergenic	1	Non-heritable	0.083950518958561	0.934991151816371	0.00664812821562881	95255	0	0	0.83950518958561	6.23441072571837	6.3578422665081	11.464323283131	0.454621969829792
BA_only	hippocampus	AA	psi	chr11_70383784_70384164	chr11	70383784	70384164	63	63	0	0	0.0120504404779768	0.956258804297162	1.42386125616442	-1.42386125616442	380	515	Genic/other	0	Heritable	0.123294941006132	0.932181815300041	0.00838032253088256	0	0	0	1.23294941006132	5.94017125272043	6.24610676548156	0	0.353372382797283
BA_only	hippocampus	AA	psi	chr11_70410324_70410575	chr11	70410324	70410575	65	65	0	0	0.00372931659867364	0.868236155887141	4.86716427707845	4.86716427707845	251	476	Genic/other	1	Non-heritable	0.0830258671978006	0.933624268872047	0.00680879182265305	9934	0	0	0.830258671978006	5.52545293913178	6.16751649088834	9.20381915498592	1.58251148558847
BA_only	hippocampus	AA	psi	chr11_70717026_70717656	chr11	70717026	70717656	10	10	0	0	0.0631240552885673	0.985907779499035	4.06006728855374	4.06006728855374	630	366	Genic/other	2	Heritable	0.101586967420372	0.902319826992853	0.00699787677093277	18337	0	0	1.01586967420372	6.44571981938558	5.90536184805457	9.81673068860985	1.40119954947472
BA_only	hippocampus	AA	psi	chr11_70755291_70755372	chr11	70755291	70755372	10	10	0	0	0.0516117911232661	0.984153364580922	4.23101724403769	-4.23101724403769	81	377	Genic/other	0	Non-heritable	0.0892134927736472	0.821539819795218	0.00900243836133218	56602	0	0	0.892134927736472	4.39444915467244	5.93489419561959	10.9438172663202	1.44244244973427
BA_only	hippocampus	AA	psi	chr11_70828457_70828946	chr11	70828457	70828946	10	10	0	0	0.0300050593486621	0.976891416474381	7.99486431814035	7.99486431814035	489	393	Genic/other	1	Heritable	0.121101105037359	0.925471934238298	0.00704314974780758	0	0	0	1.21101105037359	6.19236248947487	5.97635090929793	0	2.07879937655348
BA_only	hippocampus	AA	psi	chr11_7088911_7089017	chr11	7088911	7089017	5	5	0	0	0.283241200351831	0.993663620961428	1.68154971005904	1.68154971005904	106	565	Promoter	1	Non-heritable	0.0783679567413155	0.930406454757009	0.00845721609322386	100694	0	0	0.783679567413155	4.66343909411207	6.33859407820318	11.519851425041	0.519715820633496
BA_only	hippocampus	AA	psi	chr11_711129_711408	chr11	711129	711408	318	318	0	0	0.00482854067856698	0.903845859635741	8.95298091649979	8.95298091649979	279	469	Genic/other	1	Heritable	0.166569160541452	0.945284105232399	0.00589532124721035	706	0	0	1.66569160541452	5.63121178182137	6.1527326947041	6.56103066589657	2.19198654124651
BA_only	hippocampus	AA	psi	chr11_71138919_71139248	chr11	71138919	71139248	3	3	0	0	0.0919610764647624	0.989446665475032	1.22023471282456	1.22023471282456	329	347	Genic/other	0	Heritable	0.100098378102181	0.884601318580617	0.00675904252827702	82437	0	0	1.00098378102181	5.79605775076537	5.85220247977447	11.3198017746422	0.199043235997311
BA_only	hippocampus	AA	psi	chr11_71152903_71153842	chr11	71152903	71153842	2	2	0	0	0.605319567172615	0.99681491114416	0.397805584579839	0.397805584579839	939	348	Genic/other	0	Non-heritable	0.0793372988054403	0.870994087999438	0.00944727533547959	70953	0	0	0.793372988054403	6.84481547920826	5.85507192220243	11.1697870587298	-0.921791848860659
BA_only	hippocampus	AA	psi	chr11_71253174_71253318	chr11	71253174	71253318	21	21	0	0	0.0315874011578088	0.977060807838727	1.56088747759763	-1.56088747759763	144	324	Promoter	1	Heritable	0.114163833047113	0.891931379755766	0.00809533180378046	748	0	0	1.14163833047113	4.969813299576	5.78382518232974	6.61873898351722	0.445254561804051
BA_only	hippocampus	AA	psi	chr11_71604451_71605451	chr11	71604451	71605451	235	235	0	0	0.0035400698239455	0.866906756094015	3.42999997165895	-3.42999997165895	1000	282	Genic/other	2	Heritable	0.175272289628597	0.862442744674791	0.012175052590129	34317	0	0	1.75272289628597	6.90775527898214	5.64544689764324	10.4434252768456	1.2325602558306
BA_only	hippocampus	AA	psi	chr11_721758_722192	chr11	721758	722192	318	318	0	0	0.00279914089998278	0.842320220530838	8.12660939894636	-8.12660939894636	434	483	Promoter	1	Heritable	0.121050804717781	0.899609312762758	0.00774038420378137	0	0	0	1.21050804717781	6.07304453410041	6.18208490671663	0	2.09514378970142
BA_only	hippocampus	AA	psi	chr11_723109_723494	chr11	723109	723494	318	318	0	0	0.00254953684698758	0.831391577052564	6.15500561168807	-6.15500561168807	385	464	Genic/other	2	Heritable	0.226929892688723	0.909031675980871	0.0096092914380066	707	0	0	2.26929892688723	5.95324333428779	6.14203740558736	6.56244409369372	1.81726567298906
BA_only	hippocampus	AA	psi	chr11_72590259_72590491	chr11	72590259	72590491	52	52	0	0	0.0224986731516916	0.975932065139872	2.87655034184975	-2.87655034184975	232	276	Promoter	1	Non-heritable	0.09598271943348	0.835051434097667	0.00708872729011407	864	0	0	0.9598271943348	5.44673737166631	5.62401750618734	6.76272950693188	1.05659178172207
BA_only	hippocampus	AA	psi	chr11_72629430_72630795	chr11	72629430	72630795	47	47	0	0	0.0352359172327499	0.980327953711174	2.78473780796046	-2.78473780796046	1365	273	Genic/other	0	Non-heritable	0.0935251984448842	0.815610446659404	0.00702078569391386	0	0	0	0.935251984448842	7.21890970761906	5.61312810638807	0	1.02415372817949
BA_only	hippocampus	AA	psi	chr11_72750160_72750473	chr11	72750160	72750473	45	45	0	0	0.0403755733406426	0.980549382116533	3.37652309565872	-3.37652309565872	313	329	Genic/other	1	Non-heritable	0.0876778272428736	0.879399053751093	0.00719578407235674	4596	0	0	0.876778272428736	5.74620319054015	5.79909265446053	8.43315919580623	1.21684651308908
BA_only	hippocampus	AA	psi	chr11_729105_730007	chr11	729105	730007	318	318	0	0	0.000338488279718996	0.556164410623813	6.45011949201668	6.45011949201668	902	478	Genic/other	1	Heritable	0.174850806728076	0.942451182830018	0.00911878550564458	1747	0	0	1.74850806728076	6.80461452006262	6.17170059741092	7.46622755621548	1.8640986580805
BA_only	hippocampus	AA	psi	chr11_73598975_73599197	chr11	73598975	73599197	37	37	0	0	0.00292049577121202	0.846222391562562	3.18809908581953	-3.18809908581953	222	282	Promoter	1	Heritable	0.129691648154546	0.853143355138955	0.00907906721869641	1051	0	0	1.29691648154546	5.40267738187228	5.64544689764324	6.95844839329766	1.15942484445351
BA_only	hippocampus	AA	psi	chr11_73641236_73641662	chr11	73641236	73641662	53	53	0	0	0.0097627448770571	0.939841915020693	2.26696103463819	2.26696103463819	426	280	Genic/other	0	Heritable	0.399882107060158	0.88352102826267	0.00607506198471398	4963	0	0	3.99882107060158	6.05443934626937	5.63835466933375	8.5099671463245	0.818440187715726
BA_only	hippocampus	AA	psi	chr11_73645974_73646149	chr11	73645974	73646149	51	51	0	0	0.00291875797391705	0.846222391562562	1.26597401843407	1.26597401843407	175	272	Promoter	0	Non-heritable	0.0816304564704862	0.825862909398325	0.00660363695792799	476	0	0	0.816304564704862	5.16478597392351	5.60947179518496	6.16751649088834	0.235841808846524
BA_only	hippocampus	AA	psi	chr11_73646774_73647139	chr11	73646774	73647139	51	51	0	0	0.00302146546223902	0.846513053928579	1.18505025183618	1.18505025183618	365	284	Promoter	0	Heritable	0.125817147841188	0.836181756526407	0.0106069797163131	0	0	0	1.25817147841188	5.89989735358249	5.65248918026865	0	0.16978518873923
BA_only	hippocampus	AA	psi	chr11_73648432_73649151	chr11	73648432	73649151	51	51	0	0	0.0119915921645847	0.955696118255407	2.82346733593988	2.82346733593988	719	286	Promoter	0	Non-heritable	0.0764321207474397	0.849457469469504	0.0069840439495475	0	0	0	0.764321207474397	6.57786135772105	5.65948221575962	0	1.03796568496378
BA_only	hippocampus	AA	psi	chr11_73660686_73660785	chr11	73660686	73660785	54	54	0	0	0.0135263702316619	0.964283399649536	3.15600783658734	-3.15600783658734	99	276	Genic/other	2	Non-heritable	0.0894004798589924	0.857032448484208	0.00882046249425069	0	0	0	0.894004798589924	4.59511985013459	5.62401750618734	0	1.14930788922494
BA_only	hippocampus	AA	psi	chr11_73787233_73787499	chr11	73787233	73787499	62	62	0	0	0.0302299806215582	0.976893291659941	2.30113980277691	2.30113980277691	266	182	Promoter	1	Heritable	0.109765833077687	0.740140400279884	0.00620696584400536	492	0	0	1.09765833077687	5.5834963087817	5.20948615284142	6.20050917404269	0.833404570953032
BA_only	hippocampus	AA	psi	chr11_73788497_73789018	chr11	73788497	73789018	64	64	0	0	0.016434616542921	0.969245141301252	2.23631770933262	2.23631770933262	521	192	Genic/other	1	Heritable	0.134952243789202	0.754221624496816	0.0105005257869728	0	0	0	1.34952243789202	6.25575004175337	5.26269018890489	0	0.804830637923423
BA_only	hippocampus	AA	psi	chr11_73982014_73982561	chr11	73982014	73982561	48	48	0	0	0.0294502071396582	0.976712848084579	2.31198513057343	2.31198513057343	547	220	Promoter	1	Heritable	0.280813888423128	0.85612958009025	0.00969856111710612	537	0	0	2.80813888423128	6.30444880242198	5.39816270151775	6.28785856016178	0.83810652370186
BA_only	hippocampus	AA	psi	chr11_73983957_73984252	chr11	73983957	73984252	48	48	0	0	0.00157889220952534	0.779532208631293	3.01404808926793	3.01404808926793	295	213	Genic/other	1	Heritable	0.155170585285024	0.762127914010226	0.00769063369546402	2480	0	0	1.55170585285024	5.68697535633982	5.36597601502185	7.8164169836918	1.10328405869274
BA_only	hippocampus	AA	psi	chr11_742634_743630	chr11	742634	743630	318	318	0	0	0.000120282494925808	0.416727663010105	8.38474158019345	8.38474158019345	996	488	Genic/other	1	Heritable	0.121146618218809	0.902251622796216	0.01065754179896	12371	0	0	1.21146618218809	6.9037472575846	6.19236248947487	9.42319113380496	2.12641357669575
BA_only	hippocampus	AA	psi	chr11_7460960_7461969	chr11	7460960	7461969	33	33	0	0	0.0425255637482799	0.980549382116533	1.13015555468268	1.13015555468268	1009	629	Promoter	0	Heritable	0.506071514209062	0.929533146924122	0.0104888489243857	0	0	0	5.06071514209062	6.91671502035361	6.44571981938558	0	0.122355291109678
BA_only	hippocampus	AA	psi	chr11_74721377_74722345	chr11	74721377	74722345	25	25	0	0	0.0142916724652747	0.964974748568303	1.47299742402657	-1.47299742402657	968	295	Genic/other	0	Non-heritable	0.0512256829044797	0.785287599622607	0.00621473844743223	18582	0	0	0.512256829044797	6.87523208727658	5.69035945432406	9.83000246327365	0.387299395473932
BA_only	hippocampus	AA	psi	chr11_75428084_75429141	chr11	75428084	75429141	39	39	0	0	0.00723623514032654	0.931615539015814	2.08134569120221	-2.08134569120221	1057	342	Genic/other	2	Heritable	0.144278256595809	0.870138929593725	0.0147593517168174	0	0	0	1.44278256595809	6.96318998587024	5.83773044716594	0	0.733014656249072
BA_only	hippocampus	AA	psi	chr11_75562981_75564079	chr11	75562981	75564079	48	48	0	0	0.0175230589506793	0.970581273335112	2.3084000967475	2.3084000967475	1098	337	Promoter	1	Heritable	0.201801294895407	0.902151863080856	0.00707227164955969	0	0	0	2.01801294895407	7.00124562206948	5.82304589548302	0	0.836554690097742
BA_only	hippocampus	AA	psi	chr11_75873534_75876082	chr11	75873534	75876082	16	16	0	0	0.0760179490310796	0.987361504327946	7.75986859277346	-7.75986859277346	2548	345	Genic/other	0	Non-heritable	0.0445846223490019	0.819131002708222	0.0055897090839486	35956	0	0	0.445846223490019	7.84306401669205	5.84643877505773	10.4900790590765	2.04896540141948
BA_only	hippocampus	AA	psi	chr11_75878435_75879921	chr11	75878435	75879921	16	16	0	0	0.0119196676107042	0.955163114623406	7.73969528851717	-7.73969528851717	1486	355	Genic/other	0	Non-heritable	0.0560050324533851	0.782824477959214	0.00486325161703825	32117	0	0	0.560050324533851	7.30384322527771	5.87493073085203	10.3771718996214	2.04636231971009
BA_only	hippocampus	AA	psi	chr11_76205904_76206041	chr11	76205904	76206041	62	62	0	0	0.0276573778649753	0.975932065139872	2.09388127719483	-2.09388127719483	137	378	Genic/other	1	Heritable	0.104011506864275	0.887738928372033	0.00710617930118695	5207	0	0	1.04011506864275	4.91998092582813	5.93753620508243	8.55795118388841	0.739019418957264
BA_only	hippocampus	AA	psi	chr11_77459315_77459994	chr11	77459315	77459994	22	22	0	0	0.1432507719055	0.991064867102684	1.60326508495576	1.60326508495576	679	267	Genic/other	0	Heritable	0.146823115910222	0.825068811387714	0.00647552640723812	0	0	0	1.46823115910222	6.5206211275587	5.59098698051086	0	0.472042234225191
BA_only	hippocampus	AA	psi	chr11_77588798_77589028	chr11	77588798	77589028	24	24	0	0	0.0249234629643014	0.975932065139872	2.07479024075997	2.07479024075997	230	275	Promoter	1	Heritable	0.123191959103748	0.83801807804148	0.00838264469298461	27666	0	0	1.23191959103748	5.4380793089232	5.62040086571715	10.2279956462308	0.729860064602234
BA_only	hippocampus	AA	psi	chr11_7796269_7796863	chr11	7796269	7796863	27	27	0	0	0.0312142000828812	0.977016055735487	1.29749073100239	-1.29749073100239	594	751	Genic/other	0	Heritable	0.215059188687132	0.950858630860527	0.00914049207798453	50847	0	0	2.15059188687132	6.38687931936265	6.62273632394984	10.8365960693364	0.260432200003459
BA_only	hippocampus	AA	psi	chr11_7805184_7806749	chr11	7805184	7806749	26	26	0	0	0.0447431428326972	0.981395945960329	5.00297289576617	-5.00297289576617	1565	763	Genic/other	0	Non-heritable	0.0653028132806573	0.956558150554397	0.00332830004325753	40961	0	0	0.653028132806573	7.35564110297425	6.63856778916652	10.6204000866463	1.610032316894
BA_only	hippocampus	AA	psi	chr11_78140407_78140579	chr11	78140407	78140579	120	120	0	0	0.00823269263635871	0.933559278800072	3.35703232392134	-3.35703232392134	172	212	Promoter	1	Heritable	0.129671482945221	0.828700303292472	0.00673505819309869	0	0	0	1.29671482945221	5.14749447681345	5.36129216570943	0	1.2110573497422
BA_only	hippocampus	AA	psi	chr11_783059_783443	chr11	783059	783443	289	289	0	0	0.00888386460301348	0.934904762753836	6.53009582062159	-6.53009582062159	384	453	Genic/other	0	Heritable	0.519059331658677	0.895026053549103	0.00681866280536103	0	0	0	5.19059331658677	5.95064255258773	6.11809719804135	0	1.87642161862041
BA_only	hippocampus	AA	psi	chr11_78318644_78319119	chr11	78318644	78319119	111	111	0	0	0.011536649658545	0.95315577890577	4.31679177026986	4.31679177026986	475	268	Enhancer	0	Non-heritable	0.0391827440383316	0.753002861309643	0.00662265623722842	0	0	0	0.391827440383316	6.16331480403464	5.59471137960184	0	1.46251248290371
BA_only	hippocampus	AA	psi	chr11_78370920_78371539	chr11	78370920	78371539	125	125	0	0	0.0175107515791865	0.970581273335112	3.50487474231349	3.50487474231349	619	284	Genic/other	0	Non-heritable	0.0475289534637747	0.726381740536851	0.00814642097681727	0	0	0	0.475289534637747	6.4281052726846	5.65248918026865	0	1.25415478584337
BA_only	hippocampus	AA	psi	chr11_784136_784234	chr11	784136	784234	286	286	0	0	0.000358139576121665	0.564612732839247	3.28552192975311	3.28552192975311	98	459	Genic/other	0	Heritable	0.212515210307579	0.90813700613165	0.00735502032113809	111	0	0	2.12515210307579	4.58496747867057	6.13122648948314	4.71849887129509	1.18952552508516
BA_only	hippocampus	AA	psi	chr11_78822851_78823261	chr11	78822851	78823261	41	41	0	0	0.0196188111498504	0.973631121108853	3.16546832486884	3.16546832486884	410	502	Genic/other	0	Heritable	0.216975893239092	0.897707737966522	0.00582363997557498	35952	0	0	2.16975893239092	6.01615715969835	6.22059017009974	10.4899678089026	1.15230101775152
BA_only	hippocampus	AA	psi	chr11_78960377_78961632	chr11	78960377	78961632	9	9	0	0	0.00278638252740079	0.842320220530838	1.2729132345028	1.2729132345028	1255	520	Genic/other	1	Non-heritable	0.0738096786101186	0.900617385547346	0.00913237312034708	0	0	0	0.738096786101186	7.13489085156588	6.25575004175337	0	0.241308166823073
BA_only	hippocampus	AA	psi	chr11_79253088_79253738	chr11	79253088	79253738	9	9	0	0	0.0974189411373055	0.990400450319684	2.99513454477184	2.99513454477184	650	534	Enhancer	0	Heritable	0.103341715321463	0.94475172307663	0.00929166730038316	37279	0	0	1.03341715321463	6.47697236288968	6.28226674689601	10.5262122687995	1.09698915702631
BA_only	hippocampus	AA	psi	chr11_81208884_81210836	chr11	81208884	81210836	3	3	0	0	0.468596858446999	0.994840206451052	0.303084686478417	-0.303084686478417	1952	363	Genic/other	0	Heritable	0.651328480827141	0.879763053033382	0.0105682693370057	0	0	0	6.51328480827141	7.57660976697304	5.89715386763674	0	-1.19374298620157
BA_only	hippocampus	AA	psi	chr11_8206142_8206255	chr11	8206142	8206255	15	15	0	0	0.107920481923684	0.990865662167886	1.85112059424812	-1.85112059424812	113	557	Intergenic	0	Heritable	0.155721145893018	0.945285159292692	0.00764875214288291	0	0	0	1.55721145893018	4.72738781871234	6.32435896238131	0	0.61579118773465
BA_only	hippocampus	AA	psi	chr11_82300867_82303180	chr11	82300867	82303180	3	3	0	0	0.17896282822107	0.991064867102684	2.1127919786743	2.1127919786743	2313	261	Genic/other	0	Heritable	0.373060739417125	0.877915889968134	0.00943643825008031	0	0	0	3.73060739417125	7.74630066223144	5.5683445037611	0	0.748010290188551
BA_only	hippocampus	AA	psi	chr11_82403487_82403885	chr11	82403487	82403885	3	3	0	0	0.229114138987101	0.991497141402577	1.04211782055221	-1.04211782055221	398	257	Promoter	0	Heritable	0.312006634136708	0.869685961103717	0.0107251296908872	0	0	0	3.12006634136708	5.98645200528444	5.55295958492162	0	0.0412550180821399
BA_only	hippocampus	AA	psi	chr11_82731409_82731904	chr11	82731409	82731904	44	44	0	0	0.00108545770439136	0.725388163675873	2.57335873129125	2.57335873129125	495	248	Genic/other	1	Non-heritable	0.0765770061156751	0.840861780883189	0.00607838551669981	13619	0	0	0.765770061156751	6.20455776256869	5.51745289646471	9.5192945797035	0.945211948878608
BA_only	hippocampus	AA	psi	chr11_8355074_8355546	chr11	8355074	8355546	17	17	0	0	0.136781114891684	0.991064867102684	0.835974930607685	-0.835974930607685	472	556	Intergenic	0	Heritable	0.106804962296296	0.933056429664537	0.0101477901145786	18961	0	0	1.06804962296296	6.15697898558556	6.32256523992728	9.8501922554779	-0.179156641696364
BA_only	hippocampus	AA	psi	chr11_83587490_83588066	chr11	83587490	83588066	16	16	0	0	0.0819271675018507	0.988137148207548	4.85016282358384	4.85016282358384	576	298	Genic/other	0	Heritable	0.6357773113473	0.88141054186155	0.00787895280588627	45258	0	0	6.357773113473	6.35610766069589	5.70044357339069	10.7201568243787	1.57901227832061
BA_only	hippocampus	AA	psi	chr11_841664_841771	chr11	841664	841771	258	258	0	0	0.00289029342067625	0.845897687109742	4.79713134675525	4.79713134675525	107	411	Genic/other	1	Heritable	0.361048956555304	0.896293132333189	0.0074557746843751	1143	0	0	3.61048956555304	4.67282883446191	6.02102334934953	7.04228617193974	1.56801810525013
BA_only	hippocampus	AA	psi	chr11_85682231_85683080	chr11	85682231	85683080	49	49	0	0	0.00874960591629105	0.933559278800072	3.85782880712842	3.85782880712842	849	165	Promoter	0	Heritable	0.157157409636672	0.656110657750614	0.0071220536021557	0	0	0	1.57157409636672	6.74405918631135	5.11198778835654	0	1.35010454261483
BA_only	hippocampus	AA	psi	chr11_85934623_85934838	chr11	85934623	85934838	28	28	0	0	0.0106657586187819	0.944902218841749	4.73971355229907	4.73971355229907	215	211	Promoter	2	Non-heritable	0.0881679143315216	0.775678239703087	0.00857497482860337	18591	0	0	0.881679143315216	5.37063802812766	5.35658627467201	9.83048665965164	1.55597670398631
BA_only	hippocampus	AA	psi	chr11_86200010_86201326	chr11	86200010	86201326	10	10	0	0	0.0140569579043411	0.964826773227435	14.6952848553023	14.6952848553023	1316	251	Promoter	0	Heritable	0.118909181557246	0.837160561113422	0.00782581657004028	6467	0	0	1.18909181557246	7.18235211188526	5.52942908751142	8.774622220697	2.68752668486858
BA_only	hippocampus	AA	psi	chr11_86202360_86204004	chr11	86202360	86204004	10	10	0	0	0.143688235038896	0.991064867102684	1.31066856845765	-1.31066856845765	1644	244	Enhancer	0	Heritable	0.130346227074559	0.834495450503408	0.010742845338485	8817	0	0	1.30346227074559	7.40488757561613	5.50125821054473	9.08455036591788	0.270537372255866
BA_only	hippocampus	AA	psi	chr11_86375398_86375786	chr11	86375398	86375786	5	5	0	0	0.0485841208409848	0.982844443292717	3.4506247052304	-3.4506247052304	388	289	Genic/other	1	Non-heritable	0.0540693654032819	0.716553358583181	0.00882956940068817	0	0	0	0.540693654032819	5.96100533962327	5.66988092298052	0	1.23855529152921
BA_only	hippocampus	AA	psi	chr11_86670487_86671371	chr11	86670487	86671371	28	28	0	0	0.0851501798832711	0.988137148207548	2.21379707424233	-2.21379707424233	884	318	Enhancer	1	Non-heritable	0.0807938425226054	0.852235462121064	0.00827246016621071	586	0	0	0.807938425226054	6.78445706263764	5.76519110278484	6.3750248198281	0.794709178885824
BA_only	hippocampus	AA	psi	chr11_86735993_86737080	chr11	86735993	86737080	45	45	0	0	0.0104906920052398	0.944902218841749	3.32004949456284	3.32004949456284	1087	297	Promoter	0	Heritable	0.529941048473134	0.8564728412006	0.0106019744826984	0	0	0	5.29941048473134	6.99117688712121	5.69709348650541	0	1.19997969383013
BA_only	hippocampus	AA	psi	chr11_87139662_87140358	chr11	87139662	87140358	28	28	0	0	0.0511962020216757	0.984153364580922	3.38590941440217	3.38590941440217	696	321	Genic/other	0	Heritable	0.566128818297905	0.904702498801783	0.00903533139734052	0	0	0	5.66128818297905	6.54534966033442	5.77455154554441	0	1.21962253332426
BA_only	hippocampus	AA	psi	chr11_8775985_8777145	chr11	8775985	8777145	172	172	0	0	0.00115867707890381	0.72939557362483	6.6136615260006	6.6136615260006	1160	354	Promoter	0	Heritable	0.293782296568657	0.894327582610529	0.0066883693645512	0	0	0	2.93782296568657	7.05617528410041	5.87211778947542	0	1.88913743937666
BA_only	hippocampus	AA	psi	chr11_888906_889436	chr11	888906	889436	240	240	0	0	0.0204431229001138	0.975856666808667	4.52972029930416	4.52972029930416	530	376	Genic/other	2	Heritable	0.323419744216822	0.862769711109515	0.00850961005296067	0	0	0	3.23419744216822	6.27287700654617	5.93224518744801	0	1.51066019571337
BA_only	hippocampus	AA	psi	chr11_8912111_8912433	chr11	8912111	8912433	183	183	0	0	0.00327452068402472	0.857599671675802	5.58050108879237	5.58050108879237	322	294	Genic/other	1	Heritable	0.18710724133195	0.844161739874282	0.0101859424910005	666	0	0	1.8710724133195	5.77455154554441	5.68697535633982	6.50279004591562	1.71927857501217
BA_only	hippocampus	AA	psi	chr11_8965460_8965523	chr11	8965460	8965523	168	168	0	0	0.00124287839049109	0.747738399837652	6.07871546832471	-6.07871546832471	63	283	Promoter	1	Heritable	0.102264024088637	0.847821295581684	0.00728978813194401	0	0	0	1.02264024088637	4.14313472639153	5.64897423816121	0	1.80479340364504
BA_only	hippocampus	AA	psi	chr11_89864477_89865432	chr11	89864477	89865432	5	5	0	0	0.01765587994433	0.970931943606436	0.565786449526926	0.565786449526926	955	188	Genic/other	2	Heritable	0.192744313467369	0.828996205535839	0.00692374293072883	2082	0	0	1.92744313467369	6.86171134048073	5.24174701505964	7.64156444126097	-0.569538551954718
BA_only	hippocampus	AA	psi	chr11_90052459_90052598	chr11	90052459	90052598	22	22	0	0	0.00796164642095782	0.933559278800072	3.02935663700838	3.02935663700838	139	162	Genic/other	1	Non-heritable	0.0950127967073147	0.794620704726545	0.0106055483525346	56084	0	0	0.950127967073147	4.93447393313069	5.09375020080676	10.9346236760793	1.10835026925655
BA_only	hippocampus	AA	psi	chr11_9041091_9041738	chr11	9041091	9041738	147	147	0	0	0.00307898218188834	0.84862690950741	2.71189775665799	2.71189775665799	647	295	Genic/other	0	Non-heritable	0.0872470516846354	0.813575189769982	0.00869136620047384	0	0	0	0.872470516846354	6.4723462945009	5.69035945432406	0	0.997648672707579
BA_only	hippocampus	AA	psi	chr11_9229997_9230763	chr11	9229997	9230763	41	41	0	0	0.0573072146960146	0.98577631996496	2.22832647141563	2.22832647141563	766	313	Genic/other	0	Non-heritable	0.0655883854150116	0.869683759017001	0.0071052167613262	0	0	0	0.655883854150116	6.64118216974059	5.74939298590825	0	0.801250846974097
BA_only	hippocampus	AA	psi	chr11_9256888_9257170	chr11	9256888	9257170	39	39	0	0	0.0405806474856376	0.980549382116533	2.1029372254038	2.1029372254038	282	309	Genic/other	0	Heritable	0.106069694903968	0.788948333348524	0.006864950162824	0	0	0	1.06069694903968	5.64190707093811	5.73657229747919	0	0.743335051008327
BA_only	hippocampus	AA	psi	chr11_92765322_92766322	chr11	92765322	92766322	27	27	0	0	0.0824173963464031	0.988137148207548	1.62666660001912	-1.62666660001912	1000	295	Genic/other	0	Heritable	0.119948559200022	0.835632741479151	0.00885101483044372	149641	0	0	1.19948559200022	6.90775527898214	5.69035945432406	11.9160010537831	0.486532896372634
BA_only	hippocampus	AA	psi	chr11_92969364_92969569	chr11	92969364	92969569	27	27	0	0	0.128540935916893	0.991064867102684	3.07187776440284	-3.07187776440284	205	291	Promoter	1	Non-heritable	0.0974657435756165	0.738245920602897	0.00815723098498796	378	0	0	0.974657435756165	5.32300997913841	5.67675380226828	5.93753620508243	1.12228902751566
BA_only	hippocampus	AA	psi	chr11_92969850_92970551	chr11	92969850	92970551	27	27	0	0	0.109892775115376	0.990898390030923	1.79157681444224	-1.79157681444224	701	282	Genic/other	2	Non-heritable	0.0876159481731197	0.840734414350217	0.00760683377973363	0	0	0	0.876159481731197	6.55250788703459	5.64544689764324	0	0.583096139590985
BA_only	hippocampus	AA	psi	chr11_9315298_9315532	chr11	9315298	9315532	32	32	0	0	0.0168810992774114	0.970581273335112	3.8188552973664	3.8188552973664	234	311	Promoter	1	Heritable	0.106373421188323	0.825356717930589	0.00792883086255432	20038	0	0	1.06373421188323	5.4553211153577	5.74300318780948	9.90543565375414	1.33995071995464
BA_only	hippocampus	AA	psi	chr11_93745838_93746316	chr11	93745838	93746316	41	41	0	0	0.0067759726271533	0.927297122675783	2.49573319617438	2.49573319617438	478	281	Promoter	1	Heritable	0.130494399150673	0.854322548923571	0.0118531155573722	0	0	0	1.30494399150673	6.16961073249146	5.64190707093811	0	0.914582556242262
BA_only	hippocampus	AA	psi	chr11_94399831_94400362	chr11	94399831	94400362	48	48	0	0	0.000544221613802313	0.636920160415722	2.87536349586362	2.87536349586362	531	315	Genic/other	1	Non-heritable	0.0782081793602122	0.851359706665264	0.00673778596841569	0	0	0	0.782081793602122	6.27476202124194	5.75574221358691	0	1.05617910307898
BA_only	hippocampus	AA	psi	chr11_94511971_94512097	chr11	94511971	94512097	53	53	0	0	0.0641141990607005	0.985907779499035	1.9964440728912	-1.9964440728912	126	329	Promoter	1	Non-heritable	0.0908298116620347	0.873917157545133	0.0116692837952574	13899	0	0	0.908298116620347	4.83628190695148	5.79909265446053	9.53964411911878	0.691367639561276
BA_only	hippocampus	AA	psi	chr11_94602928_94603292	chr11	94602928	94603292	50	50	0	0	0.00544222337900393	0.913863581840058	3.01728517459186	-3.01728517459186	364	320	Enhancer	0	Heritable	0.207763057044142	0.821927515800557	0.00923812235875616	0	0	0	2.07763057044142	5.89715386763674	5.77144112313002	0	1.10435748159358
BA_only	hippocampus	AA	psi	chr11_95037770_95037931	chr11	95037770	95037931	183	183	0	0	0.0106310593763779	0.944902218841749	5.52619355471823	-5.52619355471823	161	421	Promoter	1	Non-heritable	0.0602136431542184	0.889431110532058	0.0062555563741762	105	0	0	0.602136431542184	5.08140436498446	6.04500531403601	4.66343909411207	1.70949925388599
BA_only	hippocampus	AA	psi	chr11_95091028_95091649	chr11	95091028	95091649	183	183	0	0	0.0158406932392595	0.967716068030647	4.31362485402647	-4.31362485402647	621	431	Genic/other	1	Non-heritable	0.0611665925058933	0.816578129272867	0.00740823762316006	51682	0	0	0.611665925058933	6.43133108193348	6.06842558824411	10.8528841863073	1.46177858638028
BA_only	hippocampus	AA	psi	chr11_95150172_95150987	chr11	95150172	95150987	183	183	0	0	0.00244617574696705	0.824728302674626	2.92244265132655	-2.92244265132655	815	440	Promoter	2	Heritable	0.147042696127688	0.909561150908815	0.0094840217167697	0	0	0	1.47042696127688	6.70318811324086	6.08904487544685	0	1.07241979443733
BA_only	hippocampus	AA	psi	chr11_9575263_9575812	chr11	9575263	9575812	42	42	0	0	0.0143241958105347	0.964996126829086	4.44732120588688	4.44732120588688	549	277	Promoter	1	Non-heritable	0.0479402501405551	0.797435740790571	0.00785163078222541	0	0	0	0.479402501405551	6.30809844150953	5.62762111369064	0	1.49230194096108
BA_only	hippocampus	AA	psi	chr11_96306561_96307187	chr11	96306561	96307187	65	65	0	0	0.0262677087299968	0.975932065139872	1.54915676218185	-1.54915676218185	626	409	Enhancer	0	Non-heritable	0.0877944195609696	0.92028719478815	0.00993391651242865	26843	0	0	0.877944195609696	6.4393503711001	6.01615715969835	10.1977976112781	0.437710764952508
BA_only	hippocampus	AA	psi	chr11_96340899_96341575	chr11	96340899	96341575	65	65	0	0	0.00625836366698537	0.920376068783091	6.37939764980569	6.37939764980569	676	395	Promoter	0	Non-heritable	0.0913449426690754	0.855367318592526	0.00586089948929166	12138	0	0	0.913449426690754	6.51619307604296	5.98141421125448	9.4041786888978	1.85307368221097
BA_only	hippocampus	AA	psi	chr11_99626065_99626993	chr11	99626065	99626993	2	2	0	0	0.0740488320653065	0.986102602339784	0.255598111394908	0.255598111394908	928	381	Genic/other	0	Heritable	0.631228133546326	0.895394822385785	0.00926228161744997	0	0	0	6.31228133546326	6.8330317327862	5.94542060860658	0	-1.36414890629095
BA_only	hippocampus	AA	psi	chr11_99639008_99640410	chr11	99639008	99640410	2	2	0	0	0.0914649675029001	0.989446665475032	0.364397469854667	-0.364397469854667	1402	388	Genic/other	0	Heritable	0.749121004597195	0.884771294094244	0.0103218274172518	0	0	0	7.49121004597195	7.24565506759454	5.96357934361845	0	-1.00951002949657
BA_only	hippocampus	AA	psi	chr12_100162998_100164239	chr12	100162998	100164239	25	25	0	0	0.0640064630055414	0.985907779499035	2.79169256198008	2.79169256198008	1241	203	Promoter	0	Heritable	0.120342708329751	0.773695787853325	0.0089598769394947	2393	0	0	1.20342708329751	7.12367278520461	5.31811999384422	7.78072088611792	1.02664806851522
BA_only	hippocampus	AA	psi	chr12_101299186_101300009	chr12	101299186	101300009	11	11	0	0	0.0453876052728693	0.981589333839837	2.28799367979189	-2.28799367979189	823	414	Genic/other	0	Heritable	0.123093430486751	0.910085421914087	0.00818763743877201	105971	0	0	1.23093430486751	6.71295620067707	6.0282785202307	11.5709301872568	0.827675315555658
BA_only	hippocampus	AA	psi	chr12_101696370_101696946	chr12	101696370	101696946	23	23	0	0	0.0688730474933836	0.985907779499035	2.35270350501211	-2.35270350501211	576	390	Promoter	1	Non-heritable	0.0902175629691517	0.89153167210565	0.01097814556653	81	0	0	0.902175629691517	6.35610766069589	5.96870755998537	4.40671924726425	0.855565098836405
BA_only	hippocampus	AA	psi	chr12_101699138_101699331	chr12	101699138	101699331	23	23	0	0	0.0161972639023471	0.968106276565941	2.01374799943007	-2.01374799943007	193	384	Genic/other	1	Non-heritable	0.0758393330172631	0.82520154009978	0.00643713863174086	0	0	0	0.758393330172631	5.26269018890489	5.95324333428779	0	0.699997667019456
BA_only	hippocampus	AA	psi	chr12_102119274_102119400	chr12	102119274	102119400	18	18	0	0	0.0321647035639191	0.977820177789258	1.51210152793863	-1.51210152793863	126	272	Promoter	1	Heritable	0.106544892141707	0.810477940204735	0.0079930806863219	4640	0	0	1.06544892141707	4.83628190695148	5.60947179518496	8.44268513924118	0.41350043022388
BA_only	hippocampus	AA	psi	chr12_103177603_103178922	chr12	103177603	103178922	44	44	0	0	0.0366328567781547	0.980549382116533	4.58507106865811	-4.58507106865811	1319	402	Promoter	0	Heritable	0.103895618924298	0.900018156092263	0.0077052974668729	0	0	0	1.03895618924298	7.18462915271732	5.99893656194668	0	1.52280560802188
BA_only	hippocampus	AA	psi	chr12_10362871_10363673	chr12	10362871	10363673	98	98	0	0	0.00470109686909266	0.901081955382879	2.85147007267991	-2.85147007267991	802	454	Promoter	0	Non-heritable	0.0827772226439795	0.905260891016264	0.00592335743927576	356	0	0	0.827772226439795	6.68710860786652	6.12029741895095	5.87773578177964	1.04783467977611
BA_only	hippocampus	AA	psi	chr12_103648112_103648912	chr12	103648112	103648912	30	30	0	0	0.0780130900745108	0.987720536119146	2.53821609821114	2.53821609821114	800	353	Genic/other	0	Heritable	0.483385175528189	0.871840174989941	0.0070355531897861	55701	0	0	4.83385175528189	6.68461172766793	5.86929691313377	10.9277713319135	0.931461514686586
BA_only	hippocampus	AA	psi	chr12_10368521_10368900	chr12	10368521	10368900	100	100	0	0	0.00221269533773595	0.817446144573316	2.36253897029973	-2.36253897029973	379	451	Genic/other	0	Heritable	0.101951034046454	0.909720893347731	0.00658004329359293	0	0	0	1.01951034046454	5.93753620508243	6.11368217983223	0	0.859736879847413
BA_only	hippocampus	AA	psi	chr12_103742264_103742808	chr12	103742264	103742808	58	58	0	0	0.00247463995251244	0.824728302674626	3.09878618620974	-3.09878618620974	544	341	Genic/other	0	Non-heritable	0.087564771774113	0.885771559325836	0.00806395062565608	12909	0	0	0.87564771774113	6.29894924685594	5.83481073706261	9.46575748384069	1.13101048520578
BA_only	hippocampus	AA	psi	chr12_103965859_103965985	chr12	103965859	103965985	53	53	0	0	0.000728841593429665	0.673766456790362	2.64324933559265	-2.64324933559265	126	398	Promoter	1	Heritable	0.107292105479009	0.904648179162559	0.00681518183246058	74	0	0	1.07292105479009	4.83628190695148	5.98896141688986	4.31748811353631	0.972008973053678
BA_only	hippocampus	AA	psi	chr12_104138919_104139129	chr12	104138919	104139129	46	46	0	0	0.0201904529619797	0.975856666808667	2.36419070282967	-2.36419070282967	210	439	Promoter	1	Non-heritable	0.0903670669336925	0.870603192636484	0.00908721978502276	0	0	0	0.903670669336925	5.34710753071747	6.08677472691231	0	0.860435770075713
BA_only	hippocampus	AA	psi	chr12_10425535_10426333	chr12	10425535	10426333	85	85	0	0	0.0107155164494304	0.944902218841749	2.23120061184229	-2.23120061184229	798	427	Genic/other	0	Non-heritable	0.0755498748141631	0.780102269783188	0.00960427617607263	4894	0	0	0.755498748141631	6.68210859744981	6.0591231955818	8.49596955496461	0.802539836034173
BA_only	hippocampus	AA	psi	chr12_104304084_104304205	chr12	104304084	104304205	18	18	0	0	0.158376478312833	0.991064867102684	1.89006820534121	-1.89006820534121	121	470	Genic/other	1	Heritable	0.113595103075064	0.912177222465632	0.00718201153834747	0	0	0	1.13595103075064	4.79579054559674	6.15485809401642	0	0.63661292119335
BA_only	hippocampus	AA	psi	chr12_104377252_104377572	chr12	104377252	104377572	18	18	0	0	0.207081749331838	0.991064867102684	0.502218890526289	0.502218890526289	320	453	Intergenic	0	Heritable	0.176881601614534	0.939472716810751	0.00723286744920555	170	0	0	1.76881601614534	5.76832099579377	6.11809719804135	5.14166355650266	-0.688719197510279
BA_only	hippocampus	AA	psi	chr12_10441094_10441365	chr12	10441094	10441365	85	85	0	0	0.00700586347540945	0.931516361210935	3.48778155849808	-3.48778155849808	271	424	Genic/other	0	Non-heritable	0.0819948268984617	0.877384285548556	0.00394396135286703	5781	0	0	0.819948268984617	5.6021188208797	6.05208916892442	8.66250492257629	1.24926588037537
BA_only	hippocampus	AA	psi	chr12_104459294_104459496	chr12	104459294	104459496	9	9	0	0	0.318344107740924	0.993828622005322	0.645264785307728	0.645264785307728	202	427	Genic/other	1	Heritable	0.14350390912508	0.930989507552039	0.0101016843760302	0	0	0	1.4350390912508	5.30826769740121	6.0591231955818	0	-0.43809451107213
BA_only	hippocampus	AA	psi	chr12_104720331_104721009	chr12	104720331	104721009	6	6	0	0	0.0470030806119547	0.982445572707507	2.52367945089109	2.52367945089109	678	437	Enhancer	0	Heritable	0.150454134348677	0.914146334140331	0.0061885259240256	118424	0	0	1.50454134348677	6.5191472879404	6.08221891037645	11.682035127792	0.92571794013685
BA_only	hippocampus	AA	psi	chr12_105496609_105498067	chr12	105496609	105498067	6	6	0	0	0.0674684702810967	0.985907779499035	2.36003728224247	-2.36003728224247	1458	399	Intergenic	0	Heritable	0.48291488840996	0.906995673770357	0.00811740095485297	50827	0	0	4.8291488840996	7.2848209125686	5.99146454710798	10.8362026628244	0.858677420710328
BA_only	hippocampus	AA	psi	chr12_105524233_105525642	chr12	105524233	105525642	11	11	0	0	0.000437474749723325	0.600933463320688	2.88712805927867	-2.88712805927867	1409	401	Intergenic	0	Heritable	0.3730354966255	0.89005238529846	0.00800366955379582	23252	0	0	3.730354966255	7.25063551189868	5.99645208861902	10.0541894349496	1.06026226037534
BA_only	hippocampus	AA	psi	chr12_105913095_105913662	chr12	105913095	105913662	8	8	0	0	0.0212447657079022	0.975932065139872	0.808328160451813	0.808328160451813	567	506	Intergenic	0	Heritable	0.111632400004608	0.944534407697667	0.00686840965992417	21074	0	0	1.11632400004608	6.34035930372775	6.22851100359118	9.95584278287006	-0.212787151368983
BA_only	hippocampus	AA	psi	chr12_106085312_106087190	chr12	106085312	106087190	9	9	0	0	0.0226458853896408	0.975932065139872	0.691813417621492	-0.691813417621492	1878	481	Promoter	0	Heritable	0.130670883398541	0.933982153452085	0.00690185286635976	134581	0	0	1.30670883398541	7.53796265976821	6.1779441140506	11.8099289576811	-0.368438972980398
BA_only	hippocampus	AA	psi	chr12_106304323_106305863	chr12	106304323	106305863	11	11	0	0	0.0657648327081551	0.985907779499035	0.328072651233355	-0.328072651233355	1540	393	Promoter	2	Non-heritable	0.074918940209665	0.880051023234791	0.00677352912015358	0	0	0	0.74918940209665	7.33953769540768	5.97635090929793	0	-1.11452016698126
BA_only	hippocampus	AA	psi	chr12_106584442_106585142	chr12	106584442	106585142	15	15	0	0	0.0457009962316563	0.981789757189854	0.67754020002498	-0.67754020002498	700	297	Promoter	1	Non-heritable	0.0731618216599447	0.811716445256073	0.00780761116342533	0	0	0	0.731618216599447	6.5510803350434	5.69709348650541	0	-0.389286377399081
BA_only	hippocampus	AA	psi	chr12_1083320_1084074	chr12	1083320	1084074	50	50	0	0	0.0130885566678061	0.964283399649536	4.76289479775558	4.76289479775558	754	424	Promoter	0	Heritable	0.110466324220257	0.931362110849426	0.0128955933315048	155	0	0	1.10466324220257	6.62539236800796	6.05208916892442	5.04985600724954	1.56085563628313
BA_only	hippocampus	AA	psi	chr12_108523066_108523677	chr12	108523066	108523677	65	65	0	0	0.00405138274709821	0.880617342030363	6.30656465070896	-6.30656465070896	611	403	Promoter	0	Heritable	0.132014768207261	0.89953660208037	0.0100050380074668	4665	0	0	1.32014768207261	6.4150969591716	6.00141487796115	8.44805745258138	1.84159110051863
BA_only	hippocampus	AA	psi	chr12_108729156_108729840	chr12	108729156	108729840	68	68	0	0	0.00921276097934694	0.939841915020693	10.731156871136	-10.731156871136	684	402	Genic/other	1	Heritable	0.180981616217062	0.903888265033422	0.00866261540199607	0	0	0	1.80981616217062	6.52795791762255	5.99893656194668	0	2.37315136827117
BA_only	hippocampus	AA	psi	chr12_108838502_108838972	chr12	108838502	108838972	52	52	0	0	0.0516866261467875	0.984153364580922	3.37063196636828	3.37063196636828	470	383	Enhancer	0	Non-heritable	0.0888125489908128	0.881734180632824	0.00778085122562889	11238	0	0	0.888125489908128	6.1527326947041	5.95064255258773	9.32714515151827	1.21510025686231
BA_only	hippocampus	AA	psi	chr12_109461904_109462345	chr12	109461904	109462345	29	29	0	0	0.00503639461896594	0.909885926705608	5.68009721049413	-5.68009721049413	441	315	Genic/other	0	Heritable	0.192540375595023	0.830662216320982	0.00673931226531254	0	0	0	1.92540375595023	6.08904487544685	5.75574221358691	0	1.73696834887076
BA_only	hippocampus	AA	psi	chr12_109503050_109504009	chr12	109503050	109504009	30	30	0	0	0.00231818156606742	0.821900074869887	1.36603807469689	-1.36603807469689	959	308	Genic/other	0	Non-heritable	0.0953110723368697	0.846846791909245	0.00926083730007972	3725	0	0	0.953110723368697	6.86589107488344	5.73334127689775	8.22309055116153	0.311914641211549
BA_only	hippocampus	AA	psi	chr12_109529581_109530135	chr12	109529581	109530135	30	30	0	0	0.0476734466555201	0.982661996589092	1.22727174712512	-1.22727174712512	554	298	Promoter	0	Non-heritable	0.061277706369385	0.793601644100377	0.00906082903072596	3422	0	0	0.61277706369385	6.31716468674728	5.70044357339069	8.13827263853019	0.204793622155058
BA_only	hippocampus	AA	psi	chr12_109625263_109626553	chr12	109625263	109626553	35	35	0	0	0.0153549238608297	0.967076513219291	2.99586467129302	-2.99586467129302	1290	285	Enhancer	0	Non-heritable	0.0666228770372283	0.842570022235447	0.00757043186738688	34491	0	0	0.666228770372283	7.16239749735572	5.65599181081985	10.4484826920722	1.09723289817733
BA_only	hippocampus	AA	psi	chr12_109715544_109717991	chr12	109715544	109717991	27	27	0	0	0.00831625657194131	0.933559278800072	1.97068085562349	-1.97068085562349	2447	251	Genic/other	1	Heritable	0.139234531173537	0.799773402235407	0.0069181396366329	17829	0	0	1.39234531173537	7.80261806344267	5.52942908751142	9.78863771085719	0.678379100105838
BA_only	hippocampus	AA	psi	chr12_109719209_109720890	chr12	109719209	109720890	27	27	0	0	0.0403021350715252	0.980549382116533	1.75162923138346	-1.75162923138346	1681	244	Genic/other	2	Heritable	0.133530707689885	0.803220237589882	0.00559534358650312	14930	0	0	1.33530707689885	7.42714413340862	5.50125821054473	9.61119486752666	0.560546349904563
BA_only	hippocampus	AA	psi	chr12_109725897_109727647	chr12	109725897	109727647	26	26	0	0	0.0845804550594315	0.988137148207548	1.65648237620609	-1.65648237620609	1750	245	Genic/other	0	Heritable	0.263045047030104	0.834673625579251	0.00683637374381699	8173	0	0	2.63045047030104	7.46737106691756	5.50533153593236	9.00871366412422	0.504696309562791
BA_only	hippocampus	AA	psi	chr12_109729374_109729824	chr12	109729374	109729824	23	23	0	0	0.0369616047472651	0.980549382116533	1.41981214559505	1.41981214559505	450	234	Genic/other	0	Heritable	0.101103701434208	0.827751008877194	0.00758731104113281	5996	0	0	1.01103701434208	6.10924758276437	5.45958551414416	8.69901462316851	0.350524578070546
BA_only	hippocampus	AA	psi	chr12_109732037_109732911	chr12	109732037	109732911	20	20	0	0	0.0158113940183216	0.967716068030647	1.69865764449365	-1.69865764449365	874	234	Genic/other	0	Non-heritable	0.0546117387993912	0.734263263117938	0.00789952582367229	2909	0	0	0.546117387993912	6.77308037565554	5.45958551414416	7.97590836016554	0.529838324148305
BA_only	hippocampus	AA	psi	chr12_109742315_109742831	chr12	109742315	109742831	19	19	0	0	0.0199570978345012	0.975323252867443	1.5619401011297	1.5619401011297	516	228	Genic/other	0	Non-heritable	0.0871148038758269	0.803632685744496	0.007485799945646	0	0	0	0.871148038758269	6.24610676548156	5.43372200355424	0	0.445928709536295
BA_only	hippocampus	AA	psi	chr12_109863541_109864114	chr12	109863541	109864114	19	19	0	0	0.0213603436822509	0.975932065139872	1.08352151128258	1.08352151128258	573	204	Genic/other	0	Heritable	0.137826810479373	0.777639714941759	0.00770675977328655	4857	0	0	1.37826810479373	6.35088571671474	5.32300997913841	8.48838210956212	0.0802164045405129
BA_only	hippocampus	AA	psi	chr12_109877521_109879013	chr12	109877521	109879013	20	20	0	0	0.0790908710221253	0.987720536119146	1.60841845735657	-1.60841845735657	1492	209	Enhancer	2	Non-heritable	0.0603660336396019	0.721091460424623	0.00795297798820845	18837	0	0	0.603660336396019	7.30787278076371	5.34710753071747	9.84363138538276	0.475251377793376
BA_only	hippocampus	AA	psi	chr12_109989379_109989778	chr12	109989379	109989778	23	23	0	0	0.0213191121274827	0.975932065139872	1.40435332569332	-1.40435332569332	399	198	Genic/other	0	Non-heritable	0.0611102858077106	0.74865948397273	0.00639263855207344	23	0	0	0.611102858077106	5.98896141688986	5.29330482472449	3.17805383034795	0.339576937540879
BA_only	hippocampus	AA	psi	chr12_110047638_110047764	chr12	110047638	110047764	22	22	0	0	0.0382867270415183	0.980549382116533	1.45581495220939	-1.45581495220939	126	206	Genic/other	1	Non-heritable	0.0808978041534048	0.673191198786792	0.00681131234151734	0	0	0	0.808978041534048	4.83628190695148	5.33271879326537	0	0.375565855303684
BA_only	hippocampus	AA	psi	chr12_110079513_110080004	chr12	110079513	110080004	21	21	0	0	0.0577647159147838	0.98577631996496	0.9049468043152	0.9049468043152	491	199	Enhancer	0	Non-heritable	0.0354663488162298	0.636193510513898	0.00770035356779698	6090	0	0	0.354663488162298	6.19644412779452	5.29831736654804	8.71456755083649	-0.0998791057216455
BA_only	hippocampus	AA	psi	chr12_110224499_110225029	chr12	110224499	110225029	35	35	0	0	0.0746796532369526	0.986273715994367	4.04243982515666	-4.04243982515666	530	138	Intergenic	0	Non-heritable	0.054154459983878	0.606861839797673	0.00582154973043248	0	0	0	0.54154459983878	6.27287700654617	4.93447393313069	0	1.39684842928024
BA_only	hippocampus	AA	psi	chr12_110432123_110432448	chr12	110432123	110432448	62	62	0	0	0.00471980027324716	0.902130812565852	2.24355792437578	2.24355792437578	325	152	Genic/other	0	Non-heritable	0.0790326467056245	0.722767413423869	0.0137512586635486	3755	0	0	0.790326467056245	5.78382518232974	5.03043792139244	8.23110984032815	0.808062969312335
BA_only	hippocampus	AA	psi	chr12_110450707_110450963	chr12	110450707	110450963	65	65	0	0	0.00604578146378553	0.9197579031452	4.03528124909628	-4.03528124909628	256	160	Promoter	1	Non-heritable	0.0622975044509221	0.706598218873531	0.00891168610821667	0	0	0	0.622975044509221	5.54517744447956	5.08140436498446	0	1.39507600414922
BA_only	hippocampus	AA	psi	chr12_110486065_110486649	chr12	110486065	110486649	65	65	0	0	0.00266553699279127	0.835655744705892	3.15831810553243	3.15831810553243	584	164	Promoter	0	Non-heritable	0.0837179569257232	0.657590823004379	0.00738810347666243	0	0	0	0.837179569257232	6.36990098282823	5.10594547390058	0	1.15003964398769
BA_only	hippocampus	AA	psi	chr12_110566498_110566623	chr12	110566498	110566623	65	65	0	0	0.0164683673771311	0.969521067337303	2.39958592710225	-2.39958592710225	125	160	Genic/other	0	Non-heritable	0.0832631990974959	0.678919445853608	0.00788776217590117	34923	0	0	0.832631990974959	4.8283137373023	5.08140436498446	10.4609295509307	0.875296196262146
BA_only	hippocampus	AA	psi	chr12_11069648_11074898	chr12	11069648	11074898	8	8	0	0	0.134272957615713	0.991064867102684	0.278060083717627	-0.278060083717627	5250	303	Genic/other	0	Heritable	0.389642037068079	0.861528754612943	0.0111547296921027	0	0	0	3.89642037068079	8.56598335558567	5.71702770140622	0	-1.27991802419977
BA_only	hippocampus	AA	psi	chr12_110743988_110744959	chr12	110743988	110744959	81	81	0	0	0.00293310173555934	0.846222391562562	3.1661606090633	-3.1661606090633	971	197	Promoter	1	Heritable	0.182421521873604	0.74248841330962	0.00792449168601809	54261	0	0	1.82421521873604	6.87832646829133	5.28826703069454	10.9015794450987	1.15251969266196
BA_only	hippocampus	AA	psi	chr12_11087642_11089459	chr12	11087642	11089459	8	8	0	0	0.0822095694650202	0.988137148207548	0.221322452042066	-0.221322452042066	1817	300	Genic/other	0	Heritable	0.158690133671587	0.829127659813023	0.0366387298101965	0	0	0	1.58690133671587	7.50494206839617	5.70711026474888	0	-1.50813453665993
BA_only	hippocampus	AA	psi	chr12_111175130_111175962	chr12	111175130	111175962	67	67	0	0	0.023694717008151	0.975932065139872	8.6968021665394	8.6968021665394	832	237	Genic/other	0	Non-heritable	0.0950036393380256	0.795996368701941	0.00865828280695085	112053	0	0	0.950036393380256	6.72383244082121	5.47227067367148	11.6267361769409	2.16295539217662
BA_only	hippocampus	AA	psi	chr12_11133361_11135455	chr12	11133361	11135455	7	7	0	0	0.0923539531088332	0.989446665475032	1.38080057285314	-1.38080057285314	2094	318	Promoter	0	Heritable	0.392225155195727	0.874228494264148	0.0072035279347817	0	0	0	3.92225155195727	7.64683139143048	5.76519110278484	0	0.322663463459582
BA_only	hippocampus	AA	psi	chr12_111653565_111654149	chr12	111653565	111654149	65	65	0	0	0.000245409023429285	0.503902674622265	2.04325870213357	2.04325870213357	584	152	Genic/other	0	Heritable	0.152061635411999	0.693512221173454	0.00754913746890812	4384	0	0	1.52061635411999	6.36990098282823	5.03043792139244	8.38594490480628	0.714545941265807
BA_only	hippocampus	AA	psi	chr12_111840962_111841065	chr12	111840962	111841065	86	86	0	0	0.000238644173383042	0.503902674622265	2.5930468072513	2.5930468072513	103	94	Promoter	1	Heritable	0.134817440487503	0.511108156235026	0.00743092891900256	0	0	0	1.34817440487503	4.63472898822964	4.55387689160054	0	0.952833561638925
BA_only	hippocampus	AA	psi	chr12_112182473_112183256	chr12	112182473	112183256	43	43	0	0	0.00610799164899428	0.920376068783091	3.14138638778894	-3.14138638778894	783	121	Genic/other	1	Non-heritable	0.0788203495274778	0.490908462484203	0.00696037801287108	9801	0	0	0.788203495274778	6.6631326959908	4.80402104473326	9.19034172546949	1.14466423043364
BA_only	hippocampus	AA	psi	chr12_112380717_112380821	chr12	112380717	112380821	22	22	0	0	0.0177331624304288	0.970931943606436	4.57056037356778	4.57056037356778	104	211	Genic/other	1	Non-heritable	0.0941637380530926	0.736800651390346	0.00659516422863364	26068	0	0	0.941637380530926	4.64439089914137	5.35658627467201	10.1685021479256	1.51963581961352
BA_only	hippocampus	AA	psi	chr12_112455965_112456227	chr12	112455965	112456227	22	22	0	0	0.00919832142461715	0.939585238273321	1.84228195770319	1.84228195770319	262	245	Genic/other	0	Non-heritable	0.0415611981508905	0.716554789479771	0.00863101311805966	0	0	0	0.415611981508905	5.5683445037611	5.50533153593236	0	0.611005003047022
BA_only	hippocampus	AA	psi	chr12_112543609_112543889	chr12	112543609	112543889	19	19	0	0	4.89792355541617e-05	0.270243597084104	2.84601064842133	2.84601064842133	280	260	Intergenic	0	Non-heritable	0.0885272109381353	0.823971273349172	0.00993008070617089	0	0	0	0.885272109381353	5.63478960316925	5.56452040732269	0	1.04591824471382
BA_only	hippocampus	AA	psi	chr12_113057840_113058034	chr12	113057840	113058034	69	69	0	0	0.0102755330793461	0.944902218841749	1.87336772383731	-1.87336772383731	194	378	Genic/other	1	Heritable	0.14796257867096	0.914766624348099	0.00750821703594287	46179	0	0	1.4796257867096	5.26785815906333	5.93753620508243	10.7403020829085	0.627737738327238
BA_only	hippocampus	AA	psi	chr12_113244901_113245379	chr12	113244901	113245379	216	216	0	0	0.00460181827870268	0.898471830397843	4.82432414881902	4.82432414881902	478	430	Genic/other	0	Non-heritable	0.073157666537507	0.916382466014628	0.00706693302027049	0	0	0	0.73157666537507	6.16961073249146	6.06610809010375	0	1.57367065426905
BA_only	hippocampus	AA	psi	chr12_113889626_113890053	chr12	113889626	113890053	50	50	0	0	0.0156264691150019	0.967609668437472	2.70816639534127	2.70816639534127	427	495	Genic/other	0	Heritable	0.102904152393513	0.933991596886162	0.00653031043554715	66416	0	0	1.02904152393513	6.05678401322863	6.20657592672493	11.1037083267923	0.996271802697264
BA_only	hippocampus	AA	psi	chr12_113932539_113933518	chr12	113932539	113933518	50	50	0	0	0.00342689378137658	0.866906756094015	2.47944062670454	-2.47944062670454	979	511	Promoter	0	Non-heritable	0.0467595416474917	0.863944190686877	0.00804796289690701	24531	0	0	0.467595416474917	6.88653164253051	6.23832462503951	10.1077336667459	0.908032985020817
BA_only	hippocampus	AA	psi	chr12_114394556_114395710	chr12	114394556	114395710	93	93	0	0	0.0119052985344792	0.95506848431582	7.49117200573241	7.49117200573241	1154	550	Enhancer	1	Non-heritable	0.0487617297855055	0.943863101917608	0.0110992071030578	6209	0	0	0.487617297855055	7.05098944706805	6.31173480915292	8.73391617492752	2.01372526268867
BA_only	hippocampus	AA	psi	chr12_114397007_114398563	chr12	114397007	114398563	93	93	0	0	0.00157581726507661	0.779249278115491	5.99906842724264	5.99906842724264	1556	548	Genic/other	2	Non-heritable	0.076087879542146	0.93541551685604	0.00751478361372082	3356	0	0	0.76087879542146	7.34987370473834	6.30809844150953	8.11880299698004	1.79160419671434
BA_only	hippocampus	AA	psi	chr12_114399027_114400202	chr12	114399027	114400202	93	93	0	0	0.00278693227911463	0.842320220530838	4.24399212545171	4.24399212545171	1175	539	Genic/other	1	Heritable	0.11697970948842	0.929326482290154	0.00666742076828356	1717	0	0	1.1697970948842	7.06902342657826	6.29156913955832	7.4489161025442	1.44550436765193
BA_only	hippocampus	AA	psi	chr12_114400508_114402640	chr12	114400508	114402640	93	93	0	0	0.00852032485021295	0.933559278800072	6.51361492614509	-6.51361492614509	2132	540	Genic/other	2	Non-heritable	0.0931712395963775	0.920962381502093	0.00673789428478703	0	0	0	0.931712395963775	7.66481578528574	6.29341927884648	0	1.87389459183461
BA_only	hippocampus	AA	psi	chr12_114403731_114404770	chr12	114403731	114404770	93	93	0	0	0.0116123675586405	0.95315577890577	4.20209772624798	-4.20209772624798	1039	548	Promoter	1	Non-heritable	0.0752052562176899	0.939152926354448	0.00648187070646358	0	0	0	0.752052562176899	6.94601399109923	6.30809844150953	0	1.43558386161161
BA_only	hippocampus	AA	psi	chr12_114409633_114410754	chr12	114409633	114410754	93	93	0	0	0.0048362163511489	0.903845859635741	2.29637044324895	2.29637044324895	1121	536	Genic/other	2	Non-heritable	0.0730146300079781	0.931606841848855	0.00909744527014135	0	0	0	0.730146300079781	7.02197642307216	6.28599809450887	0	0.831329812676118
BA_only	hippocampus	AA	psi	chr12_114411968_114413275	chr12	114411968	114413275	93	93	0	0	0.0173184545245192	0.970581273335112	2.29272904300411	2.29272904300411	1307	563	Genic/other	2	Non-heritable	0.0624900780048359	0.93874604181957	0.00692146778814454	0	0	0	0.624900780048359	7.17548971362422	6.33505425149806	0	0.829742834226809
BA_only	hippocampus	AA	psi	chr12_114414825_114415051	chr12	114414825	114415051	93	93	0	0	0.00488133695046731	0.903845859635741	3.59662578622453	3.59662578622453	226	557	Intergenic	1	Heritable	0.121740569455029	0.949530734406674	0.00682865001181662	0	0	0	1.21740569455029	5.42053499927229	6.32435896238131	0	1.27999612711509
BA_only	hippocampus	AA	psi	chr12_114437617_114438864	chr12	114437617	114438864	164	164	0	0	0.0156609860781125	0.967613773757012	2.72673941910877	2.72673941910877	1247	567	Intergenic	2	Heritable	0.131748329280559	0.941805328291895	0.00794668050100672	0	0	0	1.31748329280559	7.12849594568004	6.34212141872115	0	1.00310654708271
BA_only	hippocampus	AA	psi	chr12_114448998_114451237	chr12	114448998	114451237	209	209	0	0	0.000263759320253197	0.510563156186485	4.92546936062366	4.92546936062366	2239	561	Promoter	2	Non-heritable	0.08656975921131	0.942200916181823	0.00836809176555507	500	0	0	0.8656975921131	7.71378461659876	6.33150184989369	6.21660610108487	1.59441957376288
BA_only	hippocampus	AA	psi	chr12_114478684_114479279	chr12	114478684	114479279	212	212	0	0	0.000368249052695772	0.569477694536431	10.5539802901526	10.5539802901526	595	560	Intergenic	0	Heritable	0.150425567494985	0.949143328208822	0.00672142386837101	30186	0	0	1.50425567494985	6.38856140554563	6.3297209055227	10.3151666471108	2.35650306840533
BA_only	hippocampus	AA	psi	chr12_114664118_114664485	chr12	114664118	114664485	155	155	0	0	0.0133844208529302	0.964283399649536	2.78244700496106	-2.78244700496106	367	637	Intergenic	1	Heritable	0.112198956170208	0.962932977899707	0.00578855999085213	18148	0	0	1.12198956170208	5.90536184805457	6.45833828334479	9.8063707417564	1.02333076174405
BA_only	hippocampus	AA	psi	chr12_114681652_114681791	chr12	114681652	114681791	156	156	0	0	0.00189140306039577	0.801360789073658	2.02444110844743	-2.02444110844743	139	639	Promoter	1	Non-heritable	0.0308537364613746	0.950253878782074	0.00634751229471128	842	0	0	0.308537364613746	4.93447393313069	6.46146817635372	6.73696695800186	0.70529367157585
BA_only	hippocampus	AA	psi	chr12_114691631_114691865	chr12	114691631	114691865	156	156	0	0	0.00350308566367306	0.866906756094015	2.83220726632622	-2.83220726632622	234	646	Genic/other	1	Heritable	0.143135392926576	0.970959564960768	0.00720330254564506	0	0	0	1.43135392926576	5.4553211153577	6.4723462945009	0	1.04105636394631
BA_only	hippocampus	AA	psi	chr12_114767937_114768404	chr12	114767937	114768404	134	134	0	0	0.000560499743458305	0.636920160415722	2.73946980283153	-2.73946980283153	467	660	Promoter	0	Non-heritable	0.0418254647266234	0.932097219108481	0.00849122641546137	652	0	0	0.418254647266234	6.1463292576689	6.49375383985169	6.48157712927643	1.00776440271004
BA_only	hippocampus	AA	psi	chr12_114812775_114813169	chr12	114812775	114813169	134	134	0	0	0.00126741013920083	0.748685029382681	1.96949280910624	-1.96949280910624	394	667	Intergenic	0	Non-heritable	0.0969687391865708	0.948496002309575	0.00580431044703714	45490	0	0	0.969687391865708	5.97635090929793	6.50428817353665	10.7252697831758	0.677776057373047
BA_only	hippocampus	AA	psi	chr12_115348334_115348589	chr12	115348334	115348589	5	5	0	0	0.203999609554012	0.991064867102684	0.403347685823565	-0.403347685823565	255	695	Intergenic	0	Non-heritable	0.0735674368687628	0.958237040785336	0.00619997945157971	25297	0	0	0.735674368687628	5.54126354515843	6.54534966033442	10.1384806202075	-0.907956320213549
BA_only	hippocampus	AA	psi	chr12_11546601_11547726	chr12	11546601	11547726	16	16	0	0	0.029390795661702	0.976712848084579	1.30657170720993	-1.30657170720993	1125	492	Promoter	0	Heritable	0.182537222269022	0.920184005183919	0.0593554221614401	0	0	0	1.82537222269022	7.02553831463852	6.20050917404269	0	0.26740669709344
BA_only	hippocampus	AA	psi	chr12_116318600_116319000	chr12	116318600	116319000	29	29	0	0	0.0170486742176502	0.970581273335112	0.946807491641614	-0.946807491641614	400	496	Intergenic	0	Heritable	0.117771571137081	0.8866372031984	0.00661742392265507	0	0	0	1.17771571137081	5.99146454710798	6.20859002609663	0	-0.0546594782203226
BA_only	hippocampus	AA	psi	chr12_116501936_116502310	chr12	116501936	116502310	43	43	0	0	0.00627770016717661	0.920376068783091	1.00860857680092	-1.00860857680092	374	447	Genic/other	0	Non-heritable	0.0596365595754544	0.913449457068377	0.00704933603167116	0	0	0	0.596365595754544	5.92425579741453	6.10479323241499	0	0.00857174420834432
BA_only	hippocampus	AA	psi	chr12_116508982_116509219	chr12	116508982	116509219	43	43	0	0	0.0139816719236693	0.964529504141215	1.02877252994228	1.02877252994228	237	446	Enhancer	1	Heritable	0.285635510586598	0.882860294579925	0.00880099850642565	0	0	0	2.85635510586598	5.46806014113513	6.10255859461357	0	0.0283663827980691
BA_only	hippocampus	AA	psi	chr12_116604313_116605567	chr12	116604313	116605567	39	39	0	0	0.000452011909762943	0.604162640906295	2.82488007977253	2.82488007977253	1254	489	Intergenic	0	Non-heritable	0.0743638180349514	0.921597915162421	0.0104688230151285	12017	0	0	0.743638180349514	7.13409372119287	6.19440539110467	9.39416080489387	1.03846591759932
BA_only	hippocampus	AA	psi	chr12_116662537_116662711	chr12	116662537	116662711	46	46	0	0	0.0187670956394913	0.972503866121758	1.35863879063714	1.35863879063714	174	520	Enhancer	0	Non-heritable	0.0403342198142633	0.83922889299368	0.00665186604222784	0	0	0	0.403342198142633	5.15905529921453	6.25575004175337	0	0.306483316646764
BA_only	hippocampus	AA	psi	chr12_116709934_116710516	chr12	116709934	116710516	45	45	0	0	0.0129901930649905	0.964283399649536	3.69430607743906	3.69430607743906	582	517	Intergenic	0	Non-heritable	0.0923796984460317	0.934897165779176	0.00740436513864847	7140	0	0	0.923796984460317	6.36647044773144	6.24997524225948	8.87360810154911	1.30679273904788
BA_only	hippocampus	AA	psi	chr12_116717562_116719034	chr12	116717562	116719034	43	43	0	0	0.00959869176980691	0.939841915020693	1.8478983718706	1.8478983718706	1472	535	Genic/other	0	Non-heritable	0.0743909697124332	0.942042314721371	0.00672567301902374	14768	0	0	0.743909697124332	7.29437729928882	6.2841341610708	9.60028566842631	0.614048983542328
BA_only	hippocampus	AA	psi	chr12_116996018_116996947	chr12	116996018	116996947	65	65	0	0	0.0227697131355106	0.975932065139872	2.84202157055025	-2.84202157055025	929	553	Genic/other	0	Heritable	0.154543398568429	0.963459121100097	0.00796237291990423	49718	0	0	1.54543398568429	6.83410873881384	6.31716468674728	10.8141424327917	1.04451562308389
BA_only	hippocampus	AA	psi	chr12_117144618_117145784	chr12	117144618	117145784	61	61	0	0	0.00730478653157824	0.932841257215428	3.68897885575389	3.68897885575389	1166	543	Genic/other	0	Heritable	0.110036415496424	0.930083319134694	0.00979317829312779	492	0	0	1.10036415496424	7.06133436691044	6.29894924685594	6.20050917404269	1.30534968960759
BA_only	hippocampus	AA	psi	chr12_117437786_117438749	chr12	117437786	117438749	0	0	0	0					963	681	Genic/other	0	Non-heritable	0.0738655001352131	0.93356566830085	0.00818397614789036	0	0	0	0.738655001352131	6.87005341179813	6.52502965784346	0	
BA_only	hippocampus	AA	psi	chr12_118052297_118052471	chr12	118052297	118052471	30	30	0	0	0.0160534123886747	0.968049414896919	1.65754089231863	-1.65754089231863	174	560	Genic/other	0	Non-heritable	0.0415517067450213	0.951813364245262	0.00621259602268752	6	0	0	0.415517067450213	5.15905529921453	6.3297209055227	1.94591014905531	0.505335119888718
BA_only	hippocampus	AA	psi	chr12_118161073_118162398	chr12	118161073	118162398	38	38	0	0	3.71426931856034e-05	0.229329061669351	7.47515898600772	-7.47515898600772	1325	537	Promoter	0	Non-heritable	0.094710761799823	0.934903657103629	0.00811505953842179	27542	0	0	0.94710761799823	7.18916773842032	6.28785856016178	10.2235036988118	2.01158538941946
BA_only	hippocampus	AA	psi	chr12_118891093_118892845	chr12	118891093	118892845	12	12	0	0	0.0473862675613933	0.982661996589092	2.21805544555303	-2.21805544555303	1752	545	Genic/other	0	Heritable	0.808294271599346	0.918291550395925	0.00989862722996092	57638	0	0	8.08294271599346	7.46851327149634	6.30261897574491	10.9619547008998	0.796630891119238
BA_only	hippocampus	AA	psi	chr12_119153373_119154370	chr12	119153373	119154370	19	19	0	0	0.0428391874291882	0.980549382116533	1.58186796543477	-1.58186796543477	997	523	Genic/other	2	Heritable	0.101057196317118	0.929682810609266	0.00790134764337811	7991	0	0	1.01057196317118	6.90475076996184	6.26149168432104	8.98619632032839	0.458606411649799
BA_only	hippocampus	AA	psi	chr12_12010065_12011254	chr12	12010065	12011254	11	11	0	0	0.0512995881518966	0.984153364580922	2.85619627968961	-2.85619627968961	1189	634	Enhancer	0	Heritable	0.143751069978829	0.942818521751402	0.0067950221128985	40592	0	0	1.43751069978829	7.08086789669078	6.45362499889269	10.6113509169318	1.04949077099853
BA_only	hippocampus	AA	psi	chr12_120437112_120437389	chr12	120437112	120437389	81	81	0	0	0.0434435383691965	0.980614596122074	1.83477447286959	-1.83477447286959	277	269	Promoter	1	Non-heritable	0.048183839346143	0.776638524464642	0.0095134540790914	7565	0	0	0.48183839346143	5.62401750618734	5.59842195899838	8.93141980519298	0.606921576335251
BA_only	hippocampus	AA	psi	chr12_120529937_120530380	chr12	120529937	120530380	57	57	0	0	0.00422230267643504	0.885936370222218	5.27948779321637	5.27948779321637	443	276	Promoter	1	Heritable	0.185164716914018	0.846406646340511	0.00596309128959472	0	0	0	1.85164716914018	6.09356977004514	5.62401750618734	0	1.66382908604609
BA_only	hippocampus	AA	psi	chr12_120844457_120845165	chr12	120844457	120845165	58	58	0	0	0.00233011364191827	0.821900074869887	5.15189536206911	5.15189536206911	708	343	Enhancer	0	Non-heritable	0.0439869866040994	0.840595585664185	0.00813662411723319	0	0	0	0.439869866040994	6.56244409369372	5.8406416573734	0	1.63936468037944
BA_only	hippocampus	AA	psi	chr12_121095146_121095404	chr12	121095146	121095404	64	64	0	0	0.00635750527887816	0.920376068783091	1.67826569992809	-1.67826569992809	258	358	Promoter	1	Heritable	0.139770560910431	0.878554181644016	0.00831403268731561	2719	0	0	1.39770560910431	5.55295958492162	5.88332238848828	7.90838715929004	0.51776094469152
BA_only	hippocampus	AA	psi	chr12_12111070_12111424	chr12	12111070	12111424	11	11	0	0	0.0314513524050299	0.977060807838727	2.78478226187118	-2.78478226187118	354	620	Promoter	0	Heritable	0.202050288337823	0.939265315168701	0.00363207102684665	14007	0	0	2.02050288337823	5.86929691313377	6.43133108193348	9.54738387396569	1.02416969146179
BA_only	hippocampus	AA	psi	chr12_121169022_121170289	chr12	121169022	121170289	60	60	0	0	0.018550664837792	0.972503866121758	3.39094476669315	-3.39094476669315	1267	306	Genic/other	0	Heritable	0.758921616867855	0.900324822256234	0.00746503551395194	0	0	0	7.58921616867855	7.14440718032114	5.7268477475872	0	1.22110857775379
BA_only	hippocampus	AA	psi	chr12_121240639_121240917	chr12	121240639	121240917	51	51	0	0	0.00794173171031098	0.933559278800072	3.62389010212543	-3.62389010212543	278	313	Genic/other	0	Non-heritable	0.0464421111429941	0.736355064868215	0.00577404699639566	0	0	0	0.464421111429941	5.62762111369064	5.74939298590825	0	1.28754806545981
BA_only	hippocampus	AA	psi	chr12_121326988_121327982	chr12	121326988	121327982	44	44	0	0	0.000433126693081807	0.600933463320688	2.44089578901376	2.44089578901376	994	318	Genic/other	0	Heritable	0.120022159939261	0.87690365559659	0.00885123261828192	0	0	0	1.20022159939261	6.90173720665657	5.76519110278484	0	0.892365102672453
BA_only	hippocampus	AA	psi	chr12_121438948_121439288	chr12	121438948	121439288	61	61	0	0	0.00116219230506293	0.72939557362483	7.38746661012626	7.38746661012626	340	333	Genic/other	1	Non-heritable	0.0707843535821588	0.872222143435797	0.00552348833230915	786	0	0	0.707843535821588	5.82894561761021	5.8111409929767	6.6682282484174	1.99978486429578
BA_only	hippocampus	AA	psi	chr12_121444506_121444970	chr12	121444506	121444970	61	61	0	0	0.0225913393790807	0.975932065139872	7.54226873540051	-7.54226873540051	464	334	Promoter	2	Non-heritable	0.0920634431556805	0.776502070263357	0.00939848520126071	0	0	0	0.920634431556805	6.13988455222626	5.81413053182507	0	2.02052303137561
BA_only	hippocampus	AA	psi	chr12_121523059_121524787	chr12	121523059	121524787	53	53	0	0	0.0371704783982179	0.980549382116533	6.6575349624123	-6.6575349624123	1728	321	Genic/other	0	Non-heritable	0.0692584682466914	0.832602443395182	0.00760924755803873	0	0	0	0.692584682466914	7.454719949364	5.77455154554441	0	1.89574929177699
BA_only	hippocampus	AA	psi	chr12_121590126_121591033	chr12	121590126	121591033	60	60	0	0	0.0129880751497494	0.964283399649536	2.67734146995746	-2.67734146995746	907	306	Enhancer	0	Heritable	0.128675720222902	0.86608220781106	0.00682300974712711	0	0	0	1.28675720222902	6.81014245011514	5.7268477475872	0	0.984824317089431
BA_only	hippocampus	AA	psi	chr12_121673060_121673436	chr12	121673060	121673436	64	64	0	0	0.00140493856604867	0.760188330071088	3.19556894060662	-3.19556894060662	376	293	Promoter	0	Heritable	0.102192712731917	0.827016347057511	0.00735545349357076	15753	0	0	1.02192712731917	5.9295891433899	5.68357976733868	9.66484958026327	1.16176514728321
BA_only	hippocampus	AA	psi	chr12_121753935_121754484	chr12	121753935	121754484	58	58	0	0	0.0228072220175009	0.975932065139872	14.1367449150185	14.1367449150185	549	304	Genic/other	0	Non-heritable	0.0817572394276575	0.849685715024934	0.00590798580533906	19028	0	0	0.817572394276575	6.30809844150953	5.72031177660741	9.85371941030201	2.64877743064498
BA_only	hippocampus	AA	psi	chr12_122028286_122028628	chr12	122028286	122028628	69	69	0	0	0.0336323025927132	0.979164877002956	4.02663714312939	4.02663714312939	342	251	Genic/other	0	Non-heritable	0.0716641767725303	0.709576350416404	0.00633427653321782	26297	0	0	0.716641767725303	5.83481073706261	5.52942908751142	10.1772481696469	1.39293157429085
BA_only	hippocampus	AA	psi	chr12_122072386_122072779	chr12	122072386	122072779	50	50	0	0	0.0493263101711907	0.983382963027712	2.6273695588189	-2.6273695588189	393	232	Intergenic	0	Heritable	0.151102739571889	0.783543259680444	0.00798495832232197	4357	0	0	1.51102739571889	5.97380961186926	5.4510384535657	8.37976851550457	0.965983181744778
BA_only	hippocampus	AA	psi	chr12_122138432_122138909	chr12	122138432	122138909	59	59	0	0	0.0227221539001027	0.975932065139872	1.22115012313144	1.22115012313144	477	223	Genic/other	0	Non-heritable	0.0768190005388731	0.841670377008806	0.00734541934024071	0	0	0	0.768190005388731	6.16751649088834	5.41164605185504	0	0.199793146727318
BA_only	hippocampus	AA	psi	chr12_122167628_122167775	chr12	122167628	122167775	57	57	0	0	0.0364303432519432	0.980549382116533	3.20824322289915	3.20824322289915	147	231	Promoter	0	Non-heritable	0.0378200216728277	0.748476239451658	0.00558260489128114	6	0	0	0.378200216728277	4.99043258677874	5.44673737166631	1.94591014905531	1.16572350785918
BA_only	hippocampus	AA	psi	chr12_122524888_122525475	chr12	122524888	122525475	29	29	0	0	0.0127557672903796	0.961717006536833	1.60273260354755	1.60273260354755	587	242	Genic/other	1	Heritable	0.677832298949405	0.850996913964617	0.0225924259542896	0	0	0	6.77832298949405	6.3750248198281	5.49306144334055	0	0.471710055938417
BA_only	hippocampus	AA	psi	chr12_122644015_122644283	chr12	122644015	122644283	41	41	0	0	0.0213915711924064	0.975932065139872	1.40757231045522	-1.40757231045522	268	204	Intergenic	0	Non-heritable	0.0618996553047321	0.664808230182917	0.00664436531502908	30310	0	0	0.618996553047321	5.59098698051086	5.32300997913841	10.3192659619194	0.341866461917883
BA_only	hippocampus	AA	psi	chr12_122793692_122794261	chr12	122793692	122794261	111	111	0	0	0.00554900396743448	0.914301706404424	6.06613982452123	6.06613982452123	569	169	Genic/other	0	Non-heritable	0.0839515655784018	0.727066586344224	0.00824552042812191	40576	0	0	0.839515655784018	6.34388043412633	5.13579843705026	10.6109566826036	1.80272246118026
BA_only	hippocampus	AA	psi	chr12_122839897_122840697	chr12	122839897	122840697	111	111	0	0	0.00262221246428587	0.834890109094339	6.98862102914473	6.98862102914473	800	157	Genic/other	1	Non-heritable	0.0983221856823612	0.699172787416641	0.00732654144680916	0	0	0	0.983221856823612	6.68461172766793	5.06259503302697	0	1.94428326055312
BA_only	hippocampus	AA	psi	chr12_122844680_122846208	chr12	122844680	122846208	111	111	0	0	0.00718008437982526	0.931602204679102	8.07942200039112	8.07942200039112	1528	161	Genic/other	0	Non-heritable	0.069947771297643	0.641697008505695	0.00681927910171641	0	0	0	0.69947771297643	7.33171496972647	5.08759633523238	0	2.08932033660694
BA_only	hippocampus	AA	psi	chr12_122847747_122848666	chr12	122847747	122848666	111	111	0	0	0.00318431421477565	0.853185837570312	4.60868576376253	4.60868576376253	919	158	Genic/other	0	Non-heritable	0.0916931673013595	0.689604902633439	0.00941614985320199	0	0	0	0.916931673013595	6.82328612235569	5.06890420222023	0	1.52794273475174
BA_only	hippocampus	AA	psi	chr12_122849762_122849895	chr12	122849762	122849895	111	111	0	0	0.0113073697554873	0.950087699691719	6.02704789052503	6.02704789052503	133	156	Promoter	0	Non-heritable	0.0517484132694972	0.656024383631892	0.00656761532587479	1730	0	0	0.517484132694972	4.89034912822175	5.05624580534831	7.45645455517621	1.79625732212571
BA_only	hippocampus	AA	psi	chr12_122850771_122850949	chr12	122850771	122850949	111	111	0	0	0.0034426112356199	0.866906756094015	10.2913661546358	10.2913661546358	178	162	Promoter	0	Non-heritable	0.0780773404466078	0.704083571162429	0.00683877730030436	2739	0	0	0.780773404466078	5.18178355029209	5.09375020080676	7.91571319938212	2.33130530727585
BA_only	hippocampus	AA	psi	chr12_122851958_122853614	chr12	122851958	122853614	110	110	0	0	0.00278843291901384	0.842320220530838	8.02388408627188	8.02388408627188	1656	162	Promoter	0	Non-heritable	0.0796484314509744	0.72964770986316	0.00619245218613034	3926	0	0	0.796484314509744	7.41216033494521	5.09375020080676	8.27563105457801	2.08242260592319
BA_only	hippocampus	AA	psi	chr12_122856954_122857439	chr12	122856954	122857439	110	110	0	0	0.00662694166806313	0.925319278784117	7.87824399422282	7.87824399422282	485	169	Genic/other	0	Non-heritable	0.0621987816670677	0.722196885633925	0.00903930722973235	2637	0	0	0.621987816670677	6.18414889093748	5.13579843705026	7.87777633327726	2.06410503693309
BA_only	hippocampus	AA	psi	chr12_122865129_122865496	chr12	122865129	122865496	109	109	0	0	0.000326408375437995	0.554941236144542	8.65082725793857	8.65082725793857	367	160	Promoter	1	Heritable	0.107088301382613	0.662148670213437	0.00745533981861142	4449	0	0	1.07088301382613	5.90536184805457	5.08140436498446	8.40065937516029	2.15765495428275
BA_only	hippocampus	AA	psi	chr12_122867964_122868289	chr12	122867964	122868289	109	109	0	0	0.0133572143160548	0.964283399649536	7.54893466258427	7.54893466258427	325	170	Enhancer	1	Non-heritable	0.0681525361471494	0.70013177888267	0.00620350751054153	2765	0	0	0.681525361471494	5.78382518232974	5.14166355650266	7.9251575122247	2.021406450336
BA_only	hippocampus	AA	psi	chr12_122909638_122910329	chr12	122909638	122910329	109	109	0	0	0.00214625038932176	0.815187053503819	5.77739151695772	5.77739151695772	691	153	Intergenic	0	Non-heritable	0.0598699733380729	0.652123999600764	0.00621536352962303	6040	0	0	0.598699733380729	6.53813982376767	5.03695260241363	8.70632484013874	1.7539522879071
BA_only	hippocampus	AA	psi	chr12_12320946_12322830	chr12	12320946	12322830	15	15	0	0	0.0161582190421978	0.968106276565941	2.04832574599269	-2.04832574599269	1884	606	Intergenic	0	Heritable	0.658798785406313	0.929714021933444	0.00791989357920954	20342	0	0	6.58798785406313	7.54115245513631	6.4085287910595	9.92049215135195	0.71702275507178
BA_only	hippocampus	AA	psi	chr12_123268882_123269135	chr12	123268882	123269135	57	57	0	0	0.0288116899421292	0.975932065139872	3.23092077402393	-3.23092077402393	253	181	Promoter	1	Non-heritable	0.0465348635735147	0.67131046636546	0.00778178855353875	0	0	0	0.465348635735147	5.53338948872752	5.2040066870768	0	1.17276716906236
BA_only	hippocampus	AA	psi	chr12_123272860_123273604	chr12	123272860	123273604	57	57	0	0	0.0420595477460769	0.980549382116533	1.54202311328396	1.54202311328396	744	178	Promoter	1	Heritable	0.437703438752133	0.799865039129744	0.00841455763763568	702	0	0	4.37703438752133	6.61204103483309	5.18738580584076	6.55535689181067	0.433095270673296
BA_only	hippocampus	AA	psi	chr12_123390734_123391351	chr12	123390734	123391351	80	80	0	0	0.000924719746745748	0.704421462184525	3.20113670351281	3.20113670351281	617	191	Promoter	1	Heritable	0.144523011424863	0.753920233801244	0.00478920276959655	103	0	0	1.44523011424863	6.42486902390539	5.25749537202778	4.64439089914137	1.16350596970169
BA_only	hippocampus	AA	psi	chr12_123448116_123448221	chr12	123448116	123448221	84	84	0	0	0.021579995479762	0.975932065139872	2.69237147280124	-2.69237147280124	105	193	Intergenic	0	Heritable	0.152204780689818	0.724684121964015	0.00715415705768146	9994	0	0	1.52204780689818	4.65396035015752	5.26785815906333	9.2098402469345	0.990422397359077
BA_only	hippocampus	AA	psi	chr12_123478966_123479981	chr12	123478966	123479981	82	82	0	0	0.0117443021457878	0.954216543045477	2.25211133489877	-2.25211133489877	1015	193	Enhancer	0	Non-heritable	0.0815833655575703	0.7278294723112	0.00772261787697377	0	0	0	0.815833655575703	6.92264389147589	5.26785815906333	0	0.811868151727829
BA_only	hippocampus	AA	psi	chr12_123502299_123502438	chr12	123502299	123502438	73	73	0	0	0.00533186425531076	0.912035111152522	2.70853181701233	2.70853181701233	139	201	Genic/other	0	Heritable	0.111253010862174	0.747960442735458	0.0057873405456602	18118	0	0	1.11253010862174	4.93447393313069	5.30826769740121	9.80471639043611	0.996406726835896
BA_only	hippocampus	AA	psi	chr12_123761756_123761924	chr12	123761756	123761924	53	53	0	0	0.0367038963466312	0.980549382116533	7.49130551622345	7.49130551622345	168	319	Promoter	1	Non-heritable	0.0726859868316129	0.83799705824886	0.00850587510104884	53551	0	0	0.726859868316129	5.12396397940326	5.76832099579377	10.8884084234511	2.01374308490675
BA_only	hippocampus	AA	psi	chr12_123895224_123895715	chr12	123895224	123895715	25	25	0	0	0.00866860927549334	0.933559278800072	2.84715838667451	-2.84715838667451	491	385	Genic/other	0	Non-heritable	0.0834683440246187	0.910137516198493	0.00798671047017455	28572	0	0	0.834683440246187	6.19644412779452	5.95583736946483	10.2602174949624	1.04632144309336
BA_only	hippocampus	AA	psi	chr12_123948239_123949309	chr12	123948239	123949309	20	20	0	0	0.00326230346560971	0.857464932788119	3.31030282577446	-3.31030282577446	1070	391	Genic/other	0	Non-heritable	0.0854596209101154	0.890947463582651	0.00680708536082701	0	0	0	0.854596209101154	6.97541392745595	5.97126183979046	0	1.19703967637444
BA_only	hippocampus	AA	psi	chr12_123973175_123973272	chr12	123973175	123973272	15	15	0	0	0.0716572834546841	0.985907779499035	2.63115215209569	-2.63115215209569	97	384	Promoter	1	Non-heritable	0.0896093081942682	0.805779320765767	0.00742092928088434	0	0	0	0.896093081942682	4.57471097850338	5.95324333428779	0	0.967421834705728
BA_only	hippocampus	AA	psi	chr12_124098518_124099406	chr12	124098518	124099406	22	22	0	0	0.0156031809051426	0.967605562340161	3.43579139874099	-3.43579139874099	888	467	Genic/other	0	Non-heritable	0.0854086481363864	0.929014342728501	0.00959534392285675	110471	0	0	0.854086481363864	6.78897174299217	6.14846829591765	11.6125173741652	1.23424729469512
BA_only	hippocampus	AA	psi	chr12_124150375_124152201	chr12	124150375	124152201	22	22	0	0	0.00241380164891906	0.824728302674626	3.70419361720584	-3.70419361720584	1826	514	Genic/other	0	Heritable	0.366683358786213	0.911941117310169	0.00750729027841213	162328	0	0	3.66683358786213	7.50988306115491	6.24416690066374	11.9973804189952	1.3094655905812
BA_only	hippocampus	AA	psi	chr12_124218601_124218942	chr12	124218601	124218942	22	22	0	0	0.0244040827837947	0.975932065139872	1.14026951967369	-1.14026951967369	341	546	Genic/other	0	Non-heritable	0.0832989526361865	0.940809281933746	0.0116752024140544	106640	0	0	0.832989526361865	5.83188247728352	6.30444880242198	11.577223332153	0.13126466399967
BA_only	hippocampus	AA	psi	chr12_124278288_124279254	chr12	124278288	124279254	11	11	0	0	0.0224705119935388	0.975932065139872	3.08227744546045	-3.08227744546045	966	578	Genic/other	0	Heritable	0.121862883580524	0.963930251822524	0.00738791953030059	46328	0	0	1.21862883580524	6.87316383421252	6.361302477573	10.7435233938911	1.12566875733021
BA_only	hippocampus	AA	psi	chr12_124366134_124366630	chr12	124366134	124366630	12	12	0	0	0.0145111789269222	0.966089857218066	4.83588469628483	-4.83588469628483	496	615	Genic/other	0	Heritable	0.1031858381854	0.958714989430467	0.00740266346220569	4007	0	0	1.031858381854	6.20657592672493	6.42324696353352	8.2960476427647	1.57606409174975
BA_only	hippocampus	AA	psi	chr12_124425645_124426053	chr12	124425645	124426053	13	13	0	0	0.101434728108495	0.990428070812969	3.51068191333543	-3.51068191333543	408	637	Genic/other	1	Heritable	0.109926396151192	0.97266159484557	0.0061742605193571	3649	0	0	1.09926396151192	6.01126717440416	6.45833828334479	8.20248244657654	1.25581029876037
BA_only	hippocampus	AA	psi	chr12_124474932_124475193	chr12	124474932	124475193	13	13	0	0	0.050075146608511	0.984017207786399	2.26908157105305	-2.26908157105305	261	681	Genic/other	0	Non-heritable	0.0928485918959992	0.939660128788885	0.00651247515184371	8758	0	0	0.928485918959992	5.56452040732269	6.52502965784346	9.07783702216309	0.819375159780286
BA_only	hippocampus	AA	psi	chr12_124525713_124525929	chr12	124525713	124525929	13	13	0	0	0.132947431059718	0.991064867102684	2.5130975702139	2.5130975702139	216	719	Genic/other	0	Non-heritable	0.0432260825085702	0.970463858805241	0.0060243101639852	0	0	0	0.432260825085702	5.37527840768417	6.5792512120101	0	0.921516087976266
BA_only	hippocampus	AA	psi	chr12_124528036_124528632	chr12	124528036	124528632	16	16	0	0	0.0345316270067875	0.980327953711174	1.87107399712445	1.87107399712445	596	709	Genic/other	0	Non-heritable	0.0868188907064507	0.95967734186916	0.0123229442280429	0	0	0	0.868188907064507	6.39024066706535	6.56526497003536	0	0.626512601359734
BA_only	hippocampus	AA	psi	chr12_124532457_124532857	chr12	124532457	124532857	19	19	0	0	0.128742483521562	0.991064867102684	3.784703101264	-3.784703101264	400	712	Genic/other	0	Heritable	0.121002425307304	0.97061515860519	0.00774351934092044	0	0	0	1.21002425307304	5.99146454710798	6.5694814204143	0	1.33096744557361
BA_only	hippocampus	AA	psi	chr12_124568804_124569013	chr12	124568804	124569013	29	29	0	0	0.00550617149587529	0.914301706404424	5.66096089514367	5.66096089514367	209	707	Genic/other	1	Non-heritable	0.0742296268888472	0.973887591905785	0.00928059081064828	33238	0	0	0.742296268888472	5.34233425196481	6.56244409369372	10.411479164281	1.73359364903238
BA_only	hippocampus	AA	psi	chr12_124661555_124664287	chr12	124661555	124664287	34	34	0	0	0.00149960802772875	0.770758625373791	4.6514578067182	-4.6514578067182	2732	704	Intergenic	2	Non-heritable	0.0682095950550541	0.960753862743003	0.0056268610820234	27705	0	0	0.682095950550541	7.91278922069068	6.55819780281227	10.2294042752178	1.53718067943725
BA_only	hippocampus	AA	psi	chr12_124675669_124676041	chr12	124675669	124676041	35	35	0	0	0.00349454807339616	0.866906756094015	1.42166622137108	-1.42166622137108	372	718	Intergenic	0	Heritable	0.215628924295168	0.927191336957089	0.00740483905897758	41819	0	0	2.15628924295168	5.91889385427315	6.57786135772105	10.6411299729826	0.351829586088672
BA_only	hippocampus	AA	psi	chr12_124698392_124699058	chr12	124698392	124699058	34	34	0	0	0.00167866808943325	0.786661074605562	3.5193276544136	-3.5193276544136	666	695	Intergenic	0	Non-heritable	0.0674915150187566	0.965465095720027	0.0071461217531894	64542	0	0	0.674915150187566	6.50128967054039	6.54534966033442	11.075086947327	1.25826996693838
BA_only	hippocampus	AA	psi	chr12_124713749_124713936	chr12	124713749	124713936	35	35	0	0	0.037654914538017	0.980549382116533	2.53988253074609	2.53988253074609	187	706	Enhancer	0	Non-heritable	0.0615285043899393	0.95327247191819	0.00696276479069961	64649	0	0	0.615285043899393	5.23110861685459	6.56103066589657	11.0767433842	0.932117836160416
BA_only	hippocampus	AA	psi	chr12_124726971_124727518	chr12	124726971	124727518	34	34	0	0	0.00264448369709643	0.835655744705892	2.20960957588326	-2.20960957588326	547	685	Enhancer	0	Heritable	0.111588784370008	0.959302438722958	0.0070903326195008	51067	0	0	1.11588784370008	6.30444880242198	6.53087762772589	10.8409133569402	0.792815841952429
BA_only	hippocampus	AA	psi	chr12_12476999_12477244	chr12	12476999	12477244	12	12	0	0	0.00383341069076175	0.871680437000402	1.78167758271521	-1.78167758271521	245	586	Genic/other	0	Heritable	0.124805793555415	0.9578710914438	0.00569509858537821	770	0	0	1.24805793555415	5.50125821054473	6.3750248198281	6.64768837356333	0.577555388277585
BA_only	hippocampus	AA	psi	chr12_124848562_124848971	chr12	124848562	124848971	33	33	0	0	0.00330387131066473	0.859969426803329	3.28816119522409	-3.28816119522409	409	694	Genic/other	0	Heritable	0.106797187690141	0.965650377769693	0.00693633415534208	0	0	0	1.06797187690141	6.0137151560428	6.54391184556479	0	1.19032850434491
BA_only	hippocampus	AA	psi	chr12_124862146_124862673	chr12	124862146	124862673	32	32	0	0	0.0419423299469499	0.980549382116533	2.86870439417397	2.86870439417397	527	697	Genic/other	1	Heritable	0.136301802818967	0.966395369418431	0.00642673793695811	0	0	0	1.36301802818967	6.26720054854136	6.54821910276237	0	1.05386050073055
BA_only	hippocampus	AA	psi	chr12_124897705_124898132	chr12	124897705	124898132	33	33	0	0	0.0119439394021873	0.955606011044194	1.71408709121603	-1.71408709121603	427	665	Genic/other	0	Heritable	0.241457456691804	0.928202843372698	0.0101742245206027	14047	0	0	2.41457456691804	6.05678401322863	6.50128967054039	9.5502353158749	0.538880636396692
BA_only	hippocampus	AA	psi	chr12_124952891_124953416	chr12	124952891	124953416	33	33	0	0	0.112579577570266	0.990898390030923	1.33477258586698	1.33477258586698	525	706	Genic/other	0	Heritable	0.734874450490074	0.935538675366594	0.00939934402466942	2200	0	0	7.34874450490074	6.26339826259162	6.56103066589657	7.69666708152646	0.288760937168131
BA_only	hippocampus	AA	psi	chr12_125015791_125016594	chr12	125015791	125016594	33	33	0	0	0.000537753770117939	0.63598162969836	2.30996869690242	2.30996869690242	803	674	Genic/other	0	Heritable	0.118192553671832	0.959542834082318	0.0114879032122213	65100	0	0	1.18192553671832	6.68835471394676	6.51471269087253	11.0836951890618	0.837233977646454
BA_only	hippocampus	AA	psi	chr12_125023787_125024565	chr12	125023787	125024565	33	33	0	0	0.0255974577419811	0.975932065139872	1.62724280037672	1.62724280037672	778	660	Genic/other	1	Heritable	0.632466051564715	0.932461272248781	0.012204523516753	73096	0	0	6.32466051564715	6.65672652417839	6.49375383985169	11.199542605224	0.486887055194641
BA_only	hippocampus	AA	psi	chr12_125092837_125093544	chr12	125092837	125093544	24	24	0	0	0.0293353647998182	0.976590008807619	2.42609635119102	2.42609635119102	707	678	Enhancer	1	Non-heritable	0.0982768319773512	0.968668475745111	0.00680012708499547	31224	0	0	0.982768319773512	6.56103066589657	6.5206211275587	10.3489743349938	0.886283529927187
BA_only	hippocampus	AA	psi	chr12_125121418_125121906	chr12	125121418	125121906	24	24	0	0	0.0162566185051179	0.969104619306886	2.51253016741362	-2.51253016741362	488	659	Genic/other	0	Heritable	0.117006054067208	0.966797782305588	0.00964688058284505	2862	0	0	1.17006054067208	6.19031540585315	6.49223983502047	7.95962530509812	0.921290284223957
BA_only	hippocampus	AA	psi	chr12_12521144_12521987	chr12	12521144	12521987	12	12	0	0	0.136241903438878	0.991064867102684	0.71303972150566	-0.71303972150566	843	585	Genic/other	0	Heritable	0.1543386773247	0.954202500776964	0.00732687031459624	0	0	0	1.543386773247	6.73696695800186	6.37331978957701	0	-0.338218135708523
BA_only	hippocampus	AA	psi	chr12_125280590_125281111	chr12	125280590	125281111	2	2	0	0	0.0595706803390672	0.98577631996496	0.243513027600562	-0.243513027600562	521	582	Enhancer	0	Heritable	0.121981119047028	0.952542227489566	0.00680802996077514	45563	0	0	1.21981119047028	6.25575004175337	6.36818718635049	10.7268732100198	-1.4125847953854
BA_only	hippocampus	AA	psi	chr12_125329628_125330175	chr12	125329628	125330175	2	2	0	0	0.174332312881958	0.991064867102684	0.0839699927846261	-0.0839699927846261	547	576	Genic/other	1	Heritable	0.146658093549002	0.957557769121827	0.00756623381085147	0	0	0	1.46658093549002	6.30444880242198	6.3578422665081	0	-2.47729565362451
BA_only	hippocampus	AA	psi	chr12_125412514_125412997	chr12	125412514	125412997	0	0	0	0					483	566	Genic/other	0	Heritable	0.11339042700926	0.959290234743697	0.00820093247881096	63061	0	0	1.1339042700926	6.18001665365257	6.34035930372775	11.0518736484223	
BA_only	hippocampus	AA	psi	chr12_12559915_12560839	chr12	12559915	12560839	12	12	0	0	0.027192703227344	0.975932065139872	2.67571354862317	2.67571354862317	924	563	Genic/other	1	Heritable	0.146974757178598	0.934883062167572	0.00683468797300056	0	0	0	1.46974757178598	6.82871207164168	6.33505425149806	0	0.984216095663444
BA_only	hippocampus	AA	psi	chr12_125984764_125985092	chr12	125984764	125985092	155	155	0	0	0.0178636165737546	0.970931943606436	3.75480879913898	3.75480879913898	328	489	Genic/other	0	Heritable	0.145184041940348	0.931041562812789	0.00928154190905703	0	0	0	1.45184041940348	5.79301360838414	6.19440539110467	0	1.32303736757867
BA_only	hippocampus	AA	psi	chr12_126726148_126726320	chr12	126726148	126726320	553	553	0	0	0.0036034601493835	0.866906756094015	11.9163909223488	11.9163909223488	172	515	Promoter	2	Heritable	0.191763592027056	0.913139930199396	0.00808744047083886	0	0	0	1.91763592027056	5.14749447681345	6.24610676548156	0	2.47791484166005
BA_only	hippocampus	AA	psi	chr12_126835830_126838281	chr12	126835830	126838281	560	560	0	0	0.000281103985206836	0.526549220031636	4.12475747191993	4.12475747191993	2451	567	Intergenic	0	Heritable	0.466881044948974	0.897262759839509	0.0100636002590603	32277	0	0	4.66881044948974	7.80425138352811	6.34212141872115	10.3821411625958	1.41700722579648
BA_only	hippocampus	AA	psi	chr12_127146404_127146527	chr12	127146404	127146527	34	34	0	0	0.0318727196170944	0.977060807838727	2.23379161218771	2.23379161218771	123	638	Promoter	1	Non-heritable	0.084913800275125	0.959108303708441	0.0073601948521488	67	0	0	0.84913800275125	4.81218435537242	6.45990445437754	4.21950770517611	0.803700420642003
BA_only	hippocampus	AA	psi	chr12_127685925_127686390	chr12	127685925	127686390	43	43	0	0	5.31460130356052e-05	0.281585191169814	4.47130454980358	4.47130454980358	465	845	Intergenic	0	Non-heritable	0.0643934079464474	0.965537946693074	0.00630392195409959	15121	0	0	0.643934079464474	6.14203740558736	6.74051935960622	9.62390591611821	1.49768021387696
BA_only	hippocampus	AA	psi	chr12_127986184_127986524	chr12	127986184	127986524	50	50	0	0	0.00559502331147511	0.914301706404424	1.52533171188904	1.52533171188904	340	865	Genic/other	0	Heritable	0.301566214605057	0.950584903523007	0.0076108576889598	3116	0	0	3.01566214605057	5.82894561761021	6.76388490856244	8.04462627976734	0.422211908954965
BA_only	hippocampus	AA	psi	chr12_128004305_128004892	chr12	128004305	128004892	49	49	0	0	0.0234882611630643	0.975932065139872	0.966291899255522	0.966291899255522	587	862	Intergenic	0	Heritable	0.121531611859589	0.977804608162024	0.00670939665409552	18929	0	0	1.21531611859589	6.3750248198281	6.76041469108343	9.84850324420337	-0.0342893069235261
BA_only	hippocampus	AA	psi	chr12_128188216_128188927	chr12	128188216	128188927	48	48	0	0	0.0315850172200096	0.977060807838727	1.53985020399416	-1.53985020399416	711	868	Genic/other	0	Heritable	0.625174454934746	0.933610051388702	0.0064262381931852	0	0	0	6.25174454934746	6.56667242980324	6.76734312526539	0	0.431685148054967
BA_only	hippocampus	AA	psi	chr12_128246035_128247105	chr12	128246035	128247105	16	16	0	0	0.0353476765968991	0.980327953711174	2.5732788968478	-2.5732788968478	1070	862	Intergenic	0	Heritable	0.578552750473689	0.960654508445798	0.00866087666331043	16667	0	0	5.78552750473689	6.97541392745595	6.76041469108343	9.72124599254234	0.945180924956228
BA_only	hippocampus	AA	psi	chr12_128269347_128269763	chr12	128269347	128269763	16	16	0	0	0.0179135736270858	0.970931943606436	4.383897577176	4.383897577176	416	884	Genic/other	1	Heritable	0.111784333156762	0.979130371083149	0.0065081296523943	2752	0	0	1.11784333156762	6.03068526026126	6.78558764500793	7.92044650514261	1.47793818878344
BA_only	hippocampus	AA	psi	chr12_128293047_128293986	chr12	128293047	128293986	15	15	0	0	0.0666531487958353	0.985907779499035	2.83920916305631	-2.83920916305631	939	887	Promoter	0	Heritable	0.554647409369281	0.961326782470105	0.00761621369084707	26452	0	0	5.54647409369281	6.84481547920826	6.78897174299217	10.1831248524048	1.04352555320444
BA_only	hippocampus	AA	psi	chr12_128513888_128514168	chr12	128513888	128514168	1	1	0	0	0.567623887024223	0.996372748468176	0.440974831494778	0.440974831494778	280	950	Genic/other	0	Heritable	0.138467535083139	0.983235629853762	0.00755557231335378	247293	0	0	1.38467535083139	5.63478960316925	6.85751406254539	12.4183331911853	-0.81876745392731
BA_only	hippocampus	AA	psi	chr12_128844470_128844591	chr12	128844470	128844591	6	6	0	0	0.198734853620134	0.991064867102684	3.84806811699292	-3.84806811699292	121	867	Intergenic	1	Non-heritable	0.082576858635692	0.96509788132085	0.0073708881367564	7760	0	0	0.82576858635692	4.79579054559674	6.76619171466035	8.95686647085414	1.34757123716673
BA_only	hippocampus	AA	psi	chr12_128971896_128972116	chr12	128971896	128972116	15	15	0	0	0.0205978340259365	0.975856666808667	2.75684072384685	-2.75684072384685	220	865	Genic/other	0	Non-heritable	0.0773668149515932	0.97050638395643	0.00690851746635197	59471	0	0	0.773668149515932	5.39362754635236	6.76388490856244	10.993260892537	1.01408536245386
BA_only	hippocampus	AA	psi	chr12_129697989_129698470	chr12	129697989	129698470	1	1	0	0	0.146602831538055	0.991064867102684	0.252365965154561	-0.252365965154561	481	825	Promoter	2	Non-heritable	0.0327249289937636	0.94282734869559	0.00612106442254446	154642	0	0	0.327249289937636	6.17586727010576	6.71659477352098	11.9488745135906	-1.37687496265347
BA_only	hippocampus	AA	psi	chr12_129854401_129855104	chr12	129854401	129855104	29	29	0	0	0.0283061310121597	0.975932065139872	1.1132654569393	-1.1132654569393	703	844	Promoter	1	Non-heritable	0.0965865029155534	0.977578268921013	0.00675630645672109	0	0	0	0.965865029155534	6.55535689181067	6.73933662735717	0	0.107297558623543
BA_only	hippocampus	AA	psi	chr12_129949961_129951113	chr12	129949961	129951113	64	64	0	0	0.0143711969175374	0.965511164050932	3.51340027088422	3.51340027088422	1152	869	Intergenic	0	Heritable	0.105878777224376	0.981611578579043	0.00665058786371411	6753	0	0	1.05878777224376	7.04925484125584	6.76849321164863	8.81789020094551	1.2565843095437
BA_only	hippocampus	AA	psi	chr12_130017179_130017832	chr12	130017179	130017832	65	65	0	0	0.0334575807507084	0.979164877002956	2.59580146118656	2.59580146118656	653	851	Intergenic	0	Non-heritable	0.0704682008276114	0.955751425114436	0.00826836222594067	0	0	0	0.704682008276114	6.48157712927643	6.74758652682932	0	0.953895321027875
BA_only	hippocampus	AA	psi	chr12_130105460_130105652	chr12	130105460	130105652	72	72	0	0	0.0101184470820502	0.944902218841749	4.44381328744226	-4.44381328744226	192	843	Intergenic	0	Non-heritable	0.0582281873010662	0.980415993524979	0.00656903051996866	18118	0	0	0.582281873010662	5.25749537202778	6.73815249459596	9.80471639043611	1.49151285861812
BA_only	hippocampus	AA	psi	chr12_130127998_130128665	chr12	130127998	130128665	72	72	0	0	0.00137533940180859	0.758185047287174	6.45275133459887	-6.45275133459887	667	854	Intergenic	0	Non-heritable	0.0761666648555226	0.981838787396576	0.009700385061312	24932	0	0	0.761666648555226	6.50279004591562	6.75110146893676	10.1239475062211	1.86450660490876
BA_only	hippocampus	AA	psi	chr12_130280156_130280844	chr12	130280156	130280844	60	60	0	0	0.0126129715860088	0.961717006536833	2.80531844660423	-2.80531844660423	688	905	Intergenic	0	Non-heritable	0.0991750307410239	0.981685103626199	0.0073698788129114	13852	0	0	0.991750307410239	6.53378883793334	6.80903930604298	9.53625709465788	1.03151706429663
BA_only	hippocampus	AA	psi	chr12_130281313_130281842	chr12	130281313	130281842	60	60	0	0	0.00240907485734135	0.824728302674626	2.26596569949204	2.26596569949204	529	882	Intergenic	0	Heritable	0.428470979135948	0.968062858569829	0.0057034411962626	15009	0	0	4.28470979135948	6.2709884318583	6.78332520060396	9.61647192462751	0.818001029875269
BA_only	hippocampus	AA	psi	chr12_130337405_130338081	chr12	130337405	130338081	53	53	0	0	0.00233196294700361	0.821900074869887	3.29481037049498	3.29481037049498	676	854	Promoter	1	Non-heritable	0.0815585883210458	0.970282204458144	0.0146095269691601	64	0	0	0.815585883210458	6.51619307604296	6.75110146893676	4.17438726989564	1.19234861864907
BA_only	hippocampus	AA	psi	chr12_130474812_130475254	chr12	130474812	130475254	22	22	0	0	0.093500231502007	0.98957470025223	1.11657887163927	1.11657887163927	442	866	Genic/other	0	Heritable	0.304089380087582	0.957367643524077	0.0084209135535739	0	0	0	3.04089380087582	6.0913098820777	6.76503897678054	0	0.110269440621295
BA_only	hippocampus	AA	psi	chr12_130532978_130533206	chr12	130532978	130533206	22	22	0	0	0.0262669910893943	0.975932065139872	1.61694199064326	-1.61694199064326	228	883	Genic/other	0	Non-heritable	0.0535145160961893	0.939684189629985	0.0163124070106729	0	0	0	0.535145160961893	5.42934562895444	6.78445706263764	0	0.480536711456479
BA_only	hippocampus	AA	psi	chr12_130640956_130641513	chr12	130640956	130641513	23	23	0	0	0.249843642468765	0.99258796918521	1.26918144362782	1.26918144362782	557	820	Genic/other	2	Non-heritable	0.0598104383180284	0.974212072699351	0.00546981126570823	0	0	0	0.598104383180284	6.32256523992728	6.71052310945243	0	0.238372167972659
BA_only	hippocampus	AA	psi	chr12_130686299_130687021	chr12	130686299	130687021	21	21	0	0	0.0680125561152458	0.985907779499035	1.69973370119808	-1.69973370119808	722	752	Genic/other	2	Heritable	0.100189919295971	0.959547527038495	0.00567808590799488	0	0	0	1.00189919295971	6.58202513889283	6.62406522779989	0	0.530471598321053
BA_only	hippocampus	AA	psi	chr12_130818333_130818876	chr12	130818333	130818876	17	17	0	0	0.0145437037470039	0.966089857218066	1.19656160473765	-1.19656160473765	543	721	Genic/other	2	Heritable	0.184820773869216	0.954764001558966	0.0165405830386755	2911	0	0	1.84820773869216	6.29710931993394	6.58202513889283	7.97659540931658	0.17945212285125
BA_only	hippocampus	AA	psi	chr12_130870567_130870795	chr12	130870567	130870795	17	17	0	0	0.0814866238462528	0.988137148207548	1.0135314913121	1.0135314913121	228	743	Promoter	1	Heritable	0.111722188590489	0.973368035448747	0.00749129658139763	1330	0	0	1.11722188590489	5.42934562895444	6.61204103483309	7.19368581839511	0.0134407681359195
BA_only	hippocampus	AA	psi	chr12_130916847_130917053	chr12	130916847	130917053	17	17	0	0	0.0260746912276029	0.975932065139872	1.81993701629958	-1.81993701629958	206	737	Enhancer	0	Heritable	0.119632287161528	0.966045308907406	0.00891225602797267	34151	0	0	1.19632287161528	5.32787616878958	6.60394382460047	10.4385764284378	0.598801899555781
BA_only	hippocampus	AA	psi	chr12_130925499_130926207	chr12	130925499	130926207	14	14	0	0	0.0778068276569276	0.987720536119146	1.09537133611501	-1.09537133611501	708	744	Intergenic	0	Non-heritable	0.0920267116013674	0.972238547877481	0.0113397155408562	40338	0	0	0.920267116013674	6.56244409369372	6.61338421837956	10.6050740219099	0.0910934346494209
BA_only	hippocampus	AA	psi	chr12_131003710_131003986	chr12	131003710	131003986	24	24	0	0	0.0641514876123873	0.985907779499035	2.67706798615961	2.67706798615961	276	669	Genic/other	1	Heritable	0.109872677885083	0.962062806832648	0.00816072938264481	3326	0	0	1.09872677885083	5.62040086571715	6.50727771238501	8.10982627601848	0.984722164349971
BA_only	hippocampus	AA	psi	chr12_131021154_131021603	chr12	131021154	131021603	47	47	0	0	0.0238112143514702	0.975932065139872	2.10291295722677	2.10291295722677	449	654	Genic/other	0	Heritable	0.321188107244654	0.942380615905236	0.00662633440566076	20770	0	0	3.21188107244654	6.10702288774226	6.48463523563525	9.94131306207611	0.743323510807958
BA_only	hippocampus	AA	psi	chr12_131142915_131143514	chr12	131142915	131143514	47	47	0	0	0.0426665079945334	0.980549382116533	1.70426302096095	-1.70426302096095	599	692	Intergenic	1	Heritable	0.313822707587891	0.937698057446434	0.00994050744002844	4777	0	0	3.13822707587891	6.39526159811545	6.5410299991899	8.47177732788576	0.533132777387284
BA_only	hippocampus	AA	psi	chr12_131223629_131224143	chr12	131223629	131224143	70	70	0	0	0.0209733496926395	0.975856666808667	1.98486686649613	-1.98486686649613	514	655	Genic/other	0	Non-heritable	0.0717188780472157	0.957185510090699	0.00877154906503841	0	0	0	0.717188780472157	6.24222326545517	6.48616078894409	0	0.685551847152748
BA_only	hippocampus	AA	psi	chr12_131298470_131300129	chr12	131298470	131300129	130	130	0	0	4.2601145295064e-05	0.252743678013404	4.43191433815343	-4.43191433815343	1659	615	Promoter	2	Heritable	0.118118205132109	0.946815934582364	0.00477802039675232	0	0	0	1.18118205132109	7.41397029019044	6.42324696353352	0	1.48883162348058
BA_only	hippocampus	AA	psi	chr12_131328125_131328298	chr12	131328125	131328298	134	134	0	0	0.00958417409443379	0.939841915020693	1.79544608084354	-1.79544608084354	173	610	Intergenic	0	Heritable	0.350320114072833	0.926466329660629	0.00684319725994575	19362	0	0	3.50320114072833	5.15329159449778	6.4150969591716	9.8711193075034	0.585253509640405
BA_only	hippocampus	AA	psi	chr12_131366711_131366902	chr12	131366711	131366902	142	142	0	0	0.000793021798196032	0.683148985370606	3.53147013047773	3.53147013047773	191	631	Genic/other	0	Non-heritable	0.057360308994819	0.957758507960257	0.00631192767892941	754	0	0	0.57360308994819	5.25227342804663	6.44888939414686	6.62671774924903	1.26171425463578
BA_only	hippocampus	AA	psi	chr12_131432710_131432975	chr12	131432710	131432975	154	154	0	0	0.0050860374558511	0.909885926705608	3.4907858793179	3.4907858793179	265	607	Genic/other	2	Heritable	0.218527021720359	0.92012091345285	0.00939203945583933	2164	0	0	2.18527021720359	5.57972982598622	6.41017488196617	7.68017564043659	1.25012689405005
BA_only	hippocampus	AA	psi	chr12_131434593_131434843	chr12	131434593	131434843	154	154	0	0	0.000743477544041463	0.677254417144753	3.15211678990184	3.15211678990184	250	588	Genic/other	1	Heritable	0.183281394154889	0.92205287135225	0.00367447932009739	296	0	0	1.83281394154889	5.52146091786225	6.37842618365159	5.6937321388027	1.1480742271155
BA_only	hippocampus	AA	psi	chr12_131581829_131583137	chr12	131581829	131583137	116	116	0	0	0.0104638860233576	0.944902218841749	4.52180802038024	-4.52180802038024	1308	528	Intergenic	0	Heritable	0.197974564505666	0.927753998259612	0.00855583554504896	0	0	0	1.97974564505666	7.17625453201714	6.2709884318583	0	1.50891192058407
BA_only	hippocampus	AA	psi	chr12_131613657_131614096	chr12	131613657	131614096	125	125	0	0	0.00837811242836238	0.933559278800072	1.40372605705591	1.40372605705591	439	511	Intergenic	0	Non-heritable	0.0721129179660306	0.937504355636063	0.0124552378324201	21382	0	0	0.721129179660306	6.08449941307517	6.23832462503951	9.97035149278964	0.339130177632858
BA_only	hippocampus	AA	psi	chr12_131620956_131621694	chr12	131620956	131621694	124	124	0	0	0.00910602117300472	0.938585776116121	1.97748237401731	-1.97748237401731	738	502	Promoter	0	Non-heritable	0.0925450109490988	0.914112729678202	0.00633542892559134	28681	0	0	0.925450109490988	6.60394382460047	6.22059017009974	10.2640250272892	0.681824512411301
BA_only	hippocampus	AA	psi	chr12_131622493_131622963	chr12	131622493	131622963	124	124	0	0	0.011800909221447	0.954402191811006	4.14851397764892	4.14851397764892	470	502	Genic/other	0	Non-heritable	0.0753585590209411	0.90423717510818	0.00797731416613305	30218	0	0	0.753585590209411	6.1527326947041	6.22059017009974	10.3162261446108	1.42275019485303
BA_only	hippocampus	AA	psi	chr12_131681994_131682594	chr12	131681994	131682594	143	143	0	0	0.00161976066057208	0.785774008293578	3.265750778228	-3.265750778228	600	501	Intergenic	1	Heritable	0.304107587834674	0.900901254694606	0.00724994201353256	7564	0	0	3.04107587834674	6.39692965521615	6.21860011969173	8.93128762622246	1.18348968674652
BA_only	hippocampus	AA	psi	chr12_131784226_131784377	chr12	131784226	131784377	59	59	0	0	0.0150461804426992	0.966167725188189	4.42160300613028	4.42160300613028	151	510	Genic/other	0	Non-heritable	0.0571089907386174	0.923154543551463	0.00639256534747783	850	0	0	0.571089907386174	5.01727983681492	6.2363695902037	6.74641212857337	1.48650230367217
BA_only	hippocampus	AA	psi	chr12_131831651_131832476	chr12	131831651	131832476	59	59	0	0	0.0171678541061249	0.970581273335112	3.07648313075748	-3.07648313075748	825	514	Genic/other	1	Non-heritable	0.0856563987552529	0.919585071825015	0.00680198861419569	0	0	0	0.856563987552529	6.71538338633468	6.24416690066374	0	1.12378710717607
BA_only	hippocampus	AA	psi	chr12_131851282_131851740	chr12	131851282	131851740	98	98	0	0	0.0278654922439189	0.975932065139872	3.20115679030887	-3.20115679030887	458	493	Genic/other	1	Heritable	0.574080783432241	0.910924923528314	0.0086472675945588	1342	0	0	5.74080783432241	6.12686918411419	6.20253551718792	7.20266119652324	1.16351224457679
BA_only	hippocampus	AA	psi	chr12_131893388_131893758	chr12	131893388	131893758	115	115	0	0	0.00133265487055361	0.753869787821095	1.78300143718578	-1.78300143718578	370	501	Promoter	1	Heritable	0.286864252909474	0.879183508663894	0.00786097228779198	21287	0	0	2.86864252909474	5.91350300563827	6.21860011969173	9.96589881265752	0.578298150538431
BA_only	hippocampus	AA	psi	chr12_132030411_132031207	chr12	132030411	132031207	112	112	0	0	0.017000082740508	0.970581273335112	3.11436805803257	-3.11436805803257	796	526	Promoter	1	Non-heritable	0.0683851272736469	0.919874245917939	0.00923436171169761	33678	0	0	0.683851272736469	6.67959918584438	6.26720054854136	10.4246297767041	1.13602626425377
BA_only	hippocampus	AA	psi	chr12_132134525_132134700	chr12	132134525	132134700	102	102	0	0	0.00379443679344966	0.871232310780983	2.29495526783825	-2.29495526783825	175	472	Intergenic	2	Heritable	0.163699407020242	0.905901041426396	0.0104484848472778	3950	0	0	1.63699407020242	5.16478597392351	6.15909538849193	8.28172399041139	0.83071335654192
BA_only	hippocampus	AA	psi	chr12_132170197_132170536	chr12	132170197	132170536	102	102	0	0	0.00275280294854656	0.842029831452187	5.31341570407946	5.31341570407946	339	469	Intergenic	1	Non-heritable	0.0341814976204937	0.837903494624487	0.00706503030252926	4562	0	0	0.341814976204937	5.82600010738045	6.1527326947041	8.4257355809274	1.67023488910566
BA_only	hippocampus	AA	psi	chr12_132195974_132196327	chr12	132195974	132196327	83	83	0	0	0.0267136933857221	0.975932065139872	4.17102572832446	4.17102572832446	353	459	Genic/other	2	Heritable	0.181120244884738	0.911515920342496	0.00517192703417096	0	0	0	1.81120244884738	5.8664680569333	6.13122648948314	0	1.42816198597603
BA_only	hippocampus	AA	psi	chr12_132197944_132198156	chr12	132197944	132198156	83	83	0	0	0.0158143730894469	0.967716068030647	3.76393105340338	3.76393105340338	212	455	Genic/other	2	Non-heritable	0.0854806893704644	0.790323510866837	0.00581879266361779	1821	0	0	0.854806893704644	5.35658627467201	6.12249280951439	7.5076900778199	1.32546390683793
BA_only	hippocampus	AA	psi	chr12_132204484_132204995	chr12	132204484	132204995	83	83	0	0	0.0157503763662195	0.967716068030647	3.57599442421529	-3.57599442421529	511	465	Genic/other	1	Heritable	0.16025296401506	0.896423583503693	0.00528253746962317	0	0	0	1.6025296401506	6.2363695902037	6.14418563412565	0	1.27424330088257
BA_only	hippocampus	AA	psi	chr12_132243915_132244218	chr12	132243915	132244218	82	82	0	0	0.0010732879069628	0.722686423005282	2.76924530034111	2.76924530034111	303	470	Genic/other	2	Heritable	0.162811762292263	0.919277146096637	0.00834291362481448	0	0	0	1.62811762292263	5.71373280550937	6.15485809401642	0	1.0185748319373
BA_only	hippocampus	AA	psi	chr12_132288517_132289127	chr12	132288517	132289127	82	82	0	0	0.00674023273893977	0.92655656508175	3.33792015852078	3.33792015852078	610	486	Genic/other	2	Heritable	0.11608521014738	0.894456308193401	0.00960586060022391	8248	0	0	1.1608521014738	6.41345895716736	6.18826412308259	9.01784725986073	1.20534790899223
BA_only	hippocampus	AA	psi	chr12_132336114_132336851	chr12	132336114	132336851	75	75	0	0	0.00607720831560915	0.920376068783091	3.20833750526735	-3.20833750526735	737	470	Intergenic	1	Heritable	0.206978418078197	0.883172343053901	0.00986272237876573	4403	0	0	2.06978418078197	6.60258789218934	6.15485809401642	8.39026849784257	1.16575289496484
BA_only	hippocampus	AA	psi	chr12_132366075_132366210	chr12	132366075	132366210	27	27	0	0	0.00878228510936343	0.933559278800072	2.48279428645315	-2.48279428645315	135	441	Intergenic	1	Heritable	0.177572759654271	0.918059018778911	0.00849779015000456	34364	0	0	1.77572759654271	4.90527477843843	6.0913098820777	10.4447938835557	0.909384658331083
BA_only	hippocampus	AA	psi	chr12_132381302_132382978	chr12	132381302	132382978	34	34	0	0	0.00847225686538639	0.933559278800072	2.70571723539689	2.70571723539689	1676	433	Intergenic	2	Non-heritable	0.0989347571258912	0.913730731958219	0.00816888655696679	49591	0	0	0.989347571258912	7.42416528104203	6.07304453410041	10.8115848093818	0.995367032565708
BA_only	hippocampus	AA	psi	chr12_132397196_132397327	chr12	132397196	132397327	35	35	0	0	0.00831081414554513	0.933559278800072	2.20555384143021	-2.20555384143021	131	440	Intergenic	1	Heritable	0.111873021552862	0.90916745686265	0.00671065090885484	65485	0	0	1.11873021552862	4.87519732320115	6.08904487544685	11.0895916583196	0.790978657145391
BA_only	hippocampus	AA	psi	chr12_132419829_132420157	chr12	132419829	132420157	36	36	0	0	0.00622898709111916	0.920376068783091	2.15468291186923	-2.15468291186923	328	423	Intergenic	0	Heritable	0.133094900767604	0.795268416700882	0.00641236190033463	55536	0	0	1.33094900767604	5.79301360838414	6.04973345523196	10.9248047442777	0.767643576706585
BA_only	hippocampus	AA	psi	chr12_132437169_132438095	chr12	132437169	132438095	38	38	0	0	0.0661817226699451	0.985907779499035	2.92643711779234	-2.92643711779234	926	428	Intergenic	1	Heritable	0.103947859515876	0.916708714146053	0.00612026432301287	37598	0	0	1.03947859515876	6.83087423464618	6.06145691892802	10.5347327332796	1.07378568576382
BA_only	hippocampus	AA	psi	chr12_132469421_132471017	chr12	132469421	132471017	39	39	0	0	0.0163488625757622	0.969245141301252	2.09623740591303	2.09623740591303	1596	433	Intergenic	2	Non-heritable	0.0700401246297168	0.884449212437821	0.00842369990777748	4676	0	0	0.700401246297168	7.37525577800976	6.07304453410041	8.45041215772589	0.740144030994999
BA_only	hippocampus	AA	psi	chr12_132474492_132475472	chr12	132474492	132475472	39	39	0	0	0.175883551310603	0.991064867102684	1.59714844397204	-1.59714844397204	980	451	Intergenic	1	Heritable	0.141678157625572	0.903633368847863	0.00775620419100806	221	0	0	1.41678157625572	6.88755257166462	6.11368217983223	5.40267738187228	0.468219822941375
BA_only	hippocampus	AA	psi	chr12_132525598_132526378	chr12	132525598	132526378	62	62	0	0	0.00639073034352585	0.920543156805953	2.23383369595027	2.23383369595027	780	454	Genic/other	2	Heritable	0.109378069736592	0.925279209317532	0.00931793552055421	44161	0	0	1.09378069736592	6.65929391968364	6.12029741895095	10.6956199697805	0.803719260074351
BA_only	hippocampus	AA	psi	chr12_132587361_132588075	chr12	132587361	132588075	75	75	0	0	0.0331225815100927	0.979164877002956	5.86776285551931	-5.86776285551931	714	460	Intergenic	2	Heritable	0.176929905753098	0.923547248971795	0.0104274074512782	5097	0	0	1.76929905753098	6.57088296233958	6.13339804299665	8.53660358493606	1.76947344799848
BA_only	hippocampus	AA	psi	chr12_132593638_132594304	chr12	132593638	132594304	75	75	0	0	0.0037542656056916	0.869981414666025	1.84061586742955	-1.84061586742955	666	442	Promoter	1	Heritable	0.45110484972256	0.896112649751952	0.0124393850184146	0	0	0	4.5110484972256	6.50128967054039	6.09356977004514	0	0.610100231610313
BA_only	hippocampus	AA	psi	chr12_132603541_132604533	chr12	132603541	132604533	83	83	0	0	0.031979461644026	0.97748455075509	2.59999363005362	-2.59999363005362	992	452	Genic/other	2	Heritable	0.175373366581055	0.894637976965042	0.00651655851072398	50	0	0	1.75373366581055	6.89972310728487	6.11589212548303	3.93182563272433	0.955508998891221
BA_only	hippocampus	AA	psi	chr12_132676099_132676621	chr12	132676099	132676621	96	96	0	0	0.00157428533352766	0.779249278115491	3.49039377406028	-3.49039377406028	522	431	Genic/other	1	Heritable	0.436606786190668	0.900053116272001	0.00771551173767756	0	0	0	4.36606786190668	6.25766758788264	6.06842558824411	0	1.25001456195823
BA_only	hippocampus	AA	psi	chr12_132688358_132689571	chr12	132688358	132689571	96	96	0	0	0.00672615610310597	0.92655656508175	2.58585424874279	2.58585424874279	1213	414	Promoter	2	Heritable	0.403981105444206	0.916129976409558	0.021694395490827	804	0	0	4.03981105444206	7.10085190894405	6.0282785202307	6.69084227741856	0.950055920966761
BA_only	hippocampus	AA	psi	chr12_132774797_132775160	chr12	132774797	132775160	99	99	0	0	0.0633141525209575	0.985907779499035	3.17736775027381	3.17736775027381	363	376	Genic/other	1	Heritable	0.120673006864608	0.859974336042188	0.00673366465542181	0	0	0	1.20673006864608	5.89440283426485	5.93224518744801	0	1.15605310567769
BA_only	hippocampus	AA	psi	chr12_132954898_132955182	chr12	132954898	132955182	99	99	0	0	0.0221072089827865	0.975932065139872	2.94665741371555	-2.94665741371555	284	251	Genic/other	1	Heritable	0.17448808612526	0.801195450171615	0.00643892669698905	0	0	0	1.7448808612526	5.64897423816121	5.52942908751142	0	1.08067145122841
BA_only	hippocampus	AA	psi	chr12_13391126_13391414	chr12	13391126	13391414	8	8	0	0	0.237524191629761	0.992090551618052	1.31416899762813	1.31416899762813	288	476	Genic/other	0	Heritable	0.104368186937178	0.948297458998635	0.00689837411601493	14901	0	0	1.04368186937178	5.66296048013595	6.16751649088834	9.60925071111367	0.273204532513043
BA_only	hippocampus	AA	psi	chr12_13956546_13956826	chr12	13956546	13956826	5	5	0	0	0.204943446624994	0.991064867102684	0.494347082492619	0.494347082492619	280	394	Genic/other	0	Non-heritable	0.0681396569961629	0.882319117977331	0.00680670896800659	0	0	0	0.681396569961629	5.63478960316925	5.97888576490112	0	-0.704517392131726
BA_only	hippocampus	AA	psi	chr12_13979245_13980073	chr12	13979245	13980073	5	5	0	0	0.0888791660687001	0.989031352855222	0.418524049233301	-0.418524049233301	828	374	Promoter	2	Heritable	0.200449306408258	0.885332497434101	0.00720011619866876	0	0	0	2.00449306408258	6.71901315438526	5.92692602597041	0	-0.871020901497639
BA_only	hippocampus	AA	psi	chr12_14773578_14773772	chr12	14773578	14773772	31	31	0	0	0.0511887759630269	0.984153364580922	2.30618019843844	-2.30618019843844	194	290	Promoter	1	Heritable	0.133877410139879	0.883981525159105	0.00687438647781455	64	0	0	1.33877410139879	5.26785815906333	5.67332326717149	4.17438726989564	0.835592566425087
BA_only	hippocampus	AA	psi	chr12_1500297_1500383	chr12	1500297	1500383	27	27	0	0	0.069018979828145	0.985907779499035	1.30933681487238	-1.30933681487238	86	549	Promoter	0	Heritable	0.108284498626015	0.941659399122262	0.00584737031710634	29625	0	0	1.08284498626015	4.45434729625351	6.30991827822652	10.296407633142	0.269520768474612
BA_only	hippocampus	AA	psi	chr12_1541504_1541845	chr12	1541504	1541845	26	26	0	0	0.0485908793523737	0.982844443292717	1.53692576040779	1.53692576040779	341	540	Genic/other	0	Non-heritable	0.0612733395645947	0.942335785794908	0.00998314853971574	0	0	0	0.612733395645947	5.83188247728352	6.29341927884648	0	0.429784168274916
BA_only	hippocampus	AA	psi	chr12_16196409_16198875	chr12	16196409	16198875	19	19	0	0	0.149362095606817	0.991064867102684	2.75104113636719	2.75104113636719	2466	331	Genic/other	0	Heritable	0.663951811577948	0.900651590182362	0.00780834643707307	88898	0	0	6.63951811577948	7.81035268372429	5.80513496891649	11.3952561728448	1.01197943870706
BA_only	hippocampus	AA	psi	chr12_16387414_16387814	chr12	16387414	16387814	70	70	0	0	0.00789127137327576	0.933559278800072	3.8690539252294	-3.8690539252294	400	363	Genic/other	0	Heritable	0.634477101401907	0.893714878191513	0.00706274065272887	0	0	0	6.34477101401907	5.99146454710798	5.89715386763674	0	1.35301001597515
BA_only	hippocampus	AA	psi	chr12_1660165_1661011	chr12	1660165	1661011	44	44	0	0	0.00101416246343157	0.720014968907702	2.00862728444378	2.00862728444378	846	591	Promoter	1	Non-heritable	0.0852531228671623	0.950474473850804	0.0089389287045028	0	0	0	0.852531228671623	6.74051935960622	6.38350663488401	0	0.697451550674867
BA_only	hippocampus	AA	psi	chr12_16602018_16604613	chr12	16602018	16604613	73	73	0	0	0.00986137129381635	0.942446512752518	2.53108955658806	2.53108955658806	2595	332	Promoter	0	Non-heritable	0.0666936089549992	0.865145693484494	0.00662377596527441	0	0	0	0.666936089549992	7.86134179559999	5.80814248998044	0	0.928649868763032
BA_only	hippocampus	AA	psi	chr12_16607255_16609330	chr12	16607255	16609330	65	65	0	0	0.0394804347977871	0.980549382116533	3.70979984481218	-3.70979984481218	2075	321	Promoter	0	Non-heritable	0.0602047410321469	0.844826182518417	0.00748808342970518	0	0	0	0.602047410321469	7.6377164326648	5.77455154554441	0	1.31097792767415
BA_only	hippocampus	AA	psi	chr12_17096146_17099483	chr12	17096146	17099483	2	2	0	0	0.203617548831822	0.991064867102684	0.236807856920486	-0.236807856920486	3337	277	Genic/other	0	Heritable	0.163240241041111	0.890172458338853	0.0135175386119029	47506	0	0	1.63240241041111	8.11282747875137	5.62762111369064	10.7686323475861	-1.44050615473153
BA_only	hippocampus	AA	psi	chr12_1935496_1935962	chr12	1935496	1935962	37	37	0	0	0.0277131971902685	0.975932065139872	3.93254318208003	3.93254318208003	466	668	Genic/other	0	Non-heritable	0.0920001831794818	0.96576948169118	0.00564510468723007	10167	0	0	0.920001831794818	6.14418563412565	6.50578406012823	9.22700081286929	1.36928633925426
BA_only	hippocampus	AA	psi	chr12_1972417_1973246	chr12	1972417	1973246	37	37	0	0	0.00852304625791331	0.933559278800072	2.77799242611048	2.77799242611048	829	674	Genic/other	0	Heritable	0.13808639343428	0.967981384476505	0.00902218353704294	0	0	0	1.3808639343428	6.7202201551353	6.51471269087253	0	1.02172852154604
BA_only	hippocampus	AA	psi	chr12_20551425_20551526	chr12	20551425	20551526	4	4	0	0	0.124826056649699	0.991064867102684	0.741605271671279	0.741605271671279	101	444	Promoter	1	Non-heritable	0.0781272839463941	0.915267104235636	0.0140927410685592	144280	0	0	0.781272839463941	4.61512051684126	6.09807428216624	11.879518065961	-0.29893814276114
BA_only	hippocampus	AA	psi	chr12_20827614_20827814	chr12	20827614	20827814	4	4	0	0	0.119371893299522	0.990995526076328	1.41247998768594	1.41247998768594	200	370	Genic/other	0	Heritable	0.429221370486615	0.863862130348804	0.00848101348111845	75307	0	0	4.29221370486615	5.29831736654804	5.91620206260744	11.2293416498446	0.345347023007884
BA_only	hippocampus	AA	psi	chr12_20974410_20978531	chr12	20974410	20978531	2	2	0	0	0.414248659054105	0.99461028164865	0.168523836406344	0.168523836406344	4121	361	Genic/other	0	Heritable	0.651071726149498	0.909489066484572	0.00536597255320337	98037	0	0	6.51071726149498	8.32385113133882	5.89164421182577	11.4931104375972	-1.7806780175036
BA_only	hippocampus	AA	psi	chr12_21622999_21624337	chr12	21622999	21624337	39	39	0	0	0.003153667094954	0.853006230973777	1.61421299659228	-1.61421299659228	1338	348	Genic/other	0	Heritable	0.456969774713223	0.87473883226596	0.00774976491984295	30339	0	0	4.56969774713223	7.19893124068817	5.85507192220243	10.3202222529025	0.478847535484569
BA_only	hippocampus	AA	psi	chr12_22101894_22102740	chr12	22101894	22102740	21	21	0	0	0.0200962319322774	0.975813476900289	2.05111522300565	2.05111522300565	846	284	Genic/other	0	Heritable	0.163690710344958	0.830058156760985	0.00695671531670423	99297	0	0	1.63690710344958	6.74051935960622	5.65248918026865	11.5058807088435	0.718383661327521
BA_only	hippocampus	AA	psi	chr12_22116179_22117105	chr12	22116179	22117105	19	19	0	0	0.00314754784297065	0.852096800112446	1.66019089241519	-1.66019089241519	926	291	Genic/other	0	Non-heritable	0.0655567270371853	0.873851264246917	0.00681186727215982	84932	0	0	0.655567270371853	6.83087423464618	5.67675380226828	11.3496179893576	0.506932597211225
BA_only	hippocampus	AA	psi	chr12_2239444_2239876	chr12	2239444	2239876	22	22	0	0	0.0679783214898861	0.985907779499035	1.74586964008697	1.74586964008697	432	627	Genic/other	0	Non-heritable	0.0813777985699574	0.964455122689964	0.0090513189182862	16078	0	0	0.813777985699574	6.06842558824411	6.4425401664682	9.68526935174441	0.557252798322912
BA_only	hippocampus	AA	psi	chr12_22624353_22624604	chr12	22624353	22624604	43	43	0	0	0.0418685541337258	0.980549382116533	2.55896367951573	2.55896367951573	251	394	Promoter	1	Heritable	0.122172913753457	0.91286829037405	0.0102541987284782	0	0	0	1.22172913753457	5.52545293913178	5.97888576490112	0	0.939602367751359
BA_only	hippocampus	AA	psi	chr12_23895607_23896080	chr12	23895607	23896080	12	12	0	0	0.11189939993329	0.990898390030923	0.85693028499618	0.85693028499618	473	546	Genic/other	0	Non-heritable	0.0581655569862367	0.951548440135512	0.0108759590877266	0	0	0	0.581655569862367	6.15909538849193	6.30444880242198	0	-0.154398699752781
BA_only	hippocampus	AA	psi	chr12_23921786_23922127	chr12	23921786	23922127	12	12	0	0	0.0151132595728373	0.966167725188189	1.22718407176025	-1.22718407176025	341	558	Genic/other	0	Heritable	0.11190178296607	0.948137955360578	0.011150881123723	0	0	0	1.1190178296607	5.83188247728352	6.3261494731551	0	0.204722180360491
BA_only	hippocampus	AA	psi	chr12_24015187_24015776	chr12	24015187	24015776	16	16	0	0	0.113343588311846	0.990898390030923	1.49896992592203	-1.49896992592203	589	547	Genic/other	0	Non-heritable	0.083579664662323	0.947225857465287	0.00659698770131189	34242	0	0	0.83579664662323	6.37842618365159	6.30627528694802	10.44123744324	0.404778162829962
BA_only	hippocampus	AA	psi	chr12_24069766_24070218	chr12	24069766	24070218	16	16	0	0	0.0398117141143468	0.980549382116533	0.845883513755916	-0.845883513755916	452	552	Genic/other	0	Non-heritable	0.096411660312779	0.941420114618294	0.00895441907166783	0	0	0	0.96411660312779	6.11368217983223	6.31535800152234	0	-0.167373607630019
BA_only	hippocampus	AA	psi	chr12_24688708_24688965	chr12	24688708	24688965	10	10	0	0	0.0218025490698017	0.975932065139872	0.48439757785736	-0.48439757785736	257	499	Intergenic	0	Non-heritable	0.0883693021602855	0.950320884431719	0.00669050770520416	15790	0	0	0.883693021602855	5.54907608489522	6.21460809842219	9.66719543646664	-0.72484924696597
BA_only	hippocampus	AA	psi	chr12_24903725_24903856	chr12	24903725	24903856	12	12	0	0	0.023381848977066	0.975932065139872	1.34605022505501	1.34605022505501	131	444	Promoter	1	Heritable	0.183951157316118	0.926905499086777	0.00698243058209319	0	0	0	1.83951157316118	4.87519732320115	6.09807428216624	0	0.297174552260874
BA_only	hippocampus	AA	psi	chr12_2492133_2492590	chr12	2492133	2492590	28	28	0	0	0.0324053401786601	0.978660772153819	3.07297470303897	3.07297470303897	457	597	Genic/other	0	Non-heritable	0.0463422183386144	0.917665280681134	0.00769630941746894	0	0	0	0.463422183386144	6.12468339089421	6.39359075395063	0	1.1226460543605
BA_only	hippocampus	AA	psi	chr12_25648450_25648720	chr12	25648450	25648720	8	8	0	0	0.0588150083638162	0.98577631996496	1.24574259466163	1.24574259466163	270	404	Promoter	0	Non-heritable	0.0682557370035454	0.906573009456543	0.00641326358955244	0	0	0	0.682557370035454	5.59842195899838	6.00388706710654	0	0.219731821707114
BA_only	hippocampus	AA	psi	chr12_25819759_25819874	chr12	25819759	25819874	69	69	0	0	0.00486337394780502	0.903845859635741	3.46106565339954	3.46106565339954	115	403	Intergenic	0	Heritable	0.115933429392423	0.904553473496455	0.00926176620509724	0	0	0	1.15933429392423	4.74493212836325	6.00141487796115	0	1.24157653685103
BA_only	hippocampus	AA	psi	chr12_26120075_26121709	chr12	26120075	26121709	78	78	0	0	0.000456298522081176	0.604162640906295	2.07880810420931	-2.07880810420931	1634	399	Promoter	2	Heritable	0.15095709775709	0.916846644282322	0.0096119641201951	442	0	0	1.5095709775709	7.39878627541995	5.99146454710798	6.09356977004514	0.731794707458612
BA_only	hippocampus	AA	psi	chr12_26813724_26814022	chr12	26813724	26814022	10	10	0	0	0.284333794565509	0.993663620961428	0.728582333613911	-0.728582333613911	298	329	Genic/other	0	Heritable	0.132232431070173	0.898051456038614	0.00834796437002449	0	0	0	1.32232431070173	5.69709348650541	5.79909265446053	0	-0.316654628006395
BA_only	hippocampus	AA	psi	chr12_26831092_26831546	chr12	26831092	26831546	10	10	0	0	0.0386623790096938	0.980549382116533	1.58915853496043	-1.58915853496043	454	329	Genic/other	1	Non-heritable	0.0640564137151893	0.828445466439024	0.00790337799372093	0	0	0	0.640564137151893	6.11809719804135	5.79909265446053	0	0.463204659141376
BA_only	hippocampus	AA	psi	chr12_26885252_26885974	chr12	26885252	26885974	10	10	0	0	0.178460204061114	0.991064867102684	0.231231258644752	-0.231231258644752	722	304	Intergenic	0	Heritable	0.102417196396668	0.828950063468516	0.00564808011088677	28153	0	0	1.02417196396668	6.58202513889283	5.72031177660741	10.2454447193879	-1.46433690632544
BA_only	hippocampus	AA	psi	chr12_2691037_2691146	chr12	2691037	2691146	120	120	0	0	0.0142615859269337	0.964974748568303	2.9996406852436	-2.9996406852436	109	641	Promoter	1	Non-heritable	0.0833021995852812	0.963816340290448	0.0052384375188331	0	0	0	0.833021995852812	4.69134788222914	6.46458830368996	0	1.09849251324319
BA_only	hippocampus	AA	psi	chr12_26919029_26919605	chr12	26919029	26919605	11	11	0	0	0.0379354272180458	0.980549382116533	1.37141372782575	1.37141372782575	576	309	Promoter	0	Non-heritable	0.0648654650828916	0.854517665969859	0.00764752338827906	1676	0	0	0.648654650828916	6.35610766069589	5.73657229747919	7.42476176182321	0.315842133191258
BA_only	hippocampus	AA	psi	chr12_26979750_26980010	chr12	26979750	26980010	11	11	0	0	0.0230277347668816	0.975932065139872	1.63943039042401	-1.63943039042401	260	282	Genic/other	0	Non-heritable	0.0715767459016052	0.715610256766392	0.00786673371428522	0	0	0	0.715767459016052	5.56068163101553	5.64544689764324	0	0.494348864693025
BA_only	hippocampus	AA	psi	chr12_27246277_27246912	chr12	27246277	27246912	21	21	0	0	0.0817804503954441	0.988137148207548	1.14527427652383	-1.14527427652383	635	309	Genic/other	2	Non-heritable	0.0561140327795423	0.849451007936091	0.00902275019306764	0	0	0	0.561140327795423	6.45362499889269	5.73657229747919	0	0.135644159867508
BA_only	hippocampus	AA	psi	chr12_27479507_27480745	chr12	27479507	27480745	26	26	0	0	0.0352034528716165	0.980327953711174	1.85671938093198	-1.85671938093198	1238	345	Genic/other	0	Heritable	0.714400680674446	0.891428073910315	0.00828081436503819	0	0	0	7.14400680674446	7.12125245324454	5.84643877505773	0	0.618811162138254
BA_only	hippocampus	AA	psi	chr12_27488512_27489426	chr12	27488512	27489426	26	26	0	0	0.0336850760396127	0.979164877002956	1.77002746507329	-1.77002746507329	914	345	Genic/other	0	Heritable	0.579812378172922	0.873841847254502	0.0108602290055359	51	0	0	5.79812378172922	6.81783057145415	5.84643877505773	3.95124371858143	0.57099506910554
BA_only	hippocampus	AA	psi	chr12_27552651_27554146	chr12	27552651	27554146	25	25	0	0	0.0913100195843237	0.989446665475032	1.99759805568737	1.99759805568737	1495	351	Promoter	0	Non-heritable	0.0544289483414599	0.801019552637378	0.00721459583877833	0	0	0	0.544289483414599	7.30988148582479	5.8636311755981	0	0.691945491664661
BA_only	hippocampus	AA	psi	chr12_27595794_27596025	chr12	27595794	27596025	18	18	0	0	0.046961145860963	0.982445572707507	1.77826738036222	1.77826738036222	231	371	Genic/other	0	Heritable	0.139154872755843	0.92035803481661	0.00702075383806897	17641	0	0	1.39154872755843	5.44241771052179	5.91889385427315	9.77803770181871	0.575639514064743
BA_only	hippocampus	AA	psi	chr12_27709886_27710156	chr12	27709886	27710156	15	15	0	0	0.0392290751423137	0.980549382116533	1.84065633446884	-1.84065633446884	270	394	Promoter	1	Heritable	0.13615857566429	0.927158962611451	0.00714911347398081	0	0	0	1.3615857566429	5.59842195899838	5.97888576490112	0	0.610122216965839
BA_only	hippocampus	AA	psi	chr12_27781775_27782253	chr12	27781775	27782253	19	19	0	0	0.0745104905862229	0.986186896048602	2.1518109889056	2.1518109889056	478	373	Promoter	1	Heritable	0.122401806257725	0.906884167180474	0.00723245956502756	0	0	0	1.22401806257725	6.16961073249146	5.92425579741453	0	0.766309812655267
BA_only	hippocampus	AA	psi	chr12_2901474_2902736	chr12	2901474	2902736	117	117	0	0	0.000476584143668444	0.604180328372748	3.12755152427276	3.12755152427276	1262	775	Enhancer	0	Heritable	0.296092788238981	0.946786652622555	0.00545852276378861	6843	0	0	2.96092788238981	7.14045304310116	6.65415252018322	8.83112763501208	1.14025044100823
BA_only	hippocampus	AA	psi	chr12_29129567_29130889	chr12	29129567	29130889	17	17	0	0	0.0988850595408783	0.990400450319684	1.14478661895439	1.14478661895439	1322	340	Intergenic	0	Heritable	0.144772143927768	0.894675161534137	0.0126846968089573	18517	0	0	1.44772143927768	7.18690102041163	5.83188247728352	9.82649851100799	0.135218269382662
BA_only	hippocampus	AA	psi	chr12_29663023_29663237	chr12	29663023	29663237	6	6	0	0	0.108114938715516	0.990865662167886	1.40161218832969	1.40161218832969	214	434	Genic/other	0	Non-heritable	0.0342596862410928	0.870637308949099	0.00786055703099362	79615	0	0	0.342596862410928	5.36597601502185	6.07534603108868	11.2849703566588	0.337623144308301
BA_only	hippocampus	AA	psi	chr12_29782441_29782524	chr12	29782441	29782524	0	0	0	0					83	445	Genic/other	1	Heritable	0.12350243801773	0.929980452429334	0.0141166837327999	199033	0	0	1.2350243801773	4.4188406077966	6.10031895202006	12.2012309433841	
BA_only	hippocampus	AA	psi	chr12_3036127_3036435	chr12	3036127	3036435	84	84	0	0	0.00312591702134894	0.850469282776054	6.18916642311891	6.18916642311891	308	744	Genic/other	0	Non-heritable	0.0697267890166944	0.961559512176961	0.00699132838893185	22619	0	0	0.697267890166944	5.73009978297357	6.61338421837956	10.0265897496701	1.82280041415828
BA_only	hippocampus	AA	psi	chr12_30514418_30515113	chr12	30514418	30515113	100	100	0	0	0.0448478592141302	0.981395945960329	2.06746870626502	-2.06746870626502	695	452	Intergenic	0	Heritable	0.105406011181029	0.912411991167028	0.00706065040785806	28260	0	0	1.05406011181029	6.54391184556479	6.11589212548303	10.2492380413166	0.726325016611399
BA_only	hippocampus	AA	psi	chr12_3105106_3105315	chr12	3105106	3105315	141	141	0	0	0.00185793957339072	0.800632140208814	2.90115783542344	2.90115783542344	209	745	Genic/other	0	Heritable	0.14185270698727	0.957890923867094	0.00800805301436329	0	0	0	1.4185270698727	5.34233425196481	6.61472560020376	0	1.06510991435311
BA_only	hippocampus	AA	psi	chr12_31117840_31121278	chr12	31117840	31121278	92	92	0	0	0.0107246601109565	0.944902218841749	2.04333171670259	2.04333171670259	3438	398	Promoter	0	Heritable	0.154532446049818	0.891640909428089	0.0208004770077888	0	0	0	1.54532446049818	8.1426451859428	5.98896141688986	0	0.714581675000381
BA_only	hippocampus	AA	psi	chr12_3119579_3120467	chr12	3119579	3120467	145	145	0	0	0.00556460627915624	0.914301706404424	5.26090380445343	-5.26090380445343	888	746	Genic/other	0	Heritable	0.107819497983175	0.944563549292838	0.00862539636312273	0	0	0	1.07819497983175	6.78897174299217	6.61606518513282	0	1.66030283983176
BA_only	hippocampus	AA	psi	chr12_31353971_31354086	chr12	31353971	31354086	67	67	0	0	0.00114297530453291	0.729035708269143	6.19983609934568	6.19983609934568	115	426	Intergenic	0	Non-heritable	0.017681470111044	0.900474890485904	0.00788303816556307	9680	0	0	0.17681470111044	4.74493212836325	6.05678401322863	9.17792048072007	1.82452285772516
BA_only	hippocampus	AA	psi	chr12_3141530_3141733	chr12	3141530	3141733	142	142	0	0	0.00309138121489687	0.84862690950741	9.13887502184649	-9.13887502184649	203	745	Genic/other	0	Non-heritable	0.0953782169259293	0.960934819689173	0.00571231562472759	0	0	0	0.953782169259293	5.31320597904179	6.61472560020376	0	2.212537296036
BA_only	hippocampus	AA	psi	chr12_31924405_31924543	chr12	31924405	31924543	20	20	0	0	0.0271233456776603	0.975932065139872	2.0135027406697	-2.0135027406697	138	434	Genic/other	0	Heritable	0.596720868087215	0.893576996495484	0.00505981716682974	8684	0	0	5.96720868087215	4.92725368515721	6.07534603108868	9.06935267867521	0.699875867422022
BA_only	hippocampus	AA	psi	chr12_31975012_31975219	chr12	31975012	31975219	16	16	0	0	0.256298767705874	0.992837608310815	1.11306842274775	1.11306842274775	207	423	Genic/other	0	Heritable	0.150696561050497	0.871263822004125	0.00817032335770663	0	0	0	1.50696561050497	5.33271879326537	6.04973345523196	0	0.107120555351848
BA_only	hippocampus	AA	psi	chr12_32140504_32141114	chr12	32140504	32141114	9	9	0	0	0.129818443226556	0.991064867102684	2.78723226935868	-2.78723226935868	610	464	Genic/other	0	Heritable	0.165557503595759	0.904953429277737	0.00933626390286558	148125	0	0	1.65557503595759	6.41345895716736	6.14203740558736	11.9058185419036	1.02504908889439
BA_only	hippocampus	AA	psi	chr12_32390895_32391529	chr12	32390895	32391529	38	38	0	0	0.0107735777979544	0.944902218841749	2.81384471688673	-2.81384471688673	634	428	Intergenic	0	Heritable	0.16017869100523	0.89253980754168	0.00795337906155799	8429	0	0	1.6017869100523	6.45204895443723	6.06145691892802	9.0395520509959	1.03455177838043
BA_only	hippocampus	AA	psi	chr12_32561940_32562665	chr12	32561940	32562665	74	74	0	0	0.000251791588769488	0.503902674622265	3.37177173096011	3.37177173096011	725	357	Genic/other	0	Non-heritable	0.0451308042146035	0.797994116682862	0.00751923165683705	0	0	0	0.451308042146035	6.58617165485468	5.8805329864007	0	1.21543834536916
BA_only	hippocampus	AA	psi	chr12_32754488_32754800	chr12	32754488	32754800	122	122	0	0	0.0163210250438985	0.969245141301252	2.57060730739501	-2.57060730739501	312	329	Promoter	1	Heritable	0.152002235850546	0.852127405945201	0.00806146226335885	569	0	0	1.52002235850546	5.74300318780948	5.79909265446053	6.3456363608286	0.944142181260686
BA_only	hippocampus	AA	psi	chr12_32877453_32878637	chr12	32877453	32878637	85	85	0	0	0.0010406077026367	0.721965237965727	2.88031648930791	2.88031648930791	1184	275	Promoter	0	Heritable	0.110604597674903	0.811229492701673	0.0120904002945702	17757	0	0	1.10604597674903	7.07665381544395	5.62040086571715	9.78459139759227	1.0579001837028
BA_only	hippocampus	AA	psi	chr12_32931357_32932772	chr12	32931357	32932772	85	85	0	0	0.0117520860658181	0.954216543045477	2.92610286021082	-2.92610286021082	1415	280	Intergenic	0	Heritable	0.614750958249083	0.86648652211206	0.00779430748999331	0	0	0	6.14750958249083	7.25488481007734	5.63835466933375	0	1.07367145926319
BA_only	hippocampus	AA	psi	chr12_3304829_3305150	chr12	3304829	3305150	138	138	0	0	0.00763674383557756	0.933559278800072	5.7465009461055	-5.7465009461055	321	785	Genic/other	0	Heritable	0.12454592351654	0.978083585273457	0.00871400566126001	0	0	0	1.2454592351654	5.77144112313002	6.66695679242921	0	1.74859114020716
BA_only	hippocampus	AA	psi	chr12_34352373_34352763	chr12	34352373	34352763	11	11	0	0	0.0252586946129279	0.975932065139872	3.15275190703011	-3.15275190703011	390	107	Intergenic	2	Non-heritable	0.091200476672171	0.505240979077329	0.0071643126347808	133246	0	0	0.91200476672171	5.96614673912369	4.68213122712422	11.7999598277034	1.14827569590381
BA_only	hippocampus	AA	psi	chr12_34353487_34353652	chr12	34353487	34353652	11	11	0	0	0.0562215527765929	0.98577631996496	3.42535338685826	-3.42535338685826	165	104	Intergenic	1	Non-heritable	0.0940654363487035	0.568076093348373	0.00721226287985259	134360	0	0	0.940654363487035	5.10594547390058	4.65396035015752	11.8082854863898	1.23120464795579
BA_only	hippocampus	AA	psi	chr12_34354108_34354750	chr12	34354108	34354750	11	11	0	0	0.190813910522119	0.991064867102684	2.49259219260885	-2.49259219260885	642	104	Intergenic	1	Heritable	0.122506557449056	0.598691869266462	0.00636451864320121	134981	0	0	1.22506557449056	6.46458830368996	4.65396035015752	11.8128967151976	0.913323214189267
BA_only	hippocampus	AA	psi	chr12_3454429_3454600	chr12	3454429	3454600	140	140	0	0	0.031574354697359	0.977060807838727	6.33983476119013	6.33983476119013	171	805	Enhancer	0	Heritable	0.227421885455132	0.956740423314806	0.00641495692487291	35001	0	0	2.27421885455132	5.14166355650266	6.69208374250663	10.4631604816961	1.84685270678305
BA_only	hippocampus	AA	psi	chr12_38055441_38055923	chr12	38055441	38055923	8	8	0	0	0.0826126844672775	0.988137148207548	1.02411491425663	1.02411491425663	482	109	Intergenic	0	Heritable	0.160402658858245	0.621050235493096	0.00755514659780368	82454	0	0	1.60402658858245	6.1779441140506	4.70048036579242	11.3200079689629	0.0238287510392851
BA_only	hippocampus	AA	psi	chr12_38904814_38904932	chr12	38904814	38904932	14	14	0	0	0.0311588015043028	0.976893291659941	4.11272939769602	4.11272939769602	118	166	Genic/other	1	Heritable	0.189065524365141	0.739067724276915	0.00688732193233399	0	0	0	1.89065524365141	4.77068462446567	5.11799381241676	0	1.41408689756206
BA_only	hippocampus	AA	psi	chr12_3920977_3921552	chr12	3920977	3921552	45	45	0	0	0.0351152096327851	0.980327953711174	2.44055067500528	2.44055067500528	575	683	Genic/other	0	Heritable	0.128731691908935	0.965853482690265	0.00638144455455519	0	0	0	1.28731691908935	6.35437004079735	6.52795791762255	0	0.892223704416758
BA_only	hippocampus	AA	psi	chr12_40225625_40225925	chr12	40225625	40225925	37	37	0	0	0.0201036024541468	0.975836315032209	4.43321626230312	-4.43321626230312	300	224	Promoter	1	Non-heritable	0.0769778549482944	0.80742205078125	0.0102124543657264	0	0	0	0.769778549482944	5.7037824746562	5.41610040220442	0	1.48912534146733
BA_only	hippocampus	AA	psi	chr12_4046582_4047320	chr12	4046582	4047320	90	90	0	0	0.00238769225738698	0.824728302674626	2.45507680421479	-2.45507680421479	738	674	Intergenic	0	Heritable	0.105436826788106	0.97350977954068	0.00704223804332034	0	0	0	1.05436826788106	6.60394382460047	6.51471269087253	0	0.898158049642859
BA_only	hippocampus	AA	psi	chr12_40693992_40694219	chr12	40693992	40694219	6	6	0	0	0.0656954205832265	0.985907779499035	0.805296045884387	-0.805296045884387	227	252	Genic/other	1	Heritable	0.135234224207497	0.812269158549143	0.00997845644677637	0	0	0	1.35234224207497	5.4249500174814	5.53338948872752	0	-0.216545297889903
BA_only	hippocampus	AA	psi	chr12_41187936_41187991	chr12	41187936	41187991	2	2	0	0	0.738086492426252	0.997543272146997	0.480206064237341	0.480206064237341	55	263	Promoter	1	Non-heritable	0.0605637507403194	0.795478506111965	0.00518886842144634	117976	0	0	0.605637507403194	4.00733318523247	5.57594910314632	11.6782449691951	-0.733539945884439
BA_only	hippocampus	AA	psi	chr12_41936543_41938370	chr12	41936543	41938370	28	28	0	0	0.0429856468652724	0.980549382116533	3.44176365345509	3.44176365345509	1827	234	Intergenic	0	Heritable	0.450054847275967	0.901899182981449	0.00822788374346497	0	0	0	4.50054847275967	7.51043055637801	5.45958551414416	0	1.23598403286808
BA_only	hippocampus	AA	psi	chr12_41997856_41998877	chr12	41997856	41998877	35	35	0	0	0.0260928061594948	0.975932065139872	3.9916659237283	-3.9916659237283	1021	274	Genic/other	0	Non-heritable	0.0903035769707243	0.861419943973385	0.0079445834885668	29483	0	0	0.903035769707243	6.92853781816467	5.61677109766657	10.2916030223092	1.38420867101173
BA_only	hippocampus	AA	psi	chr12_42083776_42086334	chr12	42083776	42086334	28	28	0	0	0.012246023359142	0.958145708464889	2.63592540170796	-2.63592540170796	2558	277	Genic/other	0	Heritable	0.139171797155862	0.790226148203974	0.00894353721219906	32836	0	0	1.39171797155862	7.84698098213879	5.62762111369064	10.3993112073838	0.969234320226249
BA_only	hippocampus	AA	psi	chr12_42145589_42145838	chr12	42145589	42145838	30	30	0	0	0.0584435738767672	0.98577631996496	3.56765758605838	-3.56765758605838	249	279	Promoter	1	Heritable	0.12728643823731	0.831464254930158	0.0137438327470637	1162	0	0	1.2728643823731	5.51745289646471	5.63478960316925	7.05875815251866	1.27190924488253
BA_only	hippocampus	AA	psi	chr12_4244769_4245118	chr12	4244769	4245118	53	53	0	0	0.0284200962576799	0.975932065139872	2.10731642764952	2.10731642764952	349	632	Intergenic	1	Heritable	0.130866374206653	0.964853840674584	0.0069298506096921	4011	0	0	1.30866374206653	5.85507192220243	6.45047042214418	8.29704514908183	0.745415307527304
BA_only	hippocampus	AA	psi	chr12_42482014_42482326	chr12	42482014	42482326	65	65	0	0	0.02861288713467	0.975932065139872	3.76801026507697	-3.76801026507697	312	307	Genic/other	1	Heritable	0.105906628936855	0.838513291310304	0.00804451429086834	0	0	0	1.05906628936855	5.74300318780948	5.73009978297357	0	1.32654708364165
BA_only	hippocampus	AA	psi	chr12_42587847_42588542	chr12	42587847	42588542	43	43	0	0	0.0680906021142075	0.985907779499035	1.60868331736416	-1.60868331736416	695	338	Genic/other	1	Non-heritable	0.0654550565287537	0.835263019846573	0.0104827200919487	0	0	0	0.654550565287537	6.54391184556479	5.82600010738045	0	0.475416035317501
BA_only	hippocampus	AA	psi	chr12_4276065_4276425	chr12	4276065	4276425	53	53	0	0	0.00215431763653722	0.815187053503819	1.83742315238897	-1.83742315238897	360	595	Promoter	1	Non-heritable	0.0475243455062177	0.925858284079687	0.00695054843946503	5	0	0	0.475243455062177	5.88610403145016	6.39024066706535	1.79175946922806	0.60836413484357
BA_only	hippocampus	AA	psi	chr12_43550536_43550753	chr12	43550536	43550753	17	17	0	0	0.00287806764728355	0.845018159310477	1.39277758918489	1.39277758918489	217	215	Genic/other	1	Non-heritable	0.089893261360685	0.800624283628442	0.0101850396398545	120183	0	0	0.89893261360685	5.37989735354046	5.37527840768417	11.6967791807423	0.331300026046188
BA_only	hippocampus	AA	psi	chr12_43883997_43885250	chr12	43883997	43885250	24	24	0	0	0.0472881781812095	0.982661996589092	1.53435085352291	-1.53435085352291	1253	206	Genic/other	0	Heritable	0.140103787405861	0.792641638289072	0.00850580495493071	0	0	0	1.40103787405861	7.13329595489607	5.33271879326537	0	0.428107401382789
BA_only	hippocampus	AA	psi	chr12_44519615_44520146	chr12	44519615	44520146	3	3	0	0	0.531159032019606	0.995858944649371	0.251383898119655	-0.251383898119655	531	205	Genic/other	0	Non-heritable	0.0891798726043174	0.788980289145433	0.00650774607410537	3337	0	0	0.891798726043174	6.27476202124194	5.32787616878958	8.11312710422178	-1.38077399394524
BA_only	hippocampus	AA	psi	chr12_45049555_45050029	chr12	45049555	45050029	30	30	0	0	0.0398032965519023	0.980549382116533	2.90116923756833	-2.90116923756833	474	231	Promoter	1	Non-heritable	0.0787461077316213	0.783154034041931	0.00745381703250031	514	0	0	0.787461077316213	6.16120732169508	5.44673737166631	6.24416690066374	1.06511384455032
BA_only	hippocampus	AA	psi	chr12_45611194_45611385	chr12	45611194	45611385	12	12	0	0	0.0411328365541671	0.980549382116533	1.47775040784211	-1.47775040784211	191	258	Promoter	0	Heritable	0.102496799858285	0.823852483999362	0.0049859789617789	45423	0	0	1.02496799858285	5.25227342804663	5.55682806169954	10.7237958787128	0.390520943477917
BA_only	hippocampus	AA	psi	chr12_4562627_4562713	chr12	4562627	4562713	38	38	0	0	0.0493083009925358	0.983382963027712	6.94400496765086	-6.94400496765086	86	658	Genic/other	1	Non-heritable	0.086995047279672	0.950314907289537	0.00818297505203057	0	0	0	0.86995047279672	4.45434729625351	6.49072353450251	0	1.93787869418539
BA_only	hippocampus	AA	psi	chr12_4615148_4615846	chr12	4615148	4615846	38	38	0	0	0.0351414000041368	0.980327953711174	2.62788103615301	-2.62788103615301	698	670	Genic/other	0	Heritable	0.14129446767398	0.973995228428023	0.00953625478653466	1632	0	0	1.4129446767398	6.54821910276237	6.50876913697168	7.39817409297047	0.966177835576993
BA_only	hippocampus	AA	psi	chr12_46270051_46270119	chr12	46270051	46270119	187	187	0	0	0.00732675676352859	0.933276309404323	3.07441832804981	3.07441832804981	68	222	Promoter	1	Heritable	0.163783274424124	0.713751555142425	0.0086075697325151	70	0	0	1.63783274424124	4.21950770517611	5.40717177146012	4.26267987704132	1.123115725008
BA_only	hippocampus	AA	psi	chr12_47757583_47757894	chr12	47757583	47757894	98	98	0	0	0.0234129929260557	0.975932065139872	9.49373651815517	9.49373651815517	311	424	Promoter	1	Heritable	0.143917369290457	0.898698497857055	0.00721575420332564	183	0	0	1.43917369290457	5.73979291217923	6.05208916892442	5.21493575760899	2.25063226833844
BA_only	hippocampus	AA	psi	chr12_47774388_47775536	chr12	47774388	47775536	101	101	0	0	0.0841358103376111	0.988137148207548	3.90371500868718	3.90371500868718	1148	408	Genic/other	1	Non-heritable	0.0550800713771529	0.910136280777003	0.00804503747421334	0	0	0	0.550800713771529	7.04577657687951	6.0137151560428	0	1.36192866862391
BA_only	hippocampus	AA	psi	chr12_47942213_47942839	chr12	47942213	47942839	123	123	0	0	0.0262131836524886	0.975932065139872	3.22993978678458	3.22993978678458	626	361	Genic/other	0	Heritable	0.359856677718619	0.891381817161979	0.00700596877065334	0	0	0	3.59856677718619	6.4393503711001	5.89164421182577	0	1.17246349829448
BA_only	hippocampus	AA	psi	chr12_47949457_47949562	chr12	47949457	47949562	126	126	0	0	0.00491571253941335	0.903845859635741	7.08796179878553	7.08796179878553	105	353	Intergenic	0	Heritable	0.115328914437902	0.885592674324643	0.00588821974619872	6593	0	0	1.15328914437902	4.65396035015752	5.86929691313377	8.79391542363168	1.95839782513724
BA_only	hippocampus	AA	psi	chr12_48863439_48864450	chr12	48863439	48864450	197	197	0	0	0.0233702711176208	0.975932065139872	2.62719302240685	-2.62719302240685	1011	277	Genic/other	0	Heritable	0.135287723702224	0.806550571512623	0.00687491908210783	419	0	0	1.35287723702224	6.91869521902047	5.62762111369064	6.04025471127741	0.965915988173966
BA_only	hippocampus	AA	psi	chr12_49132454_49133189	chr12	49132454	49133189	125	125	0	0	0.00214915938497961	0.815187053503819	2.81253673397223	-2.81253673397223	735	216	Promoter	1	Heritable	0.161228253060313	0.81412313917975	0.00506550708375718	0	0	0	1.61228253060313	6.59987049921284	5.37989735354046	0	1.03408683196866
BA_only	hippocampus	AA	psi	chr12_49185101_49186859	chr12	49185101	49186859	119	119	0	0	0.00808008078635612	0.933559278800072	3.70755309162938	3.70755309162938	1758	223	Genic/other	2	Heritable	0.155663282467538	0.796298217950785	0.00829564667631222	0	0	0	1.55663282467538	7.47193207824512	5.41164605185504	0	1.31037211768648
BA_only	hippocampus	AA	psi	chr12_49190147_49190584	chr12	49190147	49190584	119	119	0	0	0.000376381730954312	0.574981354951979	4.55266693223573	-4.55266693223573	437	221	Promoter	1	Heritable	0.112741815550158	0.799852091919628	0.0105065324314746	1169	0	0	1.12741815550158	6.07993319509559	5.40267738187228	7.0647590277918	1.51571320239994
BA_only	hippocampus	AA	psi	chr12_49233361_49234194	chr12	49233361	49234194	115	115	0	0	0.00145231595325927	0.762484248609066	2.61180838988292	2.61180838988292	833	218	Genic/other	0	Non-heritable	0.085899986427046	0.830861805645469	0.00639332549037955	0	0	0	0.85899986427046	6.72503364216684	5.3890717298165	0	0.960042854926925
BA_only	hippocampus	AA	psi	chr12_49265527_49265635	chr12	49265527	49265635	99	99	0	0	0.00346337241022309	0.866906756094015	2.44601742269315	-2.44601742269315	108	202	Promoter	1	Non-heritable	0.0992395150711378	0.713826147572182	0.00808526832578257	0	0	0	0.992395150711378	4.68213122712422	5.31320597904179	0	0.894461164260495
BA_only	hippocampus	AA	psi	chr12_49366140_49366260	chr12	49366140	49366260	67	67	0	0	0.00696899381465221	0.93133651470931	3.56179165105653	-3.56179165105653	120	204	Promoter	1	Heritable	0.351551885785635	0.741480964395857	0.00737209438272417	459	0	0	3.51551885785635	4.78749174278205	5.32300997913841	6.13122648948314	1.27026369384094
BA_only	hippocampus	AA	psi	chr12_49496392_49496655	chr12	49496392	49496655	69	69	0	0	0.0103288203866701	0.944902218841749	4.29037402582614	4.29037402582614	263	297	Genic/other	0	Heritable	0.125262494061066	0.750318792843601	0.00911322142245631	3549	0	0	1.25262494061066	5.57215403217777	5.69709348650541	8.17470288246946	1.45637391697755
BA_only	hippocampus	AA	psi	chr12_49902584_49903483	chr12	49902584	49903483	197	197	0	0	0.0210207587832654	0.975856666808667	2.67975458963935	-2.67975458963935	899	259	Promoter	1	Heritable	0.102845930773985	0.815962163333602	0.0100037588134166	0	0	0	1.02845930773985	6.80128303447162	5.56068163101553	0	0.985725223031474
BA_only	hippocampus	AA	psi	chr12_49904593_49904734	chr12	49904593	49904734	197	197	0	0	0.0185837888267749	0.972503866121758	2.66112374191123	-2.66112374191123	141	265	Promoter	1	Non-heritable	0.0709525863744767	0.791133585691346	0.00700071688390453	0	0	0	0.709525863744767	4.94875989037817	5.5834963087817	0	0.97874849670571
BA_only	hippocampus	AA	psi	chr12_49955208_49955517	chr12	49955208	49955517	202	202	0	0	0.00253073366968511	0.830598713704804	6.40413303310942	6.40413303310942	309	255	Genic/other	2	Heritable	0.106757695116219	0.837249082057172	0.00737882544575792	577	0	0	1.06757695116219	5.73334127689775	5.54517744447956	6.35957386867238	1.85694356992014
BA_only	hippocampus	AA	psi	chr12_50006417_50007467	chr12	50006417	50007467	189	189	0	0	0.0247967120729271	0.975932065139872	4.12388471963285	-4.12388471963285	1050	272	Genic/other	0	Non-heritable	0.0408756454871252	0.816959989503455	0.0127887825230634	0	0	0	0.408756454871252	6.95654544315157	5.60947179518496	0	1.41679561465662
BA_only	hippocampus	AA	psi	chr12_50220919_50222479	chr12	50220919	50222479	80	80	0	0	0.00189239609663666	0.801360789073658	8.17536326579623	-8.17536326579623	1560	278	Promoter	0	Non-heritable	0.0663426796422545	0.849204672382167	0.00577769165506763	0	0	0	0.663426796422545	7.35244110024358	5.63121178182137	0	2.10112515320227
BA_only	hippocampus	AA	psi	chr12_50268149_50268676	chr12	50268149	50268676	76	76	0	0	0.000659808652652808	0.660644830675263	6.21443318763177	-6.21443318763177	527	271	Genic/other	0	Non-heritable	0.0950928359949492	0.691153137785298	0.00736131161567758	0	0	0	0.950928359949492	6.26720054854136	5.605802066296	0	1.82687452170994
BA_only	hippocampus	AA	psi	chr12_50506600_50507825	chr12	50506600	50507825	15	15	0	0	0.155233172789955	0.991064867102684	2.52432128702239	2.52432128702239	1225	165	Enhancer	2	Non-heritable	0.0685816705881312	0.584785396607929	0.00549625076733471	31073	0	0	0.685816705881312	7.11069612297883	5.11198778835654	10.3441267356519	0.925972233337481
BA_only	hippocampus	AA	psi	chr12_51390767_51391130	chr12	51390767	51391130	65	65	0	0	0.00769675132662468	0.933559278800072	5.55214656472225	5.55214656472225	363	334	Promoter	1	Non-heritable	0.0766543080249329	0.873358063105537	0.00718347051801915	0	0	0	0.766543080249329	5.89440283426485	5.81413053182507	0	1.71418462320225
BA_only	hippocampus	AA	psi	chr12_51392441_51393018	chr12	51392441	51393018	65	65	0	0	0.0233766027035794	0.975932065139872	2.68037023161979	2.68037023161979	577	361	Promoter	1	Heritable	0.163506133695091	0.897805821777879	0.00712626357738105	0	0	0	1.63506133695091	6.3578422665081	5.89164421182577	0	0.985954934839083
BA_only	hippocampus	AA	psi	chr12_51821507_51821955	chr12	51821507	51821955	67	67	0	0	0.0194679558857648	0.973435583287465	2.71130495224069	-2.71130495224069	448	518	Genic/other	1	Non-heritable	0.0915427801540031	0.929393100417463	0.00766022618391247	0	0	0	0.915427801540031	6.10479323241499	6.25190388316589	0	0.997430054872586
BA_only	hippocampus	AA	psi	chr12_51863358_51863539	chr12	51863358	51863539	67	67	0	0	0.00821930262581429	0.933559278800072	2.98582192019903	2.98582192019903	181	507	Intergenic	1	Heritable	0.13340184014369	0.937649399374435	0.00807924909839022	4898	0	0	1.3340184014369	5.19849703126583	6.23048144757848	8.49678638163858	1.09387506244226
BA_only	hippocampus	AA	psi	chr12_52014895_52015037	chr12	52014895	52015037	94	94	0	0	0.00291323995915086	0.846222391562562	4.50064329510769	-4.50064329510769	142	505	Genic/other	1	Heritable	0.16449841170568	0.934789047494986	0.00704574201779284	1207	0	0	1.6449841170568	4.95582705760126	6.22653666928747	7.09672137849476	1.50422034324954
BA_only	hippocampus	AA	psi	chr12_52055590_52056184	chr12	52055590	52056184	91	91	0	0	0.00630045095515841	0.920376068783091	1.81359622816736	-1.81359622816736	594	497	Promoter	1	Heritable	0.15331549151153	0.880241905336821	0.0102519952732709	0	0	0	1.5331549151153	6.38687931936265	6.21060007702465	0	0.595311745974007
BA_only	hippocampus	AA	psi	chr12_52058683_52058861	chr12	52058683	52058861	91	91	0	0	0.0197627736465144	0.974612769745579	2.40055971071429	-2.40055971071429	178	487	Genic/other	0	Heritable	0.163745715376828	0.900888631112538	0.0076310932685465	1625	0	0	1.63745715376828	5.18178355029209	6.19031540585315	7.39387829010776	0.875701927127339
BA_only	hippocampus	AA	psi	chr12_52061734_52063441	chr12	52061734	52063441	93	93	0	0	0.0153827135036144	0.967076513219291	3.34789771271537	-3.34789771271537	1707	510	Genic/other	0	Non-heritable	0.0501041739454183	0.867471883276334	0.00760691789140871	4676	0	0	0.501041739454183	7.44249272279444	6.2363695902037	8.45041215772589	1.20833260338981
BA_only	hippocampus	AA	psi	chr12_52258185_52258272	chr12	52258185	52258272	75	75	0	0	0.00316903157227802	0.853185837570312	1.81260304447519	1.81260304447519	87	543	Genic/other	2	Non-heritable	0.0496620348210102	0.919857904156701	0.00850013282485658	6407	0	0	0.496620348210102	4.46590811865458	6.29894924685594	8.7653024887482	0.594763963771842
BA_only	hippocampus	AA	psi	chr12_52291258_52291456	chr12	52291258	52291456	75	75	0	0	0.0350599435387525	0.980327953711174	1.95410521390271	1.95410521390271	198	558	Genic/other	2	Heritable	0.114274251130333	0.938458356874371	0.00634135201429108	20151	0	0	1.14274251130333	5.28826703069454	6.3261494731551	9.91105881803245	0.669932402683862
BA_only	hippocampus	AA	psi	chr12_52321298_52322116	chr12	52321298	52322116	56	56	0	0	0.0251462371416677	0.975932065139872	1.3315700561072	-1.3315700561072	818	579	Promoter	1	Heritable	0.185785542698213	0.899167813840914	0.00842502624908861	0	0	0	1.85785542698213	6.70686233660275	6.36302810354047	0	0.286358746822926
BA_only	hippocampus	AA	psi	chr12_52851737_52852975	chr12	52851737	52852975	608	608	0	0	0.00336099901636944	0.864842488415492	2.90142180433286	2.90142180433286	1238	426	Genic/other	0	Heritable	0.796612759895918	0.888221479546798	0.00826086335153336	11972	0	0	7.96612759895918	7.12125245324454	6.05678401322863	9.39040939371684	1.0652008976485
BA_only	hippocampus	AA	psi	chr12_52922400_52922587	chr12	52922400	52922587	612	612	0	0	0.00379802419849989	0.871232310780983	3.85524142003138	-3.85524142003138	187	409	Genic/other	0	Heritable	0.112874366342245	0.895918097233345	0.0066202061745766	0	0	0	1.12874366342245	5.23110861685459	6.01615715969835	0	1.34943363281856
BA_only	hippocampus	AA	psi	chr12_52965050_52965291	chr12	52965050	52965291	616	616	0	0	0.000299274265973956	0.537579539290605	3.0367715561518	3.0367715561518	241	422	Intergenic	1	Heritable	0.208670723043897	0.880208573178493	0.00903456528908262	14299	0	0	2.08670723043897	5.48479693349066	6.04737217904628	9.568014816248	1.11079496629421
BA_only	hippocampus	AA	psi	chr12_52965990_52966140	chr12	52965990	52966140	618	618	0	0	0.0009293507765152	0.705156689681756	3.17941893446899	3.17941893446899	150	426	Intergenic	1	Heritable	0.418888290417986	0.901789943609349	0.0114144972304486	15239	0	0	4.18888290417986	5.01063529409626	6.05678401322863	9.63167882924064	1.15669845823131
BA_only	hippocampus	AA	psi	chr12_53181872_53182430	chr12	53181872	53182430	685	685	0	0	0.00242244064218512	0.824728302674626	3.38205666647258	-3.38205666647258	558	331	Promoter	1	Non-heritable	0.0952265736279818	0.844020103549169	0.0050150277911414	0	0	0	0.952265736279818	6.32435896238131	5.80513496891649	0	1.21848400860699
BA_only	hippocampus	AA	psi	chr12_53218700_53219484	chr12	53218700	53219484	710	710	0	0	0.00194908172725759	0.804679915749906	4.75478387364707	4.75478387364707	784	330	Enhancer	1	Heritable	0.150203338175952	0.819020880091833	0.00640388204046414	0	0	0	1.50203338175952	6.66440902035041	5.80211837537706	0	1.55915124462735
BA_only	hippocampus	AA	psi	chr12_53324210_53324382	chr12	53324210	53324382	148	148	0	0	0.00124377054772022	0.747738399837652	8.65558547718726	-8.65558547718726	172	323	Genic/other	1	Non-heritable	0.0475773942121244	0.745576613597183	0.00626623790620354	0	0	0	0.475773942121244	5.14749447681345	5.78074351579233	0	2.15820483361776
BA_only	hippocampus	AA	psi	chr12_53440868_53440929	chr12	53440868	53440929	154	154	0	0	0.00854129722447243	0.933559278800072	9.51283134122667	9.51283134122667	61	347	Promoter	1	Heritable	0.196753942805679	0.845353138961513	0.00674552610376122	862	0	0	1.96753942805679	4.11087386417331	5.85220247977447	6.76041469108343	2.25264155582442
BA_only	hippocampus	AA	psi	chr12_53677888_53679238	chr12	53677888	53679238	493	493	0	0	0.00141782563592778	0.760354180375728	7.11832573446121	7.11832573446121	1350	390	Promoter	1	Heritable	0.130951375313298	0.853551757606285	0.00697460768619997	1645	0	0	1.30951375313298	7.20785987143248	5.96870755998537	7.40610338123702	1.96267254952237
BA_only	hippocampus	AA	psi	chr12_54006675_54006732	chr12	54006675	54006732	175	175	0	0	0.00482095581352912	0.903845859635741	3.52412422741295	3.52412422741295	57	412	Enhancer	2	Non-heritable	0.0696430204921341	0.855141262784942	0.00660728950313641	6965	0	0	0.696430204921341	4.04305126783455	6.02344759296103	8.84879645092595	1.25963196210998
BA_only	hippocampus	AA	psi	chr12_54044101_54045328	chr12	54044101	54045328	240	240	0	0	0.0104507365666503	0.944902218841749	4.76728456715548	4.76728456715548	1227	437	Genic/other	2	Non-heritable	0.0328150965023704	0.827688011049579	0.00665234520963989	13235	0	0	0.328150965023704	7.11232744471091	6.08221891037645	9.4906956690415	1.56177687176739
BA_only	hippocampus	AA	psi	chr12_54059125_54059929	chr12	54059125	54059929	242	242	0	0	7.34197979913889e-05	0.332751070522031	3.68311627796104	3.68311627796104	804	442	Genic/other	1	Non-heritable	0.0894894382170259	0.920826204311386	0.00654269897539585	0	0	0	0.894894382170259	6.68959926917897	6.09356977004514	0	1.30375921121401
BA_only	hippocampus	AA	psi	chr12_54079530_54081801	chr12	54079530	54081801	242	242	0	0	0.00168841112878995	0.786661074605562	5.39827358993921	-5.39827358993921	2271	454	Promoter	2	Heritable	0.119163413339282	0.927162919987516	0.00484157370163683	0	0	0	1.19163413339282	7.72797554210556	6.12029741895095	0	1.68607919873914
BA_only	hippocampus	AA	psi	chr12_55114067_55114493	chr12	55114067	55114493	12	12	0	0	0.0360001952337301	0.980494018606455	1.42700842330674	1.42700842330674	426	302	Genic/other	0	Heritable	0.737683288133283	0.883985080186883	0.007538627131819	12022	0	0	7.37683288133283	6.05443934626937	5.71373280550937	9.39457676097491	0.355580248292752
BA_only	hippocampus	AA	psi	chr12_55414654_55416571	chr12	55414654	55416571	29	29	0	0	0.0616511753193234	0.985907779499035	0.9561660046976	0.9561660046976	1917	333	Promoter	0	Heritable	0.149132065792966	0.847952055713486	0.00682086146596267	18559	0	0	1.49132065792966	7.55851674304565	5.8111409929767	9.82876400634019	-0.0448237254656912
BA_only	hippocampus	AA	psi	chr12_56080885_56083827	chr12	56080885	56083827	238	238	0	0	0.00197332343820853	0.80614848610333	5.70326584628315	5.70326584628315	2942	266	Promoter	2	Non-heritable	0.0889019173537962	0.842011308897168	0.00684074928734939	0	0	0	0.889019173537962	7.98684490116138	5.58724865840025	0	1.74103896800583
BA_only	hippocampus	AA	psi	chr12_57195085_57195284	chr12	57195085	57195284	122	122	0	0	0.00417746717616545	0.88413881341503	4.97989318646104	4.97989318646104	199	222	Genic/other	0	Heritable	0.112407544725328	0.787749571946958	0.00694618213132962	2239	0	0	1.12407544725328	5.29330482472449	5.40717177146012	7.71423114484909	1.60540844431282
BA_only	hippocampus	AA	psi	chr12_57868791_57869607	chr12	57868791	57869607	221	221	0	0	0.00120623199172791	0.741782412295099	3.52087327178915	3.52087327178915	816	236	Enhancer	1	Non-heritable	0.0592405494572418	0.666838818265062	0.00726350977369089	0	0	0	0.592405494572418	6.70441435496411	5.46806014113513	0	1.25870905025779
BA_only	hippocampus	AA	psi	chr12_57934390_57935232	chr12	57934390	57935232	200	200	0	0	0.000515235143434579	0.622855471804028	4.24599818375161	-4.24599818375161	842	238	Genic/other	1	Heritable	0.119889079223891	0.807447656484224	0.00901724222490163	0	0	0	1.19889079223891	6.73578001424233	5.47646355193151	0	1.44597693788098
BA_only	hippocampus	AA	psi	chr12_58059005_58059594	chr12	58059005	58059594	108	108	0	0	0.00370282086799945	0.867953489674172	5.88104271172563	-5.88104271172563	589	250	Intergenic	0	Heritable	0.50423450247412	0.870393582596792	0.00758920081583789	107246	0	0	5.0423450247412	6.37842618365159	5.52545293913178	11.5828898643711	1.77173407981559
BA_only	hippocampus	AA	psi	chr12_5808346_5808714	chr12	5808346	5808714	3	3	0	0	0.21412002945539	0.991290284450776	0.765781157389787	-0.765781157389787	368	597	Genic/other	0	Non-heritable	0.0848320451584245	0.950256827900827	0.0057846627508134	23888	0	0	0.848320451584245	5.90808293816893	6.39359075395063	10.0811733809256	-0.266858832315259
BA_only	hippocampus	AA	psi	chr12_6201479_6203203	chr12	6201479	6203203	136	136	0	0	0.00571692779471171	0.91440075671538	8.91762398087158	8.91762398087158	1724	560	Enhancer	1	Heritable	0.126236555871177	0.952895409991296	0.00488735710278645	0	0	0	1.26236555871177	7.45240245122364	6.3297209055227	0	2.1880295423731
BA_only	hippocampus	AA	psi	chr12_62190008_62190465	chr12	62190008	62190465	8	8	0	0	0.0640487648675557	0.985907779499035	2.68003531677167	2.68003531677167	457	262	Genic/other	1	Non-heritable	0.0971946932970119	0.798281608709784	0.00779859670866278	16784	0	0	0.971946932970119	6.12468339089421	5.57215403217777	9.72824090941413	0.985829976067108
BA_only	hippocampus	AA	psi	chr12_6230034_6231616	chr12	6230034	6231616	140	140	0	0	0.00357871567458747	0.866906756094015	10.5677586654	-10.5677586654	1582	581	Promoter	0	Heritable	0.10990058343486	0.958550035538701	0.00699086364795278	0	0	0	1.0990058343486	7.3664451483276	6.36647044773144	0	2.35780773155051
BA_only	hippocampus	AA	psi	chr12_6233391_6234696	chr12	6233391	6234696	140	140	0	0	0.0014599826473187	0.762823213405844	6.32203939458527	-6.32203939458527	1305	561	Promoter	0	Non-heritable	0.0758055545783365	0.953946425128515	0.00714447019317179	0	0	0	0.758055545783365	7.17395831975679	6.33150184989369	0	1.84404184670429
BA_only	hippocampus	AA	psi	chr12_62519173_62520144	chr12	62519173	62520144	8	8	0	0	0.114683650879414	0.990898390030923	0.325406763894244	-0.325406763894244	971	338	Genic/other	0	Heritable	0.150126483388489	0.917668248825008	0.00885691454203405	15495	0	0	1.50126483388489	6.87832646829133	5.82600010738045	9.64833720508683	-1.12267926728344
BA_only	hippocampus	AA	psi	chr12_62840954_62841873	chr12	62840954	62841873	6	6	0	0	0.388156275549878	0.99451450116979	0.36184210612486	0.36184210612486	919	383	Promoter	0	Non-heritable	0.0826127837547591	0.900716174511235	0.00664990073766767	0	0	0	0.826127837547591	6.82328612235569	5.95064255258773	0	-1.01654730559601
BA_only	hippocampus	AA	psi	chr12_62915818_62918110	chr12	62915818	62918110	7	7	0	0	0.102294674782459	0.990558652296773	0.900307851756236	-0.900307851756236	2292	391	Genic/other	0	Heritable	0.146230850940517	0.902584636483791	0.00648837567110221	0	0	0	1.46230850940517	7.73718007783463	5.97126183979046	0	-0.105018505531918
BA_only	hippocampus	AA	psi	chr12_63821418_63821746	chr12	63821418	63821746	16	16	0	0	0.123944911679756	0.991064867102684	1.46437957243743	-1.46437957243743	328	273	Promoter	2	Heritable	0.222518754076931	0.850603185366315	0.0083772818960204	0	0	0	2.22518754076931	5.79301360838414	5.61312810638807	0	0.381431659553682
BA_only	hippocampus	AA	psi	chr12_63845436_63846535	chr12	63845436	63846535	17	17	0	0	0.0436773218848476	0.980789550235948	0.873955385242582	-0.873955385242582	1099	284	Genic/other	1	Non-heritable	0.0642028775393583	0.838005565825547	0.00759354935723589	0	0	0	0.642028775393583	7.00215595440362	5.65248918026865	0	-0.134725939820495
BA_only	hippocampus	AA	psi	chr12_642375_642479	chr12	642375	642479	42	42	0	0	0.0521073035992098	0.984308387733243	1.81186210661316	1.81186210661316	104	543	Promoter	1	Heritable	0.150862601014442	0.926421431847018	0.00857161802538591	0	0	0	1.50862601014442	4.64439089914137	6.29894924685594	0	0.594355110141099
BA_only	hippocampus	AA	psi	chr12_64286748_64287200	chr12	64286748	64287200	79	79	0	0	0.0186342453515976	0.972503866121758	4.34959482320677	4.34959482320677	452	337	Promoter	0	Heritable	0.360675097755645	0.848936363195191	0.0100903453958948	11449	0	0	3.60675097755645	6.11368217983223	5.82304589548302	9.34574500898239	1.47008269897108
BA_only	hippocampus	AA	psi	chr12_6430508_6431383	chr12	6430508	6431383	224	224	0	0	0.00784876024812207	0.933559278800072	5.35895206480507	5.35895206480507	875	596	Enhancer	0	Heritable	0.112611090608565	0.957596981281154	0.00944484016038466	8292	0	0	1.12611090608565	6.77422388635761	6.3919171133926	9.0231670644512	1.67876844753656
BA_only	hippocampus	AA	psi	chr12_64611867_64612233	chr12	64611867	64612233	70	70	0	0	0.0124782485985462	0.961037621609838	2.59751762837623	-2.59751762837623	366	311	Enhancer	1	Non-heritable	0.0439894834094214	0.783892087610777	0.0111461056937336	110536	0	0	0.439894834094214	5.90263333340137	5.74300318780948	11.613105585522	0.954556234488394
BA_only	hippocampus	AA	psi	chr12_64625495_64627297	chr12	64625495	64627297	70	70	0	0	0.0101264876148216	0.944902218841749	5.82188193549709	-5.82188193549709	1802	309	Enhancer	0	Non-heritable	0.0500138459613335	0.844404065295999	0.00595100088310136	95815	0	0	0.500138459613335	7.49665243816828	5.73657229747919	11.4701849646273	1.76162356780714
BA_only	hippocampus	AA	psi	chr12_64640735_64641456	chr12	64640735	64641456	78	78	0	0	0.00349054842054951	0.866906756094015	7.99845672183731	-7.99845672183731	721	292	Genic/other	0	Heritable	0.468622617549807	0.884053554568515	0.00681684100565071	81656	0	0	4.68622617549807	6.58063913728495	5.68017260901707	11.3102828265058	2.07924861455026
BA_only	hippocampus	AA	psi	chr12_64779553_64780173	chr12	64779553	64780173	22	22	0	0	0.00632551383889248	0.920376068783091	3.13489106235993	3.13489106235993	620	301	Promoter	1	Heritable	0.103403421216057	0.690084744127401	0.00894080575084101	5871	0	0	1.03403421216057	6.42971947803914	5.71042701737487	8.67795057029435	1.14259442782253
BA_only	hippocampus	AA	psi	chr12_64821451_64822560	chr12	64821451	64822560	23	23	0	0	0.000976645059097954	0.716185863339116	3.58694599879975	3.58694599879975	1109	298	Genic/other	2	Non-heritable	0.0702911916915007	0.774934152034609	0.00809761197821098	0	0	0	0.702911916915007	7.01121398735037	5.70044357339069	0	1.27730114652712
BA_only	hippocampus	AA	psi	chr12_6497680_6498146	chr12	6497680	6498146	191	191	0	0	0.00779595091512679	0.933559278800072	6.43130795292921	-6.43130795292921	466	574	Genic/other	1	Non-heritable	0.0681867879975724	0.944978088959142	0.00693977296228802	3962	0	0	0.681867879975724	6.14418563412565	6.35437004079735	8.28475659319044	1.86117793325997
BA_only	hippocampus	AA	psi	chr12_65120578_65120815	chr12	65120578	65120815	33	33	0	0	0.0224985173698664	0.975932065139872	1.62427183601391	1.62427183601391	237	249	Promoter	1	Non-heritable	0.0981599989957394	0.803808722713413	0.0144250204313995	2234	0	0	0.981599989957394	5.46806014113513	5.52146091786225	7.71199650704767	0.485059620596572
BA_only	hippocampus	AA	psi	chr12_65846193_65846768	chr12	65846193	65846768	44	44	0	0	0.0314753251066193	0.977060807838727	3.274944254296	-3.274944254296	575	345	Genic/other	0	Heritable	0.187977035967839	0.90194643939921	0.00731941410981761	0	0	0	1.87977035967839	6.35437004079735	5.84643877505773	0	1.18630085040683
BA_only	hippocampus	AA	psi	chr12_66041637_66042244	chr12	66041637	66042244	19	19	0	0	0.0661627533920972	0.985907779499035	1.77394724514978	-1.77394724514978	607	364	Intergenic	0	Heritable	0.157945907518772	0.852290332147133	0.00912323345414486	9260	0	0	1.57945907518772	6.4085287910595	5.89989735358249	9.13356731317027	0.573207151286292
BA_only	hippocampus	AA	psi	chr12_661884_663891	chr12	661884	663891	39	39	0	0	0.0316771171973519	0.977060807838727	4.78909649431776	-4.78909649431776	2007	535	Promoter	0	Heritable	0.109606290778042	0.951641856498106	0.00590536060972591	0	0	0	1.09606290778042	7.60439634879634	6.2841341610708	0	1.56634177240358
BA_only	hippocampus	AA	psi	chr12_66574552_66575067	chr12	66574552	66575067	4	4	0	0	0.268560869607286	0.993437465767387	1.09778567130453	1.09778567130453	515	405	Genic/other	0	Heritable	0.680606555439626	0.892639880412751	0.00993417842433157	0	0	0	6.80606555439626	6.24416690066374	6.00635315960173	0	0.0932951339665441
BA_only	hippocampus	AA	psi	chr12_67719377_67719782	chr12	67719377	67719782	12	12	0	0	0.0391508052873721	0.980549382116533	1.77276134527081	-1.77276134527081	405	473	Genic/other	0	Heritable	0.13152242451092	0.902517902490459	0.00785552352093167	31671	0	0	1.3152242451092	6.00388706710654	6.16120732169508	10.363188288786	0.572538418636713
BA_only	hippocampus	AA	psi	chr12_67828091_67828430	chr12	67828091	67828430	24	24	0	0	0.0438942290143069	0.980789550235948	2.0132041004693	-2.0132041004693	339	501	Enhancer	0	Heritable	0.102130586454674	0.94219787605992	0.00791716990128438	55434	0	0	1.02130586454674	5.82600010738045	6.21860011969173	10.9229664422065	0.699727537677024
BA_only	hippocampus	AA	psi	chr12_68747291_68747532	chr12	68747291	68747532	68	68	0	0	0.00783727335062398	0.933559278800072	2.50679418498428	-2.50679418498428	241	510	Genic/other	1	Heritable	0.473144661224786	0.897248959971665	0.0107548719710272	0	0	0	4.73144661224786	5.48479693349066	6.2363695902037	0	0.919004723658139
BA_only	hippocampus	AA	psi	chr12_68876625_68877015	chr12	68876625	68877015	51	51	0	0	0.0478602444480855	0.982661996589092	1.28792380238036	1.28792380238036	390	458	Genic/other	0	Heritable	0.14355343220863	0.931098168429738	0.00738741889760353	0	0	0	1.4355343220863	5.96614673912369	6.12905021006055	0	0.253031474054018
BA_only	hippocampus	AA	psi	chr12_694378_694731	chr12	694378	694731	71	71	0	0	0.0310950483395226	0.976893291659941	11.9819004636252	-11.9819004636252	353	504	Intergenic	0	Heritable	0.114514850942342	0.928384645071619	0.00597034722876776	0	0	0	1.14514850942342	5.8664680569333	6.22455842927536	0	2.48339721730318
BA_only	hippocampus	AA	psi	chr12_71162973_71164266	chr12	71162973	71164266	2	2	0	0	0.547751678123041	0.996372748468176	0.235415812759818	0.235415812759818	1293	324	Genic/other	0	Non-heritable	0.058519181597231	0.750042680529169	0.00724574180254876	0	0	0	0.58519181597231	7.16472037877186	5.78382518232974	0	-1.44640186993308
BA_only	hippocampus	AA	psi	chr12_71441417_71442738	chr12	71441417	71442738	3	3	0	0	0.416688072146463	0.994735124295838	0.500459976250838	0.500459976250838	1321	273	Promoter	2	Non-heritable	0.060570409069758	0.825449773289463	0.00556194223903617	158700	0	0	0.60570409069758	7.18614430452233	5.61312810638807	11.9747772076919	-0.692227630973611
BA_only	hippocampus	AA	psi	chr12_71685456_71685563	chr12	71685456	71685563	15	15	0	0	0.00585148292585219	0.91658260669542	1.44509464892116	1.44509464892116	107	262	Promoter	1	Non-heritable	0.0613260116471726	0.797089925787216	0.00748013611517488	11252	0	0	0.613260116471726	4.67282883446191	5.57215403217777	9.32839003875	0.368174827322763
BA_only	hippocampus	AA	psi	chr12_71839279_71839372	chr12	71839279	71839372	15	15	0	0	0.021429300375497	0.975932065139872	1.0872101175065	-1.0872101175065	93	280	Promoter	1	Heritable	0.158364768037412	0.831494348361405	0.00696082395854944	438	0	0	1.58364768037412	4.53259949315326	5.63835466933375	6.08449941307517	0.0836148990307814
BA_only	hippocampus	AA	psi	chr12_72146332_72146994	chr12	72146332	72146994	32	32	0	0	0.0775917855055937	0.987720536119146	1.75109008928478	1.75109008928478	662	224	Genic/other	0	Heritable	0.350701853265537	0.805537105188214	0.00676089897336666	107087	0	0	3.50701853265537	6.49526555593701	5.41610040220442	11.5814062053404	0.560238507882121
BA_only	hippocampus	AA	psi	chr12_72577078_72578748	chr12	72577078	72578748	4	4	0	0	0.202255044304316	0.991064867102684	0.566915622300007	-0.566915622300007	1670	277	Genic/other	0	Heritable	0.54518122380432	0.876106745098628	0.0105314407881184	149494	0	0	5.4518122380432	7.4205789054108	5.62762111369064	11.9150182264375	-0.567544782974722
BA_only	hippocampus	AA	psi	chr12_74022002_74022230	chr12	74022002	74022230	22	22	0	0	0.00590225283667778	0.916977163644698	1.63771909160518	-1.63771909160518	228	155	Genic/other	0	Non-heritable	0.0446715889137682	0.517249483066078	0.00703976660792425	0	0	0	0.446715889137682	5.42934562895444	5.04985600724954	0	0.493304482083493
BA_only	hippocampus	AA	psi	chr12_7439601_7439841	chr12	7439601	7439841	28	28	0	0	0.0130834480079143	0.964283399649536	1.20478795741793	-1.20478795741793	240	422	Enhancer	2	Heritable	0.13465137801448	0.916878973976877	0.00796233325936648	6226	0	0	1.3465137801448	5.48063892334199	6.04737217904628	8.73664995487245	0.186303590810706
BA_only	hippocampus	AA	psi	chr12_74402202_74402811	chr12	74402202	74402811	34	34	0	0	0.0987748223136057	0.990400450319684	2.32702774750504	-2.32702774750504	609	198	Promoter	0	Heritable	0.144383790880117	0.761512192761433	0.0102769202840595	0	0	0	1.44383790880117	6.4118182677099	5.29330482472449	0	0.844591812699824
BA_only	hippocampus	AA	psi	chr12_7628386_7629068	chr12	7628386	7629068	34	34	0	0	0.00887407027500866	0.934771707485019	1.09339564050697	1.09339564050697	682	478	Enhancer	2	Heritable	0.106117143161253	0.923050076442929	0.0285887610029983	0	0	0	1.06117143161253	6.52502965784346	6.17170059741092	0	0.0892881295185633
BA_only	hippocampus	AA	psi	chr12_7639207_7640425	chr12	7639207	7640425	34	34	0	0	0.00259760902778578	0.833258918532135	1.16944752298695	1.16944752298695	1218	492	Enhancer	0	Heritable	0.52668025721233	0.921464715223372	0.0334193953357541	0	0	0	5.2668025721233	7.10496544826984	6.20050917404269	0	0.15653144326271
BA_only	hippocampus	AA	psi	chr12_76763035_76763440	chr12	76763035	76763440	12	12	0	0	0.0678709617140161	0.985907779499035	1.18441882826146	-1.18441882826146	405	311	Promoter	1	Heritable	0.171111861860386	0.833437375900108	0.0118667035705141	888	0	0	1.71111861860386	6.00388706710654	5.74300318780948	6.79009723551391	0.169252222439193
BA_only	hippocampus	AA	psi	chr12_77010867_77011151	chr12	77010867	77011151	6	6	0	0	0.238734513666842	0.992122997067854	3.16995182665875	-3.16995182665875	284	395	Intergenic	0	Non-heritable	0.0772741993608854	0.855584788817085	0.00974799736766776	0	0	0	0.772741993608854	5.64897423816121	5.98141421125448	0	1.15371639429072
BA_only	hippocampus	AA	psi	chr12_77924254_77926195	chr12	77924254	77926195	13	13	0	0	0.0212474567189648	0.975932065139872	1.49094289679732	-1.49094289679732	1941	380	Genic/other	0	Non-heritable	0.0575746507545174	0.861877743408298	0.00809037125385693	14937	0	0	0.575746507545174	7.57095858316901	5.9427993751267	9.61166358091701	0.39940874316301
BA_only	hippocampus	AA	psi	chr12_7839367_7839801	chr12	7839367	7839801	45	45	0	0	0.00671813681972773	0.92655656508175	1.20303289009779	-1.20303289009779	434	498	Genic/other	0	Heritable	0.170752129141334	0.933777014993369	0.00978181996185913	0	0	0	1.70752129141334	6.07304453410041	6.21260609575152	0	0.184845784995797
BA_only	hippocampus	AA	psi	chr12_7843316_7843833	chr12	7843316	7843833	65	65	0	0	0.0157479706464437	0.967716068030647	2.94161048018383	2.94161048018383	517	492	Genic/other	0	Heritable	0.115050243934224	0.939366324473972	0.00704553165565341	0	0	0	1.15050243934224	6.24804287450843	6.20050917404269	0	1.07895721714754
BA_only	hippocampus	AA	psi	chr12_7934223_7935527	chr12	7934223	7935527	62	62	0	0	0.00608751724881358	0.920376068783091	2.64486724497541	2.64486724497541	1304	492	Genic/other	0	Non-heritable	0.0715079201130173	0.939218353967792	0.00718563018758655	0	0	0	0.715079201130173	7.1731917424866	6.20050917404269	0	0.972620876895991
BA_only	hippocampus	AA	psi	chr12_79710741_79711038	chr12	79710741	79711038	37	37	0	0	0.0049369428135286	0.904429193901936	1.2379314898676	1.2379314898676	297	194	Genic/other	0	Heritable	0.181232723738747	0.828089935304405	0.00997440705802416	19868	0	0	1.81232723738747	5.6937321388027	5.27299955856375	9.89691600715309	0.213441841445304
BA_only	hippocampus	AA	psi	chr12_8227098_8228447	chr12	8227098	8228447	437	437	0	0	0.00392760348287364	0.876132919298309	6.17626771271062	-6.17626771271062	1349	512	Promoter	0	Non-heritable	0.0763515292946381	0.956412228748292	0.0145228952618943	0	0	0	0.763515292946381	7.20711885620776	6.24027584517077	0	1.82071416066743
BA_only	hippocampus	AA	psi	chr12_82688641_82690232	chr12	82688641	82690232	3	3	0	0	0.106824060616406	0.990610842832516	0.507063966108426	0.507063966108426	1591	303	Enhancer	2	Heritable	0.127510799516069	0.863745361313583	0.0112113656181147	0	0	0	1.27510799516069	7.37211802833779	5.71702770140622	0	-0.679118097733492
BA_only	hippocampus	AA	psi	chr12_82698819_82699676	chr12	82698819	82699676	3	3	0	0	0.0120529959105772	0.956258804297162	1.63246416198622	-1.63246416198622	857	291	Genic/other	0	Heritable	0.136659810872636	0.874586217998348	0.00770245540044212	0	0	0	1.36659810872636	6.75343791859778	5.67675380226828	0	0.490090635211671
BA_only	hippocampus	AA	psi	chr12_82781177_82782368	chr12	82781177	82782368	3	3	0	0	0.398058857566239	0.99451450116979	0.189775609272254	-0.189775609272254	1191	302	Genic/other	0	Non-heritable	0.0805794243507018	0.865177972360589	0.00847560151960555	0	0	0	0.805794243507018	7.0825485693553	5.71373280550937	0	-1.66191285589267
BA_only	hippocampus	AA	psi	chr12_82883602_82884431	chr12	82883602	82884431	3	3	0	0	0.157339674998262	0.991064867102684	0.126635338337564	-0.126635338337564	829	310	Genic/other	0	Heritable	0.117595074399518	0.88135486272185	0.00826059043859145	0	0	0	1.17595074399518	6.7202201551353	5.73979291217923	0	-2.06644359546773
BA_only	hippocampus	AA	psi	chr12_83096981_83098046	chr12	83096981	83098046	1	1	0	0	0.249494554169095	0.99258796918521	0.732118878842654	-0.732118878842654	1065	311	Genic/other	0	Non-heritable	0.077173158628021	0.891820524194995	0.00743175592967519	201162	0	0	0.77173158628021	6.97073007814353	5.74300318780948	12.2118708036764	-0.311812361757236
BA_only	hippocampus	AA	psi	chr12_85470298_85471009	chr12	85470298	85471009	46	46	0	0	0.0142375994270173	0.964826773227435	3.56836187925569	3.56836187925569	711	182	Intergenic	0	Heritable	0.175005835855203	0.792698105446107	0.00841894627337309	0	0	0	1.75005835855203	6.56667242980324	5.20948615284142	0	1.27210663593536
BA_only	hippocampus	AA	psi	chr12_8562025_8562621	chr12	8562025	8562621	169	169	0	0	0.00125165187272333	0.748685029382681	5.08290295930226	-5.08290295930226	596	423	Genic/other	0	Heritable	0.427842522410047	0.914963410947933	0.0136250332308092	0	0	0	4.27842522410047	6.39024066706535	6.04973345523196	0	1.6258825490247
BA_only	hippocampus	AA	psi	chr12_8564543_8565763	chr12	8564543	8565763	169	169	0	0	0.000179659081161795	0.466614390268531	4.94029202632519	-4.94029202632519	1220	427	Enhancer	0	Heritable	0.112961742014093	0.915721940823667	0.0067650562362758	0	0	0	1.12961742014093	7.1066061377273	6.0591231955818	0	1.59742444611753
BA_only	hippocampus	AA	psi	chr12_86263626_86265003	chr12	86263626	86265003	9	9	0	0	0.0944756892877141	0.98989315440863	2.50084068937025	-2.50084068937025	1377	139	Enhancer	0	Heritable	0.146604928237142	0.725828094837426	0.00902811696389497	213951	0	0	1.46604928237142	7.22766249872865	4.9416424226093	12.2735069697798	0.916626955092893
BA_only	hippocampus	AA	psi	chr12_8789025_8792065	chr12	8789025	8792065	53	53	0	0	0.00629913541133007	0.920376068783091	7.08457827176376	7.08457827176376	3040	361	Genic/other	0	Heritable	0.130527432810762	0.874854269302177	0.0108892373610706	0	0	0	1.30527432810762	8.01961279440027	5.89164421182577	0	1.95792034868426
BA_only	hippocampus	AA	psi	chr12_88578243_88578565	chr12	88578243	88578565	26	26	0	0	0.133202492340576	0.991064867102684	0.882728737312348	-0.882728737312348	322	185	Genic/other	1	Non-heritable	0.0807159162950327	0.760975162062871	0.00807935673515838	0	0	0	0.807159162950327	5.77455154554441	5.2257466737132	0	-0.124737320008805
BA_only	hippocampus	AA	psi	chr12_89349257_89350509	chr12	89349257	89350509	61	61	0	0	0.00484126756412337	0.903845859635741	3.49866785144254	-3.49866785144254	1252	275	Promoter	2	Non-heritable	0.051174772888043	0.821349267361033	0.00579824945346315	3410	0	0	0.51174772888043	7.13249755166004	5.62040086571715	8.13476078241865	1.25238228502819
BA_only	hippocampus	AA	psi	chr12_9065065_9065313	chr12	9065065	9065313	94	94	0	0	0.00113933161349876	0.728549921854453	5.07498553379718	-5.07498553379718	248	338	Promoter	2	Heritable	0.121206896097809	0.861898333494599	0.00978424871753932	0	0	0	1.21206896097809	5.51342874616498	5.82600010738045	0	1.62432367641092
BA_only	hippocampus	AA	psi	chr12_91380251_91381379	chr12	91380251	91381379	48	48	0	0	0.001365002319313	0.758185047287174	3.96028637264007	3.96028637264007	1128	255	Enhancer	0	Non-heritable	0.0516378033892394	0.833680249496362	0.00901170306038988	12313	0	0	0.516378033892394	7.02820143205801	5.54517744447956	9.41849210547116	1.37631634150001
BA_only	hippocampus	AA	psi	chr12_92140615_92142727	chr12	92140615	92142727	167	167	0	0	0.0013756340634192	0.758185047287174	2.61923093437807	2.61923093437807	2112	460	Promoter	1	Non-heritable	0.075821844043232	0.938310379984671	0.00615449987160391	0	0	0	0.75821844043232	7.65539064482615	6.13339804299665	0	0.96288074200373
BA_only	hippocampus	AA	psi	chr12_9240089_9241082	chr12	9240089	9241082	161	161	0	0	0.0154038167466047	0.967076513219291	3.22361513839082	3.22361513839082	993	328	Promoter	2	Heritable	0.101555657744125	0.839737342750383	0.0128288698094394	0	0	0	1.01555657744125	6.90073066404517	5.79605775076537	0	1.1705034466726
BA_only	hippocampus	AA	psi	chr12_92466272_92467798	chr12	92466272	92467798	61	61	0	0	0.00189721405387442	0.801360789073658	1.744115748107	1.744115748107	1526	414	Promoter	0	Heritable	0.117360086920411	0.891607477146812	0.00982253605349278	0	0	0	1.17360086920411	7.3304052118444	6.0282785202307	0	0.556247698345414
BA_only	hippocampus	AA	psi	chr12_9318914_9319497	chr12	9318914	9319497	149	149	0	0	0.00785032925093331	0.933559278800072	10.1352557257359	10.1352557257359	583	345	Genic/other	0	Heritable	0.456423024534522	0.8982425809919	0.00729177697493989	4482	0	0	4.56423024534522	6.36818718635049	5.84643877505773	8.40804774415544	2.31602001251467
BA_only	hippocampus	AA	psi	chr12_93293687_93294315	chr12	93293687	93294315	71	71	0	0	0.0081773678103156	0.933559278800072	1.9773031705837	1.9773031705837	628	445	Intergenic	0	Heritable	0.605299378378749	0.917702709824908	0.00785812461099317	0	0	0	6.05299378378749	6.4425401664682	6.10031895202006	0	0.681733886292233
BA_only	hippocampus	AA	psi	chr12_9329616_9330316	chr12	9329616	9330316	149	149	0	0	0.00703313989939175	0.931602204679102	4.91566092363436	4.91566092363436	700	337	Intergenic	0	Heritable	0.591677711579428	0.850943106385886	0.00674578180644153	0	0	0	5.91677711579428	6.5510803350434	5.82304589548302	0	1.59242621732234
BA_only	hippocampus	AA	psi	chr12_93379646_93380996	chr12	93379646	93380996	77	77	0	0	0.00164673697543604	0.786661074605562	6.64457174014241	-6.64457174014241	1350	504	Genic/other	2	Non-heritable	0.076946654469246	0.927183925028843	0.00952498076839677	0	0	0	0.76946654469246	7.20785987143248	6.22455842927536	0	1.89380024315725
BA_only	hippocampus	AA	psi	chr12_93526797_93528183	chr12	93526797	93528183	44	44	0	0	0.0313318453858143	0.977060807838727	2.55481367717398	-2.55481367717398	1386	540	Intergenic	0	Heritable	0.391363810676734	0.914222863066206	0.00724002205919248	0	0	0	3.91363810676734	7.23417717974985	6.29341927884648	0	0.937979300125571
BA_only	hippocampus	AA	psi	chr12_93573804_93573935	chr12	93573804	93573935	41	41	0	0	0.0565928993925355	0.98577631996496	4.52940549878198	-4.52940549878198	131	522	Genic/other	1	Heritable	0.138134407038631	0.944705555431015	0.00866222530386189	0	0	0	1.38134407038631	4.87519732320115	6.25958146406492	0	1.51059069661851
BA_only	hippocampus	AA	psi	chr12_93590654_93591073	chr12	93590654	93591073	35	35	0	0	0.0201002849075469	0.975836315032209	2.28541550517581	2.28541550517581	419	510	Intergenic	0	Non-heritable	0.0813433815785872	0.936252987831579	0.0123839054875235	15931	0	0	0.813433815785872	6.03787091992214	6.2363695902037	9.67608494430153	0.826547852530312
BA_only	hippocampus	AA	psi	chr12_9402497_9404033	chr12	9402497	9404033	651	651	0	0	7.77805458335419e-05	0.343226691346559	5.38355686409773	-5.38355686409773	1536	318	Genic/other	0	Heritable	0.291903141800948	0.867101511736945	0.0151874136597772	0	0	0	2.91903141800948	7.33693691370762	5.76519110278484	0	1.68334928473863
BA_only	hippocampus	AA	psi	chr12_9404850_9407660	chr12	9404850	9407660	664	664	0	0	0.000349416584148464	0.557627972728277	6.50635646820841	-6.50635646820841	2810	330	Genic/other	0	Heritable	0.249661855501347	0.851169719097142	0.01142552359918	0	0	0	2.49661855501347	7.94093976232779	5.80211837537706	0	1.87277961877398
BA_only	hippocampus	AA	psi	chr12_94254787_94254887	chr12	94254787	94254887	10	10	0	0	0.103522767304039	0.990610842832516	1.04482391333644	1.04482391333644	100	609	Genic/other	0	Non-heritable	0.0900978429496454	0.931013250404569	0.00656425795795007	408	0	0	0.900978429496454	4.60517018598809	6.41345895716736	6.0137151560428	0.0438483768051057
BA_only	hippocampus	AA	psi	chr12_94277416_94277873	chr12	94277416	94277873	10	10	0	0	0.0284088992112762	0.975932065139872	3.581137828063	-3.581137828063	457	647	Promoter	0	Heritable	0.10178123396626	0.962523501846096	0.00845708191432326	17805	0	0	1.0178123396626	6.12468339089421	6.47389069635227	9.78729075813362	1.27568058177594
BA_only	hippocampus	AA	psi	chr12_9448970_9449302	chr12	9448970	9449302	679	679	0	0	0.000567641475177908	0.637193361884695	3.33289435503513	-3.33289435503513	332	330	Promoter	1	Heritable	0.191049612699357	0.893929674394253	0.0118224594811842	0	0	0	1.91049612699357	5.80513496891649	5.80211837537706	0	1.20384110516452
BA_only	hippocampus	AA	psi	chr12_94615960_94617029	chr12	94615960	94617029	9	9	0	0	0.117445421752325	0.990898390030923	2.93741444132681	-2.93741444132681	1069	540	Promoter	0	Heritable	0.11598927072872	0.945381467198553	0.00615144499450411	0	0	0	1.1598927072872	6.97447891102505	6.29341927884648	0	1.07752975609362
BA_only	hippocampus	AA	psi	chr12_94648910_94649341	chr12	94648910	94649341	10	10	0	0	0.143267898193054	0.991064867102684	3.48953683893985	-3.48953683893985	431	506	Enhancer	1	Non-heritable	0.0354402952032059	0.882841339834171	0.00811178360583249	0	0	0	0.354402952032059	6.06610809010375	6.22851100359118	0	1.24976901936769
BA_only	hippocampus	AA	psi	chr12_94941469_94941697	chr12	94941469	94941697	16	16	0	0	0.0101420209496129	0.944902218841749	1.09267694287065	1.09267694287065	228	495	Genic/other	0	Heritable	0.17966301668207	0.960307025509998	0.00934507981942493	16822	0	0	1.7966301668207	5.42934562895444	6.20657592672493	9.73050227671916	0.0886306054627721
BA_only	hippocampus	AA	psi	chr12_9566350_9566994	chr12	9566350	9566994	627	627	0	0	0.00325044886809178	0.857374229512349	5.90426664308088	5.90426664308088	644	378	Genic/other	1	Heritable	0.190699962661823	0.918569640091119	0.0114059776548426	0	0	0	1.90699962661823	6.46769872610435	5.93753620508243	0	1.77567525109549
BA_only	hippocampus	AA	psi	chr12_95713038_95713378	chr12	95713038	95713378	46	46	0	0	0.00305772894655968	0.847578696885414	4.89777796771544	4.89777796771544	340	498	Genic/other	0	Heritable	0.136692150363458	0.949877769941548	0.00786572256762394	26949	0	0	1.36692150363458	5.82894561761021	6.21260609575152	10.2017385763371	1.58878162833056
BA_only	hippocampus	AA	psi	chr12_96078508_96078955	chr12	96078508	96078955	28	28	0	0	0.0375366789374373	0.980549382116533	4.03895012911406	-4.03895012911406	447	448	Intergenic	0	Heritable	0.121931547690824	0.934971282458475	0.00833952512820097	15478	0	0	1.21931547690824	6.10255859461357	6.10702288774226	9.64723954557388	1.39598479164597
BA_only	hippocampus	AA	psi	chr12_96315963_96316367	chr12	96315963	96316367	16	16	0	0	0.0396238246805338	0.980549382116533	1.76472577903993	1.76472577903993	404	343	Genic/other	0	Heritable	0.109711661030329	0.806706277086226	0.00645183836281207	7744	0	0	1.09711661030329	6.00141487796115	5.8406416573734	8.95480275285097	0.567995317998276
BA_only	hippocampus	AA	psi	chr12_9649330_9649587	chr12	9649330	9649587	611	611	0	0	0.002667984660281	0.835655744705892	5.50503327258911	5.50503327258911	257	399	Enhancer	1	Heritable	0.133984621185753	0.913279084239535	0.00713020784972766	0	0	0	1.33984621185753	5.54907608489522	5.99146454710798	0	1.70566281603995
BA_only	hippocampus	AA	psi	chr12_96906325_96906744	chr12	96906325	96906744	26	26	0	0	0.0414712968388627	0.980549382116533	3.29577009782182	-3.29577009782182	419	319	Promoter	1	Non-heritable	0.0676766626626294	0.854472196834886	0.00871519024884071	555	0	0	0.676766626626294	6.03787091992214	5.76832099579377	6.32076829425058	1.19263986077419
BA_only	hippocampus	AA	psi	chr12_9813923_9814376	chr12	9813923	9814376	572	572	0	0	0.00179109618886467	0.796268588634543	5.62387728305436	5.62387728305436	453	410	Enhancer	0	Heritable	0.203111308335227	0.878829644954044	0.00634878479254	18037	0	0	2.03111308335227	6.11589212548303	6.01859321449623	9.80023592272565	1.72702133582339
BA_only	hippocampus	AA	psi	chr12_98396677_98396946	chr12	98396677	98396946	41	41	0	0	0.0676914426387422	0.985907779499035	1.66494633634237	-1.66494633634237	269	331	Intergenic	0	Heritable	0.197768003113211	0.870196670720855	0.0122324090296491	0	0	0	1.97768003113211	5.59471137960184	5.80513496891649	0	0.509792898494192
BA_only	hippocampus	AA	psi	chr12_98566879_98567126	chr12	98566879	98567126	85	85	0	0	0.0062187766384736	0.920376068783091	3.62923335758738	-3.62923335758738	247	343	Intergenic	0	Non-heritable	0.0712813649921574	0.826108445288016	0.00628592362561816	21927	0	0	0.712813649921574	5.50938833662798	5.8406416573734	9.99551963798262	1.28902143247017
BA_only	hippocampus	AA	psi	chr12_98744989_98745555	chr12	98744989	98745555	84	84	0	0	0.0168621486167379	0.970581273335112	2.9924485170978	2.9924485170978	566	321	Genic/other	1	Heritable	0.120587391179623	0.871323581977102	0.00812707934890043	0	0	0	1.20587391179623	6.33859407820318	5.77455154554441	0	1.0960919576664
BA_only	hippocampus	AA	psi	chr12_9942026_9943750	chr12	9942026	9943750	67	67	0	0	0.0745818770862162	0.986186896048602	1.07285885431515	1.07285885431515	1724	427	Promoter	0	Heritable	0.356634154484281	0.883457873454615	0.0285311101812374	2962	0	0	3.56634154484281	7.45240245122364	6.0591231955818	7.99395754757357	0.0703269212741764
BA_only	hippocampus	AA	psi	chr13_100088285_100088408	chr13	100088285	100088408	19	19	0	0	0.0471268069653892	0.982477894608776	2.26208569379925	-2.26208569379925	123	414	Promoter	1	Heritable	0.111726175750005	0.890974131257438	0.00880759955987156	0	0	0	1.11726175750005	4.81218435537242	6.0282785202307	0	0.816287265481593
BA_only	hippocampus	AA	psi	chr13_100514609_100515028	chr13	100514609	100515028	7	7	0	0	0.0212780927594821	0.975932065139872	1.10671969887754	-1.10671969887754	419	361	Promoter	0	Non-heritable	0.0821112811920881	0.826363376316128	0.00932135025978782	0	0	0	0.821112811920881	6.03787091992214	5.89164421182577	0	0.101400422820316
BA_only	hippocampus	AA	psi	chr13_100544955_100545185	chr13	100544955	100545185	7	7	0	0	4.36153250642231e-05	0.255952394443976	0.565300635371955	-0.565300635371955	230	371	Genic/other	0	Non-heritable	0.0860783130436325	0.887129208948459	0.00696753253440599	11391	0	0	0.860783130436325	5.4380793089232	5.91889385427315	9.34066663365176	-0.570397573656479
BA_only	hippocampus	AA	psi	chr13_100587940_100588146	chr13	100587940	100588146	6	6	0	0	0.0849120697895506	0.988137148207548	1.23239674576965	-1.23239674576965	206	390	Promoter	1	Heritable	0.14835195825324	0.909365061263371	0.014577778696551	46789	0	0	1.4835195825324	5.32787616878958	5.96870755998537	10.7534247838603	0.208960855287747
BA_only	hippocampus	AA	psi	chr13_100588957_100589132	chr13	100588957	100589132	6	6	0	0	0.0187635284469818	0.972503866121758	1.60791532567425	1.60791532567425	175	380	Promoter	2	Heritable	0.10068123597205	0.8592690540251	0.00886264882967901	45803	0	0	1.0068123597205	5.16478597392351	5.9427993751267	10.7321267025332	0.474938517426738
BA_only	hippocampus	AA	psi	chr13_100630236_100632174	chr13	100630236	100632174	6	6	0	0	0.08598059710454	0.988137148207548	4.27125385134739	-4.27125385134739	1938	434	Genic/other	0	Non-heritable	0.0691305296290386	0.85824987551835	0.00690237722321114	2761	0	0	0.691305296290386	7.56941179245071	6.07534603108868	7.92371033396924	1.45190742847912
BA_only	hippocampus	AA	psi	chr13_100635410_100636545	chr13	100635410	100636545	6	6	0	0	0.0132034876717573	0.964283399649536	1.17064791586024	1.17064791586024	1135	423	Genic/other	0	Heritable	0.102236528756124	0.933454709950154	0.00726958944423441	0	0	0	1.02236528756124	7.0343879299155	6.04973345523196	0	0.157557378315094
BA_only	hippocampus	AA	psi	chr13_100650190_100651211	chr13	100650190	100651211	6	6	0	0	0.0449621376849288	0.981395945960329	1.00432585325401	1.00432585325401	1021	444	Genic/other	0	Heritable	0.114936764622239	0.906224690828842	0.0107190155937315	13124	0	0	1.14936764622239	6.92853781816467	6.09807428216624	9.48227408745982	0.00431653360374766
BA_only	hippocampus	AA	psi	chr13_100975020_100975794	chr13	100975020	100975794	2	2	0	0	0.715709805832014	0.997543272146997	0.212688691966111	-0.212688691966111	774	519	Genic/other	0	Heritable	0.381432669867242	0.924530602099289	0.00747045722264534	34796	0	0	3.81432669867242	6.65157187358973	6.25382881157547	10.45728645515	-1.54792567541233
BA_only	hippocampus	AA	psi	chr13_101356473_101356901	chr13	101356473	101356901	6	6	0	0	0.1341546984583	0.991064867102684	1.3128997930855	1.3128997930855	428	518	Genic/other	0	Heritable	0.112180771046466	0.924341911362071	0.00892480563074583	0	0	0	1.12180771046466	6.0591231955818	6.25190388316589	0	0.272238280973531
BA_only	hippocampus	AA	psi	chr13_101415247_101415563	chr13	101415247	101415563	5	5	0	0	0.147378331174781	0.991064867102684	1.50275089984353	1.50275089984353	316	512	Genic/other	1	Non-heritable	0.0903454778780791	0.906097875744033	0.00728487655702831	0	0	0	0.903454778780791	5.75574221358691	6.24027584517077	0	0.407297368389308
BA_only	hippocampus	AA	psi	chr13_101452919_101453635	chr13	101452919	101453635	5	5	0	0	0.00465288928326929	0.900841552712699	1.21286724598445	1.21286724598445	716	460	Enhancer	1	Heritable	0.154415266663932	0.930354877319968	0.0104948161513211	0	0	0	1.54415266663932	6.57368016696065	6.13339804299665	0	0.192987189500688
BA_only	hippocampus	AA	psi	chr13_102395331_102395509	chr13	102395331	102395509	11	11	0	0	0.0454669272803441	0.981589333839837	1.67439626753651	-1.67439626753651	178	370	Promoter	1	Non-heritable	0.0829043248530286	0.884274403898735	0.0125098382735346	0	0	0	0.829043248530286	5.18178355029209	5.91620206260744	0	0.515452668984562
BA_only	hippocampus	AA	psi	chr13_102591234_102591874	chr13	102591234	102591874	28	28	0	0	0.0065254709325795	0.923561800805115	1.59588174150086	1.59588174150086	640	414	Genic/other	0	Heritable	0.102500357217003	0.922782507728182	0.0133997701150489	0	0	0	1.02500357217003	6.46146817635372	6.0282785202307	0	0.467426405744469
BA_only	hippocampus	AA	psi	chr13_103338822_103340999	chr13	103338822	103340999	1	1	0	0	0.718477509934977	0.997543272146997	0.0252475678294379	0.0252475678294379	2177	503	Genic/other	0	Heritable	0.43610723262503	0.908978600888864	0.0118777037199564	123956	0	0	4.3610723262503	7.68570306123455	6.22257626807137	11.7276900102536	-3.67902505540912
BA_only	hippocampus	AA	psi	chr13_106507232_106508173	chr13	106507232	106508173	68	68	0	0	0.0335286703556496	0.979164877002956	2.17776544377381	-2.17776544377381	941	595	Promoter	0	Heritable	0.13654240120516	0.96400271563054	0.00860928366460431	0	0	0	1.3654240120516	6.84694313958538	6.39024066706535	0	0.778299329902826
BA_only	hippocampus	AA	psi	chr13_106513084_106513865	chr13	106513084	106513865	68	68	0	0	0.0345508920715108	0.980327953711174	2.0820202487361	2.0820202487361	781	594	Genic/other	0	Heritable	0.107808744442917	0.961059382675049	0.00689641257091741	0	0	0	1.07808744442917	6.66057514983969	6.38856140554563	0	0.733338700566234
BA_only	hippocampus	AA	psi	chr13_106531339_106532253	chr13	106531339	106532253	68	68	0	0	0.0190736305636184	0.97294422691241	2.63218962446753	2.63218962446753	914	582	Genic/other	1	Heritable	0.147818965873161	0.963417372419089	0.00742388966271849	15205	0	0	1.47818965873161	6.81783057145415	6.36818718635049	9.62944536578838	0.967816060437355
BA_only	hippocampus	AA	psi	chr13_106619966_106620512	chr13	106619966	106620512	72	72	0	0	0.00408866936226244	0.881593601077023	3.173912298591	-3.173912298591	546	536	Genic/other	0	Heritable	0.105113539309695	0.948905597081414	0.00689163334634336	0	0	0	1.05113539309695	6.30261897574491	6.28599809450887	0	1.15496499367939
BA_only	hippocampus	AA	psi	chr13_106796637_106797082	chr13	106796637	106797082	55	55	0	0	0.0743953175925707	0.986186896048602	2.85284449398461	2.85284449398461	445	590	Intergenic	0	Heritable	0.102973798441954	0.960069006460058	0.00851419967488059	416	0	0	1.02973798441954	6.09807428216624	6.3818160174061	6.0330862217988	1.04831656811183
BA_only	hippocampus	AA	psi	chr13_106866641_106866753	chr13	106866641	106866753	41	41	0	0	0.0559208341264628	0.98577631996496	2.18488479784077	2.18488479784077	112	575	Genic/other	0	Heritable	0.220036308413507	0.926195004168474	0.013082823724794	70420	0	0	2.20036308413507	4.71849887129509	6.35610766069589	11.1622467931194	0.781563107634156
BA_only	hippocampus	AA	psi	chr13_106916759_106917369	chr13	106916759	106917369	27	27	0	0	0.0191628619011766	0.973092377667411	1.8329589186093	1.8329589186093	610	623	Enhancer	1	Heritable	0.104359404170189	0.947327160711127	0.00975041509556108	120538	0	0	1.04359404170189	6.41345895716736	6.43615036836943	11.6997286310013	0.605931561955853
BA_only	hippocampus	AA	psi	chr13_107712890_107713146	chr13	107712890	107713146	1	1	0	0	0.902361241324528	0.99942701692579	0.0962855282957917	0.0962855282957917	256	579	Genic/other	0	Non-heritable	0.0951002741910475	0.950566334604697	0.00662685727281347	155779	0	0	0.951002741910475	5.54517744447956	6.36302810354047	11.9562000344739	-2.34043714491533
BA_only	hippocampus	AA	psi	chr13_108119692_108121432	chr13	108119692	108121432	7	7	0	0	0.22322420745533	0.991394088724264	0.591027519298714	-0.591027519298714	1740	526	Intergenic	0	Heritable	0.402748319207108	0.924583139617263	0.0100590533640784	89783	0	0	4.02748319207108	7.46164039220858	6.26720054854136	11.4051620646961	-0.525892681783206
BA_only	hippocampus	AA	psi	chr13_109355994_109356411	chr13	109355994	109356411	10	10	0	0	0.00514192895470467	0.909885926705608	0.456464876650723	0.456464876650723	417	534	Intergenic	0	Non-heritable	0.0865583883701691	0.880654655590565	0.00954953823699698	48412	0	0	0.865583883701691	6.0330862217988	6.28226674689601	10.7875236516809	-0.784243500523853
BA_only	hippocampus	AA	psi	chr13_109413691_109413957	chr13	109413691	109413957	10	10	0	0	0.0289353864876875	0.975932065139872	0.81816478396875	0.81816478396875	266	537	Intergenic	0	Non-heritable	0.0941020921796668	0.909026908988082	0.010462603178252	39231	0	0	0.941020921796668	5.5834963087817	6.28785856016178	10.5772480192959	-0.200691503050155
BA_only	hippocampus	AA	psi	chr13_109739079_109740510	chr13	109739079	109740510	10	10	0	0	0.0136274304444854	0.964283399649536	1.28885452747751	1.28885452747751	1431	595	Intergenic	0	Heritable	0.526679024793226	0.924070827530525	0.0124265570800453	0	0	0	5.26679024793226	7.26612877955645	6.39024066706535	0	0.253753868463826
BA_only	hippocampus	AA	psi	chr13_109744611_109744847	chr13	109744611	109744847	10	10	0	0	0.219140794241596	0.991290284450776	0.492761665582529	0.492761665582529	236	572	Intergenic	0	Heritable	0.111020590776174	0.960111241452366	0.00681290022515637	0	0	0	1.11020590776174	5.46383180502561	6.35088571671474	0	-0.707729638491253
BA_only	hippocampus	AA	psi	chr13_109868715_109870166	chr13	109868715	109870166	125	125	0	0	0.00265395482415924	0.835655744705892	1.71920024922	1.71920024922	1451	677	Enhancer	2	Heritable	0.235893843624276	0.944847811335316	0.0179012083165386	108333	0	0	2.35893843624276	7.28000825288419	6.5191472879404	11.592974326471	0.541859217125585
BA_only	hippocampus	AA	psi	chr13_110123218_110123533	chr13	110123218	110123533	157	157	0	0	0.00312081673898656	0.850469282776054	2.50156996598934	2.50156996598934	315	813	Genic/other	0	Non-heritable	0.0735209995574761	0.958594127756025	0.00679507485063063	0	0	0	0.735209995574761	5.75257263882563	6.70196036600254	0	0.916918525166438
BA_only	hippocampus	AA	psi	chr13_110151380_110151761	chr13	110151380	110151761	157	157	0	0	0.00278734760431754	0.842320220530838	3.29499632024231	-3.29499632024231	381	806	Genic/other	0	Non-heritable	0.0750834199828478	0.974797731140781	0.00875907045924888	0	0	0	0.750834199828478	5.9427993751267	6.69332366826995	0	1.19240505421859
BA_only	hippocampus	AA	psi	chr13_110161221_110161612	chr13	110161221	110161612	157	157	0	0	0.00210490332631229	0.815187053503819	2.2472770825207	-2.2472770825207	391	811	Genic/other	0	Heritable	0.104241756393186	0.968569530041595	0.0109116724559677	8880	0	0	1.04241756393186	5.96870755998537	6.69950034016168	9.0916694422585	0.809719302253946
BA_only	hippocampus	AA	psi	chr13_110385685_110385973	chr13	110385685	110385973	36	36	0	0	0.0254632474775543	0.975932065139872	3.86334866418973	3.86334866418973	288	776	Genic/other	2	Heritable	0.110673820892501	0.960358726186312	0.00735042902469868	78740	0	0	1.10673820892501	5.66296048013595	6.65544035036765	11.2739192644425	1.35153433956171
BA_only	hippocampus	AA	psi	chr13_110584304_110584885	chr13	110584304	110584885	15	15	0	0	0.0121689510472068	0.958058492100762	1.33417855258678	1.33417855258678	581	758	Intergenic	0	Heritable	0.68303658882728	0.941162248731404	0.0092286787591584	30761	0	0	6.8303658882728	6.36475075685191	6.63200177739563	10.3340354410118	0.288315793548228
BA_only	hippocampus	AA	psi	chr13_110812456_110813417	chr13	110812456	110813417	47	47	0	0	0.000508345366000751	0.618950101433934	1.30857764940028	1.30857764940028	961	636	Promoter	1	Non-heritable	0.0993157518674078	0.965169982107096	0.0102085203099913	11573	0	0	0.993157518674078	6.86797440897029	6.45676965557216	9.35651648213378	0.268940791169822
BA_only	hippocampus	AA	psi	chr13_111007423_111008557	chr13	111007423	111008557	40	40	0	0	0.0290512659958687	0.975932065139872	1.01859592145011	1.01859592145011	1134	593	Intergenic	0	Heritable	0.442631018853314	0.927265639473803	0.0082366171009184	17442	0	0	4.42631018853314	7.0335064842877	6.38687931936265	9.76669370101813	0.0184251412036749
BA_only	hippocampus	AA	psi	chr13_111044712_111045479	chr13	111044712	111045479	40	40	0	0	0.00717571189120696	0.931602204679102	1.81054209574274	-1.81054209574274	767	572	Intergenic	0	Heritable	0.102267304975462	0.949957023194599	0.00859538268896089	0	0	0	1.02267304975462	6.64248680136726	6.35088571671474	0	0.593626306370001
BA_only	hippocampus	AA	psi	chr13_111240390_111240559	chr13	111240390	111240559	8	8	0	0	0.0385394560558991	0.980549382116533	3.34975452616271	3.34975452616271	169	552	Promoter	0	Heritable	0.115727591330318	0.950338243571644	0.00885792721198282	35100	0	0	1.15727591330318	5.12989871492307	6.31535800152234	10.4659848990766	1.20888707036514
BA_only	hippocampus	AA	psi	chr13_111242130_111242675	chr13	111242130	111242675	8	8	0	0	0.207580435583747	0.991064867102684	1.0769838131116	-1.0769838131116	545	551	Genic/other	0	Non-heritable	0.0633332092442358	0.880423208769086	0.00708156236851831	34997	0	0	0.633332092442358	6.30078579466324	6.3135480462771	10.4630461959817	0.0741643777379542
BA_only	hippocampus	AA	psi	chr13_111411795_111412028	chr13	111411795	111412028	7	7	0	0	0.163435385572473	0.991064867102684	2.06312214611615	-2.06312214611615	233	503	Intergenic	1	Non-heritable	0.0948346305321059	0.932087234859368	0.00652185004462367	71931	0	0	0.948346305321059	5.4510384535657	6.22257626807137	11.1834765072851	0.724220445189302
BA_only	hippocampus	AA	psi	chr13_111586867_111587021	chr13	111586867	111587021	11	11	0	0	0.0392888976180907	0.980549382116533	2.0761512966399	2.0761512966399	154	531	Genic/other	1	Non-heritable	0.0341594391482412	0.866389045279055	0.00928089981181843	1322	0	0	0.341594391482412	5.03695260241363	6.27664348934165	7.18765716411496	0.730515846385661
BA_only	hippocampus	AA	psi	chr13_111606504_111607023	chr13	111606504	111607023	10	10	0	0	0.212148928721312	0.991260076228469	3.03096776416717	-3.03096776416717	519	524	Genic/other	0	Heritable	0.341528198163215	0.928813860032992	0.00745190803528267	0	0	0	3.41528198163215	6.25190388316589	6.26339826259162	0	1.10888196593969
BA_only	hippocampus	AA	psi	chr13_111898917_111899559	chr13	111898917	111899559	83	83	0	0	0.00103069056045844	0.721962374926426	2.55642882981481	2.55642882981481	642	583	Promoter	0	Heritable	0.341732004419061	0.914300136350199	0.00930346564131512	0	0	0	3.41732004419061	6.46458830368996	6.36990098282823	0	0.938611300147508
BA_only	hippocampus	AA	psi	chr13_111919935_111920014	chr13	111919935	111920014	83	83	0	0	0.0106183022640581	0.944902218841749	2.53059397628229	-2.53059397628229	79	562	Intergenic	1	Heritable	0.450628149396562	0.909736729268658	0.0089042128031135	6936	0	0	4.50628149396562	4.36944785246702	6.33327962813969	8.8446246833853	0.928454052370254
BA_only	hippocampus	AA	psi	chr13_111972370_111973489	chr13	111972370	111973489	92	92	0	0	0.000580892909262203	0.642817408649347	4.64097854454705	-4.64097854454705	1119	571	Intergenic	2	Non-heritable	0.0652162229439932	0.939585363577313	0.00896166659756592	59371	0	0	0.652162229439932	7.02019070831193	6.3491389913798	10.9915780137447	1.53492523937938
BA_only	hippocampus	AA	psi	chr13_111976085_111976481	chr13	111976085	111976481	92	92	0	0	0.00808670365960536	0.933559278800072	3.71455174868833	-3.71455174868833	396	560	Intergenic	2	Non-heritable	0.0827691906584997	0.944099188138841	0.00916184311699036	63086	0	0	0.827691906584997	5.98141421125448	6.3297209055227	11.0522700051168	1.31225801374022
BA_only	hippocampus	AA	psi	chr13_112015052_112015974	chr13	112015052	112015974	89	89	0	0	0.00741425480718844	0.933559278800072	4.62934278060104	4.62934278060104	922	542	Intergenic	1	Heritable	0.319471970546558	0.930661995649699	0.00953227731208343	32627	0	0	3.19471970546558	6.82654522355659	6.29710931993394	10.3929260944205	1.53241491214837
BA_only	hippocampus	AA	psi	chr13_112058437_112058559	chr13	112058437	112058559	90	90	0	0	0.0243083227626053	0.975932065139872	3.86341242738996	-3.86341242738996	122	542	Genic/other	1	Non-heritable	0.0714983525899816	0.865986731486062	0.00583458643716793	0	0	0	0.714983525899816	4.80402104473326	6.29710931993394	0	1.35155084407098
BA_only	hippocampus	AA	psi	chr13_112062134_112062524	chr13	112062134	112062524	90	90	0	0	0.00440679045748946	0.88997635598352	6.59537029099426	-6.59537029099426	390	521	Genic/other	1	Non-heritable	0.0673888422144492	0.936238596779149	0.00868941063458841	0	0	0	0.673888422144492	5.96614673912369	6.25766758788264	0	1.88636793334118
BA_only	hippocampus	AA	psi	chr13_112071338_112071844	chr13	112071338	112071844	90	90	0	0	0.0151658442149262	0.966228276045537	1.94410353923712	1.94410353923712	506	536	Genic/other	1	Non-heritable	0.0838423002127653	0.940800274231138	0.00838659471113378	0	0	0	0.838423002127653	6.22653666928747	6.28599809450887	0	0.664800970688138
BA_only	hippocampus	AA	psi	chr13_112074251_112074541	chr13	112074251	112074541	90	90	0	0	0.00559639825368886	0.914301706404424	5.2313383158996	-5.2313383158996	290	527	Genic/other	1	Heritable	0.111351895418227	0.923821286180161	0.00855737264365151	0	0	0	1.11351895418227	5.66988092298052	6.26909628370626	0	1.65466713939499
BA_only	hippocampus	AA	psi	chr13_112219104_112219937	chr13	112219104	112219937	35	35	0	0	0.0301446947234792	0.976893291659941	3.85561059295062	-3.85561059295062	833	536	Intergenic	0	Non-heritable	0.0702893720992843	0.954007402151253	0.00845493432252684	6023	0	0	0.702893720992843	6.72503364216684	6.28599809450887	8.70350676947973	1.34952938693702
BA_only	hippocampus	AA	psi	chr13_112253967_112254315	chr13	112253967	112254315	35	35	0	0	0.00320723226008518	0.853517162049828	4.45044298091448	-4.45044298091448	348	531	Intergenic	0	Non-heritable	0.0737647275720942	0.939347647886785	0.00749091833319643	10980	0	0	0.737647275720942	5.85220247977447	6.27664348934165	9.30392178559771	1.49300363974363
BA_only	hippocampus	AA	psi	chr13_112330653_112330859	chr13	112330653	112330859	31	31	0	0	0.0153379950509179	0.967076513219291	1.59595051866672	1.59595051866672	206	575	Genic/other	1	Non-heritable	0.0826981319823189	0.950817846471026	0.00751204925103973	1859	0	0	0.826981319823189	5.32787616878958	6.35610766069589	7.52833176670725	0.467469501471208
BA_only	hippocampus	AA	psi	chr13_112722633_112722913	chr13	112722633	112722913	38	38	0	0	0.00243011883255578	0.824728302674626	2.09830996690167	-2.09830996690167	280	556	Enhancer	0	Heritable	0.113535009749852	0.917771029696505	0.00854320516455606	31632	0	0	1.13535009749852	5.63478960316925	6.32256523992728	10.3619561584666	0.741132247821853
BA_only	hippocampus	AA	psi	chr13_112748966_112750753	chr13	112748966	112750753	37	37	0	0	0.0630979193846806	0.985907779499035	2.1073971103912	-2.1073971103912	1787	545	Genic/other	0	Non-heritable	0.0834333863165071	0.921678059267935	0.0047584634927991	57965	0	0	0.834333863165071	7.48829351515943	6.30261897574491	10.9676119107456	0.7454535937551
BA_only	hippocampus	AA	psi	chr13_112753181_112753510	chr13	112753181	112753510	37	37	0	0	0.04300685680067	0.980549382116533	1.16163495111043	-1.16163495111043	329	560	Genic/other	1	Non-heritable	0.0918838792546724	0.94380452985801	0.00792219701877328	62180	0	0	0.918838792546724	5.79605775076537	6.3297209055227	11.037804765825	0.149828462010159
BA_only	hippocampus	AA	psi	chr13_112756975_112757782	chr13	112756975	112757782	37	37	0	0	0.0879375872861659	0.988886294316429	1.4096746282641	-1.4096746282641	807	552	Genic/other	1	Heritable	0.118989485741322	0.941317952582549	0.00682711501595082	65974	0	0	1.18989485741322	6.69332366826995	6.31535800152234	11.0970311613715	0.343358924758322
BA_only	hippocampus	AA	psi	chr13_112781885_112782098	chr13	112781885	112782098	37	37	0	0	0.00644651614454108	0.922500611491166	2.24351556175302	-2.24351556175302	213	559	Genic/other	1	Heritable	0.16436338127706	0.95416638608246	0.00618002897417617	77353	0	0	1.6436338127706	5.36129216570943	6.3279367837292	11.256147567657	0.808044087240221
BA_only	hippocampus	AA	psi	chr13_112885990_112886317	chr13	112885990	112886317	49	49	0	0	0.00755987858180026	0.933559278800072	2.6472144630601	-2.6472144630601	327	570	Genic/other	2	Non-heritable	0.0835565236093678	0.93639742109792	0.01071094892447	4113	0	0	0.835565236093678	5.78996017089725	6.34738920965601	8.3221510702129	0.973507944919212
BA_only	hippocampus	AA	psi	chr13_112892963_112893540	chr13	112892963	112893540	50	50	0	0	0.0110989799024544	0.948447257389615	2.87945054206639	-2.87945054206639	577	561	Promoter	1	Non-heritable	0.0645439790900941	0.913361355218945	0.00703829509751202	11086	0	0	0.645439790900941	6.3578422665081	6.33150184989369	9.31352852977235	1.05759949541443
BA_only	hippocampus	AA	psi	chr13_112942050_112942571	chr13	112942050	112942571	25	25	0	0	0.00516192321542117	0.909885926705608	5.37267007232801	-5.37267007232801	521	592	Genic/other	1	Heritable	0.128832153742218	0.945491345202584	0.00754637018543649	17749	0	0	1.28832153742218	6.25575004175337	6.38519439899773	9.78414079490356	1.68132500698187
BA_only	hippocampus	AA	psi	chr13_112959240_112959836	chr13	112959240	112959836	35	35	0	0	0.00197967343652701	0.80614848610333	4.80795374000069	4.80795374000069	596	590	Genic/other	0	Non-heritable	0.0734053179977188	0.921403672913401	0.0085323007500224	9621	0	0	0.734053179977188	6.39024066706535	6.3818160174061	9.1718074222594	1.57027157780242
BA_only	hippocampus	AA	psi	chr13_112970340_112970780	chr13	112970340	112970780	36	36	0	0	0.0118322250902533	0.954697897486943	3.81730274314304	3.81730274314304	440	566	Enhancer	1	Heritable	0.167464980567254	0.962978544116638	0.00998122126775161	0	0	0	1.67464980567254	6.08677472691231	6.34035930372775	0	1.33954408765802
BA_only	hippocampus	AA	psi	chr13_112980370_112980859	chr13	112980370	112980859	37	37	0	0	0.0493865349950727	0.983382963027712	1.34899469566613	-1.34899469566613	489	546	Enhancer	1	Heritable	0.124886099027277	0.948486616923558	0.00772703932062075	0	0	0	1.24886099027277	6.19236248947487	6.30444880242198	0	0.299359652581987
BA_only	hippocampus	AA	psi	chr13_113023359_113023591	chr13	113023359	113023591	38	38	0	0	0.0195846423128763	0.973631121108853	4.56917269865246	4.56917269865246	232	565	Genic/other	2	Non-heritable	0.0815371841354774	0.952093157794131	0.0063865982409203	1166	0	0	0.815371841354774	5.44673737166631	6.33859407820318	7.06219163228656	1.51933216196576
BA_only	hippocampus	AA	psi	chr13_113029657_113030262	chr13	113029657	113030262	38	38	0	0	0.0154162732026856	0.967076513219291	2.22425492056769	2.22425492056769	605	550	Genic/other	2	Heritable	0.120406166847763	0.945595650882118	0.0051940226469564	0	0	0	1.20406166847763	6.40522845803084	6.31173480915292	0	0.799421996872975
BA_only	hippocampus	AA	psi	chr13_113044055_113046019	chr13	113044055	113046019	38	38	0	0	0.0188275839624472	0.972503866121758	3.29184243110239	3.29184243110239	1964	566	Promoter	2	Heritable	0.104421245681624	0.937133463503614	0.00681506988311385	0	0	0	1.04421245681624	7.58273848891441	6.34035930372775	0	1.19144742052193
BA_only	hippocampus	AA	psi	chr13_113078803_113079414	chr13	113078803	113079414	39	39	0	0	0.0291097873801203	0.975983646253718	3.64181027560298	3.64181027560298	611	567	Genic/other	2	Non-heritable	0.0679421829390962	0.93864467560601	0.00747593965550438	10313	0	0	0.679421829390962	6.4150969591716	6.34212141872115	9.2412574746109	1.29248088923008
BA_only	hippocampus	AA	psi	chr13_113364650_113364908	chr13	113364650	113364908	31	31	0	0	0.0767819365479561	0.987618919480254	1.51455282916962	1.51455282916962	258	552	Promoter	1	Heritable	0.120423607027468	0.95016192542086	0.00559114453198206	0	0	0	1.20423607027468	5.55295958492162	6.31535800152234	0	0.415120239730709
BA_only	hippocampus	AA	psi	chr13_113393318_113393561	chr13	113393318	113393561	29	29	0	0	0.00660038013941253	0.924695970269092	2.01572626723945	2.01572626723945	243	554	Intergenic	1	Heritable	0.23933747376691	0.914399533942972	0.00656957493268594	28653	0	0	2.3933747376691	5.49306144334055	6.31896811374643	10.2630483284533	0.700979565811994
BA_only	hippocampus	AA	psi	chr13_113394511_113394599	chr13	113394511	113394599	29	29	0	0	0.0373031700124719	0.980549382116533	1.16105716838482	1.16105716838482	88	563	Intergenic	1	Non-heritable	0.0889585917877835	0.948590093207515	0.00950992884630713	29846	0	0	0.889585917877835	4.47733681447821	6.33505425149806	10.3038396112575	0.149330950757847
BA_only	hippocampus	AA	psi	chr13_113399245_113399377	chr13	113399245	113399377	26	26	0	0	0.00793634594798104	0.933559278800072	1.99608751018563	-1.99608751018563	132	540	Intergenic	1	Non-heritable	0.0991304902076447	0.930590316878463	0.010139911136485	34580	0	0	0.991304902076447	4.88280192258637	6.29341927884648	10.4510596772691	0.691189024716378
BA_only	hippocampus	AA	psi	chr13_113446347_113446646	chr13	113446347	113446646	20	20	0	0	0.0673359532448355	0.985907779499035	2.00301007490028	2.00301007490028	299	535	Genic/other	0	Non-heritable	0.057980926543607	0.931104857527693	0.00649714151057541	34096	0	0	0.57980926543607	5.70044357339069	6.2841341610708	10.4369646828619	0.694651091568799
BA_only	hippocampus	AA	psi	chr13_113647133_113647529	chr13	113647133	113647529	52	52	0	0	0.00196278576035233	0.80614848610333	3.31739266077579	3.31739266077579	396	446	Enhancer	1	Non-heritable	0.0699820434957836	0.922991390957365	0.00695080225348883	14012	0	0	0.699820434957836	5.98141421125448	6.10255859461357	9.54774074917022	1.19917913425951
BA_only	hippocampus	AA	psi	chr13_113647749_113648243	chr13	113647749	113648243	52	52	0	0	0.03113043752251	0.976893291659941	1.30587052585421	-1.30587052585421	494	447	Enhancer	2	Non-heritable	0.0886174018599207	0.908135528500596	0.0107977638484382	14628	0	0	0.886174018599207	6.20253551718792	6.10479323241499	9.59076113897809	0.266869895660424
BA_only	hippocampus	AA	psi	chr13_113726514_113726820	chr13	113726514	113726820	54	54	0	0	0.014699006278765	0.966089857218066	1.76537147005601	-1.76537147005601	306	463	Genic/other	1	Heritable	0.186008301608659	0.924337748308045	0.00863849456458223	27306	0	0	1.86008301608659	5.72358510195238	6.13988455222626	10.214898358562	0.568361138526188
BA_only	hippocampus	AA	psi	chr13_113729442_113730481	chr13	113729442	113730481	54	54	0	0	0.0257940331684099	0.975932065139872	2.85590387128388	2.85590387128388	1039	468	Genic/other	2	Heritable	0.150447840206517	0.931810259512144	0.00855810875473699	23645	0	0	1.50447840206517	6.94601399109923	6.15060276844628	10.0709492464231	1.04938838889835
BA_only	hippocampus	AA	psi	chr13_113746109_113746375	chr13	113746109	113746375	54	54	0	0	0.00132865508612494	0.753869787821095	1.31230862915385	1.31230862915385	266	459	Intergenic	0	Non-heritable	0.0827820768575041	0.908328304360109	0.00871603731242597	7751	0	0	0.827820768575041	5.5834963087817	6.13122648948314	8.9557061535706	0.271787906114048
BA_only	hippocampus	AA	psi	chr13_113857797_113858037	chr13	113857797	113858037	52	52	0	0	0.00470439152247874	0.901081955382879	1.85173925309076	-1.85173925309076	240	436	Genic/other	0	Non-heritable	0.0523519206456693	0.799937379117655	0.0064640808793657	19651	0	0	0.523519206456693	5.48063892334199	6.07993319509559	9.88593439328854	0.616125339644558
BA_only	hippocampus	AA	psi	chr13_113984157_113984498	chr13	113984157	113984498	54	54	0	0	0.0381941469301448	0.980549382116533	31.1228986981969	-31.1228986981969	341	348	Genic/other	0	Non-heritable	0.0394921509898962	0.687249336701077	0.0140792879493837	10348	0	0	0.394921509898962	5.83188247728352	5.85507192220243	9.24464517566817	3.43794384112264
BA_only	hippocampus	AA	psi	chr13_114021406_114021665	chr13	114021406	114021665	57	57	0	0	0.00480137031518382	0.903845859635741	2.03402722473201	-2.03402722473201	259	346	Genic/other	1	Non-heritable	0.0395423154475825	0.855350961455002	0.00781683569555416	47597	0	0	0.395423154475825	5.55682806169954	5.84932477994686	10.7705460225301	0.710017687277144
BA_only	hippocampus	AA	psi	chr13_114036598_114037003	chr13	114036598	114037003	63	63	0	0	0.00111634552713121	0.726050490461723	2.57868026653201	2.57868026653201	405	327	Promoter	1	Non-heritable	0.0705449075115201	0.891444868266417	0.0113609538271004	40211	0	0	0.705449075115201	6.00388706710654	5.79301360838414	10.6019207375253	0.947277747338143
BA_only	hippocampus	AA	psi	chr13_114037813_114038210	chr13	114037813	114038210	63	63	0	0	0.0446314899494111	0.981395945960329	1.76099505222025	-1.76099505222025	397	338	Genic/other	2	Heritable	0.125124114645357	0.872154453332874	0.00776653297804655	39004	0	0	1.25124114645357	5.98393628068719	5.82600010738045	10.5714451220224	0.565879025546623
BA_only	hippocampus	AA	psi	chr13_114043467_114045720	chr13	114043467	114045720	64	64	0	0	0.0182533148139079	0.972064905592714	1.40873205410912	-1.40873205410912	2253	326	Enhancer	2	Heritable	0.135922129301216	0.890901285078354	0.00888806314276035	31494	0	0	1.35922129301216	7.72001794043224	5.78996017089725	10.357584082056	0.342690054513777
BA_only	hippocampus	AA	psi	chr13_114062964_114063724	chr13	114062964	114063724	64	64	0	0	0.000546321077139959	0.636920160415722	3.24631255342752	3.24631255342752	760	320	Genic/other	0	Heritable	0.102442369778928	0.863031449850182	0.00618250173946395	13490	0	0	1.02442369778928	6.63331843328038	5.77144112313002	9.50977807543882	1.17751975633203
BA_only	hippocampus	AA	psi	chr13_114071669_114071777	chr13	114071669	114071777	68	68	0	0	0.00216995807143283	0.815187053503819	5.97268774316185	-5.97268774316185	108	331	Enhancer	1	Non-heritable	0.0778807121028677	0.873188852611518	0.00660907983298699	5437	0	0	0.778807121028677	4.68213122712422	5.80513496891649	8.60116662519242	1.78719703600029
BA_only	hippocampus	AA	psi	chr13_114077109_114077359	chr13	114077109	114077359	68	68	0	0	0.00612051781441845	0.920376068783091	1.92150396783155	-1.92150396783155	250	317	Genic/other	1	Non-heritable	0.0847357145808047	0.818595769976503	0.00877692495634305	0	0	0	0.847357145808047	5.52146091786225	5.76205138278018	0	0.653108201190564
BA_only	hippocampus	AA	psi	chr13_114167594_114168077	chr13	114167594	114168077	21	21	0	0	0.161197942987286	0.991064867102684	0.963936125839683	0.963936125839683	483	267	Genic/other	0	Heritable	0.223616577309153	0.861735398138478	0.00871192014229962	11289	0	0	2.23616577309153	6.18001665365257	5.59098698051086	9.33167265714371	-0.0367302356951214
BA_only	hippocampus	AA	psi	chr13_114198507_114200842	chr13	114198507	114200842	21	21	0	0	0.0189394926234462	0.97294422691241	0.901573217756485	0.901573217756485	2335	256	Promoter	2	Heritable	0.197486979755554	0.828445706965069	0.0101194204899585	0	0	0	1.97486979755554	7.755767170103	5.54907608489522	0	-0.103614010845093
BA_only	hippocampus	AA	psi	chr13_114295090_114295597	chr13	114295090	114295597	20	20	0	0	0.0534489925873913	0.985016765603212	0.892894786584015	-0.892894786584015	507	241	Genic/other	0	Heritable	0.107073834799771	0.806128656856933	0.0145960097627367	0	0	0	1.07073834799771	6.22851100359118	5.48893772615669	0	-0.113286514022127
BA_only	hippocampus	AA	psi	chr13_18294394_18295112	chr13	18294394	18295112	38	38	0	0	0.0840816163125055	0.988137148207548	2.68054538150989	-2.68054538150989	718	25	Genic/other	0		0.0669349190249997		0.00452546632755674	8429	0	0	0.669349190249997	6.57646956904822	3.25809653802148	9.0395520509959	0.98602027811331
BA_only	hippocampus	AA	psi	chr13_18874395_18875747	chr13	18874395	18875747	12	12	0	0	0.0271391916640359	0.975932065139872	1.38032758936769	-1.38032758936769	1352	237	Genic/other	2	Heritable	0.104259028996085	0.779339822454619	0.0101866636384228	3728	0	0	1.04259028996085	7.20934025660291	5.47227067367148	8.22389538017882	0.322320861842517
BA_only	hippocampus	AA	psi	chr13_19271499_19274366	chr13	19271499	19274366	33	33	0	0	0.0145128801184562	0.966089857218066	1.90376829452202	1.90376829452202	2867	288	Genic/other	0	Heritable	0.537146249239037	0.861029838267158	0.00894389605743436	7275	0	0	5.37146249239037	7.96102146588337	5.66642668811243	8.89233653963801	0.643835240163031
BA_only	hippocampus	AA	psi	chr13_19382230_19382766	chr13	19382230	19382766	35	35	0	0	0.0202473965563269	0.975856666808667	2.84175759149218	2.84175759149218	536	278	Promoter	0	Non-heritable	0.0927035482416557	0.833559649802006	0.00750020960633399	36364	0	0	0.927035482416557	6.2841341610708	5.63121178182137	10.5013620525886	1.04442273451457
BA_only	hippocampus	AA	psi	chr13_19796217_19797183	chr13	19796217	19797183	18	18	0	0	0.00754260172582923	0.933559278800072	1.58789115531606	-1.58789115531606	966	357	Intergenic	0	Non-heritable	0.0853227481768149	0.814987202584459	0.0176666592387443	40637	0	0	0.853227481768149	6.87316383421252	5.8805329864007	10.612458868443	0.46240682478109
BA_only	hippocampus	AA	psi	chr13_20137290_20137435	chr13	20137290	20137435	25	25	0	0	0.0265687171453369	0.975932065139872	1.92710903386673	1.92710903386673	145	514	Enhancer	1	Heritable	0.145423049966713	0.936582175799582	0.00878708625955372	31824	0	0	1.45423049966713	4.97673374242057	6.24416690066374	10.3680074234256	0.656020975203684
BA_only	hippocampus	AA	psi	chr13_20142695_20142862	chr13	20142695	20142862	25	25	0	0	0.0401049401993244	0.980549382116533	1.32854647967848	-1.32854647967848	167	499	Genic/other	1	Heritable	0.131443679961414	0.93946739634284	0.009998220147328	37229	0	0	1.31443679961414	5.11799381241676	6.21460809842219	10.5248701668668	0.284085479717969
BA_only	hippocampus	AA	psi	chr13_20177173_20177806	chr13	20177173	20177806	26	26	0	0	0.0249424366324192	0.975932065139872	1.29875341888004	1.29875341888004	633	505	Genic/other	1	Non-heritable	0.0829118872598376	0.916816454395894	0.0119272529110043	45688	0	0	0.829118872598376	6.45047042214418	6.22653666928747	10.7296128476905	0.261404903566441
BA_only	hippocampus	AA	psi	chr13_20608935_20610004	chr13	20608935	20610004	18	18	0	0	0.103437224775479	0.990610842832516	1.05596175046802	1.05596175046802	1069	570	Genic/other	0	Non-heritable	0.0950152819384177	0.94266885724208	0.00939234364016509	0	0	0	0.950152819384177	6.97447891102505	6.34738920965601	0	0.0544519729503998
BA_only	hippocampus	AA	psi	chr13_20618957_20619541	chr13	20618957	20619541	18	18	0	0	0.0338208501051306	0.979164877002956	2.90354204841216	-2.90354204841216	584	556	Genic/other	0	Heritable	0.103520137984219	0.936599187019958	0.0110339486303555	3163	0	0	1.03520137984219	6.36990098282823	6.32256523992728	8.05959232888755	1.0659313911434
BA_only	hippocampus	AA	psi	chr13_20945630_20945899	chr13	20945630	20945899	11	11	0	0	0.0567299639580291	0.98577631996496	1.19660614223403	1.19660614223403	269	451	Genic/other	1	Heritable	0.118476957532269	0.887999647899696	0.00985028371385177	77033	0	0	1.18476957532269	5.59471137960184	6.11368217983223	11.2520021618191	0.179489343389651
BA_only	hippocampus	AA	psi	chr13_21075103_21075314	chr13	21075103	21075314	120	120	0	0	0.00321643419858519	0.854283448983608	2.87100943122867	2.87100943122867	211	387	Enhancer	1	Non-heritable	0.0955405518559679	0.890732776654339	0.0118294591292001	0	0	0	0.955405518559679	5.35185813347607	5.96100533962327	0	1.05466368961442
BA_only	hippocampus	AA	psi	chr13_21106253_21107326	chr13	21106253	21107326	136	136	0	0	0.00581061943863767	0.91658260669542	4.10052462730809	4.10052462730809	1073	374	Genic/other	0	Heritable	0.114823138177475	0.786892844176106	0.00686561808028113	0	0	0	1.14823138177475	6.9782137426307	5.92692602597041	0	1.41111492584309
BA_only	hippocampus	AA	psi	chr13_21233139_21234423	chr13	21233139	21234423	146	146	0	0	0.00567298997607559	0.914301706404424	5.81342523708626	5.81342523708626	1284	447	Genic/other	0	Heritable	0.169278405996533	0.940644128645952	0.00796719763170283	0	0	0	1.69278405996533	7.15773548424991	6.10479323241499	0	1.76016994053973
BA_only	hippocampus	AA	psi	chr13_21296925_21297804	chr13	21296925	21297804	148	148	0	0	0.0104484578479467	0.944902218841749	5.98013313183099	-5.98013313183099	879	499	Promoter	1	Non-heritable	0.0958159524895109	0.931187539002889	0.00813683379242897	0	0	0	0.958159524895109	6.77878489768518	6.21460809842219	0	1.78844283223492
BA_only	hippocampus	AA	psi	chr13_21318455_21319330	chr13	21318455	21319330	149	149	0	0	0.000637823304498656	0.657105411686211	7.03555432498271	-7.03555432498271	875	520	Promoter	2	Non-heritable	0.0895946833116986	0.931913161755874	0.00778274131394155	0	0	0	0.895946833116986	6.77422388635761	6.25575004175337	0	1.95097648419023
BA_only	hippocampus	AA	psi	chr13_21326715_21326976	chr13	21326715	21326976	149	149	0	0	0.00319414388426703	0.853185837570312	5.57718922316319	5.57718922316319	261	530	Genic/other	1	Non-heritable	0.0776820361163109	0.909556864887997	0.00798767188765797	0	0	0	0.776820361163109	5.56452040732269	6.27476202124194	0	1.7186849278275
BA_only	hippocampus	AA	psi	chr13_21476220_21476471	chr13	21476220	21476471	152	152	0	0	0.00649930436070004	0.922854781406953	4.51698525655747	4.51698525655747	251	586	Intergenic	0	Heritable	0.124056925416565	0.956304461893427	0.0115982903526789	15836	0	0	1.24056925416565	5.52545293913178	6.3750248198281	9.67010425349173	1.50784479489107
BA_only	hippocampus	AA	psi	chr13_21603061_21603270	chr13	21603061	21603270	36	36	0	0	0.0296710990138882	0.976741514025636	1.56692696673818	1.56692696673818	209	681	Genic/other	1	Non-heritable	0.0684923579558324	0.956682197446961	0.00783654143738233	0	0	0	0.684923579558324	5.34233425196481	6.52502965784346	0	0.449116361610425
BA_only	hippocampus	AA	psi	chr13_21604741_21605169	chr13	21604741	21605169	36	36	0	0	0.0239545135060106	0.975932065139872	2.67073577589242	-2.67073577589242	428	684	Promoter	1	Non-heritable	0.0556633070926346	0.949965446607646	0.00924710333085625	0	0	0	0.556633070926346	6.0591231955818	6.52941883826223	0	0.982354009688883
BA_only	hippocampus	AA	psi	chr13_21735845_21736989	chr13	21735845	21736989	32	32	0	0	0.00615861108047015	0.920376068783091	0.909677683509672	0.909677683509672	1144	676	Intergenic	0	Heritable	0.112520128352353	0.967825982609292	0.00815580629641226	34654	0	0	1.12520128352353	7.04228617193974	6.51767127291228	10.4531972943521	-0.0946649251652431
BA_only	hippocampus	AA	psi	chr13_22506352_22507179	chr13	22506352	22507179	16	16	0	0	0.0418033237859801	0.980549382116533	0.365537033936826	0.365537033936826	827	681	Intergenic	0	Non-heritable	0.0962928394812536	0.969286426938589	0.00734124224095655	52891	0	0	0.962928394812536	6.71780469502369	6.52502965784346	10.8760073776767	-1.00638765352767
BA_only	hippocampus	AA	psi	chr13_22776511_22776904	chr13	22776511	22776904	105	105	0	0	0.000471775817796145	0.604162640906295	3.66001880665268	-3.66001880665268	393	670	Intergenic	0	Heritable	0.157772534684943	0.976311522750776	0.00868725844657547	107390	0	0	1.57772534684943	5.97380961186926	6.50876913697168	11.5842316586629	1.29746828856199
BA_only	hippocampus	AA	psi	chr13_22837039_22838945	chr13	22837039	22838945	105	105	0	0	0.00821962732180288	0.933559278800072	2.27079610275084	2.27079610275084	1906	671	Promoter	2	Heritable	0.113934650438748	0.968547130465534	0.00772517551395767	45349	0	0	1.13934650438748	7.55276208421415	6.51025834052315	10.7221654555433	0.820130480471697
BA_only	hippocampus	AA	psi	chr13_22880540_22880722	chr13	22880540	22880722	108	108	0	0	0.0226911461105073	0.975932065139872	3.47874084408865	3.47874084408865	182	657	Genic/other	0	Heritable	0.130402869133203	0.965947554610253	0.00782630158967094	3572	0	0	1.30402869133203	5.2040066870768	6.48920493132532	8.18116085802341	1.24667040477471
BA_only	hippocampus	AA	psi	chr13_22903432_22904525	chr13	22903432	22904525	108	108	0	0	0.00187478798703562	0.801068396259596	2.29729026178879	2.29729026178879	1093	674	Genic/other	0	Non-heritable	0.0480346540517801	0.944003449132032	0.00948217512982477	0	0	0	0.480346540517801	6.99668148817654	6.51471269087253	0	0.831730285678889
BA_only	hippocampus	AA	psi	chr13_22913960_22914947	chr13	22913960	22914947	108	108	0	0	0.0257767979190649	0.975932065139872	2.88277225664015	-2.88277225664015	987	671	Promoter	1	Heritable	0.305719602558276	0.940937966231734	0.00656888948171002	0	0	0	3.05719602558276	6.89467003943348	6.51025834052315	0	1.05875242373609
BA_only	hippocampus	AA	psi	chr13_23194351_23195714	chr13	23194351	23195714	16	16	0	0	0.0176592952017763	0.970931943606436	1.42404801134031	-1.42404801134031	1363	682	Genic/other	0	Heritable	0.726558785305417	0.927391519640807	0.0126302327130081	35184	0	0	7.26558785305417	7.21744343169653	6.52649485957079	10.4683751344006	0.353503535272523
BA_only	hippocampus	AA	psi	chr13_23297605_23300656	chr13	23297605	23300656	20	20	0	0	0.0591207056938187	0.98577631996496	1.49594686317253	-1.49594686317253	3051	634	Genic/other	0	Heritable	0.652840569546621	0.945568837792084	0.00799519572959518	0	0	0	6.52840569546621	8.02322468471667	6.45362499889269	0	0.402759366336491
BA_only	hippocampus	AA	psi	chr13_23324004_23324344	chr13	23324004	23324344	20	20	0	0	0.0118190056006598	0.954671708770497	1.5210647878188	1.5210647878188	340	604	Genic/other	0	Non-heritable	0.0974704481990929	0.941337446753985	0.00731826625182056	0	0	0	0.974704481990929	5.82894561761021	6.40522845803084	0	0.419410614485951
BA_only	hippocampus	AA	psi	chr13_23695638_23695865	chr13	23695638	23695865	21	21	0	0	0.0662348119046563	0.985907779499035	2.66079706295772	2.66079706295772	227	647	Intergenic	1	Heritable	0.137305220909744	0.960406467548952	0.00740787311398796	19450	0	0	1.37305220909744	5.4249500174814	6.47389069635227	9.87565376160669	0.978625729394932
BA_only	hippocampus	AA	psi	chr13_23945647_23946209	chr13	23945647	23946209	25	25	0	0	0.0199549793589396	0.975320017664129	2.56972896710076	-2.56972896710076	562	682	Genic/other	0	Heritable	0.177975638971691	0.949711383409789	0.00876752648959463	0	0	0	1.77975638971691	6.33150184989369	6.52649485957079	0	0.943800436965186
BA_only	hippocampus	AA	psi	chr13_24083492_24084396	chr13	24083492	24084396	26	26	0	0	0.0774536178044858	0.987720536119146	4.34972254184091	-4.34972254184091	904	662	Genic/other	0	Heritable	0.103876509331836	0.969649609006213	0.00689685364700097	76535	0	0	1.03876509331836	6.80682936039218	6.49677499018586	11.245516497358	1.47011206188049
BA_only	hippocampus	AA	psi	chr13_24327779_24328325	chr13	24327779	24328325	22	22	0	0	0.058992340863476	0.98577631996496	1.39261340879877	-1.39261340879877	546	681	Promoter	2	Heritable	0.158817028320585	0.943797381135262	0.0106175680256696	11796	0	0	1.58817028320585	6.30261897574491	6.52502965784346	9.37560054084184	0.331182139268174
BA_only	hippocampus	AA	psi	chr13_24328459_24328806	chr13	24328459	24328806	22	22	0	0	0.0130597527219257	0.964283399649536	2.55609548384785	2.55609548384785	347	684	Genic/other	2	Non-heritable	0.0974239892557625	0.943321715682035	0.00936403458564092	12476	0	0	0.974239892557625	5.84932477994686	6.52941883826223	9.43164222841102	0.938480896477744
BA_only	hippocampus	AA	psi	chr13_24424820_24425279	chr13	24424820	24425279	32	32	0	0	0.00481319108349107	0.903845859635741	3.63656276861773	-3.63656276861773	459	667	Genic/other	0	Heritable	0.585470088521013	0.940306588127202	0.00788604563662249	78006	0	0	5.85470088521013	6.12905021006055	6.50428817353665	11.2645538452348	1.29103894393594
BA_only	hippocampus	AA	psi	chr13_24464153_24465620	chr13	24464153	24465620	33	33	0	0	0.02995163910787	0.976741514025636	1.56109498135442	-1.56109498135442	1467	627	Genic/other	0	Heritable	0.67332470818305	0.929970139397848	0.00730438908263805	37665	0	0	6.7332470818305	7.29097477814298	6.4425401664682	10.5365131097547	0.445387492567432
BA_only	hippocampus	AA	psi	chr13_24637907_24638434	chr13	24637907	24638434	38	38	0	0	0.00461249111704901	0.899419277320037	3.87887155604762	-3.87887155604762	527	576	Intergenic	2	Non-heritable	0.0747779339723838	0.933897855261017	0.0087083382830045	40519	0	0	0.747779339723838	6.26720054854136	6.3578422665081	10.6095509583626	1.35554427784204
BA_only	hippocampus	AA	psi	chr13_24937274_24938159	chr13	24937274	24938159	79	79	0	0	0.00303121138243708	0.846513053928579	4.32685455386098	-4.32685455386098	885	501	Genic/other	0	Heritable	0.716051373424582	0.918805035122187	0.00703682519246154	0	0	0	7.16051373424582	6.78558764500793	6.21860011969173	0	1.46484084936772
BA_only	hippocampus	AA	psi	chr13_24988900_24989668	chr13	24988900	24989668	81	81	0	0	0.000672861393017253	0.66356279177562	4.14086317904208	-4.14086317904208	768	503	Promoter	0	Heritable	0.214601173947382	0.901292398924005	0.00893032779339209	20693	0	0	2.14601173947382	6.64378973314767	6.22257626807137	9.9375990821649	1.42090426587279
BA_only	hippocampus	AA	psi	chr13_24997538_24997879	chr13	24997538	24997879	81	81	0	0	0.00751292269753191	0.933559278800072	3.98095413813202	3.98095413813202	341	515	Intergenic	0	Non-heritable	0.0599737392023008	0.937800207298856	0.0106353131593913	29331	0	0	0.599737392023008	5.83188247728352	6.24610676548156	10.2864343492137	1.3815215262759
BA_only	hippocampus	AA	psi	chr13_25004621_25005863	chr13	25004621	25005863	80	80	0	0	0.013651394282412	0.964283399649536	1.579141843423	-1.579141843423	1242	512	Intergenic	0	Non-heritable	0.0902330453560228	0.896605881831255	0.0162833984204834	31799	0	0	0.902330453560228	7.12447826249342	6.24027584517077	10.3672215687683	0.456881568745008
BA_only	hippocampus	AA	psi	chr13_25095886_25096504	chr13	25095886	25096504	84	84	0	0	0.0272084907647671	0.975932065139872	5.10170993310291	5.10170993310291	618	481	Promoter	2	Non-heritable	0.0980014320669193	0.919620617148336	0.0118218661630092	15024	0	0	0.980014320669193	6.42648845745769	6.1779441140506	9.61747075940341	1.62957576649686
BA_only	hippocampus	AA	psi	chr13_25169404_25170266	chr13	25169404	25170266	85	85	0	0	0.00331373503928517	0.860891464921694	3.1164441593297	3.1164441593297	862	461	Genic/other	2	Non-heritable	0.0817751152373801	0.916805899629409	0.00864071843737652	0	0	0	0.817751152373801	6.75925527066369	6.13556489108174	0	1.13669266256425
BA_only	hippocampus	AA	psi	chr13_25192140_25194142	chr13	25192140	25194142	76	76	0	0	0.00965856128189671	0.939841915020693	4.31676354396006	4.31676354396006	2002	460	Genic/other	0	Non-heritable	0.0288063524501929	0.887259987377851	0.00740510031017712	0	0	0	0.288063524501929	7.60190195987517	6.13339804299665	0	1.46250594415839
BA_only	hippocampus	AA	psi	chr13_25300793_25300995	chr13	25300793	25300995	41	41	0	0	0.000762486122190242	0.680174427388751	5.18991417332901	-5.18991417332901	202	450	Promoter	2	Heritable	0.129935119268955	0.935171854781758	0.0104736702902353	8286	0	0	1.29935119268955	5.30826769740121	6.11146733950268	9.02244330084904	1.64671716203705
BA_only	hippocampus	AA	psi	chr13_26099752_26101322	chr13	26099752	26101322	18	18	0	0	0.0453868433933173	0.981589333839837	3.17254723905767	3.17254723905767	1570	498	Genic/other	0	Heritable	0.582275272060836	0.928770012727355	0.00658146748740669	40282	0	0	5.82275272060836	7.35883089834235	6.21260609575152	10.6036848227086	1.15453481381549
BA_only	hippocampus	AA	psi	chr13_27043152_27043669	chr13	27043152	27043669	52	52	0	0	0.0105888716073889	0.944902218841749	3.25490767451415	-3.25490767451415	517	579	Intergenic	0	Heritable	0.107211480851159	0.964377266287868	0.00767371974066305	66959	0	0	1.07211480851159	6.24804287450843	6.36302810354047	11.1118507051634	1.18016391412598
BA_only	hippocampus	AA	psi	chr13_27270096_27270219	chr13	27270096	27270219	86	86	0	0	0.0266187150350285	0.975932065139872	3.4373458904493	3.4373458904493	123	595	Promoter	1	Heritable	0.109528547041966	0.945904004809392	0.0059673942323531	848	0	0	1.09528547041966	4.81218435537242	6.39024066706535	6.74405918631135	1.23469963302764
BA_only	hippocampus	AA	psi	chr13_27361648_27361805	chr13	27361648	27361805	86	86	0	0	0.019844137240334	0.974913375101634	1.21537607521246	1.21537607521246	157	596	Intergenic	0	Non-heritable	0.0970529388973373	0.955209536605566	0.00850091267902685	483	0	0	0.970529388973373	5.05624580534831	6.3919171133926	6.18208490671663	0.195053564050677
BA_only	hippocampus	AA	psi	chr13_27795639_27796534	chr13	27795639	27796534	29	29	0	0	0.0473886425474743	0.982661996589092	1.61177829720313	-1.61177829720313	895	478	Intergenic	1	Non-heritable	0.0630372776025541	0.840905230376874	0.00821455801082055	129952	0	0	0.630372776025541	6.79682371827486	6.17170059741092	11.7749281256054	0.477338108077867
BA_only	hippocampus	AA	psi	chr13_27829021_27829542	chr13	27829021	27829542	29	29	0	0	0.0350056713315677	0.980327953711174	3.0665600589922	-3.0665600589922	521	495	Genic/other	0	Heritable	0.152462588191844	0.933192967261969	0.013108320393428	114726	0	0	1.52462588191844	6.25575004175337	6.20657592672493	11.650310672103	1.1205564346715
BA_only	hippocampus	AA	psi	chr13_28492492_28492846	chr13	28492492	28492846	17	17	0	0	0.0394244294627446	0.980549382116533	2.76640681759488	2.76640681759488	354	447	Genic/other	1	Non-heritable	0.0540603206569664	0.853528483011999	0.00689560085571022	38683	0	0	0.540603206569664	5.86929691313377	6.10479323241499	10.5631813568369	1.01754930398711
BA_only	hippocampus	AA	psi	chr13_28796539_28797676	chr13	28796539	28797676	15	15	0	0	0.0641315616252036	0.985907779499035	3.47769865957672	3.47769865957672	1137	498	Intergenic	0	Heritable	0.170609201219465	0.945660827052023	0.00662207390630446	118503	0	0	1.70609201219465	7.03614849375054	6.21260609575152	11.6827019942619	1.2463707731841
BA_only	hippocampus	AA	psi	chr13_29231367_29232856	chr13	29231367	29232856	3	3	0	0	0.054834085557546	0.98577631996496	2.58540710827533	-2.58540710827533	1489	434	Genic/other	0	Heritable	0.378056839344641	0.89654546320499	0.0102271446933095	7101	0	0	3.78056839344641	7.30586003268401	6.07534603108868	8.86813171350303	0.949882988122731
BA_only	hippocampus	AA	psi	chr13_29318714_29319172	chr13	29318714	29319172	4	4	0	0	0.600863060708303	0.996668758934316	0.868818201326516	-0.868818201326516	458	441	Genic/other	0	Heritable	0.120671573506577	0.928936878628727	0.00937553416977086	68298	0	0	1.20671573506577	6.12686918411419	6.0913098820777	11.1316504041633	-0.140621368550566
BA_only	hippocampus	AA	psi	chr13_29787991_29789197	chr13	29787991	29789197	21	21	0	0	0.0648923009551995	0.985907779499035	4.70337618968932	-4.70337618968932	1206	501	Genic/other	0	Heritable	0.162447468905039	0.933795118582389	0.00702842203573692	132917	0	0	1.62447468905039	7.09506437728713	6.21860011969173	11.7974876757107	1.5482805911925
BA_only	hippocampus	AA	psi	chr13_29892158_29892597	chr13	29892158	29892597	23	23	0	0	0.0443898629547396	0.981294536864781	3.38101755925359	-3.38101755925359	439	493	Genic/other	0	Heritable	0.110553945074269	0.935144034270797	0.00838827256208472	43626	0	0	1.10553945074269	6.08449941307517	6.20253551718792	10.6834315037261	1.21817672017885
BA_only	hippocampus	AA	psi	chr13_30033655_30034092	chr13	30033655	30034092	21	21	0	0	0.0511277042555392	0.984153364580922	1.96547961571793	-1.96547961571793	437	486	Intergenic	0	Heritable	0.175633401571191	0.892516270740063	0.00775394980281995	66294	0	0	1.75633401571191	6.07993319509559	6.18826412308259	11.1018697585488	0.675736299872314
BA_only	hippocampus	AA	psi	chr13_30132982_30133146	chr13	30132982	30133146	34	34	0	0	0.012192612308809	0.95809323095415	0.938595478566698	-0.938595478566698	164	498	Intergenic	0	Heritable	0.1594260135115	0.9213557256728	0.00791544131729999	10954	0	0	1.594260135115	5.0998664278242	6.21260609575152	9.30155125202957	-0.0633706821892012
BA_only	hippocampus	AA	psi	chr13_30134085_30134633	chr13	30134085	30134633	34	34	0	0	0.0635594330264137	0.985907779499035	0.677570749375817	0.677570749375817	548	524	Intergenic	0	Heritable	0.175883571677558	0.923911086286738	0.00814744632833556	9467	0	0	1.75883571677558	6.30627528694802	6.26339826259162	9.15567297063387	-0.38924128979883
BA_only	hippocampus	AA	psi	chr13_30394278_30394520	chr13	30394278	30394520	37	37	0	0	0.00731021434401554	0.932978557671846	1.27921010216751	-1.27921010216751	242	596	Genic/other	0	Heritable	0.10630590599267	0.963323997691393	0.0100496328806472	0	0	0	1.0630590599267	5.48893772615669	6.3919171133926	0	0.246242787577899
BA_only	hippocampus	AA	psi	chr13_30396293_30396876	chr13	30396293	30396876	37	37	0	0	0.0217930076019736	0.975932065139872	1.12154668842176	1.12154668842176	583	610	Genic/other	0	Non-heritable	0.0912491920980714	0.955668796780583	0.010658109545972	980	0	0	0.912491920980714	6.36818718635049	6.4150969591716	6.88857245956536	0.114708713363809
BA_only	hippocampus	AA	psi	chr13_30408001_30408183	chr13	30408001	30408183	31	31	0	0	0.0619149865245259	0.985907779499035	1.73118045988182	1.73118045988182	182	595	Promoter	2	Heritable	0.117452020837107	0.956681012465594	0.00894675702679201	12688	0	0	1.17452020837107	5.2040066870768	6.39024066706535	9.44849075539691	0.54880352834589
BA_only	hippocampus	AA	psi	chr13_30408925_30409062	chr13	30408925	30409062	31	31	0	0	0.0394567089437839	0.980549382116533	1.762114275425	-1.762114275425	137	604	Genic/other	1	Non-heritable	0.0569888740180771	0.943235505662733	0.00903029025217154	13612	0	0	0.569888740180771	4.91998092582813	6.40522845803084	9.51878049751247	0.566514386605257
BA_only	hippocampus	AA	psi	chr13_30731809_30731922	chr13	30731809	30731922	71	71	0	0	0.0293229101134717	0.976515220352512	4.44821059525639	-4.44821059525639	113	576	Genic/other	0	Non-heritable	0.0334676539865988	0.895608499619264	0.00654101650688601	3752	0	0	0.334676539865988	4.72738781871234	6.3578422665081	8.23031079913502	1.49250190413143
BA_only	hippocampus	AA	psi	chr13_30863986_30865425	chr13	30863986	30865425	163	163	0	0	0.000251323979187234	0.503902674622265	2.7340077812212	-2.7340077812212	1439	558	Enhancer	0	Heritable	0.129676725944341	0.930794085159429	0.0120026978456155	0	0	0	1.29676725944341	7.27170370688737	6.3261494731551	0	1.00576858804942
BA_only	hippocampus	AA	psi	chr13_31045353_31046210	chr13	31045353	31046210	165	165	0	0	0.00823911812199521	0.933559278800072	2.44999386767458	2.44999386767458	857	552	Enhancer	0	Non-heritable	0.0668198273492364	0.929214958834982	0.0107205373864346	0	0	0	0.668198273492364	6.75343791859778	6.31535800152234	0	0.896085525645179
BA_only	hippocampus	AA	psi	chr13_31351483_31352725	chr13	31351483	31352725	4	4	0	0	0.0826255863947985	0.988137148207548	0.901530491982063	0.901530491982063	1242	472	Intergenic	0	Heritable	0.11758720490172	0.921831715129126	0.00661068343459156	17579	0	0	1.1758720490172	7.12447826249342	6.15909538849193	9.77451717123917	-0.103661402211131
BA_only	hippocampus	AA	psi	chr13_33017645_33017851	chr13	33017645	33017851	10	10	0	0	0.100964946991035	0.990400541082936	0.598990275389541	0.598990275389541	206	396	Genic/other	1	Heritable	0.107110419497738	0.89698290730091	0.0105576017536546	1808	0	0	1.07110419497738	5.32787616878958	5.98393628068719	7.5005294853953	-0.512509899045712
BA_only	hippocampus	AA	psi	chr13_33229171_33230359	chr13	33229171	33230359	157	157	0	0	0.00456656750890738	0.897520405788695	2.59047728013335	2.59047728013335	1188	460	Genic/other	0	Heritable	0.100567362227954	0.910218576505088	0.00871289142470164	0	0	0	1.00567362227954	7.08002649992259	6.13339804299665	0	0.95184214063839
BA_only	hippocampus	AA	psi	chr13_33633340_33634617	chr13	33633340	33634617	69	69	0	0	0.028514956580153	0.975932065139872	5.58912304221269	5.58912304221269	1277	428	Genic/other	0	Heritable	0.105704007248561	0.907845103861037	0.010560788524486	0	0	0	1.05704007248561	7.15226885603254	6.06145691892802	0	1.720822396902
BA_only	hippocampus	AA	psi	chr13_33679255_33679634	chr13	33679255	33679634	69	69	0	0	0.00197094545515098	0.80614848610333	3.26960139785211	3.26960139785211	379	434	Promoter	0	Non-heritable	0.0925090424437658	0.924821826451348	0.00759617390219563	0	0	0	0.925090424437658	5.93753620508243	6.07534603108868	0	1.18466808385632
BA_only	hippocampus	AA	psi	chr13_35474677_35474822	chr13	35474677	35474822	39	39	0	0	0.0392274338429196	0.980549382116533	1.07930479356221	1.07930479356221	145	376	Promoter	1	Non-heritable	0.0706568109070928	0.873735433631404	0.00934959475927547	0	0	0	0.706568109070928	4.97673374242057	5.93224518744801	0	0.0763171334667125
BA_only	hippocampus	AA	psi	chr13_35690750_35691007	chr13	35690750	35691007	40	40	0	0	0.0774012271524792	0.987720536119146	1.04018130394458	-1.04018130394458	257	430	Intergenic	0	Non-heritable	0.0811117984100685	0.915411632133043	0.00881458022698935	3428	0	0	0.811117984100685	5.54907608489522	6.06610809010375	8.14002395246292	0.0393950382890987
BA_only	hippocampus	AA	psi	chr13_36151894_36153780	chr13	36151894	36153780	10	10	0	0	0.073567469602263	0.985907779499035	1.29506972875894	1.29506972875894	1886	445	Intergenic	2	Heritable	0.167799708717904	0.888113444708841	0.0124320073690647	73600	0	0	1.67799708717904	7.5422134631934	6.10031895202006	11.2064138915812	0.258564546025023
BA_only	hippocampus	AA	psi	chr13_36369848_36370512	chr13	36369848	36370512	12	12	0	0	0.0286933250181686	0.975932065139872	0.735412089249855	0.735412089249855	664	445	Promoter	0	Non-heritable	0.0889354275054114	0.936891727534199	0.00930722777179562	0	0	0	0.889354275054114	6.49828214947643	6.10031895202006	0	-0.307324257639681
BA_only	hippocampus	AA	psi	chr13_36915233_36916095	chr13	36915233	36916095	80	80	0	0	0.00431192393497904	0.888539612676336	2.61680526774163	2.61680526774163	862	397	Genic/other	1	Non-heritable	0.0542983245604181	0.895323674951063	0.00670759675522273	33961	0	0	0.542983245604181	6.75925527066369	5.98645200528444	10.4329975315062	0.961954214108556
BA_only	hippocampus	AA	psi	chr13_40402478_40402988	chr13	40402478	40402988	19	19	0	0	0.0579585720180085	0.98577631996496	2.59221083861168	-2.59221083861168	510	431	Genic/other	0	Heritable	0.109825882783857	0.921295980057894	0.00704172989372924	0	0	0	1.09825882783857	6.23441072571837	6.06842558824411	0	0.952511121096629
BA_only	hippocampus	AA	psi	chr13_40490345_40490559	chr13	40490345	40490559	19	19	0	0	0.00771449699964068	0.933559278800072	3.54272022037095	-3.54272022037095	214	430	Genic/other	0	Non-heritable	0.0356520986028409	0.878248691950447	0.00689454563900484	0	0	0	0.356520986028409	5.36597601502185	6.06610809010375	0	1.26489485871554
BA_only	hippocampus	AA	psi	chr13_40663855_40664056	chr13	40663855	40664056	218	218	0	0	5.95154115207647e-05	0.298287382082947	4.77214012642941	4.77214012642941	201	396	Genic/other	1	Non-heritable	0.0402646115066461	0.821845208950432	0.00915285138888459	0	0	0	0.402646115066461	5.30330490805908	5.98393628068719	0	1.56279487019791
BA_only	hippocampus	AA	psi	chr13_40922054_40922159	chr13	40922054	40922159	269	269	0	0	0.00250807216418271	0.828365432527787	4.65029019660639	4.65029019660639	105	288	Promoter	2	Heritable	0.150980021664111	0.753269455309741	0.00717815114635751	434	0	0	1.50980021664111	4.65396035015752	5.66642668811243	6.07534603108868	1.53692962767472
BA_only	hippocampus	AA	psi	chr13_41427747_41428155	chr13	41427747	41428155	67	67	0	0	0.00176709844366477	0.795401023180755	3.34469718671379	-3.34469718671379	408	292	Intergenic	0	Heritable	0.104132959098368	0.885517905861104	0.00992163893947755	4002	0	0	1.04132959098368	6.01126717440416	5.68017260901707	8.29479935899257	1.2073761653313
BA_only	hippocampus	AA	psi	chr13_41428414_41428762	chr13	41428414	41428762	67	67	0	0	0.000225612784686567	0.500454494889145	2.60812390074261	2.60812390074261	348	294	Intergenic	0	Non-heritable	0.086808882021573	0.866802360733506	0.00816334391652952	3395	0	0	0.86808882021573	5.85220247977447	5.68697535633982	8.13035354743124	0.958631154723568
BA_only	hippocampus	AA	psi	chr13_41459426_41461595	chr13	41459426	41461595	50	50	0	0	0.0474578864102711	0.982661996589092	4.10313786335563	4.10313786335563	2169	290	Enhancer	2	Non-heritable	0.0337617920309294	0.760350871783127	0.0109325814159732	2260	0	0	0.337617920309294	7.68202151082688	5.67332326717149	7.72356247227797	1.41175201595559
BA_only	hippocampus	AA	psi	chr13_41959887_41960221	chr13	41959887	41960221	4	4	0	0	0.253257612156573	0.992837608310815	1.01040985228261	-1.01040985228261	334	289	Promoter	1	Non-heritable	0.099553411806875	0.824804375910396	0.00775338347179223	0	0	0	0.99553411806875	5.8111409929767	5.66988092298052	0	0.010356052777104
BA_only	hippocampus	AA	psi	chr13_42875524_42875872	chr13	42875524	42875872	31	31	0	0	0.0148640383783851	0.966089857218066	1.98016596986665	1.98016596986665	348	458	Intergenic	0	Heritable	0.177773429289254	0.937145161449133	0.00650372523781834	2965	0	0	1.77773429289254	5.85220247977447	6.12905021006055	7.99496952269788	0.683180669408535
BA_only	hippocampus	AA	psi	chr13_42880094_42881246	chr13	42880094	42881246	31	31	0	0	1.79688061660593e-05	0.142400178013842	3.43737295622091	-3.43737295622091	1152	447	Intergenic	0	Non-heritable	0.074816306673676	0.910346777469592	0.0117203496320124	7255	0	0	0.74816306673676	7.04925484125584	6.10479323241499	8.88958399179497	1.23470750702864
BA_only	hippocampus	AA	psi	chr13_43022908_43023037	chr13	43022908	43023037	19	19	0	0	0.0686623600762146	0.985907779499035	1.65425206109353	1.65425206109353	129	447	Promoter	1	Heritable	0.194042290506294	0.921648012937272	0.0101774707088751	30929	0	0	1.94042290506294	4.85981240436167	6.10479323241499	10.3394818656791	0.503348985892642
BA_only	hippocampus	AA	psi	chr13_43024174_43024436	chr13	43024174	43024436	19	19	0	0	0.0109868438511413	0.946775224156087	1.84143071725412	1.84143071725412	262	447	Genic/other	1	Heritable	0.223998145603213	0.898865889459249	0.00866439243073491	31106	0	0	2.23998145603213	5.5683445037611	6.10479323241499	10.3451881532264	0.610542838630461
BA_only	hippocampus	AA	psi	chr13_43448769_43449288	chr13	43448769	43449288	0	0	0	0					519	360	Genic/other	0	Heritable	0.216680706891335	0.899988132930719	0.0131120382858008	34863	0	0	2.16680706891335	6.25190388316589	5.88887795833288	10.4592100571844	
BA_only	hippocampus	AA	psi	chr13_43880457_43880750	chr13	43880457	43880750	33	33	0	0	0.0147767350618446	0.966089857218066	2.10680859081257	2.10680859081257	293	343	Promoter	1	Heritable	0.115926753066345	0.890504071908203	0.0110144435768223	21675	0	0	1.15926753066345	5.68017260901707	5.8406416573734	9.983960936686	0.745174291024579
BA_only	hippocampus	AA	psi	chr13_44012633_44014077	chr13	44012633	44014077	113	113	0	0	0.030304331616078	0.976893291659941	8.82626223270609	-8.82626223270609	1444	346	Genic/other	0	Non-heritable	0.0719802117013256	0.894267502632234	0.0086104957067082	0	0	0	0.719802117013256	7.27517231945277	5.84932477994686	0	2.17773162292647
BA_only	hippocampus	AA	psi	chr13_45376760_45377637	chr13	45376760	45377637	87	87	0	0	0.0165410863643968	0.969699026744516	2.98342982310828	2.98342982310828	877	415	Promoter	0	Non-heritable	0.0762413867776748	0.870845953220837	0.00875831300223963	0	0	0	0.762413867776748	6.77650699237218	6.03068526026126	0	1.0930735893888
BA_only	hippocampus	AA	psi	chr13_45380238_45380960	chr13	45380238	45380960	87	87	0	0	0.0280294068939766	0.975932065139872	4.26791440784202	-4.26791440784202	722	404	Genic/other	0	Heritable	0.168429318398218	0.922748191123045	0.00616039576666571	0	0	0	1.68429318398218	6.58202513889283	6.00388706710654	0	1.45112528118645
BA_only	hippocampus	AA	psi	chr13_45381856_45382538	chr13	45381856	45382538	87	87	0	0	0.00236646978104961	0.823087269649574	3.83565141618192	3.83565141618192	682	401	Promoter	0	Non-heritable	0.0926456787319939	0.900687745173346	0.0070703250205625	0	0	0	0.926456787319939	6.52502965784346	5.99645208861902	0	1.34433928380526
BA_only	hippocampus	AA	psi	chr13_45416987_45417138	chr13	45416987	45417138	87	87	0	0	0.0211036116800437	0.975932065139872	5.36373537713976	5.36373537713976	151	406	Genic/other	1	Heritable	0.203186903685042	0.912678602798324	0.0093639916509571	0	0	0	2.03186903685042	5.01727983681492	6.0088131854426	0	1.67966063294604
BA_only	hippocampus	AA	psi	chr13_45852074_45852240	chr13	45852074	45852240	28	28	0	0	0.00514577825009154	0.909885926705608	2.32210723481158	-2.32210723481158	166	505	Promoter	0	Non-heritable	0.0751945983782177	0.921464861773752	0.00621534357005588	113188	0	0	0.751945983782177	5.11198778835654	6.22653666928747	11.6368142668847	0.84247506860517
BA_only	hippocampus	AA	psi	chr13_45864486_45864976	chr13	45864486	45864976	28	28	0	0	0.0131368829159542	0.964283399649536	1.35265745570222	-1.35265745570222	490	512	Intergenic	0	Non-heritable	0.0610353539117528	0.915972012423998	0.00831731188404027	100452	0	0	0.610353539117528	6.19440539110467	6.24027584517077	11.5174452354019	0.302071150619392
BA_only	hippocampus	AA	psi	chr13_46345259_46345755	chr13	46345259	46345755	112	112	0	0	0.00463721553624743	0.900464468238672	5.6496071458252	-5.6496071458252	496	464	Promoter	0	Non-heritable	0.0987357933067933	0.921669355224503	0.00697145061349191	0	0	0	0.987357933067933	6.20657592672493	6.14203740558736	0	1.73158601279859
BA_only	hippocampus	AA	psi	chr13_46464433_46464814	chr13	46464433	46464814	87	87	0	0	0.0208950993184511	0.975856666808667	4.93852860848908	-4.93852860848908	381	477	Promoter	0	Heritable	0.253425657890887	0.91044617237538	0.00712434203121855	0	0	0	2.53425657890887	5.9427993751267	6.16961073249146	0	1.59706743632528
BA_only	hippocampus	AA	psi	chr13_46467444_46467721	chr13	46467444	46467721	87	87	0	0	0.0153975586266598	0.967076513219291	14.0681864092327	14.0681864092327	277	455	Promoter	0	Heritable	0.11815146660679	0.918761210460512	0.00710392492398192	0	0	0	1.1815146660679	5.62401750618734	6.12249280951439	0	2.64391596581998
BA_only	hippocampus	AA	psi	chr13_46895464_46897427	chr13	46895464	46897427	12	12	0	0	0.00097705851240764	0.716185863339116	3.92207881678121	-3.92207881678121	1963	458	Promoter	0	Non-heritable	0.0728368905533232	0.907123612849791	0.00377459745176108	0	0	0	0.728368905533232	7.58222919427646	6.12905021006055	0	1.36662182619054
BA_only	hippocampus	AA	psi	chr13_48001812_48002307	chr13	48001812	48002307	9	9	0	0	0.0895283128827346	0.989302342378139	0.294451569505211	0.294451569505211	495	255	Promoter	1	Heritable	0.234523904825656	0.807114737353031	0.0125328215542933	0	0	0	2.34523904825656	6.20455776256869	5.54517744447956	0	-1.22264070534984
BA_only	hippocampus	AA	psi	chr13_48412006_48413104	chr13	48412006	48413104	25	25	0	0	0.0432063416398572	0.980549382116533	2.2329862347779	-2.2329862347779	1098	255	Promoter	0	Heritable	0.10771414297932	0.789297297190993	0.0134143668659793	0	0	0	1.0771414297932	7.00124562206948	5.54517744447956	0	0.803339812864977
BA_only	hippocampus	AA	psi	chr13_49219539_49219759	chr13	49219539	49219759	30	30	0	0	0.0141468247561467	0.964826773227435	5.92864678922491	5.92864678922491	220	313	Promoter	1	Heritable	0.208790888285602	0.89978920559707	0.00871205117580369	0	0	0	2.08790888285602	5.39362754635236	5.74939298590825	0	1.7797959912228
BA_only	hippocampus	AA	psi	chr13_49562866_49563709	chr13	49562866	49563709	15	15	0	0	0.00601580683302804	0.919417785088414	3.85154564751243	3.85154564751243	843	224	Genic/other	0	Non-heritable	0.0687305780899666	0.715331495303699	0.00825615267420068	34354	0	0	0.687305780899666	6.73696695800186	5.41610040220442	10.4445028474652	1.34847453721613
BA_only	hippocampus	AA	psi	chr13_49620504_49620578	chr13	49620504	49620578	14	14	0	0	0.109345835146342	0.990898390030923	4.9126240869096	4.9126240869096	74	221	Genic/other	0	Non-heritable	0.09740548617317	0.771153000315045	0.00841063642406177	210	0	0	0.9740548617317	4.30406509320417	5.40267738187228	5.35185813347607	1.59180823833374
BA_only	hippocampus	AA	psi	chr13_49847488_49847782	chr13	49847488	49847782	506	506	0	0	0.000220686536787193	0.495453565136512	4.08078912123599	4.08078912123599	294	258	Intergenic	1	Heritable	0.100473350136975	0.803761934486013	0.0102747919281264	10883	0	0	1.00473350136975	5.68357976733868	5.55682806169954	9.29504909990314	1.40629038423252
BA_only	hippocampus	AA	psi	chr13_49937423_49937492	chr13	49937423	49937492	508	508	0	0	0.000651556340070174	0.660644830675263	6.96108951539171	6.96108951539171	69	216	Promoter	1	Heritable	0.108386831404569	0.715706356153413	0.00890681320595157	1292	0	0	1.08386831404569	4.23410650459726	5.37989735354046	7.16472037877186	1.94033600309962
BA_only	hippocampus	AA	psi	chr13_50357700_50358764	chr13	50357700	50358764	323	323	0	0	0.00149890521536964	0.770758625373791	4.14968513334791	4.14968513334791	1064	292	Genic/other	0	Heritable	0.12535024403409	0.834223126342413	0.0100752808572644	0	0	0	1.2535024403409	6.96979066990159	5.68017260901707	0	1.42303246229161
BA_only	hippocampus	AA	psi	chr13_50511987_50513189	chr13	50511987	50513189	73	73	0	0	0.0138075644647137	0.964441318501853	2.77030314502205	-2.77030314502205	1202	343	Genic/other	0	Non-heritable	0.0746113222428549	0.853928599813958	0.00719259305955996	0	0	0	0.746113222428549	7.09174211509515	5.8406416573734	0	1.01895675645711
BA_only	hippocampus	AA	psi	chr13_50909127_50909423	chr13	50909127	50909423	88	88	0	0	0.00395116679705771	0.876132919298309	3.61431364743054	-3.61431364743054	296	446	Promoter	1	Heritable	0.160235486643244	0.941973321429841	0.0079832254306397	0	0	0	1.60235486643244	5.69035945432406	6.10255859461357	0	1.28490197795317
BA_only	hippocampus	AA	psi	chr13_51223918_51224802	chr13	51223918	51224802	102	102	0	0	0.012610946278452	0.961717006536833	2.51601306275178	2.51601306275178	884	381	Genic/other	2	Heritable	0.129733051532097	0.910243574108653	0.00942682793927566	6576	0	0	1.29733051532097	6.78445706263764	5.94542060860658	8.79133399330135	0.922675534671985
BA_only	hippocampus	AA	psi	chr13_51229149_51229389	chr13	51229149	51229389	103	103	0	0	0.00222179946581431	0.817446144573316	2.04144142589891	-2.04144142589891	240	386	Genic/other	0	Non-heritable	0.0830866604960534	0.905605107265546	0.00773712723098551	1989	0	0	0.830866604960534	5.48063892334199	5.95842469302978	7.59588991771854	0.713656144566563
BA_only	hippocampus	AA	psi	chr13_52195642_52195725	chr13	52195642	52195725	68	68	0	0	0.0469212593596719	0.982445572707507	2.09854782104217	-2.09854782104217	83	180	Enhancer	1	Heritable	0.179604062631419	0.778228014425436	0.00681163032725488	1382	0	0	1.79604062631419	4.4188406077966	5.19849703126583	7.23201033166476	0.741245596499192
BA_only	hippocampus	AA	psi	chr13_52335493_52335859	chr13	52335493	52335859	76	76	0	0	0.00592080716738964	0.917876571152151	2.37359333260451	-2.37359333260451	366	202	Promoter	1	Heritable	0.110850720444344	0.793815416844415	0.00943838015697548	0	0	0	1.10850720444344	5.90263333340137	5.31320597904179	0	0.864404985223315
BA_only	hippocampus	AA	psi	chr13_52737899_52738472	chr13	52737899	52738472	161	161	0	0	0.00250178319634456	0.827739280566027	3.20769087790424	3.20769087790424	573	291	Genic/other	1	Heritable	0.111459477546477	0.875164918721392	0.0120133737997974	29362	0	0	1.11459477546477	6.35088571671474	5.67675380226828	10.287490657345	1.16555132872334
BA_only	hippocampus	AA	psi	chr13_53310642_53311328	chr13	53310642	53311328	41	41	0	0	0.0412926527789036	0.980549382116533	1.96421777541518	-1.96421777541518	686	307	Genic/other	0	Heritable	0.110841244356256	0.801630682949302	0.0123638487870881	53076	0	0	1.10841244356256	6.53087762772589	5.73009978297357	10.8794989683862	0.675094092488843
BA_only	hippocampus	AA	psi	chr13_53821783_53822289	chr13	53821783	53822289	3	3	0	0	0.273000093524049	0.993437465767387	0.348683827895659	0.348683827895659	506	251	Genic/other	0	Non-heritable	0.0517112698647928	0.793603530536054	0.00827217848624468	0	0	0	0.517112698647928	6.22653666928747	5.52942908751142	0	-1.05358967597133
BA_only	hippocampus	AA	psi	chr13_57310718_57311498	chr13	57310718	57311498	6	6	0	0	0.269315197360883	0.993437465767387	0.546879354408726	0.546879354408726	780	133	Genic/other	0	Heritable	0.188688468473946	0.76792521513689	0.00736832619371228	93839	0	0	1.88688468473946	6.65929391968364	4.89783979995091	11.4493464833274	-0.603527041269004
BA_only	hippocampus	AA	psi	chr13_59458769_59459314	chr13	59458769	59459314	7	7	0	0	0.0502918590904477	0.984077279506327	0.762080100727919	0.762080100727919	545	330	Enhancer	0	Non-heritable	0.0771700416201618	0.893180217964151	0.00738341068459238	145	0	0	0.771700416201618	6.30078579466324	5.80211837537706	4.98360662170834	-0.271703596632622
BA_only	hippocampus	AA	psi	chr13_59750820_59751188	chr13	59750820	59751188	2	2	0	0	0.0699167163993695	0.985907779499035	0.718930877186405	-0.718930877186405	368	241	Promoter	0	Non-heritable	0.0846585935825366	0.799847325677381	0.00634596674828661	86144	0	0	0.846585935825366	5.90808293816893	5.48893772615669	11.3637872019665	-0.329990049405028
BA_only	hippocampus	AA	psi	chr13_60585079_60585713	chr13	60585079	60585713	20	20	0	0	0.00178149269498825	0.796268588634543	3.24200374981475	-3.24200374981475	634	306	Intergenic	0	Heritable	0.112828636800119	0.8820407735431	0.0084678003408672	11462	0	0	1.12828636800119	6.45204895443723	5.7268477475872	9.34687973611501	1.17619158303359
BA_only	hippocampus	AA	psi	chr13_60591559_60591870	chr13	60591559	60591870	20	20	0	0	0.0353685325757334	0.980327953711174	1.19418772024978	1.19418772024978	311	306	Intergenic	0	Non-heritable	0.0783918784931522	0.855452270726931	0.00757980378036465	17942	0	0	0.783918784931522	5.73979291217923	5.7268477475872	9.79495534571267	0.177466230626272
BA_only	hippocampus	AA	psi	chr13_62148796_62149830	chr13	62148796	62149830	1	1	0	0	0.981836234487403	0.999614796863798	0.00534450932206391	-0.00534450932206391	1034	184	Intergenic	0	Heritable	0.783265111153841	0.890231730448839	0.00937156037153246	13434	0	0	7.83265111153841	6.94119005506837	5.22035582507832	9.50561852104959	-5.2316836689394
BA_only	hippocampus	AA	psi	chr13_62202755_62203225	chr13	62202755	62203225	1	1	0	0	0.704482711816155	0.997543272146997	0.0906094130939494	-0.0906094130939494	470	204	Intergenic	0	Heritable	0.506970857146546	0.803514664956068	0.0105247823168653	9390	0	0	5.06970857146546	6.1527326947041	5.32300997913841	9.14750706280461	-2.40119706368214
BA_only	hippocampus	AA	psi	chr13_63068284_63070165	chr13	63068284	63070165	4	4	0	0	0.532980232210862	0.995858944649371	0.0660941944090818	-0.0660941944090818	1881	219	Genic/other	0	Heritable	0.136797175869534	0.757626098826371	0.023917435551096	0	0	0	1.36797175869534	7.53955882930103	5.39362754635236	0	-2.71667421510497
BA_only	hippocampus	AA	psi	chr13_63071316_63072396	chr13	63071316	63072396	4	4	0	0	0.367004948119199	0.994240189962501	0.0597789890581935	0.0597789890581935	1080	218	Genic/other	0	Heritable	0.114970635566325	0.775574309270077	0.0393899907443437	0	0	0	1.14970635566325	6.98471632011827	5.3890717298165	0	-2.81710086602374
BA_only	hippocampus	AA	psi	chr13_63462751_63464818	chr13	63462751	63464818	15	15	0	0	0.125064641910984	0.991064867102684	1.02120516057004	-1.02120516057004	2067	182	Genic/other	0	Heritable	0.501848200663251	0.868933234731408	0.0105946902956962	0	0	0	5.01848200663251	7.63385355968177	5.20948615284142	0	0.0209834696019467
BA_only	hippocampus	AA	psi	chr13_66264377_66265641	chr13	66264377	66265641	0	0	0	0					1264	272	Genic/other	0	Non-heritable	0.0890517507821512	0.764975907691968	0.00881149107943183	146640	0	0	0.890517507821512	7.1420365747068	5.60947179518496	11.895742701912	
BA_only	hippocampus	AA	psi	chr13_66345118_66346336	chr13	66345118	66346336	0	0	0	0					1218	241	Genic/other	0	Heritable	0.180131619806108	0.817614688234421	0.00845092909778189	227381	0	0	1.80131619806108	7.10496544826984	5.48893772615669	12.3343867014928	
BA_only	hippocampus	AA	psi	chr13_67156024_67156525	chr13	67156024	67156525	4	4	0	0	0.0407121213545357	0.980549382116533	2.45172793443344	-2.45172793443344	501	306	Enhancer	0	Non-heritable	0.0708261420875244	0.810087266589265	0.00797128928330073	0	0	0	0.708261420875244	6.21660610108487	5.7268477475872	0	0.896793059403369
BA_only	hippocampus	AA	psi	chr13_67226056_67228380	chr13	67226056	67228380	3	3	0	0	0.069063347323102	0.985907779499035	2.42695026161292	-2.42695026161292	2324	305	Genic/other	2	Non-heritable	0.0929887107294185	0.863618539304604	0.00910575848524948	650	0	0	0.929887107294185	7.7510451179718	5.72358510195238	6.47850964220857	0.886635436881858
BA_only	hippocampus	AA	psi	chr13_69461407_69462113	chr13	69461407	69462113	3	3	0	0	0.16223746888306	0.991064867102684	0.165052450247755	-0.165052450247755	706	272	Intergenic	0	Non-heritable	0.0900576244618835	0.806047110736227	0.00810015747719536	140061	0	0	0.900576244618835	6.55961523749324	5.60947179518496	11.849840460702	-1.80149191471857
BA_only	hippocampus	AA	psi	chr13_74576616_74577218	chr13	74576616	74577218	11	11	0	0	0.0118462255731001	0.95477271817661	0.355460296133754	-0.355460296133754	602	432	Intergenic	0	Non-heritable	0.0656132391176558	0.919499474197665	0.0166260488727438	0	0	0	0.656132391176558	6.40025744530882	6.07073772800249	0	-1.03434169241802
BA_only	hippocampus	AA	psi	chr13_75538527_75538878	chr13	75538527	75538878	15	15	0	0	0.011552332503658	0.95315577890577	2.43408482439975	2.43408482439975	351	403	Promoter	1	Non-heritable	0.0536021990197894	0.871401971490337	0.00776847649100346	0	0	0	0.536021990197894	5.86078622346587	6.00141487796115	0	0.88957084786089
BA_only	hippocampus	AA	psi	chr13_75637492_75637681	chr13	75637492	75637681	22	22	0	0	0.0231551502680804	0.975932065139872	2.54445827582172	2.54445827582172	189	382	Genic/other	1	Heritable	0.124911796827695	0.845783674982518	0.00767303729845623	0	0	0	1.24911796827695	5.24174701505964	5.94803498918065	0	0.933917773051776
BA_only	hippocampus	AA	psi	chr13_76019241_76020054	chr13	76019241	76020054	9	9	0	0	0.0703896497432554	0.985907779499035	2.52785788463193	-2.52785788463193	813	320	Intergenic	0	Non-heritable	0.0897187905021101	0.899769187458021	0.00808997323833952	4224	0	0	0.897187905021101	6.70073110954781	5.77144112313002	8.34877453979127	0.927372262138142
BA_only	hippocampus	AA	psi	chr13_76879650_76880116	chr13	76879650	76880116	41	41	0	0	0.0153964779704014	0.967076513219291	1.43587775411881	1.43587775411881	466	304	Enhancer	0	Heritable	0.141780848073677	0.873906876954406	0.0109468043186374	62754	0	0	1.41780848073677	6.14418563412565	5.72031177660741	11.0469935350945	0.361776344522971
BA_only	hippocampus	AA	psi	chr13_77028095_77028324	chr13	77028095	77028324	37	37	0	0	0.00798389109777569	0.933559278800072	1.03588456829006	1.03588456829006	229	323	Promoter	1	Non-heritable	0.0545312754653851	0.853322771462971	0.0101869601820981	0	0	0	0.545312754653851	5.43372200355424	5.78074351579233	0	0.0352557267137035
BA_only	hippocampus	AA	psi	chr13_77702204_77703762	chr13	77702204	77703762	60	60	0	0	0.00810400189347832	0.933559278800072	1.55570352932173	1.55570352932173	1558	249	Genic/other	1	Non-heritable	0.0710136483131346	0.735571640549339	0.011407306787679	0	0	0	0.710136483131346	7.35115822643069	5.52146091786225	0	0.44192788017535
BA_only	hippocampus	AA	psi	chr13_77747189_77747432	chr13	77747189	77747432	75	75	0	0	0.0293171236036403	0.976515220352512	2.1959658435316	2.1959658435316	243	285	Genic/other	0	Non-heritable	0.0674165299436797	0.77034187320734	0.00590734953033675	0	0	0	0.674165299436797	5.49306144334055	5.65599181081985	0	0.786621974132766
BA_only	hippocampus	AA	psi	chr13_78071881_78073083	chr13	78071881	78073083	50	50	0	0	0.00409045591071167	0.881593601077023	1.27516670064826	1.27516670064826	1202	306	Genic/other	0	Heritable	0.582674124846202	0.894642479368815	0.0124128860931733	0	0	0	5.82674124846202	7.09174211509515	5.7268477475872	0	0.243076923512518
BA_only	hippocampus	AA	psi	chr13_78592235_78594663	chr13	78592235	78594663	49	49	0	0	0.0201438700220031	0.975856666808667	1.74615977456278	-1.74615977456278	2428	402	Genic/other	2	Non-heritable	0.0981336653186821	0.893005579494998	0.00644991715933657	0	0	0	0.981336653186821	7.79482315217939	5.99893656194668	0	0.557418967870969
BA_only	hippocampus	AA	psi	chr13_78597519_78597873	chr13	78597519	78597873	49	49	0	0	0.00197052950700456	0.80614848610333	2.66603618757251	2.66603618757251	354	416	Genic/other	1	Non-heritable	0.0552366610283362	0.840452222568168	0.00895814210022301	0	0	0	0.552366610283362	5.86929691313377	6.0330862217988	0	0.980592799148406
BA_only	hippocampus	AA	psi	chr13_78599153_78600898	chr13	78599153	78600898	49	49	0	0	0.0613637421729762	0.985907779499035	1.71384024330487	-1.71384024330487	1745	406	Genic/other	1	Non-heritable	0.0721153790596303	0.846702653429228	0.00763581253089573	0	0	0	0.721153790596303	7.46450983463653	6.0088131854426	0	0.538736614726418
BA_only	hippocampus	AA	psi	chr13_78607052_78608188	chr13	78607052	78608188	49	49	0	0	0.0500395697155811	0.984017207786399	2.42834519861809	-2.42834519861809	1136	403	Genic/other	2	Non-heritable	0.044149590048508	0.837432138159655	0.00681465745197219	0	0	0	0.44149590048508	7.0352685992811	6.00141487796115	0	0.887210041269677
BA_only	hippocampus	AA	psi	chr13_78660218_78660712	chr13	78660218	78660712	49	49	0	0	0.0339527446524494	0.979164877002956	4.95249933946091	-4.95249933946091	494	369	Genic/other	1	Heritable	0.152972846306898	0.902967483565558	0.00724556294336462	44542	0	0	1.52972846306898	6.20253551718792	5.91350300563827	10.7042102937295	1.59989236823486
BA_only	hippocampus	AA	psi	chr13_80048896_80049026	chr13	80048896	80049026	24	24	0	0	0.000298092571602641	0.537579539290605	2.17937155149939	2.17937155149939	130	343	Genic/other	0	Heritable	0.166425380866966	0.890512365925038	0.008466136859283	0	0	0	1.66425380866966	4.86753445045558	5.8406416573734	0	0.779036560700341
BA_only	hippocampus	AA	psi	chr13_80234999_80235988	chr13	80234999	80235988	19	19	0	0	0.0387053544447754	0.980549382116533	2.09097179089757	-2.09097179089757	989	342	Enhancer	0	Non-heritable	0.0821668542384735	0.856966949456005	0.0117620515709585	76288	0	0	0.821668542384735	6.89669433162271	5.83773044716594	11.2422840391205	0.737628934414656
BA_only	hippocampus	AA	psi	chr13_80337621_80337936	chr13	80337621	80337936	8	8	0	0	0.222367095689961	0.991290284450776	0.730761655463518	-0.730761655463518	315	343	Genic/other	1	Non-heritable	0.0806827744303851	0.888396862615879	0.00730384117778899	2280	0	0	0.806827744303851	5.75257263882563	5.8406416573734	7.73236922228439	-0.313667911432236
BA_only	hippocampus	AA	psi	chr13_80654361_80654830	chr13	80654361	80654830	1	1	0	0	0.435338189134625	0.994840206451052	0.0988227075098589	-0.0988227075098589	469	308	Promoter	1	Heritable	0.192924552907849	0.772921510314741	0.00972163158832808	65027	0	0	1.92924552907849	6.15060276844628	5.73334127689775	11.0825732253541	-2.31442776634884
BA_only	hippocampus	AA	psi	chr13_85405452_85406694	chr13	85405452	85406694	1	1	0	0	0.823663095066617	0.998090633148732	0.19832684929097	-0.19832684929097	1242	316	Genic/other	0	Non-heritable	0.061342110055027	0.795989766524899	0.00654623378132782	173685	0	0	0.61342110055027	7.12447826249342	5.75890177387728	12.0650043502475	-1.61783880486779
BA_only	hippocampus	AA	psi	chr13_89705487_89707283	chr13	89705487	89707283	4	4	0	0	0.0312623771233668	0.977016055735487	0.306934492337926	0.306934492337926	1796	275	Genic/other	0	Heritable	0.586097984825577	0.911235144279753	0.00907860189001907	0	0	0	5.86097984825577	7.49331724886215	5.62040086571715	0	-1.18112090159021
BA_only	hippocampus	AA	psi	chr13_92537817_92539453	chr13	92537817	92539453	1	1	0	0	0.849863816212056	0.9985879757524	0.120606083471575	0.120606083471575	1636	349	Genic/other	0	Heritable	0.112333606326975	0.908916587047208	0.0104793586347087	71998	0	0	1.12333606326975	7.40000951716269	5.85793315448346	11.1844075090129	-2.11522546966716
BA_only	hippocampus	AA	psi	chr13_94704244_94704969	chr13	94704244	94704969	28	28	0	0	0.0127594775616992	0.96173136501973	3.21177821196045	-3.21177821196045	725	545	Genic/other	1	Non-heritable	0.0862073040970723	0.935724455085132	0.0070391930176199	0	0	0	0.862073040970723	6.58617165485468	6.30261897574491	0	1.16682474698849
BA_only	hippocampus	AA	psi	chr13_94713949_94714847	chr13	94713949	94714847	29	29	0	0	0.0184521760944283	0.972503866121758	4.88073225417505	-4.88073225417505	898	527	Genic/other	1	Heritable	0.132519332437381	0.956490893055335	0.0055712492016373	5597	0	0	1.32519332437381	6.8001700683022	6.26909628370626	8.6301646700754	1.58529526274229
BA_only	hippocampus	AA	psi	chr13_94907605_94909349	chr13	94907605	94909349	24	24	0	0	0.0203612696754482	0.975856666808667	1.74647329318493	-1.74647329318493	1744	543	Intergenic	0	Heritable	0.732047623099697	0.891615958934541	0.00958258389184366	52429	0	0	7.32047623099697	7.46393660446893	6.29894924685594	10.8672342255666	0.557598499253233
BA_only	hippocampus	AA	psi	chr13_96982856_96984175	chr13	96982856	96984175	18	18	0	0	8.21858281031433e-05	0.350995241051454	6.68872094472629	6.68872094472629	1319	264	Promoter	0	Heritable	0.230182580555238	0.813263915806702	0.00825730696851386	0	0	0	2.30182580555238	7.18462915271732	5.57972982598622	0	1.90042266822712
BA_only	hippocampus	AA	psi	chr13_97191272_97191827	chr13	97191272	97191827	20	20	0	0	0.102983238109453	0.990610842832516	2.01349980462473	2.01349980462473	555	281	Genic/other	0	Non-heritable	0.0727162954222828	0.790382904595687	0.0076847921787242	11944	0	0	0.727162954222828	6.31896811374643	5.64190707093811	9.38806805975991	0.699874409243179
BA_only	hippocampus	AA	psi	chr13_97243112_97245473	chr13	97243112	97245473	17	17	0	0	0.0281443563152544	0.975932065139872	3.04902589946665	-3.04902589946665	2361	275	Genic/other	0	Non-heritable	0.0705982760228679	0.755635059309608	0.0070554482700452	0	0	0	0.705982760228679	7.76684053708551	5.62040086571715	0	1.11482216566324
BA_only	hippocampus	AA	psi	chr13_97414093_97415282	chr13	97414093	97415282	36	36	0	0	0.00737827909498526	0.933559278800072	4.87344364308878	-4.87344364308878	1189	323	Genic/other	0	Non-heritable	0.0403634405232925	0.785554284779158	0.00855661223621066	19501	0	0	0.403634405232925	7.08086789669078	5.78074351579233	9.87827230339506	1.58380080283002
BA_only	hippocampus	AA	psi	chr13_98225323_98225577	chr13	98225323	98225577	23	23	0	0	0.0762117535416516	0.987408598172976	2.04252655447028	2.04252655447028	254	619	Genic/other	0	Heritable	0.141125360557526	0.964200961897237	0.00863068694447475	12102	0	0	1.41125360557526	5.53733426701854	6.42971947803914	9.4012086347386	0.714187553528048
BA_only	hippocampus	AA	psi	chr13_98453674_98454310	chr13	98453674	98454310	16	16	0	0	0.138034278570492	0.991064867102684	2.48974700225482	-2.48974700225482	636	569	Genic/other	0	Non-heritable	0.0851662363632892	0.955432832535046	0.00892792554136465	2993	0	0	0.851662363632892	6.45519856334012	6.3456363608286	8.00436556497957	0.912181103810745
BA_only	hippocampus	AA	psi	chr13_98566068_98566335	chr13	98566068	98566335	15	15	0	0	0.0911869991282466	0.989446665475032	0.984514716405089	0.984514716405089	267	538	Genic/other	0	Non-heritable	0.0739253977018432	0.895403691658282	0.00938675877175227	0	0	0	0.739253977018432	5.58724865840025	6.289715570909	0	-0.015606422756741
BA_only	hippocampus	AA	psi	chr13_99088334_99088423	chr13	99088334	99088423	33	33	0	0	0.0468298188491359	0.982445572707507	3.40096458789386	3.40096458789386	89	369	Genic/other	1	Heritable	0.230485172619475	0.867100878201599	0.00883621875158424	2110	0	0	2.30485172619475	4.48863636973214	5.91350300563827	7.65491704784832	1.22405909664829
BA_only	hippocampus	AA	psi	chr13_99384245_99384793	chr13	99384245	99384793	51	51	0	0	0.00188023099703356	0.801360789073658	1.02059752295371	1.02059752295371	548	353	Genic/other	0	Heritable	0.111273966125944	0.85256621719763	0.00782972766529648	24265	0	0	1.11273966125944	6.30627528694802	5.86929691313377	10.0968314726118	0.0203882723938915
BA_only	hippocampus	AA	psi	chr13_99437449_99437769	chr13	99437449	99437769	51	51	0	0	0.0123685390145058	0.959522115341522	1.48314234019174	1.48314234019174	320	416	Intergenic	0	Heritable	0.128648304869187	0.895099298521516	0.0139199634473976	14107	0	0	1.28648304869187	5.76832099579377	6.0330862217988	9.55449729135594	0.394163046540976
BA_only	hippocampus	AA	psi	chr13_99477308_99477406	chr13	99477308	99477406	36	36	0	0	0.0753176528236725	0.987023137100836	0.96999263607243	-0.96999263607243	98	420	Genic/other	2	Non-heritable	0.0994616637207341	0.906235743004194	0.0115627754060406	2894	0	0	0.994616637207341	4.58496747867057	6.04263283368238	7.9707403900071	-0.0304667888820761
BA_only	hippocampus	AA	psi	chr13_99656406_99657277	chr13	99656406	99657277	42	42	0	0	0.0254380922291299	0.975932065139872	3.3371825029192	3.3371825029192	871	430	Enhancer	1	Heritable	0.106227202672653	0.916157031868554	0.0051779827775623	136369	0	0	1.06227202672653	6.7696419768525	6.06610809010375	11.8231270588519	1.20512689198627
BA_only	hippocampus	AA	psi	chr13_99746698_99747142	chr13	99746698	99747142	32	32	0	0	0.00262558885401892	0.834890109094339	5.49332691656686	-5.49332691656686	444	428	Enhancer	0	Non-heritable	0.0878768312661644	0.868305054827162	0.00837877000951105	89176	0	0	0.878768312661644	6.09582456243223	6.06145691892802	11.3983784377861	1.70353406953223
BA_only	hippocampus	AA	psi	chr13_99832070_99832465	chr13	99832070	99832465	16	16	0	0	0.106673057949892	0.990610842832516	0.989173157500928	-0.989173157500928	395	450	Genic/other	0	Non-heritable	0.0576332303581633	0.847217852377157	0.00823483791871692	3853	0	0	0.576332303581633	5.97888576490112	6.11146733950268	8.25686684897431	-0.0108858691567525
BA_only	hippocampus	AA	psi	chr13_99894919_99895168	chr13	99894919	99895168	18	18	0	0	0.100059004520216	0.990400450319684	1.159412593124	-1.159412593124	249	432	Genic/other	1	Heritable	0.12912160788214	0.920869879114909	0.0102104314721472	0	0	0	1.2912160788214	5.51745289646471	6.07073772800249	0	0.147913500249095
BA_only	hippocampus	AA	psi	chr13_99955388_99955931	chr13	99955388	99955931	18	18	0	0	0.0238169666598452	0.975932065139872	2.83304483448075	2.83304483448075	543	409	Promoter	2	Heritable	0.114664429015919	0.905614867287878	0.00882824797405394	0	0	0	1.14664429015919	6.29710931993394	6.01615715969835	0	1.04135205004916
BA_only	hippocampus	AA	psi	chr13_99967555_99967809	chr13	99967555	99967809	18	18	0	0	0.112934675644744	0.990898390030923	1.88162779481287	1.88162779481287	254	398	Genic/other	1	Non-heritable	0.0939710555951351	0.886046232866885	0.00831152089769617	2318	0	0	0.939710555951351	5.53733426701854	5.98896141688986	7.74889133725553	0.632137255830713
BA_only	hippocampus	AA	psi	chr13_99972404_99973378	chr13	99972404	99973378	18	18	0	0	0.0881626118095145	0.988893217018337	1.12358520240372	1.12358520240372	974	397	Promoter	1	Non-heritable	0.0745354712316992	0.863678877488996	0.0115038810977581	648	0	0	0.745354712316992	6.88141130364254	5.98645200528444	6.47543271670409	0.1165246552533
BA_only	hippocampus	AA	psi	chr13_99974741_99975711	chr13	99974741	99975711	18	18	0	0	0.0495701416460279	0.983467460127533	1.94689536749872	1.94689536749872	970	397	Genic/other	1	Non-heritable	0.0433641656980181	0.810240995419128	0.00780441359743061	2985	0	0	0.433641656980181	6.87729607149743	5.98645200528444	8.00168997809914	0.666235989711923
BA_only	hippocampus	AA	psi	chr13_99977807_99978176	chr13	99977807	99978176	18	18	0	0	0.00717575844006145	0.931602204679102	1.35205418789798	-1.35205418789798	369	394	Genic/other	1	Non-heritable	0.070954759512289	0.89620056085428	0.00711159991705644	4962	0	0	0.70954759512289	5.91079664404053	5.97888576490112	8.50976567558744	0.30162506401995
BA_only	hippocampus	AA	psi	chr13_99985990_99990839	chr13	99985990	99990839	18	18	0	0	0.0128631010928783	0.963329534586916	1.7485263643874	-1.7485263643874	4849	404	Enhancer	2	Non-heritable	0.0930187337713758	0.796295250617258	0.0136815489144966	1043	0	0	0.930187337713758	8.48652777710535	6.00388706710654	6.95081476844258	0.558773361415195
BA_only	hippocampus	AA	psi	chr13_99991247_99992790	chr13	99991247	99992790	18	18	0	0	0.0752891419696236	0.986965982246551	1.11477462225854	1.11477462225854	1543	400	Enhancer	1	Non-heritable	0.0615975755341886	0.782617820498477	0.0128751799735023	6300	0	0	0.615975755341886	7.34148385236316	5.99396142730657	8.74846362994206	0.108652260947426
BA_only	hippocampus	AA	psi	chr13_99993946_99994201	chr13	99993946	99994201	18	18	0	0	0.0281087249201608	0.975932065139872	1.77509015202288	-1.77509015202288	255	404	Intergenic	1	Heritable	0.102456286874376	0.864015745871763	0.0128997130069444	8999	0	0	1.02456286874376	5.54126354515843	6.00388706710654	9.10497985631836	0.573851217143179
BA_only	hippocampus	AA	psi	chr14_100115347_100115875	chr14	100115347	100115875	81	81	0	0	0.0314104632607865	0.977060807838727	2.90833837974815	2.90833837974815	528	443	Genic/other	0	Non-heritable	0.0841141005149735	0.92949296649545	0.00989126798557006	0	0	0	0.841141005149735	6.26909628370626	6.09582456243223	0	1.06758191801422
BA_only	hippocampus	AA	psi	chr14_100166421_100167749	chr14	100166421	100167749	136	136	0	0	0.00257505359415561	0.833167185490902	7.19300381430842	-7.19300381430842	1328	445	Enhancer	0	Non-heritable	0.0903267441043399	0.903966809358017	0.00859531991385949	6914	0	0	0.903267441043399	7.19142933003638	6.10031895202006	8.84144824409886	1.97310886255593
BA_only	hippocampus	AA	psi	chr14_100290976_100291216	chr14	100290976	100291216	119	119	0	0	0.0215117796811275	0.975932065139872	4.52671066601404	-4.52671066601404	240	450	Promoter	1	Non-heritable	0.0688463766036797	0.882787684212097	0.00776947516525242	2160	0	0	0.688463766036797	5.48063892334199	6.11146733950268	7.67832635650689	1.50999555565687
BA_only	hippocampus	AA	psi	chr14_100537364_100538018	chr14	100537364	100538018	117	117	0	0	0.00180062096947289	0.796268588634543	3.4720494957862	-3.4720494957862	654	499	Promoter	2	Non-heritable	0.0945550382355805	0.932500100929649	0.00740432471905486	8643	0	0	0.945550382355805	6.4831073514572	6.21460809842219	9.06462071762678	1.24474505527543
BA_only	hippocampus	AA	psi	chr14_100546103_100546997	chr14	100546103	100546997	116	116	0	0	0.0226341494439458	0.975932065139872	1.91071654536999	-1.91071654536999	894	516	Promoter	2	Heritable	0.209812942199711	0.927703069511889	0.0220009555591796	0	0	0	2.09812942199711	6.79570577517351	6.24804287450843	0	0.647478331583242
BA_only	hippocampus	AA	psi	chr14_100602291_100602876	chr14	100602291	100602876	194	194	0	0	0.00491858618455792	0.903845859635741	2.78163535971192	-2.78163535971192	585	573	Intergenic	0	Heritable	0.180749425768034	0.922692618628049	0.00902644158006876	14456	0	0	1.80749425768034	6.37161184723186	6.35262939631957	9.57893400530844	1.0230390172303
BA_only	hippocampus	AA	psi	chr14_100678086_100678307	chr14	100678086	100678307	125	125	0	0	0.0130855903166597	0.964283399649536	3.19290556741697	-3.19290556741697	221	589	Genic/other	0	Non-heritable	0.0394026280104331	0.863935566957238	0.00580030503382502	0	0	0	0.394026280104331	5.39816270151775	6.38012253689977	0	1.16093134155
BA_only	hippocampus	AA	psi	chr14_100691476_100691898	chr14	100691476	100691898	125	125	0	0	0.0197020479982429	0.974495706836382	5.50669333580345	5.50669333580345	422	598	Intergenic	0	Non-heritable	0.0712568476821133	0.942474188922432	0.00673072167903455	0	0	0	0.712568476821133	6.04500531403601	6.39526159811545	0	1.70596432429255
BA_only	hippocampus	AA	psi	chr14_100709097_100709381	chr14	100709097	100709381	130	130	0	0	0.0183757074431808	0.972503866121758	3.12046411031869	-3.12046411031869	284	619	Intergenic	1	Heritable	0.315746065675308	0.941698338041988	0.00668714600194033	0	0	0	3.15746065675308	5.64897423816121	6.42971947803914	0	1.13798174727064
BA_only	hippocampus	AA	psi	chr14_101068386_101068571	chr14	101068386	101068571	150	150	0	0	0.020219687329366	0.975856666808667	6.32789732706035	-6.32789732706035	185	755	Promoter	1	Heritable	0.132922690227743	0.969860667372996	0.00646733736188058	967	0	0	1.32922690227743	5.22035582507832	6.62804137617953	6.87523208727658	1.84496800673393
BA_only	hippocampus	AA	psi	chr14_101374650_101375080	chr14	101374650	101375080	229	229	0	0	0.00243683600626209	0.824728302674626	2.51759219423724	-2.51759219423724	430	586	Intergenic	0	Non-heritable	0.0793984741042026	0.948088047046009	0.0082604789287156	0	0	0	0.793984741042026	6.06378520868761	6.3750248198281	0	0.923302970257562
BA_only	hippocampus	AA	psi	chr14_101459345_101459437	chr14	101459345	101459437	230	230	0	0	0.000148214817939547	0.433520394044454	4.18617494153713	-4.18617494153713	92	582	Intergenic	1	Non-heritable	0.0558128409126822	0.961729515392066	0.00694573274657468	0	0	0	0.558128409126822	4.52178857704904	6.36818718635049	0	1.43178741759314
BA_only	hippocampus	AA	psi	chr14_101478193_101478479	chr14	101478193	101478479	230	230	0	0	0.00329101926056291	0.85908203450113	5.20882831871647	5.20882831871647	286	595	Intergenic	0	Non-heritable	0.0806236138806636	0.958941235518804	0.0054221417998257	0	0	0	0.806236138806636	5.65599181081985	6.39024066706535	0	1.65035494155199
BA_only	hippocampus	AA	psi	chr14_101496627_101497597	chr14	101496627	101497597	231	231	0	0	0.0105708902323131	0.944902218841749	2.63531131989174	-2.63531131989174	970	592	Intergenic	0	Heritable	0.156480182694381	0.938583800510506	0.00499410427072877	0	0	0	1.56480182694381	6.87729607149743	6.38519439899773	0	0.969001326775527
BA_only	hippocampus	AA	psi	chr14_101587705_101587904	chr14	101587705	101587904	214	214	0	0	0.00224920491415531	0.818039030279412	2.97742974784095	-2.97742974784095	199	517	Genic/other	2	Non-heritable	0.0548954087605892	0.955502395806218	0.00569454121771973	22855	0	0	0.548954087605892	5.29330482472449	6.24997524225948	10.0369689439106	1.09106043098364
BA_only	hippocampus	AA	psi	chr14_101908954_101909534	chr14	101908954	101909534	54	54	0	0	0.000493096500895016	0.610417917759501	1.81515039157945	-1.81515039157945	580	316	Promoter	0	Heritable	0.10602829377258	0.860076372541087	0.00855437992130306	0	0	0	1.0602829377258	6.36302810354047	5.75890177387728	0	0.596168330167621
BA_only	hippocampus	AA	psi	chr14_102088329_102088619	chr14	102088329	102088619	75	75	0	0	0.00570797990267745	0.91440075671538	4.16912594871909	-4.16912594871909	290	251	Enhancer	1	Heritable	0.110922327627198	0.788742045509818	0.00754427151374168	2111	0	0	1.10922327627198	5.66988092298052	5.52942908751142	7.65539064482615	1.42770641161546
BA_only	hippocampus	AA	psi	chr14_102183297_102184926	chr14	102183297	102184926	78	78	0	0	0.00823140365554794	0.933559278800072	3.07150227124067	-3.07150227124067	1629	258	Genic/other	0	Non-heritable	0.0900423139239881	0.82609744439754	0.00852169212918569	0	0	0	0.900423139239881	7.39572160860205	5.55682806169954	0	1.12216678433382
BA_only	hippocampus	AA	psi	chr14_102344688_102345237	chr14	102344688	102345237	84	84	0	0	0.00571032469113495	0.91440075671538	11.7615000153591	11.7615000153591	549	267	Genic/other	0	Heritable	0.124904045580363	0.822694152379485	0.00862724201323961	2584	0	0	1.24904045580363	6.30809844150953	5.59098698051086	7.85748078694253	2.46483148751306
BA_only	hippocampus	AA	psi	chr14_102364357_102365503	chr14	102364357	102365503	84	84	0	0	0.001676932327402	0.786661074605562	2.52179547882178	-2.52179547882178	1146	243	Genic/other	1	Heritable	0.114398814487349	0.824404894611148	0.0064709312476032	3372	0	0	1.14398814487349	7.04403289727469	5.4971682252932	8.12355783506165	0.924971143383068
BA_only	hippocampus	AA	psi	chr14_102415436_102416093	chr14	102415436	102416093	83	83	0	0	0.000371763087246908	0.571397027852789	5.1040604404074	5.1040604404074	657	241	Genic/other	0	Non-heritable	0.0554863757081655	0.80692941685952	0.00628554635168372	0	0	0	0.554863757081655	6.48768401848461	5.48893772615669	0	1.63003638970421
BA_only	hippocampus	AA	psi	chr14_102966981_102967733	chr14	102966981	102967733	35	35	0	0	0.00271207067376093	0.839056932024199	4.60413285066956	4.60413285066956	752	391	Genic/other	1	Heritable	0.156219847866662	0.91557364642839	0.00799326134991693	12378	0	0	1.56219847866662	6.62273632394984	5.97126183979046	9.42375676753181	1.5269543481039
BA_only	hippocampus	AA	psi	chr14_102986751_102987454	chr14	102986751	102987454	35	35	0	0	0.00516086974294538	0.909885926705608	3.46186199659943	3.46186199659943	703	386	Genic/other	0	Heritable	0.101143358975566	0.92397204385298	0.00674549691122456	32148	0	0	1.01143358975566	6.55535689181067	5.95842469302978	10.378136624983	1.24180659651404
BA_only	hippocampus	AA	psi	chr14_103007624_103008229	chr14	103007624	103008229	35	35	0	0	0.0058530236079776	0.91658260669542	3.91817064360359	-3.91817064360359	605	371	Genic/other	0	Non-heritable	0.0669596643075304	0.888817311738872	0.00672332043073597	53021	0	0	0.669596643075304	6.40522845803084	5.91889385427315	10.8784622007461	1.36562487487895
BA_only	hippocampus	AA	psi	chr14_103109854_103110074	chr14	103109854	103110074	52	52	0	0	0.0217602523859756	0.975932065139872	3.61860413971536	3.61860413971536	220	367	Genic/other	0	Heritable	0.143212546677357	0.89200399949496	0.00678202480758363	109	0	0	1.43212546677357	5.39362754635236	5.90808293816893	4.70048036579242	1.28608835747592
BA_only	hippocampus	AA	psi	chr14_103128770_103129122	chr14	103128770	103129122	51	51	0	0	0.00446413588151879	0.892834879730647	4.39222565098098	-4.39222565098098	352	357	Genic/other	1	Heritable	0.110045333053313	0.894864536433554	0.00747420993599289	0	0	0	1.10045333053313	5.8636311755981	5.8805329864007	0	1.4798360828921
BA_only	hippocampus	AA	psi	chr14_103151235_103151720	chr14	103151235	103151720	69	69	0	0	0.00486638578478384	0.903845859635741	2.60662336641013	-2.60662336641013	485	362	Intergenic	0	Non-heritable	0.076177564980464	0.893762422242148	0.00818801701386268	11561	0	0	0.76177564980464	6.18414889093748	5.89440283426485	9.35547913764242	0.958055658235908
BA_only	hippocampus	AA	psi	chr14_103221338_103221550	chr14	103221338	103221550	90	90	0	0	0.00641278028251938	0.921911634287038	3.43085059872554	-3.43085059872554	212	367	Intergenic	1	Heritable	0.157490386627269	0.878681455357809	0.0073158251639358	0	0	0	1.57490386627269	5.35658627467201	5.90808293816893	0	1.23280822131527
BA_only	hippocampus	AA	psi	chr14_103332970_103333142	chr14	103332970	103333142	140	140	0	0	0.0194843268000516	0.973499901785045	2.66625178185482	2.66625178185482	172	336	Promoter	1	Heritable	0.209468349432895	0.864129407028154	0.00693049299864455	1117	0	0	2.09468349432895	5.14749447681345	5.82008293035236	7.01929665371505	0.980673662853763
BA_only	hippocampus	AA	psi	chr14_103549056_103550971	chr14	103549056	103550971	132	132	0	0	0.00527614289061532	0.910718986954723	2.23384293927801	2.23384293927801	1915	339	Promoter	0	Heritable	0.145737574791767	0.908699420750305	0.00827190030531965	10220	0	0	1.45737574791767	7.55747290161475	5.82894561761021	9.23219970632908	0.803723397942175
BA_only	hippocampus	AA	psi	chr14_103569079_103569281	chr14	103569079	103569281	127	127	0	0	0.00186823921330924	0.800632140208814	2.97195304779412	-2.97195304779412	202	321	Genic/other	0	Heritable	0.174113913137689	0.881284378731247	0.00636022867312951	0	0	0	1.74113913137689	5.30826769740121	5.77455154554441	0	1.08921933191049
BA_only	hippocampus	AA	psi	chr14_104178623_104178711	chr14	104178623	104178711	20	20	0	0	0.113790386678433	0.990898390030923	1.90459961435935	1.90459961435935	88	487	Genic/other	1	Heritable	0.161507933800362	0.897864712205298	0.00626524937989377	39579	0	0	1.61507933800362	4.47733681447821	6.19031540585315	10.5860792191566	0.644271815549684
BA_only	hippocampus	AA	psi	chr14_104196026_104196229	chr14	104196026	104196229	20	20	0	0	0.0380496977779822	0.980549382116533	4.78270393167975	4.78270393167975	203	532	Intergenic	0	Heritable	0.119872544287673	0.935176359054587	0.007010814927601	27586	0	0	1.19872544287673	5.31320597904179	6.27852142416584	10.2250999262503	1.56500606474346
BA_only	hippocampus	AA	psi	chr14_104223537_104224188	chr14	104223537	104224188	23	23	0	0	0.0295252777690957	0.976712848084579	3.5389673793337	-3.5389673793337	651	527	Promoter	2	Non-heritable	0.0611761405861004	0.952393169329398	0.00711100638185483	0	0	0	0.611761405861004	6.47850964220857	6.26909628370626	0	1.26383498666523
BA_only	hippocampus	AA	psi	chr14_104289340_104289782	chr14	104289340	104289782	24	24	0	0	0.0168944273482482	0.970581273335112	2.41920737292767	-2.41920737292767	442	533	Genic/other	0	Heritable	0.299094149415547	0.911824585505705	0.00478507653014685	0	0	0	2.99094149415547	6.0913098820777	6.2803958389602	0	0.883439958803839
BA_only	hippocampus	AA	psi	chr14_104301979_104302304	chr14	104301979	104302304	24	24	0	0	0.0133128174584513	0.964283399649536	1.61991058960504	1.61991058960504	325	563	Intergenic	0	Heritable	0.101844699873075	0.937068144959602	0.00612283812348533	0	0	0	1.01844699873075	5.78382518232974	6.33505425149806	0	0.482370962292533
BA_only	hippocampus	AA	psi	chr14_104334032_104334594	chr14	104334032	104334594	25	25	0	0	0.0231473008808527	0.975932065139872	3.82971121032298	-3.82971121032298	562	568	Intergenic	2	Heritable	0.134762645935582	0.949641404627632	0.00783224401388245	18615	0	0	1.34762645935582	6.33150184989369	6.34388043412633	9.83177670498213	1.3427894009564
BA_only	hippocampus	AA	psi	chr14_104391708_104391868	chr14	104391708	104391868	22	22	0	0	0.00736606867870552	0.933559278800072	4.7351594660117	4.7351594660117	160	551	Intergenic	0	Non-heritable	0.0492444140703361	0.932962853111832	0.0064942604698381	14166	0	0	0.492444140703361	5.07517381523383	6.3135480462771	9.55867059537935	1.55501540632678
BA_only	hippocampus	AA	psi	chr14_104569386_104569800	chr14	104569386	104569800	73	73	0	0	0.00201651718683962	0.808078177358965	2.75748392125027	2.75748392125027	414	583	Genic/other	0	Heritable	0.123827137599825	0.936572726686426	0.00718343802753678	0	0	0	1.23827137599825	6.02586597382531	6.36990098282823	0	1.01431864483943
BA_only	hippocampus	AA	psi	chr14_104633236_104634168	chr14	104633236	104634168	76	76	0	0	0.0133587707934667	0.964283399649536	1.77836311158041	-1.77836311158041	932	557	Intergenic	1	Non-heritable	0.0847817240493646	0.950317506297958	0.00892378719190474	19602	0	0	0.847817240493646	6.83733281468559	6.32435896238131	9.88343789473042	0.575693346599717
BA_only	hippocampus	AA	psi	chr14_104665573_104665763	chr14	104665573	104665763	77	77	0	0	0.00604081624269702	0.919417785088414	2.56441725726971	2.56441725726971	190	534	Promoter	0	Non-heritable	0.0690752383158405	0.851174189505719	0.00574836482446096	0	0	0	0.690752383158405	5.24702407216049	6.28226674689601	0	0.941731266562402
BA_only	hippocampus	AA	psi	chr14_104678981_104680081	chr14	104678981	104680081	79	79	0	0	0.00816138673105257	0.933559278800072	3.03811959302074	-3.03811959302074	1100	532	Genic/other	1	Non-heritable	0.0858187292104868	0.950122187810645	0.00670619752856948	0	0	0	0.858187292104868	7.00306545878646	6.27852142416584	0	1.11123877239823
BA_only	hippocampus	AA	psi	chr14_104680338_104681248	chr14	104680338	104681248	79	79	0	0	0.000966779997116374	0.71448692209386	4.19753244930364	4.19753244930364	910	516	Promoter	1	Heritable	0.114890907228479	0.933259522976048	0.00556525733878733	0	0	0	1.14890907228479	6.8134445995109	6.24804287450843	0	1.43449684294827
BA_only	hippocampus	AA	psi	chr14_104692922_104694158	chr14	104692922	104694158	79	79	0	0	0.00105353330896572	0.721965237965727	3.68825697140982	3.68825697140982	1236	508	Genic/other	1	Non-heritable	0.0844480283180362	0.941542478472039	0.00700322901311708	0	0	0	0.844480283180362	7.11963563801764	6.23244801655052	0	1.30515398369244
BA_only	hippocampus	AA	psi	chr14_104717720_104717863	chr14	104717720	104717863	79	79	0	0	0.0193701309384548	0.973353388707841	2.42003573152399	2.42003573152399	143	523	Genic/other	1	Non-heritable	0.0826901596865132	0.92109829797192	0.00621854292074641	0	0	0	0.826901596865132	4.96284463025991	6.26149168432104	0	0.883782309284321
BA_only	hippocampus	AA	psi	chr14_104857317_104857628	chr14	104857317	104857628	527	527	0	0	0.00570503636654405	0.91440075671538	3.80473003820967	3.80473003820967	311	467	Intergenic	0	Heritable	0.156028725643899	0.917729917042851	0.00511037474319719	0	0	0	1.56028725643899	5.73979291217923	6.14846829591765	0	1.33624504220278
BA_only	hippocampus	AA	psi	chr14_104896868_104897121	chr14	104896868	104897121	528	528	0	0	0.00121673582335137	0.741782412295099	2.95626123510621	2.95626123510621	253	439	Intergenic	1	Heritable	0.513567965508355	0.889268770347171	0.0084152318449343	7247	0	0	5.13567965508355	5.53338948872752	6.08677472691231	8.88848084772282	1.0839253770923
BA_only	hippocampus	AA	psi	chr14_104905505_104905907	chr14	104905505	104905907	527	527	0	0	0.00327958976083042	0.857599671675802	4.43114704748843	4.43114704748843	402	444	Intergenic	1	Non-heritable	0.0886096775236375	0.921267028612206	0.00682572792015369	15884	0	0	0.886096775236375	5.99645208861902	6.09807428216624	9.67313054670362	1.48865847999623
BA_only	hippocampus	AA	psi	chr14_105033369_105034313	chr14	105033369	105034313	484	484	0	0	0.000475663203745441	0.604162640906295	6.62230672591233	6.62230672591233	944	385	Enhancer	2	Heritable	0.316167211870743	0.885450676061002	0.00729085058613565	0	0	0	3.16167211870743	6.8501261661455	5.95583736946483	0	1.89044375878806
BA_only	hippocampus	AA	psi	chr14_105193097_105193566	chr14	105193097	105193566	480	480	0	0	0.000117780894075558	0.413849507326493	5.65690176185475	5.65690176185475	469	269	Enhancer	1	Non-heritable	0.0874532351422745	0.836718583717827	0.00640729239632889	15404	0	0	0.874532351422745	6.15060276844628	5.59842195899838	9.64244741103077	1.73287635221075
BA_only	hippocampus	AA	psi	chr14_105223392_105223607	chr14	105223392	105223607	483	483	0	0	0.000557761763605596	0.636920160415722	8.20159274323782	8.20159274323782	215	267	Promoter	1	Heritable	0.272177407906565	0.781065205712799	0.00734266232968739	0	0	0	2.72177407906565	5.37063802812766	5.59098698051086	0	2.10432837360815
BA_only	hippocampus	AA	psi	chr14_105312674_105313489	chr14	105312674	105313489	510	510	0	0	0.00769605248126476	0.933559278800072	4.08636596567016	4.08636596567016	815	199	Promoter	1	Heritable	0.157421343014987	0.749727344523736	0.00912124406652752	0	0	0	1.57421343014987	6.70318811324086	5.29831736654804	0	1.40765606058565
BA_only	hippocampus	AA	psi	chr14_105335822_105336314	chr14	105335822	105336314	510	510	0	0	0.00328001492554898	0.857599671675802	3.6642858596816	-3.6642858596816	492	189	Promoter	0	Heritable	0.198507826400458	0.751256057968443	0.00615779849040311	0	0	0	1.98507826400458	6.19847871649231	5.24702407216049	0	1.2986334649697
BA_only	hippocampus	AA	psi	chr14_105364051_105364719	chr14	105364051	105364719	58	58	0	0	0.000976224250947953	0.716185863339116	1.9877769601384	1.9877769601384	668	204	Genic/other	2	Heritable	0.121109313084663	0.755053414160318	0.0214700818545713	3795	0	0	1.21109313084663	6.50428817353665	5.32300997913841	8.24170315972982	0.687016913881676
BA_only	hippocampus	AA	psi	chr14_105498752_105500511	chr14	105498752	105500511	50	50	0	0	0.0106050215884563	0.944902218841749	5.03628143354522	5.03628143354522	1759	147	Intergenic	2	Non-heritable	0.090963151325214	0.654933293547093	0.00622930664895568	1394	0	0	0.90963151325214	7.47250074473756	4.99721227376412	7.24064969425547	1.616668000948
BA_only	hippocampus	AA	psi	chr14_105559549_105560498	chr14	105559549	105560498	50	50	0	0	0.0051571032939365	0.909885926705608	1.39159503235011	1.39159503235011	949	139	Intergenic	2	Non-heritable	0.0620129082049672	0.68497800086774	0.00898374260054979	10358	0	0	0.620129082049672	6.85540879860993	4.9416424226093	9.2456109860581	0.330450601735488
BA_only	hippocampus	AA	psi	chr14_105680028_105680210	chr14	105680028	105680210	36	36	0	0	0.0127332954222446	0.961717006536833	3.22707045408641	-3.22707045408641	182	94	Intergenic	1	Non-heritable	0.0996067370385186	0.55255536144692	0.00917438134531882	130837	0	0	0.996067370385186	5.2040066870768	4.55387689160054	11.7817151956902	1.17157474861897
BA_only	hippocampus	AA	psi	chr14_105743338_105744730	chr14	105743338	105744730	21	21	0	0	0.0837966083076984	0.988137148207548	1.24009059639689	1.24009059639689	1392	77	Promoter	0	Heritable	0.156205374669532	0.719027785004623	0.00900852220979674	135420	0	0	1.56205374669532	7.23849684089437	4.35670882668959	11.816143723446	0.215184446622398
BA_only	hippocampus	AA	psi	chr14_105909429_105910746	chr14	105909429	105910746	2	2	0	0	0.019389060680632	0.973353388707841	0.68392103123073	-0.68392103123073	1317	32	Promoter	0	Non-heritable	0.0416640500275907	0.325579461966836	0.00728412717836768	0	0	0	0.416640500275907	7.18311170174328	3.49650756146648	0	-0.379912804820105
BA_only	hippocampus	AA	psi	chr14_105913732_105914668	chr14	105913732	105914668	2	2	0	0	0.0439544496699456	0.980789550235948	0.613316438984037	-0.613316438984037	936	31	Promoter	0	Non-heritable	0.0451201728398523	0.333917334334678	0.00706643622895518	0	0	0	0.451201728398523	6.84161547647759	3.46573590279973	0	-0.488874246256515
BA_only	hippocampus	AA	psi	chr14_19866716_19867244	chr14	19866716	19867244	6	6	0	0	0.190536530882721	0.991064867102684	0.577307428443495	-0.577307428443495	528	229	Intergenic	0	Heritable	0.148381886591744	0.780613461287971	0.00752430785198648	9139	0	0	1.48381886591744	6.26909628370626	5.4380793089232	9.1204156644482	-0.549380332114325
BA_only	hippocampus	AA	psi	chr14_20087502_20088161	chr14	20087502	20088161	11	11	0	0	0.0521184731581592	0.984308387733243	2.24792189494521	-2.24792189494521	659	448	Genic/other	0	Heritable	0.444521652668185	0.916979405677256	0.0112368406267729	22730	0	0	4.44521652668185	6.49072353450251	6.10702288774226	10.0314849105995	0.810006191634948
BA_only	hippocampus	AA	psi	chr14_20334138_20334363	chr14	20334138	20334363	71	71	0	0	0.000550467112284004	0.636920160415722	3.9631564914956	3.9631564914956	225	690	Promoter	0	Non-heritable	0.087199465726003	0.967907984985624	0.00774516843687342	883	0	0	0.87199465726003	5.41610040220442	6.53813982376767	6.78445706263764	1.37704080409109
BA_only	hippocampus	AA	psi	chr14_20614605_20614840	chr14	20614605	20614840	86	86	0	0	0.0229538966754909	0.975932065139872	2.68226613318835	2.68226613318835	235	848	Genic/other	0	Heritable	0.117273991523608	0.979427147060629	0.00846844976725481	5060	0	0	1.17273991523608	5.45958551414416	6.74405918631135	8.52931937121408	0.986662013041484
BA_only	hippocampus	AA	psi	chr14_20659667_20660488	chr14	20659667	20660488	84	84	0	0	0.00792897465243556	0.933559278800072	6.16160865341084	-6.16160865341084	821	875	Intergenic	0	Non-heritable	0.0658697981630938	0.976415802266585	0.00767494401808994	0	0	0	0.658697981630938	6.71052310945243	6.77536609093639	0	1.81833789011018
BA_only	hippocampus	AA	psi	chr14_20723261_20724161	chr14	20723261	20724161	53	53	0	0	0.032126225754093	0.977766397564809	1.80335280234123	1.80335280234123	900	881	Promoter	2	Non-heritable	0.077843847538387	0.97827037185597	0.0156807063580871	0	0	0	0.77843847538387	6.80239476332431	6.78219205600679	0	0.589647605799908
BA_only	hippocampus	AA	psi	chr14_20801267_20803438	chr14	20801267	20803438	167	167	0	0	0.00143304869563502	0.761452272196194	5.43381979917158	5.43381979917158	2171	840	Promoter	0	Non-heritable	0.0978039704831791	0.977894972680777	0.00613247922985433	0	0	0	0.978039704831791	7.68294316987829	6.73459165997295	0	1.6926423505669
BA_only	hippocampus	AA	psi	chr14_20823900_20824499	chr14	20823900	20824499	159	159	0	0	0.00288793067529468	0.845897687109742	3.31253534676096	3.31253534676096	599	842	Intergenic	0	Non-heritable	0.0675032949395297	0.969690909127726	0.00663859120509103	21102	0	0	0.675032949395297	6.39526159811545	6.73696695800186	9.95717048945231	1.19771386499453
BA_only	hippocampus	AA	psi	chr14_20962436_20963315	chr14	20962436	20963315	164	164	0	0	0.0133152745587829	0.964283399649536	1.99067419499461	-1.99067419499461	879	779	Promoter	0	Heritable	0.318601634754691	0.954312525124219	0.0146168860870806	0	0	0	3.18601634754691	6.77878489768518	6.65929391968364	0	0.688473377837537
BA_only	hippocampus	AA	psi	chr14_21301438_21301809	chr14	21301438	21301809	94	94	0	0	0.0143088832589752	0.964974748568303	1.95928451600343	1.95928451600343	371	623	Genic/other	1	Heritable	0.113584430520929	0.966410363309342	0.0148622559341583	774	0	0	1.13584430520929	5.91620206260744	6.43615036836943	6.65286302935335	0.672579368846575
BA_only	hippocampus	AA	psi	chr14_22469683_22470365	chr14	22469683	22470365	38	38	0	0	0.0107416523944073	0.944902218841749	2.21818381423727	2.21818381423727	682	683	Promoter	0	Heritable	0.13194434088587	0.968276446098606	0.00678528598423134	10992	0	0	1.3194434088587	6.52502965784346	6.52795791762255	9.30501398557886	0.796688763869638
BA_only	hippocampus	AA	psi	chr14_22838123_22838594	chr14	22838123	22838594	273	273	0	0	0.000794055278067268	0.683148985370606	5.22998749406568	5.22998749406568	471	636	Enhancer	1	Heritable	0.128358079498891	0.950001702267574	0.00783967973634141	0	0	0	1.28358079498891	6.15485809401642	6.45676965557216	0	1.65440888879399
BA_only	hippocampus	AA	psi	chr14_23154202_23154818	chr14	23154202	23154818	220	220	0	0	0.00365894781553824	0.867953489674172	7.8870036498239	-7.8870036498239	616	613	Promoter	0	Non-heritable	0.0638120830906235	0.951880677447286	0.00679769941463601	13730	0	0	0.638120830906235	6.42324696353352	6.41999492814714	9.52741132932175	2.06521629844819
BA_only	hippocampus	AA	psi	chr14_23237419_23237641	chr14	23237419	23237641	118	118	0	0	0.00890444976236851	0.936128762985551	2.6451626282026	2.6451626282026	222	639	Promoter	0	Non-heritable	0.0781327856950929	0.944816904269393	0.00855283140760368	6754	0	0	0.781327856950929	5.40267738187228	6.46146817635372	8.8180382503943	0.972732552343375
BA_only	hippocampus	AA	psi	chr14_23360910_23362129	chr14	23360910	23362129	86	86	0	0	0.000256584988862691	0.503902674622265	3.05426483243485	3.05426483243485	1219	574	Genic/other	1	Non-heritable	0.0848239318135469	0.948049804966595	0.00687496894222667	986	0	0	0.848239318135469	7.10578612948127	6.35437004079735	6.89467003943348	1.11653892289073
BA_only	hippocampus	AA	psi	chr14_23366650_23366928	chr14	23366650	23366928	86	86	0	0	0.00457600593173192	0.897520405788695	4.41046584219	4.41046584219	278	563	Promoter	2	Heritable	0.134759531335407	0.957095620136914	0.00588980532573702	6726	0	0	1.34759531335407	5.62762111369064	6.33505425149806	8.81388455802561	1.48398031929696
BA_only	hippocampus	AA	psi	chr14_23376425_23376787	chr14	23376425	23376787	86	86	0	0	0.0119554159198572	0.955606011044194	4.72287044445686	-4.72287044445686	362	551	Promoter	0	Heritable	0.134017062010325	0.96364687099156	0.00668094550991492	589	0	0	1.34017062010325	5.89164421182577	6.3135480462771	6.38012253689977	1.55241676188163
BA_only	hippocampus	AA	psi	chr14_23377264_23378703	chr14	23377264	23378703	86	86	0	0	0.00154404182739111	0.777003330423925	3.60485599522216	3.60485599522216	1439	572	Promoter	0	Heritable	0.128130408802196	0.951214710557601	0.0066829934493904	0	0	0	1.28130408802196	7.27170370688737	6.35088571671474	0	1.28228182686626
BA_only	hippocampus	AA	psi	chr14_23468971_23469049	chr14	23468971	23469049	96	96	0	0	0.00161265426124419	0.78532874593472	3.37052318568958	-3.37052318568958	78	592	Promoter	0	Heritable	0.125432506113787	0.954533444188578	0.00575277293022143	1051	0	0	1.25432506113787	4.35670882668959	6.38519439899773	6.95844839329766	1.21506798326055
BA_only	hippocampus	AA	psi	chr14_23945367_23945613	chr14	23945367	23945613	393	393	0	0	0.00121093413374889	0.741782412295099	6.09223091659978	-6.09223091659978	246	524	Genic/other	0	Heritable	0.721852281113182	0.912926725086454	0.00654039828125327	0	0	0	7.21852281113182	5.50533153593236	6.26339826259162	0	1.8070143408476
BA_only	hippocampus	AA	psi	chr14_23946841_23949365	chr14	23946841	23949365	393	393	0	0	0.00270213179916632	0.837659050899834	4.38542742834403	-4.38542742834403	2524	517	Genic/other	0	Heritable	0.705027144652011	0.901793204273074	0.00887889504024066	0	0	0	7.05027144652011	7.8336002236611	6.24997524225948	0	1.478287098461
BA_only	hippocampus	AA	psi	chr14_23970163_23970490	chr14	23970163	23970490	422	422	0	0	0.000102927338492858	0.391127260939696	4.59114835892696	-4.59114835892696	327	513	Genic/other	2	Heritable	0.10184986198751	0.934358204836714	0.0119744689495509	0	0	0	1.0184986198751	5.78996017089725	6.24222326545517	0	1.52413018208903
BA_only	hippocampus	AA	psi	chr14_23988616_23988999	chr14	23988616	23988999	430	430	0	0	0.00188288040314379	0.801360789073658	5.55509944570569	-5.55509944570569	383	523	Promoter	0	Heritable	0.132909191325402	0.953635637341386	0.0069064300030758	0	0	0	1.32909191325402	5.94803498918065	6.26149168432104	0	1.71471632674873
BA_only	hippocampus	AA	psi	chr14_23990060_23990277	chr14	23990060	23990277	433	433	0	0	0.00244567639080053	0.824728302674626	3.08006776166931	-3.08006776166931	217	512	Promoter	0	Non-heritable	0.0638637525701026	0.933366408471416	0.00794203175984666	0	0	0	0.638637525701026	5.37989735354046	6.24027584517077	0	1.12495160053214
BA_only	hippocampus	AA	psi	chr14_24007240_24007776	chr14	24007240	24007776	456	456	0	0	0.00182085463474228	0.796447609036794	3.65177173304139	-3.65177173304139	536	496	Genic/other	2	Heritable	0.114369247160874	0.927513097049871	0.00738692443869873	0	0	0	1.14369247160874	6.2841341610708	6.20859002609663	0	1.29521245887397
BA_only	hippocampus	AA	psi	chr14_24311345_24311537	chr14	24311345	24311537	444	444	0	0	0.00128745764073733	0.748685029382681	7.55315130252715	7.55315130252715	192	429	Promoter	1	Non-heritable	0.0745492475148184	0.792147802040756	0.00798165612739863	20	0	0	0.745492475148184	5.25749537202778	6.06378520868761	3.04452243772342	2.02196486856466
BA_only	hippocampus	AA	psi	chr14_24327824_24328173	chr14	24327824	24328173	422	422	0	0	0.000636062436313683	0.657105411686211	6.50076726964572	-6.50076726964572	349	415	Genic/other	0	Heritable	0.126036019970062	0.916086340639826	0.00796961170018583	1524	0	0	1.26036019970062	5.85507192220243	6.03068526026126	7.32974968904151	1.87192021295748
BA_only	hippocampus	AA	psi	chr14_24365462_24366664	chr14	24365462	24366664	410	410	0	0	0.00933712131148333	0.939841915020693	8.73249489517785	8.73249489517785	1202	424	Promoter	2	Non-heritable	0.0588326668348128	0.921912011153381	0.0070105868440528	549	0	0	0.588326668348128	7.09174211509515	6.05208916892442	6.30991827822652	2.16705111426643
BA_only	hippocampus	AA	psi	chr14_24408951_24409363	chr14	24408951	24409363	317	317	0	0	0.00144663777420759	0.762484248609066	4.60590070663263	-4.60590070663263	412	440	Genic/other	0	Non-heritable	0.0905007855606658	0.918635266225574	0.0081305450911594	20043	0	0	0.905007855606658	6.02102334934953	6.08904487544685	9.90568513607962	1.52733824594095
BA_only	hippocampus	AA	psi	chr14_24430749_24431390	chr14	24430749	24431390	214	214	0	0	0.00651647141010072	0.922884439165521	3.46282826149005	3.46282826149005	641	419	Promoter	1	Heritable	0.195025999256226	0.887499927295159	0.00853490318815467	34	0	0	1.95025999256226	6.46302945692067	6.04025471127741	3.55534806148941	1.24208567467005
BA_only	hippocampus	AA	psi	chr14_24473223_24474093	chr14	24473223	24474093	164	164	0	0	0.000911309871199002	0.704421462184525	5.22577842652863	-5.22577842652863	870	452	Genic/other	0	Heritable	0.729674073517957	0.903804364981857	0.00670713046593658	27832	0	0	7.29674073517957	6.76849321164863	6.11589212548303	10.2339776460512	1.65360376982168
BA_only	hippocampus	AA	psi	chr14_24478288_24480063	chr14	24478288	24480063	164	164	0	0	0.00469138343252092	0.900947454055643	2.95695280700792	-2.95695280700792	1775	453	Genic/other	0	Heritable	0.558547678426842	0.914678673949712	0.0108596749080643	32897	0	0	5.58547678426842	7.48155570190952	6.11809719804135	10.4011671446321	1.08415928437101
BA_only	hippocampus	AA	psi	chr14_26058403_26060416	chr14	26058403	26060416	3	3	0	0	0.14966044917754	0.991064867102684	0.297535826452526	-0.297535826452526	2013	446	Genic/other	0	Heritable	0.336196600155179	0.924274282917445	0.00725390267723567	65798	0	0	3.36196600155179	7.60738142563979	6.10255859461357	11.0943599196295	-1.21222060258706
BA_only	hippocampus	AA	psi	chr14_26062009_26062502	chr14	26062009	26062502	3	3	0	0	0.0603863083083857	0.98577631996496	0.335063824488953	-0.335063824488953	493	455	Genic/other	0	Heritable	0.483359380156081	0.92641297516263	0.00657602145872168	63712	0	0	4.83359380156081	6.20050917404269	6.12249280951439	11.0621439023711	-1.09343421459626
BA_only	hippocampus	AA	psi	chr14_26599717_26600555	chr14	26599717	26600555	36	36	0	0	0.0498326595696858	0.984017207786399	1.50007463581081	1.50007463581081	838	373	Promoter	0	Heritable	0.162469654564678	0.910362796171714	0.00980685336778302	0	0	0	1.62469654564678	6.73101810048208	5.92425579741453	0	0.405514870743857
BA_only	hippocampus	AA	psi	chr14_28264222_28264923	chr14	28264222	28264923	4	4	0	0	0.042155815429531	0.980549382116533	0.768009779097813	0.768009779097813	701	337	Promoter	0	Heritable	0.172523543314634	0.878916027925649	0.00984791435330508	53259	0	0	1.72523543314634	6.55250788703459	5.82304589548302	10.8829408593679	-0.263952799694587
BA_only	hippocampus	AA	psi	chr14_28482561_28482959	chr14	28482561	28482959	9	9	0	0	0.0102920945738975	0.944902218841749	1.68650787473675	-1.68650787473675	398	325	Intergenic	0	Heritable	0.129563404239996	0.869220339703976	0.00628600483086644	64016	0	0	1.29563404239996	5.98645200528444	5.78689738136671	11.0669039520697	0.522660050715725
BA_only	hippocampus	AA	psi	chr14_28755178_28757943	chr14	28755178	28757943	137	137	0	0	0.00705791979281868	0.931602204679102	6.21864429011763	-6.21864429011763	2765	300	Genic/other	0	Heritable	0.199102194557732	0.87802120340253	0.00456938951949969	0	0	0	1.99102194557732	7.92479591395644	5.70711026474888	0	1.82755192481431
BA_only	hippocampus	AA	psi	chr14_28760607_28761579	chr14	28760607	28761579	137	137	0	0	0.00191671849753381	0.801360789073658	3.36645739908107	3.36645739908107	972	298	Enhancer	0	Non-heritable	0.0540279037341748	0.798162182362333	0.00698023420718434	0	0	0	0.540279037341748	6.87935580446044	5.70044357339069	0	1.21386097752886
BA_only	hippocampus	AA	psi	chr14_28763052_28764660	chr14	28763052	28764660	137	137	0	0	0.00133159219361546	0.753869787821095	4.35297143807963	4.35297143807963	1608	304	Promoter	2	Non-heritable	0.0731764828066926	0.871302677857063	0.0091158569501402	0	0	0	0.731764828066926	7.38274644973891	5.72031177660741	0	1.47085870341234
BA_only	hippocampus	AA	psi	chr14_28777547_28777860	chr14	28777547	28777860	146	146	0	0	0.00422515846821431	0.886001170519241	4.14711553043916	4.14711553043916	313	309	Genic/other	1	Non-heritable	0.0969301722143945	0.8819299908234	0.00648099948476228	0	0	0	0.969301722143945	5.74620319054015	5.73657229747919	0	1.42241304208644
BA_only	hippocampus	AA	psi	chr14_28778392_28778570	chr14	28778392	28778570	146	146	0	0	0.000199906259900513	0.487513751356527	6.27249529612596	6.27249529612596	178	300	Genic/other	2	Non-heritable	0.0717412742389127	0.853774414924409	0.00622959731652048	0	0	0	0.717412742389127	5.18178355029209	5.70711026474888	0	1.83617425093229
BA_only	hippocampus	AA	psi	chr14_28781203_28783928	chr14	28781203	28783928	146	146	0	0	0.000337093425766952	0.556148969961787	4.59837241995247	4.59837241995247	2725	299	Genic/other	2	Non-heritable	0.0355809240525288	0.724956324627317	0.00726772001947209	0	0	0	0.355809240525288	7.91022370709734	5.7037824746562	0	1.52570242131058
BA_only	hippocampus	AA	psi	chr14_29380289_29381361	chr14	29380289	29381361	42	42	0	0	0.00722090190517682	0.931602204679102	7.78895232416768	7.78895232416768	1072	332	Promoter	0	Non-heritable	0.0409324003846186	0.745335687235554	0.0054830163277575	1995	0	0	0.409324003846186	6.97728134163075	5.80814248998044	7.59890045687141	2.05270636228469
BA_only	hippocampus	AA	psi	chr14_30272110_30273502	chr14	30272110	30273502	26	26	0	0	0.0193171807355371	0.973353388707841	1.40867856048525	1.40867856048525	1392	356	Genic/other	0	Heritable	0.115386405659444	0.882991557604681	0.00827317250661412	0	0	0	1.15386405659444	7.23849684089437	5.87773578177964	0	0.342652080905515
BA_only	hippocampus	AA	psi	chr14_30621329_30621464	chr14	30621329	30621464	97	97	0	0	0.00155148281078302	0.777132814755397	2.0901200988894	2.0901200988894	135	368	Promoter	0	Non-heritable	0.0953300153789536	0.915619991214931	0.00651719206491128	0	0	0	0.953300153789536	4.90527477843843	5.91079664404053	0	0.73722153269361
BA_only	hippocampus	AA	psi	chr14_31852602_31855537	chr14	31852602	31855537	17	17	0	0	0.0377081546486788	0.980549382116533	1.42742179368686	1.42742179368686	2935	316	Genic/other	0	Heritable	0.655785871013872	0.909268541819446	0.0140656701655995	25972	0	0	6.55785871013872	7.9844627322622	5.75890177387728	10.1648128158904	0.355869882544556
BA_only	hippocampus	AA	psi	chr14_31908280_31908733	chr14	31908280	31908733	17	17	0	0	0.035118105349684	0.980327953711174	3.9890911938717	3.9890911938717	453	343	Intergenic	0	Heritable	0.116094906282953	0.90079399833509	0.00853820045655273	35999	0	0	1.16094906282953	6.11589212548303	5.8406416573734	10.4912742174382	1.38356343650539
BA_only	hippocampus	AA	psi	chr14_32204158_32204416	chr14	32204158	32204416	11	11	0	0	0.00284298550900562	0.844808629760907	1.23708144010656	-1.23708144010656	258	451	Promoter	1	Heritable	0.101682975376794	0.903118743904523	0.00899825052753941	87014	0	0	1.01682975376794	5.55295958492162	6.11368217983223	11.3738357965683	0.212754936114588
BA_only	hippocampus	AA	psi	chr14_32329440_32332308	chr14	32329440	32332308	1	1	0	0	0.473093625512435	0.994840206451052	0.17508520076411	-0.17508520076411	2868	543	Enhancer	0	Heritable	0.113219243781262	0.939024280380852	0.00752714059008795	0	0	0	1.13219243781262	7.96137020171951	6.29894924685594	0	-1.74248250491299
BA_only	hippocampus	AA	psi	chr14_32727079_32728137	chr14	32727079	32728137	5	5	0	0	0.00523797036665154	0.910521893616427	0.247042772307989	-0.247042772307989	1058	640	Genic/other	0	Non-heritable	0.0892193211808267	0.967005449603682	0.00803256523600332	33753	0	0	0.892193211808267	6.96413561241825	6.46302945692067	10.4268542077964	-1.39819374962823
BA_only	hippocampus	AA	psi	chr14_32808356_32809994	chr14	32808356	32809994	5	5	0	0	0.134711064903375	0.991064867102684	0.562339038157902	0.562339038157902	1638	657	Genic/other	0	Non-heritable	0.0697544328780597	0.960137979549398	0.00679919486076416	0	0	0	0.697544328780597	7.40123126441302	6.48920493132532	0	-0.575650322456626
BA_only	hippocampus	AA	psi	chr14_32855197_32855981	chr14	32855197	32855981	5	5	0	0	0.17887085637856	0.991064867102684	0.348713282914239	0.348713282914239	784	645	Intergenic	0	Heritable	0.678340223799837	0.935786993117947	0.00777394059212798	0	0	0	6.78340223799837	6.66440902035041	6.4707995037826	0	-1.05350520467858
BA_only	hippocampus	AA	psi	chr14_32935569_32937681	chr14	32935569	32937681	5	5	0	0	0.175948672246367	0.991064867102684	0.780421414212709	-0.780421414212709	2112	676	Genic/other	1	Non-heritable	0.0515783986410459	0.963951062107242	0.00623392547282293	0	0	0	0.515783986410459	7.65539064482615	6.51767127291228	0	-0.247921217749023
BA_only	hippocampus	AA	psi	chr14_33788113_33788634	chr14	33788113	33788634	4	4	0	0	0.325433569617942	0.993828622005322	0.740571144528811	0.740571144528811	521	804	Genic/other	0	Heritable	0.118724017683601	0.972774197928291	0.0113123357328794	8937	0	0	1.18724017683601	6.25575004175337	6.69084227741856	9.0980671294934	-0.300333560047523
BA_only	hippocampus	AA	psi	chr14_33948904_33949596	chr14	33948904	33949596	6	6	0	0	0.407332641171835	0.99461028164865	1.98183706312933	1.98183706312933	692	804	Genic/other	1	Non-heritable	0.0831344295828102	0.973366530292095	0.00679025270326833	0	0	0	0.831344295828102	6.53958595561767	6.69084227741856	0	0.684024229264205
BA_only	hippocampus	AA	psi	chr14_34017756_34019104	chr14	34017756	34019104	6	6	0	0	0.0271043399359945	0.975932065139872	1.86045962583515	-1.86045962583515	1348	773	Promoter	0	Non-heritable	0.0915140299294621	0.969041605995857	0.0074178116565952	30743	0	0	0.915140299294621	7.20637729147225	6.65157187358973	10.3334501322447	0.620823573237374
BA_only	hippocampus	AA	psi	chr14_34723060_34723537	chr14	34723060	34723537	445	445	0	0	0.00138842753375691	0.759071555562182	5.17262802593839	-5.17262802593839	477	344	Intergenic	0	Heritable	0.142634508099952	0.896434074113735	0.00951377643054981	8521	0	0	1.42634508099952	6.16751649088834	5.84354441703136	9.05040633405986	1.64338088353341
BA_only	hippocampus	AA	psi	chr14_34734659_34735108	chr14	34734659	34735108	446	446	0	0	0.00211989729198899	0.815187053503819	3.37423775695036	-3.37423775695036	449	346	Intergenic	0	Heritable	0.541321166885189	0.83876146803484	0.00817432830888716	19805	0	0	5.41321166885189	6.10702288774226	5.84932477994686	9.89374020108125	1.21616945198773
BA_only	hippocampus	AA	psi	chr14_35044715_35045282	chr14	35044715	35045282	414	414	0	0	0.0018846491106884	0.801360789073658	5.46115970433968	5.46115970433968	567	302	Promoter	1	Non-heritable	0.0469809910535347	0.678389903573223	0.0106050066638695	1345	0	0	0.469809910535347	6.34035930372775	5.71373280550937	7.20489251020467	1.69766116909644
BA_only	hippocampus	AA	psi	chr14_35825141_35825617	chr14	35825141	35825617	95	95	0	0	0.0167057471864779	0.970578191533636	2.2696874172423	2.2696874172423	476	339	Promoter	1	Heritable	0.127467073463706	0.869134756100388	0.0161915639245706	42414	0	0	1.27467073463706	6.16541785423142	5.82894561761021	10.6552573522418	0.819642124762087
BA_only	hippocampus	AA	psi	chr14_35897263_35898307	chr14	35897263	35898307	95	95	0	0	0.014352087829003	0.965511164050932	4.42479941651363	4.42479941651363	1044	279	Promoter	0	Non-heritable	0.063611250729594	0.865915202234393	0.00785289185547969	0	0	0	0.63611250729594	6.95081476844258	5.63478960316925	0	1.48722495009103
BA_only	hippocampus	AA	psi	chr14_36019094_36020310	chr14	36019094	36020310	99	99	0	0	0.0090243983984326	0.938585776116121	4.06740474181359	-4.06740474181359	1216	289	Genic/other	0	Heritable	0.136198070648742	0.832552426843994	0.00564768041400245	0	0	0	1.36198070648742	7.10332206252611	5.66988092298052	0	1.40300514295024
BA_only	hippocampus	AA	psi	chr14_36579341_36579697	chr14	36579341	36579697	49	49	0	0	0.0681353105127899	0.985907779499035	1.16500376924498	-1.16500376924498	356	438	Genic/other	1	Non-heritable	0.0968797553554118	0.924983320555193	0.0106980628415525	0	0	0	0.968797553554118	5.87493073085203	6.08449941307517	0	0.152724330999509
BA_only	hippocampus	AA	psi	chr14_36942332_36942457	chr14	36942332	36942457	0	0	0	0					125	363	Genic/other	0	Heritable	0.170673766424652	0.902571701339063	0.00659988748679609	216761	0	0	1.70673766424652	4.8283137373023	5.89715386763674	12.2865552564321	
BA_only	hippocampus	AA	psi	chr14_39101953_39102226	chr14	39101953	39102226	63	63	0	0	0.00177265992933426	0.795401023180755	12.2755384311825	12.2755384311825	273	191	Promoter	1	Non-heritable	0.0759510991704075	0.705673004851018	0.00737805771769017	0	0	0	0.759510991704075	5.60947179518496	5.25749537202778	0	2.50760853758067
BA_only	hippocampus	AA	psi	chr14_39639068_39639655	chr14	39639068	39639655	96	96	0	1	4.0828107170359e-06	0.0572517997219848	1.83884901608074	1.83884901608074	587	235	Genic/other	0	Heritable	0.534569566820009	0.854195538522916	0.00874931863333794	0	0	1	5.34569566820009	6.3750248198281	5.46383180502561	0	0.609139846591868
BA_only	hippocampus	AA	psi	chr14_44912509_44912718	chr14	44912509	44912718	54	54	0	0	0.0359192400806483	0.980494018606455	2.36581986758353	-2.36581986758353	209	204	Promoter	0	Non-heritable	0.0872004405605118	0.73115856769193	0.009613220916646	55	0	0	0.872004405605118	5.34233425196481	5.32300997913841	4.02535169073515	0.861124633149968
BA_only	hippocampus	AA	psi	chr14_45253796_45254058	chr14	45253796	45254058	23	23	0	0	0.0141716068835621	0.964826773227435	1.3515208890771	1.3515208890771	262	166	Promoter	1	Non-heritable	0.0632483118056887	0.693681327271405	0.00862326725474465	0	0	0	0.632483118056887	5.5683445037611	5.11799381241676	0	0.301230550230861
BA_only	hippocampus	AA	psi	chr14_46580302_46581293	chr14	46580302	46581293	6	6	0	0	0.0250272049616277	0.975932065139872	0.242088461096846	-0.242088461096846	991	209	Intergenic	0	Heritable	0.188475646151988	0.789028318605013	0.00985849771028665	78994	0	0	1.88475646151988	6.89871453432999	5.34710753071747	11.277139838307	-1.41845203658983
BA_only	hippocampus	AA	psi	chr14_47833752_47835974	chr14	47833752	47835974	72	72	0	0	0.0161936992031441	0.968106276565941	1.24174490359627	-1.24174490359627	2222	232	Intergenic	0	Heritable	0.726587695224631	0.871455343928328	0.0232079638064705	0	0	0	7.26587695224631	7.70616297019958	5.4510384535657	0	0.216517578839309
BA_only	hippocampus	AA	psi	chr14_49632586_49632692	chr14	49632586	49632692	82	82	0	0	0.0181078020900005	0.971452676751561	2.40472397384391	-2.40472397384391	106	310	Genic/other	1	Non-heritable	0.0973027091607336	0.877254508043334	0.00788182884052352	0	0	0	0.973027091607336	4.66343909411207	5.73979291217923	0	0.877435129338946
BA_only	hippocampus	AA	psi	chr14_49635783_49635973	chr14	49635783	49635973	82	82	0	0	0.0151362689780499	0.966167725188189	4.54855672260273	-4.54855672260273	190	307	Promoter	1	Heritable	0.33933762127402	0.873711973064638	0.00878173448183319	2495	0	0	3.3933762127402	5.24702407216049	5.73009978297357	7.82244472948932	1.51480998101801
BA_only	hippocampus	AA	psi	chr14_50003959_50004155	chr14	50003959	50004155	349	349	0	0	0.00367036931816994	0.867953489674172	8.20328908423245	-8.20328908423245	196	259	Genic/other	1	Non-heritable	0.0725483994224055	0.805893030002187	0.00714035596768393	0	0	0	0.725483994224055	5.27811465923052	5.56068163101553	0	2.10453518290021
BA_only	hippocampus	AA	psi	chr14_50334179_50334830	chr14	50334179	50334830	27	27	0	0	0.0751098257733584	0.986721443072117	1.29410308591967	1.29410308591967	651	301	Genic/other	0	Heritable	0.144298524089674	0.836820228114496	0.00913775246532791	0	0	0	1.44298524089674	6.47850964220857	5.71042701737487	0	0.257817865176812
BA_only	hippocampus	AA	psi	chr14_50510174_50511132	chr14	50510174	50511132	44	44	0	0	0.0650781039139491	0.985907779499035	1.38604172885617	1.38604172885617	958	370	Genic/other	0	Non-heritable	0.0653424492801897	0.859427060335034	0.00826073261781542	21025	0	0	0.653424492801897	6.86484777797086	5.91620206260744	9.95351504613578	0.326452014929117
BA_only	hippocampus	AA	psi	chr14_50529373_50531042	chr14	50529373	50531042	47	47	0	0	0.0339029667408944	0.979164877002956	3.68669443631487	3.68669443631487	1669	379	Genic/other	2	Heritable	0.1621985309426	0.88187726542756	0.00709882943821758	1115	0	0	1.621985309426	7.41997992366184	5.94017125272043	7.01750614294126	1.30473024256447
BA_only	hippocampus	AA	psi	chr14_50669289_50669823	chr14	50669289	50669823	41	41	0	0	0.0324026118607616	0.978660772153819	3.8312837980979	3.8312837980979	534	362	Promoter	1	Non-heritable	0.0741134020029365	0.868508366584983	0.00858512302670167	4109	0	0	0.741134020029365	6.2803958389602	5.89440283426485	8.32117830749028	1.34319994496307
BA_only	hippocampus	AA	psi	chr14_50829036_50829749	chr14	50829036	50829749	40	40	0	0	0.00792001797096282	0.933559278800072	1.3752715771061	1.3752715771061	713	364	Enhancer	1	Non-heritable	0.0703106449736024	0.872850144181598	0.00792046367320031	0	0	0	0.703106449736024	6.5694814204143	5.89989735358249	0	0.318651229509789
BA_only	hippocampus	AA	psi	chr14_50871581_50871891	chr14	50871581	50871891	36	36	0	0	0.0929247778508734	0.989446665475032	4.12156079669652	-4.12156079669652	310	388	Promoter	1	Heritable	0.118768692966358	0.915323852569276	0.00748501183878586	0	0	0	1.18768692966358	5.73657229747919	5.96357934361845	0	1.4162319281978
BA_only	hippocampus	AA	psi	chr14_50985167_50985733	chr14	50985167	50985733	27	27	0	0	0.012437133982714	0.960687534736196	2.76213812960272	-2.76213812960272	566	410	Genic/other	0	Non-heritable	0.0413845528556121	0.822932590045471	0.00727103659833222	15094	0	0	0.413845528556121	6.33859407820318	6.01859321449623	9.62211884214094	1.01600506807485
BA_only	hippocampus	AA	psi	chr14_51092759_51093215	chr14	51092759	51093215	31	31	0	0	0.0337873245540601	0.979164877002956	3.38437742849791	-3.38437742849791	456	468	Genic/other	1	Non-heritable	0.0895312999221252	0.876062265474702	0.00882661833521843	83678	0	0	0.895312999221252	6.12249280951439	6.15060276844628	11.3347433289405	1.21916997172342
BA_only	hippocampus	AA	psi	chr14_51650040_51650835	chr14	51650040	51650835	46	46	0	0	0.0647312581860013	0.985907779499035	1.26228987708291	1.26228987708291	795	485	Genic/other	1	Heritable	0.116432838837246	0.913950171892419	0.0176005398443711	0	0	0	1.16432838837246	6.67834211465433	6.18620862390049	0	0.23292744224408
BA_only	hippocampus	AA	psi	chr14_51654180_51655467	chr14	51654180	51655467	46	46	0	0	0.0237803646854988	0.975932065139872	1.94700102135689	1.94700102135689	1287	473	Genic/other	2	Non-heritable	0.0878623691869256	0.928909333270941	0.00771011919533745	0	0	0	0.878623691869256	7.16006920759613	6.16120732169508	0	0.666290256105839
BA_only	hippocampus	AA	psi	chr14_52117518_52119444	chr14	52117518	52119444	32	32	0	0	0.117982367295353	0.990898390030923	10.5895174881444	-10.5895174881444	1926	395	Promoter	0	Heritable	0.175430023166553	0.888352324935015	0.00622642909926166	0	0	0	1.75430023166553	7.56320059235807	5.98141421125448	0	2.35986459654931
BA_only	hippocampus	AA	psi	chr14_52123146_52124317	chr14	52123146	52124317	32	32	0	0	0.00135093680318921	0.755643700753314	1.98369103696895	-1.98369103696895	1171	408	Genic/other	0	Heritable	0.137482672632171	0.902544675981693	0.00964402412023457	0	0	0	1.37482672632171	7.06561336359772	6.0137151560428	0	0.68495927444283
BA_only	hippocampus	AA	psi	chr14_52201133_52205640	chr14	52201133	52205640	24	24	0	0	0.0100970765951763	0.944902218841749	2.74520616693078	-2.74520616693078	4507	402	Intergenic	0	Heritable	0.636822660094556	0.917916266727348	0.012095478639966	63019	0	0	6.36822660094556	8.41338702269065	5.99893656194668	11.0512074153113	1.00985618213388
BA_only	hippocampus	AA	psi	chr14_52313589_52313668	chr14	52313589	52313668	9	9	0	0	0.399324508708745	0.99451450116979	0.522016429185896	0.522016429185896	79	366	Promoter	1	Heritable	0.208200030010946	0.887301338722841	0.00806816120198475	0	0	0	2.08200030010946	4.36944785246702	5.90536184805457	0	-0.650056198902095
BA_only	hippocampus	AA	psi	chr14_53151160_53151495	chr14	53151160	53151495	92	92	0	0	0.00700741000880738	0.931516361210935	4.41677601297707	-4.41677601297707	335	260	Genic/other	1	Non-heritable	0.0969991867702562	0.741649542602183	0.00987695365277706	0	0	0	0.969991867702562	5.81413053182507	5.56452040732269	0	1.48541002337694
BA_only	hippocampus	AA	psi	chr14_53308705_53310399	chr14	53308705	53310399	87	87	0	0	0.0196062301282667	0.973631121108853	3.14985236212332	-3.14985236212332	1694	272	Genic/other	0	Heritable	0.472169684653015	0.863881290313213	0.00855450546400484	0	0	0	4.72169684653015	7.434847875212	5.60947179518496	0	1.1473555857467
BA_only	hippocampus	AA	psi	chr14_53316080_53316972	chr14	53316080	53316972	86	86	0	0	0.0159333652567266	0.967716068030647	4.74776256528153	-4.74776256528153	892	264	Promoter	0	Heritable	0.130084796304158	0.846893014556482	0.00507123407515569	0	0	0	1.30084796304158	6.79346613258001	5.57972982598622	0	1.55767347029104
BA_only	hippocampus	AA	psi	chr14_54192323_54192693	chr14	54192323	54192693	20	20	0	0	0.0325536234218551	0.978660772153819	0.96434150182561	-0.96434150182561	370	356	Intergenic	0	Heritable	0.485959988170456	0.862738862285116	0.00839538329198655	204383	0	0	4.85959988170456	5.91350300563827	5.87773578177964	12.2277558563613	-0.0363097817294908
BA_only	hippocampus	AA	psi	chr14_54568745_54569325	chr14	54568745	54569325	34	34	0	0	0.0263719617967177	0.975932065139872	1.52726439428628	1.52726439428628	580	344	Enhancer	1	Non-heritable	0.0996364185667043	0.884302315621287	0.00729726049496106	1248	0	0	0.996364185667043	6.36302810354047	5.84354441703136	7.13009851012558	0.423478164021534
BA_only	hippocampus	AA	psi	chr14_54625873_54626921	chr14	54625873	54626921	39	39	0	0	0.00530119467137516	0.911505484735131	1.44319895679048	1.44319895679048	1048	362	Genic/other	0	Heritable	0.318866548752627	0.872501497906192	0.00673884324074537	58063	0	0	3.18866548752627	6.95463886488099	5.89440283426485	10.9693011294529	0.366862154410278
BA_only	hippocampus	AA	psi	chr14_54870262_54871690	chr14	54870262	54871690	25	25	0	0	0.0249803285812546	0.975932065139872	1.01135790739329	-1.01135790739329	1428	322	Genic/other	0	Heritable	0.574467381221279	0.848599809182089	0.0167692607636239	24493	0	0	5.74467381221279	7.26403014289953	5.77765232322266	10.1061834685812	0.0112939005256927
BA_only	hippocampus	AA	psi	chr14_55578664_55579022	chr14	55578664	55579022	44	44	0	0	0.0155943353131051	0.967605562340161	1.41593234062568	-1.41593234062568	358	339	Genic/other	1	Non-heritable	0.0981838707904614	0.872747305869136	0.00853286239883533	0	0	0	0.981838707904614	5.8805329864007	5.82894561761021	0	0.347788219148403
BA_only	hippocampus	AA	psi	chr14_56667548_56667631	chr14	56667548	56667631	26	26	0	0	0.0389627906894668	0.980549382116533	2.25038933787158	2.25038933787158	83	510	Genic/other	0	Heritable	0.231420822276398	0.875687556056891	0.00735669644051719	0	0	0	2.31420822276398	4.4188406077966	6.2363695902037	0	0.811103244744509
BA_only	hippocampus	AA	psi	chr14_56795370_56795520	chr14	56795370	56795520	32	32	0	0	0.00608090325430867	0.920376068783091	5.14344047237341	5.14344047237341	150	496	Intergenic	2	Heritable	0.179775618561914	0.889773348220146	0.00650047337115424	0	0	0	1.79775618561914	5.01063529409626	6.20859002609663	0	1.63772221009659
BA_only	hippocampus	AA	psi	chr14_56797083_56797725	chr14	56797083	56797725	32	32	0	0	0.0511428399734523	0.984153364580922	3.55293901057219	3.55293901057219	642	504	Enhancer	1	Heritable	0.204592824394354	0.930769122116339	0.00816617402568431	0	0	0	2.04592824394354	6.46458830368996	6.22455842927536	0	1.26777515409177
BA_only	hippocampus	AA	psi	chr14_56798945_56799863	chr14	56798945	56799863	32	32	0	0	0.010376239130254	0.944902218841749	1.58847268741415	1.58847268741415	918	503	Enhancer	1	Heritable	0.137002785016029	0.938307022774367	0.0069949629193165	0	0	0	1.37002785016029	6.82219739062049	6.22257626807137	0	0.462772986927316
BA_only	hippocampus	AA	psi	chr14_56813045_56814803	chr14	56813045	56814803	32	32	0	0	0.0237962125021432	0.975932065139872	4.15785202411995	4.15785202411995	1758	513	Promoter	2	Heritable	0.128498553330639	0.938396189704267	0.00669172101369689	0	0	0	1.28498553330639	7.47193207824512	6.24222326545517	0	1.42499860297289
BA_only	hippocampus	AA	psi	chr14_57068572_57068736	chr14	57068572	57068736	20	20	0	0	0.08871644332213	0.989031352855222	2.55153418441008	2.55153418441008	164	383	Promoter	0	Non-heritable	0.0873445014206797	0.877386815383414	0.00895260374695092	0	0	0	0.873445014206797	5.0998664278242	5.95064255258773	0	0.936694823121321
BA_only	hippocampus	AA	psi	chr14_57189202_57189504	chr14	57189202	57189504	24	24	0	0	0.0115137616241169	0.95315577890577	2.7749938473424	-2.7749938473424	302	383	Intergenic	0	Heritable	0.121760150772706	0.878657837212498	0.00772426762648242	42210	0	0	1.21760150772706	5.71042701737487	5.95064255258773	10.6504361295644	1.02064853362564
BA_only	hippocampus	AA	psi	chr14_57352585_57353015	chr14	57352585	57353015	36	36	0	0	0.0034580673767104	0.866906756094015	4.24291928713897	4.24291928713897	430	355	Genic/other	0	Heritable	0.101584727797743	0.835990203433903	0.0102588101105658	0	0	0	1.01584727797743	6.06378520868761	5.87493073085203	0	1.44525154580338
BA_only	hippocampus	AA	psi	chr14_57441942_57443567	chr14	57441942	57443567	34	34	0	0	0.0684939327839455	0.985907779499035	4.34091258729897	-4.34091258729897	1625	346	Intergenic	0	Heritable	0.328635023585798	0.862393693407299	0.00828447168601906	28022	0	0	3.28635023585798	7.39326309476384	5.84932477994686	10.240780880541	1.46808460188278
BA_only	hippocampus	AA	psi	chr14_58139036_58139377	chr14	58139036	58139377	27	27	0	0	0.0230538430423516	0.975932065139872	1.96080783397395	1.96080783397395	341	304	Promoter	0	Heritable	0.230727231263372	0.907662220975666	0.00902759884842988	687	0	0	2.30727231263372	5.83188247728352	5.72031177660741	6.53378883793334	0.673356553618476
BA_only	hippocampus	AA	psi	chr14_58238944_58239125	chr14	58238944	58239125	50	50	0	0	0.000145296784736593	0.431795965327074	2.52224158391408	-2.52224158391408	181	327	Genic/other	0	Heritable	0.131791820575895	0.896453106127154	0.00598634880696013	5815	0	0	1.31791820575895	5.19849703126583	5.79301360838414	8.66836801921336	0.925148027528107
BA_only	hippocampus	AA	psi	chr14_58295693_58295885	chr14	58295693	58295885	51	51	0	0	0.0097909791894967	0.939841915020693	2.09361510079638	-2.09361510079638	192	341	Genic/other	2	Heritable	0.226613720810482	0.873597525880069	0.00639940566300622	0	0	0	2.26613720810482	5.25749537202778	5.83481073706261	0	0.738892289821613
BA_only	hippocampus	AA	psi	chr14_59727673_59729148	chr14	59727673	59729148	16	16	0	0	0.0723874197967662	0.985907779499035	2.59777755685761	-2.59777755685761	1475	166	Promoter	1	Non-heritable	0.0746450350982016	0.714070080183658	0.00422097032386903	753	0	0	0.746450350982016	7.29641326877392	5.11799381241676	6.62539236800796	0.954656297515163
BA_only	hippocampus	AA	psi	chr14_59965130_59966229	chr14	59965130	59966229	33	33	0	0	0.0195399939888693	0.973631121108853	2.52978770239111	2.52978770239111	1099	161	Genic/other	0	Heritable	0.104009763010384	0.689223979266209	0.00758660252344897	0	0	0	1.04009763010384	7.00215595440362	5.08759633523238	0	0.928135391073137
BA_only	hippocampus	AA	psi	chr14_60106037_60106550	chr14	60106037	60106550	51	51	0	0	0.00789159706932696	0.933559278800072	1.49685513155434	1.49685513155434	513	153	Genic/other	0	Non-heritable	0.0778568642234121	0.586187309657343	0.00727553391301746	0	0	0	0.778568642234121	6.24027584517077	5.03695260241363	0	0.403366334926612
BA_only	hippocampus	AA	psi	chr14_60645963_60646797	chr14	60645963	60646797	5	5	0	0	0.213248985456003	0.991290284450776	1.96860698268783	1.96860698268783	834	142	Genic/other	1	Heritable	0.130899092813925	0.653257468513836	0.00616737841843146	4399	0	0	1.30899092813925	6.72623340235875	4.96284463025991	8.38935981990635	0.67732618231874
BA_only	hippocampus	AA	psi	chr14_61188186_61188971	chr14	61188186	61188971	60	60	0	0	0.0300184299686621	0.976891416474381	1.81559711271574	-1.81559711271574	785	367	Enhancer	0	Heritable	0.434702113591191	0.880210750874502	0.0163429923574535	0	0	0	4.34702113591191	6.66568371778241	5.90808293816893	0	0.59641440684222
BA_only	hippocampus	AA	psi	chr14_61749408_61750112	chr14	61749408	61750112	48	48	0	0	0.0295110505511734	0.976712848084579	4.62640692610221	4.62640692610221	704	424	Genic/other	1	Non-heritable	0.0559301814619872	0.859461722941229	0.00838478796991027	0	0	0	0.559301814619872	6.55677835615804	6.05208916892442	0	1.5317805271047
BA_only	hippocampus	AA	psi	chr14_61751450_61752244	chr14	61751450	61752244	48	48	0	0	0.00774538889253916	0.933559278800072	6.20582509999862	6.20582509999862	794	438	Promoter	1	Non-heritable	0.079099483043957	0.909006676083139	0.00766958300993212	564	0	0	0.79099483043957	6.67708346124714	6.08449941307517	6.33682573114644	1.8254883848361
BA_only	hippocampus	AA	psi	chr14_62084027_62084687	chr14	62084027	62084687	24	24	0	0	0.0234933224749756	0.975932065139872	8.87201452658857	-8.87201452658857	660	328	Genic/other	0	Non-heritable	0.0706356783344463	0.825323250957281	0.0088917121844656	32232	0	0	0.706356783344463	6.49223983502047	5.79605775076537	10.3807460514582	2.18290188852605
BA_only	hippocampus	AA	psi	chr14_62116670_62116891	chr14	62116670	62116891	27	27	0	0	0.00804939518377041	0.933559278800072	2.77197265226156	-2.77197265226156	221	334	Promoter	1	Non-heritable	0.0690725537878503	0.868239636950821	0.0101176155891018	28	0	0	0.690725537878503	5.39816270151775	5.81413053182507	3.36729582998647	1.01955921918002
BA_only	hippocampus	AA	psi	chr14_62118654_62119088	chr14	62118654	62119088	27	27	0	0	0.0190610009414195	0.97294422691241	1.01480227365808	1.01480227365808	434	325	Genic/other	1	Non-heritable	0.0404532917963753	0.863068735838932	0.00924166875212141	0	0	0	0.404532917963753	6.07304453410041	5.78689738136671	0	0.0146937990933153
BA_only	hippocampus	AA	psi	chr14_63046988_63047654	chr14	63046988	63047654	2	2	0	0	0.222064423885379	0.991290284450776	0.471974021494512	-0.471974021494512	666	363	Genic/other	1	Non-heritable	0.0921943153706725	0.787392759169813	0.00508206817981627	0	0	0	0.921943153706725	6.50128967054039	5.89715386763674	0	-0.75083131293023
BA_only	hippocampus	AA	psi	chr14_63427943_63428369	chr14	63427943	63428369	9	9	0	0	0.116156596421947	0.990898390030923	1.93398779713387	-1.93398779713387	426	281	Genic/other	0	Heritable	0.162641619089746	0.874545838399625	0.0118291750318099	45871	0	0	1.62641619089746	6.05443934626937	5.64190707093811	10.7336101881232	0.659584092530293
BA_only	hippocampus	AA	psi	chr14_63659650_63660452	chr14	63659650	63660452	9	9	0	0	0.070323063020853	0.985907779499035	1.66694496666326	-1.66694496666326	802	279	Genic/other	0	Non-heritable	0.0776164275090963	0.803457085032927	0.0100242647589708	0	0	0	0.776164275090963	6.68710860786652	5.63478960316925	0	0.510992595823337
BA_only	hippocampus	AA	psi	chr14_64541226_64541286	chr14	64541226	64541286	49	49	0	0	0.00558685588310644	0.914301706404424	2.94697486908583	-2.94697486908583	60	282	Promoter	1	Heritable	0.103049079208	0.857483117259225	0.00562279651018376	908	0	0	1.03049079208	4.0943445622221	5.64544689764324	6.81234509417748	1.08077917948639
BA_only	hippocampus	AA	psi	chr14_64550595_64550933	chr14	64550595	64550933	49	49	0	0	0.0181337412880761	0.97145302205967	3.56063591090269	-3.56063591090269	338	279	Genic/other	1	Heritable	0.147672184594398	0.781411532099409	0.00728702317221117	0	0	0	1.47672184594398	5.82304589548302	5.63478960316925	0	1.26993915837864
BA_only	hippocampus	AA	psi	chr14_64601651_64601949	chr14	64601651	64601949	46	46	0	0	0.00338110408165195	0.86593481253084	5.11940547323552	5.11940547323552	298	283	Promoter	1	Heritable	0.101101254152564	0.836204810866929	0.00929577569598023	36899	0	0	1.01101254152564	5.69709348650541	5.64897423816121	10.5159668300286	1.6330383157538
BA_only	hippocampus	AA	psi	chr14_64682600_64683782	chr14	64682600	64683782	40	40	0	0	0.0444417801730366	0.981349800463248	1.94000579904383	-1.94000579904383	1182	291	Intergenic	0	Heritable	0.232872489539528	0.882497292663449	0.00894672100610626	20120	0	0	2.32872489539528	7.07496319796604	5.67675380226828	9.90951932476785	0.662690967423243
BA_only	hippocampus	AA	psi	chr14_64693538_64694593	chr14	64693538	64694593	41	41	0	0	0.00447412812287895	0.893124293687643	1.86184215978528	-1.86184215978528	1055	310	Enhancer	0	Non-heritable	0.0987997382780415	0.861860765388666	0.00754643308887346	9309	0	0	0.987997382780415	6.96129604591017	5.73979291217923	9.13884437027111	0.621566411451952
BA_only	hippocampus	AA	psi	chr14_64705933_64708176	chr14	64705933	64708176	54	54	0	0	0.00293160002046435	0.846222391562562	6.47651789932635	6.47651789932635	2243	327	Enhancer	2	Non-heritable	0.0810452467055584	0.866892189969627	0.00836791885834913	0	0	0	0.810452467055584	7.71556953452021	5.79301360838414	0	1.86818300626287
BA_only	hippocampus	AA	psi	chr14_64717638_64718610	chr14	64717638	64718610	49	49	0	0	0.0336099240166488	0.979164877002956	5.25572803307597	5.25572803307597	972	323	Genic/other	0	Heritable	0.110223139690119	0.876676263114086	0.00618923236068717	0	0	0	1.10223139690119	6.87935580446044	5.78074351579233	0	1.6593185376587
BA_only	hippocampus	AA	psi	chr14_64912976_64913859	chr14	64912976	64913859	73	73	0	0	0.00977216651856242	0.939841915020693	3.02541662707742	-3.02541662707742	883	334	Promoter	1	Non-heritable	0.084588738958381	0.887005369472207	0.00794104983230117	0	0	0	0.84588738958381	6.78332520060396	5.81413053182507	0	1.10704881326399
BA_only	hippocampus	AA	psi	chr14_65011572_65012257	chr14	65011572	65012257	86	86	0	0	0.0107236626020748	0.944902218841749	5.35273117960902	5.35273117960902	685	323	Promoter	0	Heritable	0.121027269617062	0.883212561967944	0.00704029794491785	0	0	0	1.21027269617062	6.52941883826223	5.78074351579233	0	1.67760693337639
BA_only	hippocampus	AA	psi	chr14_65015640_65016584	chr14	65015640	65016584	86	86	0	0	0.00861956365419536	0.933559278800072	4.04785271263191	4.04785271263191	944	315	Promoter	0	Heritable	0.144013706240894	0.881760470950074	0.00684929505951889	0	0	0	1.44013706240894	6.8501261661455	5.75574221358691	0	1.39818654857426
BA_only	hippocampus	AA	psi	chr14_65070394_65070910	chr14	65070394	65070910	95	95	0	0	0.0277520863171118	0.975932065139872	5.45538313503117	-5.45538313503117	516	320	Genic/other	0	Heritable	0.225376491563478	0.835589589143045	0.00657340019810475	0	0	0	2.25376491563478	6.24610676548156	5.77144112313002	0	1.6966028542211
BA_only	hippocampus	AA	psi	chr14_65169076_65170288	chr14	65169076	65170288	138	138	0	0	0.00141982587504542	0.760468761204013	5.42240708865827	5.42240708865827	1212	308	Enhancer	0	Heritable	0.139127875661029	0.855525602414424	0.00801970452357108	0	0	0	1.39127875661029	7.10002716662926	5.73334127689775	0	1.69053983100565
BA_only	hippocampus	AA	psi	chr14_65174191_65174474	chr14	65174191	65174474	138	138	0	0	0.0215959775623932	0.975932065139872	9.23755731988304	9.23755731988304	283	290	Enhancer	0	Heritable	0.318527726089111	0.828003988011493	0.00617855810066057	0	0	0	3.18527726089111	5.64544689764324	5.67332326717149	0	2.22327749246703
BA_only	hippocampus	AA	psi	chr14_65247931_65248873	chr14	65247931	65248873	121	121	0	0	0.00929690719747905	0.939841915020693	4.53854356206765	-4.53854356206765	942	275	Genic/other	0	Heritable	0.451425371002054	0.871672959729585	0.00632913026784993	25711	0	0	4.51425371002054	6.84800527457636	5.62040086571715	10.1547130879773	1.51260616148217
BA_only	hippocampus	AA	psi	chr14_65277367_65277808	chr14	65277367	65277808	117	117	0	0	0.014645944917872	0.966089857218066	2.14941924291811	2.14941924291811	441	258	Genic/other	2	Non-heritable	0.0947132500980633	0.818357074209311	0.00972348300400232	10298	0	0	0.947132500980633	6.08904487544685	5.55682806169954	9.2398020821258	0.765197690730156
BA_only	hippocampus	AA	psi	chr14_65373398_65374087	chr14	65373398	65374087	82	82	0	0	0.0139639889580494	0.964529504141215	3.4314822692137	3.4314822692137	689	316	Intergenic	0	Non-heritable	0.0990116516555268	0.771699672925411	0.00632271335540033	0	0	0	0.990116516555268	6.53524127101366	5.75890177387728	0	1.23299231920159
BA_only	hippocampus	AA	psi	chr14_65610142_65612385	chr14	65610142	65612385	60	60	0	0	0.00418367118288395	0.88413881341503	1.18388521496349	-1.18388521496349	2243	384	Genic/other	0	Heritable	0.103818927682684	0.851649097292281	0.0174447599977724	0	0	0	1.03818927682684	7.71556953452021	5.95324333428779	0	0.168801593387555
BA_only	hippocampus	AA	psi	chr14_66707124_66707670	chr14	66707124	66707670	22	22	0	0	0.0553343445380725	0.98577631996496	1.9283714325582	-1.9283714325582	546	103	Genic/other	0	Heritable	0.604788330566757	0.875591541055688	0.0109846178539165	0	0	0	6.04788330566757	6.30261897574491	4.64439089914137	0	0.656675834560918
BA_only	hippocampus	AA	psi	chr14_66823062_66823253	chr14	66823062	66823253	4	4	0	0	0.179263772252686	0.991064867102684	1.49738621014339	-1.49738621014339	191	106	Promoter	0	Non-heritable	0.086184626585819	0.587273468578666	0.00769977208624857	0	0	0	0.86184626585819	5.25227342804663	4.67282883446191	0	0.403721068249993
BA_only	hippocampus	AA	psi	chr14_67534205_67535885	chr14	67534205	67535885	34	34	0	0	0.0141931065248468	0.964826773227435	2.50569974186882	-2.50569974186882	1680	255	Promoter	2	Heritable	0.183594165750218	0.846685755521805	0.0103002973353999	568	0	0	1.83594165750218	7.42654907239731	5.54517744447956	6.34388043412633	0.918568037591499
BA_only	hippocampus	AA	psi	chr14_67538715_67539434	chr14	67538715	67539434	34	34	0	0	0.00762588556079009	0.933559278800072	4.01139579821447	-4.01139579821447	719	249	Enhancer	0	Heritable	0.10954388138376	0.799126655378487	0.00577499855717624	5078	0	0	1.0954388138376	6.57786135772105	5.52146091786225	8.53286967080125	1.38913926260104
BA_only	hippocampus	AA	psi	chr14_67600531_67600682	chr14	67600531	67600682	38	38	0	0	0.0331629957684972	0.979164877002956	2.28441935618064	2.28441935618064	151	250	Promoter	1	Heritable	0.369203785951001	0.794651619987831	0.00733350077004346	506	0	0	3.69203785951001	5.01727983681492	5.52545293913178	6.22851100359118	0.826111885351274
BA_only	hippocampus	AA	psi	chr14_67703957_67705150	chr14	67703957	67705150	35	35	0	0	3.54349309707019e-05	0.225038023804675	3.33815357762714	-3.33815357762714	1193	258	Promoter	0	Non-heritable	0.0768245078100019	0.809690087157277	0.00664769905546882	8326	0	0	0.768245078100019	7.08422642209792	5.55682806169954	9.02725852623582	1.20541783605265
BA_only	hippocampus	AA	psi	chr14_68548270_68548482	chr14	68548270	68548482	47	47	0	0	0.00550125459889799	0.914301706404424	4.81286570739134	-4.81286570739134	212	441	Enhancer	0	Heritable	0.153407844792656	0.9173072331746	0.0057230708163637	0	0	0	1.53407844792656	5.35658627467201	6.0913098820777	0	1.57129268995074
BA_only	hippocampus	AA	psi	chr14_68585403_68586154	chr14	68585403	68586154	47	47	0	0	0.0033236292972543	0.861530800516792	2.87074751446073	2.87074751446073	751	430	Genic/other	0	Non-heritable	0.0807007298802752	0.908532759227259	0.00897614759156598	0	0	0	0.807007298802752	6.62140565176413	6.06610809010375	0	1.0545724573419
BA_only	hippocampus	AA	psi	chr14_68627978_68628110	chr14	68627978	68628110	62	62	0	0	0.001275953755774	0.748685029382681	2.48758449075771	-2.48758449075771	132	430	Genic/other	1	Non-heritable	0.05915520663812	0.760843385939371	0.0071203219861454	0	0	0	0.5915520663812	4.88280192258637	6.06610809010375	0	0.911312159627492
BA_only	hippocampus	AA	psi	chr14_68628618_68628789	chr14	68628618	68628789	68	68	0	0	0.0324338207466557	0.978660772153819	3.52601075309567	3.52601075309567	171	438	Promoter	2	Non-heritable	0.0451717604910289	0.848339013538098	0.00708543046386034	0	0	0	0.451717604910289	5.14166355650266	6.08449941307517	0	1.26016713646554
BA_only	hippocampus	AA	psi	chr14_68977002_68977745	chr14	68977002	68977745	160	160	0	0	0.00773607553915905	0.933559278800072	6.50085016266017	-6.50085016266017	743	460	Promoter	1	Heritable	0.145596651172872	0.937229726289722	0.00747278580711534	0	0	0	1.45596651172872	6.61069604471776	6.13339804299665	0	1.87193296414244
BA_only	hippocampus	AA	psi	chr14_69322885_69323450	chr14	69322885	69323450	55	55	0	0	0.0429167385931924	0.980549382116533	7.41454117751558	7.41454117751558	565	353	Genic/other	0	Heritable	0.224248426924659	0.841109938320474	0.00618402129646008	9718	0	0	2.24248426924659	6.33682573114644	5.86929691313377	9.18183801150347	2.00344309741325
BA_only	hippocampus	AA	psi	chr14_69573468_69573683	chr14	69573468	69573683	38	38	0	0	0.0185893243626226	0.972503866121758	3.54095613491417	-3.54095613491417	215	373	Genic/other	1	Heritable	0.118176930791125	0.899226372423699	0.00755858284840248	0	0	0	1.18176930791125	5.37063802812766	5.92425579741453	0	1.26439678810932
BA_only	hippocampus	AA	psi	chr14_70223331_70224356	chr14	70223331	70224356	12	12	0	0	0.0223420175806061	0.975932065139872	2.23684714687525	-2.23684714687525	1025	415	Promoter	0	Heritable	0.286946885097022	0.901161785694024	0.0109272433669328	0	0	0	2.86946885097022	6.93244789157251	6.03068526026126	0	0.80506735512914
BA_only	hippocampus	AA	psi	chr14_70556526_70556771	chr14	70556526	70556771	15	15	0	0	0.0102330980403237	0.944902218841749	0.996537018398711	-0.996537018398711	245	343	Genic/other	0	Heritable	0.190711708727878	0.868943358033574	0.00753044668865494	27358	0	0	1.90711708727878	5.50125821054473	5.8406416573734	10.2168008213609	-0.00346898156634827
BA_only	hippocampus	AA	psi	chr14_70601471_70601927	chr14	70601471	70601927	65	65	0	0	0.050774269644605	0.984153364580922	3.67167593498152	3.67167593498152	456	334	Promoter	0	Heritable	0.112283573465897	0.886973549093472	0.0157289252371747	3852	0	0	1.12283573465897	6.12249280951439	5.81413053182507	8.25660734462616	1.3006482185866
BA_only	hippocampus	AA	psi	chr14_71150689_71150993	chr14	71150689	71150993	115	115	0	0	0.00335252065035474	0.86482750106968	3.25092220139568	-3.25092220139568	304	261	Intergenic	0	Heritable	0.424122048599689	0.907157952238053	0.00657630887594868	0	0	0	4.24122048599689	5.71702770140622	5.5683445037611	0	1.17893871344266
BA_only	hippocampus	AA	psi	chr14_72539681_72539977	chr14	72539681	72539977	16	16	0	0	0.0706613613916092	0.985907779499035	3.88486046433257	-3.88486046433257	296	438	Promoter	0	Non-heritable	0.0838690749892675	0.925840822750147	0.0075034841605776	0	0	0	0.838690749892675	5.69035945432406	6.08449941307517	0	1.35708706923198
BA_only	hippocampus	AA	psi	chr14_73162422_73163630	chr14	73162422	73163630	123	123	0	0	0.000384431768437499	0.579438373379997	5.23123392972569	-5.23123392972569	1208	303	Genic/other	0	Non-heritable	0.0599122986850791	0.759288906862093	0.00590400933529653	0	0	0	0.599122986850791	7.09672137849476	5.71702770140622	0	1.65464718518655
BA_only	hippocampus	AA	psi	chr14_73166981_73169083	chr14	73166981	73169083	123	123	0	0	0.00331819660758677	0.861025844911123	3.16330344834825	-3.16330344834825	2102	295	Promoter	0	Heritable	0.118626256565509	0.809919232340289	0.00810070553166014	0	0	0	1.18626256565509	7.6506445514369	5.69035945432406	0	1.15161687976211
BA_only	hippocampus	AA	psi	chr14_73228201_73228553	chr14	73228201	73228553	119	119	0	0	0.0119309103131745	0.955606011044194	2.80811019505701	2.80811019505701	352	259	Enhancer	0	Non-heritable	0.0594841081061297	0.598887885649201	0.00777615013180891	38	0	0	0.594841081061297	5.8636311755981	5.56068163101553	3.66356164612965	1.0325117322086
BA_only	hippocampus	AA	psi	chr14_73459261_73459558	chr14	73459261	73459558	33	33	0	0	0.00731445973425658	0.933135055211967	2.53759972271938	2.53759972271938	297	243	Promoter	1	Non-heritable	0.0566884096795497	0.71223066318006	0.00648868521160675	767	0	0	0.566884096795497	5.6937321388027	5.4971682252932	6.64378973314767	0.931218647130273
BA_only	hippocampus	AA	psi	chr14_73532068_73534581	chr14	73532068	73534581	24	24	0	0	0.0543096503713964	0.985488390833102	0.636773409533902	0.636773409533902	2513	257	Promoter	1	Non-heritable	0.0483290904343788	0.748363602293005	0.0186444173803178	0	0	0	0.483290904343788	7.82923253754359	5.55295958492162	0	-0.451341386004817
BA_only	hippocampus	AA	psi	chr14_73535593_73539512	chr14	73535593	73539512	25	25	0	0	0.00135108435715377	0.755643700753314	4.21258614690312	4.21258614690312	3919	256	Promoter	2	Heritable	0.164812802840266	0.776630016324976	0.00596323520276443	0	0	0	1.64812802840266	8.27359179819963	5.54907608489522	0	1.43807674814663
BA_only	hippocampus	AA	psi	chr14_73555739_73556161	chr14	73555739	73556161	25	25	0	0	0.00127722297750243	0.748685029382681	1.27318890144776	1.27318890144776	422	253	Genic/other	0	Non-heritable	0.0689146403063154	0.648967297586789	0.0117422569130359	0	0	0	0.689146403063154	6.04500531403601	5.53733426701854	0	0.241524707188818
BA_only	hippocampus	AA	psi	chr14_73633284_73633486	chr14	73633284	73633486	27	27	0	0	0.0420735100726889	0.980549382116533	3.20568898877475	-3.20568898877475	202	246	Genic/other	1	Heritable	0.342036658383706	0.87668717670623	0.00447167441274651	0	0	0	3.42036658383706	5.30826769740121	5.50938833662798	0	1.16492704348533
BA_only	hippocampus	AA	psi	chr14_73790152_73790471	chr14	73790152	73790471	55	55	0	0	0.000812386762956539	0.683148985370606	2.73014223531693	-2.73014223531693	319	274	Promoter	1	Non-heritable	0.0799251360091886	0.794767153319987	0.00594354638405207	1124	0	0	0.799251360091886	5.76519110278484	5.61677109766657	7.02553831463852	1.00435371235117
BA_only	hippocampus	AA	psi	chr14_73833403_73833942	chr14	73833403	73833942	56	56	0	0	0.00406327350557703	0.880626276698998	3.07210757268797	-3.07210757268797	539	265	Genic/other	0	Non-heritable	0.0896969416340974	0.803911914263107	0.00832970898536102	18000	0	0	0.896969416340974	6.289715570909	5.5834963087817	9.7981825908907	1.12236383507847
BA_only	hippocampus	AA	psi	chr14_73852640_73852894	chr14	73852640	73852894	55	55	0	0	0.0329609162483811	0.979164877002956	2.32143406701949	-2.32143406701949	254	264	Genic/other	1	Heritable	0.110804677515035	0.873860967008219	0.00797869347807064	0	0	0	1.10804677515035	5.53733426701854	5.57972982598622	0	0.842185131356786
BA_only	hippocampus	AA	psi	chr14_74242651_74244094	chr14	74242651	74244094	35	35	0	0	0.0283244642509892	0.975932065139872	1.92898279682992	1.92898279682992	1443	323	Genic/other	2	Heritable	0.553067551346055	0.874789033630316	0.00983252538858109	42434	0	0	5.53067551346055	7.27447955877387	5.78074351579233	10.6557287724038	0.656992820887458
BA_only	hippocampus	AA	psi	chr14_74941808_74942247	chr14	74941808	74942247	68	68	0	0	0.00280227720267567	0.842666558288225	2.70640940447894	2.70640940447894	439	379	Intergenic	0	Non-heritable	0.0589597085459561	0.84825536856144	0.00658456258836204	485	0	0	0.589597085459561	6.08449941307517	5.94017125272043	6.18620862390049	0.995622817076796
BA_only	hippocampus	AA	psi	chr14_75127673_75127913	chr14	75127673	75127913	96	96	0	0	0.0123127988276497	0.958949015439713	3.64046745467015	3.64046745467015	240	403	Promoter	1	Non-heritable	0.0992461804089247	0.85854055009276	0.0078481144599894	0	0	0	0.992461804089247	5.48063892334199	6.00141487796115	0	1.29211209776288
BA_only	hippocampus	AA	psi	chr14_75166034_75166278	chr14	75166034	75166278	96	96	0	0	0.0431873562473517	0.980549382116533	5.30531584773117	-5.30531584773117	244	412	Genic/other	0	Heritable	0.143790313186439	0.932534560893341	0.00556045686291362	18369	0	0	1.43790313186439	5.4971682252932	6.02344759296103	9.81847417820917	1.66870930992241
BA_only	hippocampus	AA	psi	chr14_75174964_75175507	chr14	75174964	75175507	93	93	0	0	0.00535129024017549	0.912035111152522	14.1867474851231	-14.1867474851231	543	414	Promoter	1	Heritable	0.225426408919976	0.921740891157781	0.00484507069907975	27299	0	0	2.25426408919976	6.29710931993394	6.0282785202307	10.2146419811731	2.65230825384363
BA_only	hippocampus	AA	psi	chr14_75429243_75429703	chr14	75429243	75429703	54	54	0	0	0.00589227146552403	0.91660165241749	6.57777618967908	6.57777618967908	460	400	Genic/other	1	Non-heritable	0.0946789554696398	0.893673750528804	0.00549459979427662	0	0	0	0.946789554696398	6.13122648948314	5.99396142730657	0	1.88369672464006
BA_only	hippocampus	AA	psi	chr14_75514953_75515921	chr14	75514953	75515921	45	45	0	0	0.0549822651043378	0.98577631996496	3.87220041999379	3.87220041999379	968	408	Intergenic	0	Heritable	0.260669445045118	0.910534903880654	0.0105014985963288	6618	0	0	2.60669445045118	6.87523208727658	6.0137151560428	8.79769958011892	1.3538229320193
BA_only	hippocampus	AA	psi	chr14_75579127_75579590	chr14	75579127	75579590	19	19	0	0	0.0265953764639523	0.975932065139872	1.72360001063352	1.72360001063352	463	419	Promoter	1	Non-heritable	0.0893568604146031	0.875636841294872	0.00626498314753071	50	0	0	0.893568604146031	6.13772705408623	6.04025471127741	3.93182563272433	0.544415138730722
BA_only	hippocampus	AA	psi	chr14_75871442_75871991	chr14	75871442	75871991	14	14	0	0	0.184136111700313	0.991064867102684	1.12480154427383	1.12480154427383	549	411	Genic/other	0	Heritable	0.119536670106355	0.914270398422361	0.00536047189995742	10910	0	0	1.19536670106355	6.30809844150953	6.02102334934953	9.2975267336551	0.117606623895704
BA_only	hippocampus	AA	psi	chr14_76156761_76157192	chr14	76156761	76157192	16	16	0	0	0.142398886015449	0.991064867102684	1.79892230032591	1.79892230032591	431	407	Genic/other	0	Heritable	0.136411266981576	0.898727376215395	0.00684995512913338	2406	0	0	1.36411266981576	6.06610809010375	6.01126717440416	7.78613643778307	0.587187769114227
BA_only	hippocampus	AA	psi	chr14_76267487_76268507	chr14	76267487	76268507	12	12	0	0	0.0774462803517737	0.987720536119146	2.06775535303739	2.06775535303739	1020	435	Enhancer	0	Heritable	0.121822701138655	0.905037417220781	0.0111482989598628	0	0	0	1.21822701138655	6.92755790627832	6.07764224334903	0	0.726463653245028
BA_only	hippocampus	AA	psi	chr14_76310817_76311325	chr14	76310817	76311325	12	12	0	0	0.00644227924760969	0.922500611491166	1.86847695270644	1.86847695270644	508	448	Promoter	0	Non-heritable	0.081990066694418	0.900048100459104	0.0068793381591988	0	0	0	0.81990066694418	6.23048144757848	6.10702288774226	0	0.625123640569263
BA_only	hippocampus	AA	psi	chr14_76413752_76414463	chr14	76413752	76414463	10	10	0	0	0.00122882634170616	0.744691251399141	1.49342795063366	-1.49342795063366	711	505	Genic/other	2	Non-heritable	0.0446701236885451	0.930382548797332	0.0141889512298179	0	0	0	0.446701236885451	6.56667242980324	6.22653666928747	0	0.401074122246967
BA_only	hippocampus	AA	psi	chr14_76763216_76763690	chr14	76763216	76763690	33	33	0	0	0.0222886173314088	0.975932065139872	1.24526039682978	-1.24526039682978	474	593	Genic/other	1	Non-heritable	0.0937700708736095	0.883803447355157	0.00682118281948444	11222	0	0	0.937700708736095	6.16120732169508	6.38687931936265	9.32572052301626	0.219344670157599
BA_only	hippocampus	AA	psi	chr14_76868504_76868966	chr14	76868504	76868966	61	61	0	0	0.0417621310252061	0.980549382116533	1.12554954026151	-1.12554954026151	462	526	Genic/other	0	Non-heritable	0.0721280853033933	0.943079093503934	0.00841308060152897	15217	0	0	0.721280853033933	6.13556489108174	6.26720054854136	9.63023421673647	0.118271405505755
BA_only	hippocampus	AA	psi	chr14_76898982_76899475	chr14	76898982	76899475	61	61	0	0	0.0401504824615629	0.980549382116533	1.41420596576175	1.41420596576175	493	547	Intergenic	0	Heritable	0.120765373334915	0.946374538700062	0.00967339691691977	21359	0	0	1.20765373334915	6.20050917404269	6.30627528694802	9.96927529307413	0.346568225721255
BA_only	hippocampus	AA	psi	chr14_77025131_77025458	chr14	77025131	77025458	66	66	0	0	0.00379363061555626	0.871232310780983	2.98563031126531	2.98563031126531	327	468	Genic/other	1	Heritable	0.109317846356648	0.926642525725528	0.00552689803046732	0	0	0	1.09317846356648	5.78996017089725	6.15060276844628	0	1.09381088745577
BA_only	hippocampus	AA	psi	chr14_77059401_77059668	chr14	77059401	77059668	139	139	0	0	0.00261564254762999	0.83454160271156	2.46894181335428	-2.46894181335428	267	454	Genic/other	0	Non-heritable	0.099058406694166	0.928925389798472	0.0058519539070166	0	0	0	0.99058406694166	5.58724865840025	6.12029741895095	0	0.903789647247962
BA_only	hippocampus	AA	psi	chr14_77584692_77585134	chr14	77584692	77585134	25	25	0	0	0.00537878032789579	0.912911536031513	1.01409570493044	1.01409570493044	442	386	Genic/other	0	Non-heritable	0.0619561070246489	0.859435769016568	0.00700177942844748	14307	0	0	0.619561070246489	6.0913098820777	5.95842469302978	9.56857410037891	0.0139972941367372
BA_only	hippocampus	AA	psi	chr14_77979090_77979667	chr14	77979090	77979667	15	15	0	0	0.00713826686490768	0.931602204679102	2.03951193933696	2.03951193933696	577	391	Intergenic	1	Non-heritable	0.0609549605318976	0.801095694005285	0.00693194653937097	11216	0	0	0.609549605318976	6.3578422665081	5.97126183979046	9.32518576364522	0.712710538712448
BA_only	hippocampus	AA	psi	chr14_79280280_79280731	chr14	79280280	79280731	2	2	0	0	0.100674677529567	0.990400450319684	0.124486835212577	-0.124486835212577	451	302	Promoter	1	Non-heritable	0.087522834784546	0.85833240152172	0.00735841743028708	0	0	0	0.87522834784546	6.11146733950268	5.71373280550937	0	-2.08355522960304
BA_only	hippocampus	AA	psi	chr14_80208673_80210512	chr14	80208673	80210512	6	6	0	0	0.361296056819397	0.994240189962501	1.41352352831715	1.41352352831715	1839	319	Promoter	0	Heritable	0.122181322484769	0.866767736171784	0.00690642189957193	0	0	0	1.22181322484769	7.51697722460432	5.76832099579377	0	0.346085550518799
BA_only	hippocampus	AA	psi	chr14_80378225_80378880	chr14	80378225	80378880	7	7	0	0	0.246896470035666	0.992357527579722	0.678464005472701	-0.678464005472701	655	280	Genic/other	0	Non-heritable	0.0289122530213617	0.819139791014019	0.0085392352966283	0	0	0	0.289122530213617	6.48463523563525	5.63835466933375	0	-0.387923836526019
BA_only	hippocampus	AA	psi	chr14_80973959_80974863	chr14	80973959	80974863	44	44	0	0	0.00878371371234701	0.933559278800072	1.17896543962089	-1.17896543962089	904	305	Enhancer	0	Heritable	0.110765303231335	0.827539624860214	0.00872060409128813	15780	0	0	1.10765303231335	6.80682936039218	5.72358510195238	9.66656196374813	0.164637316308952
BA_only	hippocampus	AA	psi	chr14_81097518_81099283	chr14	81097518	81099283	44	44	0	0	0.0601660001726593	0.98577631996496	1.08152576814997	-1.08152576814997	1765	300	Genic/other	0	Heritable	0.653807498914193	0.874921490783421	0.00749635667658671	0	0	0	6.53807498914193	7.4759059693674	5.70711026474888	0	0.0783728016793597
BA_only	hippocampus	AA	psi	chr14_83091943_83092812	chr14	83091943	83092812	6	6	0	0	0.0278627752238494	0.975932065139872	0.800991651116046	-0.800991651116046	869	338	Intergenic	0	Non-heritable	0.0794553868194265	0.830035832186654	0.00983726118418472	15526	0	0	0.794553868194265	6.76734312526539	5.82600010738045	9.65033572298117	-0.221904742559671
BA_only	hippocampus	AA	psi	chr14_83624805_83625747	chr14	83624805	83625747	7	7	0	0	0.00464027834318857	0.900464468238672	1.63648682112468	-1.63648682112468	942	256	Intergenic	0	Heritable	0.100828663342869	0.800871307029718	0.00872529166277473	0	0	0	1.00828663342869	6.84800527457636	5.54907608489522	0	0.492551767951273
BA_only	hippocampus	AA	psi	chr14_83849799_83850499	chr14	83849799	83850499	7	7	0	0	0.0528199089446187	0.984783117109287	0.996151304953731	-0.996151304953731	700	260	Intergenic	0	Heritable	0.117751457396964	0.859390697479281	0.0120129355450162	63541	0	0	1.17751457396964	6.5510803350434	5.56452040732269	11.0594563835636	-0.00385611029230673
BA_only	hippocampus	AA	psi	chr14_84017635_84018713	chr14	84017635	84018713	3	3	0	0	0.521656523225306	0.995728306073314	1.02303293226024	-1.02303293226024	1078	249	Genic/other	0	Non-heritable	0.0687338445359581	0.766206946984129	0.00751910001475683	0	0	0	0.687338445359581	6.98286275146894	5.52146091786225	0	0.0227716880739413
BA_only	hippocampus	AA	psi	chr14_85535455_85537226	chr14	85535455	85537226	16	16	0	0	0.102630306947171	0.990610842832516	1.26535644794013	1.26535644794013	1771	376	Genic/other	2	Non-heritable	0.0834790803107217	0.90470165377588	0.00651264122404667	0	0	0	0.834790803107217	7.47929963778283	5.93224518744801	0	0.235353867418475
BA_only	hippocampus	AA	psi	chr14_85697049_85698144	chr14	85697049	85698144	43	43	0	0	0.0422084975333561	0.980549382116533	1.0741948565955	-1.0741948565955	1095	363	Intergenic	0	Heritable	0.470235543085872	0.871399335810212	0.00966111973024043	75909	0	0	4.70235543085872	6.9985096422506	5.89715386763674	11.2373037070108	0.0715714196614748
BA_only	hippocampus	AA	psi	chr14_85934577_85935879	chr14	85934577	85935879	47	47	0	0	0.0171367094462248	0.970581273335112	6.04122738392443	6.04122738392443	1302	330	Promoter	0	Non-heritable	0.0627366480787473	0.776344768487248	0.00736633542499966	0	0	0	0.627366480787473	7.17165682276851	5.80211837537706	0	1.79860720221682
BA_only	hippocampus	AA	psi	chr14_86179779_86180306	chr14	86179779	86180306	50	50	0	0	0.0211210915890945	0.975932065139872	6.90359795526485	6.90359795526485	527	322	Intergenic	0	Heritable	0.100329925351379	0.80887392169536	0.00959913239710676	18914	0	0	1.00329925351379	6.26720054854136	5.77765232322266	9.84771053706713	1.93204271993969
BA_only	hippocampus	AA	psi	chr14_87131924_87132528	chr14	87131924	87132528	12	12	0	0	0.0337375608871599	0.979164877002956	1.74418609190662	1.74418609190662	604	245	Intergenic	0	Heritable	0.14626835533035	0.809258360214036	0.00919477006989566	51808	0	0	1.4626835533035	6.40357419793482	5.50533153593236	10.8553191583294	0.556288029602543
BA_only	hippocampus	AA	psi	chr14_88979122_88979316	chr14	88979122	88979316	29	29	0	0	0.0569509166001966	0.98577631996496	1.17112540364294	-1.17112540364294	194	387	Intergenic	0	Heritable	0.111948518309015	0.860798099761699	0.0061945255588876	61467	0	0	1.11948518309015	5.26785815906333	5.96100533962327	11.0262719931752	0.15796517849051
BA_only	hippocampus	AA	psi	chr14_89466716_89467338	chr14	89466716	89467338	55	55	0	0	0.0184079273094363	0.972503866121758	1.97536097612973	1.97536097612973	622	599	Genic/other	0	Non-heritable	0.0941896988418372	0.95982861058251	0.00966322792230234	0	0	0	0.941896988418372	6.43294009273918	6.39692965521615	0	0.680751159438466
BA_only	hippocampus	AA	psi	chr14_89550362_89551073	chr14	89550362	89551073	56	56	0	0	0.0174768952120692	0.970581273335112	2.70575633716486	-2.70575633716486	711	535	Genic/other	0	Heritable	0.14036041300619	0.947007393369243	0.00698876056494466	0	0	0	1.4036041300619	6.56667242980324	6.2841341610708	0	0.995381483996469
BA_only	hippocampus	AA	psi	chr14_89624855_89625683	chr14	89624855	89625683	55	55	0	0	0.00493569016924444	0.904429193901936	2.93893065851537	-2.93893065851537	828	563	Genic/other	0	Heritable	0.13806934514213	0.950547294659899	0.0081770025937527	0	0	0	1.3806934514213	6.71901315438526	6.33505425149806	0	1.07804579699703
BA_only	hippocampus	AA	psi	chr14_89750736_89751718	chr14	89750736	89751718	64	64	0	0	0.00213513199046506	0.815187053503819	1.70295987570415	1.70295987570415	982	568	Genic/other	0	Heritable	0.10818470818943	0.953354212966044	0.00791146288743938	0	0	0	1.0818470818943	6.88959130835447	6.34388043412633	0	0.532367846326291
BA_only	hippocampus	AA	psi	chr14_89956917_89958028	chr14	89956917	89958028	31	31	0	0	0.059983746944084	0.98577631996496	3.54790432792859	3.54790432792859	1111	533	Promoter	1	Non-heritable	0.0729202100654404	0.912295533653463	0.00443211135937203	0	0	0	0.729202100654404	7.01301578963963	6.2803958389602	0	1.26635710183147
BA_only	hippocampus	AA	psi	chr14_90381287_90381741	chr14	90381287	90381741	63	63	0	0	0.000132603848947709	0.426914408246899	3.07879560491159	-3.07879560491159	454	442	Genic/other	1	Heritable	0.105568480522028	0.929974469593005	0.00650646508383566	2287	0	0	1.05568480522028	6.11809719804135	6.09356977004514	7.73543335249969	1.12453848639209
BA_only	hippocampus	AA	psi	chr14_90517566_90518054	chr14	90517566	90518054	62	62	0	0	0.0146405779089316	0.966089857218066	2.1966916363384	-2.1966916363384	488	452	Intergenic	0	Non-heritable	0.0711371792400389	0.889415237566301	0.00865147538632694	4252	0	0	0.711371792400389	6.19031540585315	6.11589212548303	8.35537989525363	0.786952431407629
BA_only	hippocampus	AA	psi	chr14_90566963_90567543	chr14	90566963	90567543	62	62	0	0	0.000383180423471726	0.579438373379997	4.21132173915549	-4.21132173915549	580	424	Promoter	0	Non-heritable	0.0992208082819125	0.908516762308007	0.0079240440536327	0	0	0	0.992208082819125	6.36302810354047	6.05208916892442	0	1.4377765530896
BA_only	hippocampus	AA	psi	chr14_90757659_90757900	chr14	90757659	90757900	17	17	0	0	0.0168654215381686	0.970581273335112	3.37186180057939	3.37186180057939	241	411	Promoter	1	Heritable	0.13438445543622	0.872589891316494	0.00651307264493857	0	0	0	1.3438445543622	5.48479693349066	6.02102334934953	0	1.21546505785838
BA_only	hippocampus	AA	psi	chr14_90773348_90773589	chr14	90773348	90773589	15	15	0	0	0.150381081550108	0.991064867102684	2.79189986089798	2.79189986089798	241	421	Genic/other	0	Heritable	0.324316695156797	0.887988118791023	0.00752126801818056	0	0	0	3.24316695156797	5.48479693349066	6.04500531403601	0	1.02672232139815
BA_only	hippocampus	AA	psi	chr14_90979080_90979743	chr14	90979080	90979743	44	44	0	0	0.0334551742790666	0.979164877002956	4.53480288133235	-4.53480288133235	663	420	Promoter	0	Heritable	0.126043857385684	0.914955436342888	0.00687324341673635	36001	0	0	1.26043857385684	6.49677499018586	6.04263283368238	10.4913297714507	1.51178161874873
BA_only	hippocampus	AA	psi	chr14_91115656_91115878	chr14	91115656	91115878	37	37	0	0	0.0643473207740022	0.985907779499035	3.50868907078563	-3.50868907078563	222	358	Genic/other	0	Heritable	0.206521838637611	0.884122787363302	0.00581012340211453	0	0	0	2.06521838637611	5.40267738187228	5.88332238848828	0	1.25524248645862
BA_only	hippocampus	AA	psi	chr14_91293216_91294027	chr14	91293216	91294027	42	42	0	0	0.0556016387773487	0.98577631996496	3.3966280145584	-3.3966280145584	811	377	Enhancer	1	Non-heritable	0.0521484701659372	0.851146406216213	0.0140212499580452	39500	0	0	0.521484701659372	6.69826805411541	5.93489419561959	10.5840812670245	1.22278318202244
BA_only	hippocampus	AA	psi	chr14_91419210_91419345	chr14	91419210	91419345	21	21	0	0	0.00838601923587517	0.933559278800072	1.98921429183898	-1.98921429183898	135	380	Promoter	1	Non-heritable	0.0788103914162425	0.882197463450146	0.00495258473813912	6555	0	0	0.788103914162425	4.90527477843843	5.9427993751267	8.78813593986372	0.687739737576709
BA_only	hippocampus	AA	psi	chr14_91946605_91946875	chr14	91946605	91946875	46	46	0	0	0.0144862640174026	0.966089857218066	4.16774315532534	4.16774315532534	270	419	Promoter	1	Non-heritable	0.0802696336811588	0.913896763013913	0.00566114180422623	0	0	0	0.802696336811588	5.59842195899838	6.04025471127741	0	1.42737468194911
BA_only	hippocampus	AA	psi	chr14_91962065_91962173	chr14	91962065	91962173	46	46	0	0	0.0120708521363583	0.95629185250073	6.27705462808394	-6.27705462808394	108	441	Intergenic	0	Heritable	0.508303190625818	0.909138979453144	0.00519163651057282	14851	0	0	5.08303190625818	4.68213122712422	6.0913098820777	9.60588981529697	1.83690086378754
BA_only	hippocampus	AA	psi	chr14_92041169_92041333	chr14	92041169	92041333	47	47	0	0	0.0152165789027611	0.966228276045537	2.09014353615517	2.09014353615517	164	487	Promoter	1	Non-heritable	0.0704985113337224	0.916069151807523	0.00749001802791734	0	0	0	0.704985113337224	5.0998664278242	6.19031540585315	0	0.737232745989088
BA_only	hippocampus	AA	psi	chr14_92057961_92058673	chr14	92057961	92058673	49	49	0	0	0.00735111650572891	0.933559278800072	2.22671233079305	-2.22671233079305	712	510	Promoter	0	Non-heritable	0.0480436991820723	0.924341963452222	0.00926819962420156	0	0	0	0.480436991820723	6.56807791141198	6.2363695902037	0	0.800526211002278
BA_only	hippocampus	AA	psi	chr14_92322102_92322362	chr14	92322102	92322362	36	36	0	0	0.00204880066659566	0.810782914414352	2.8328891821739	-2.8328891821739	260	583	Promoter	1	Non-heritable	0.0812757266110267	0.930416532111776	0.00752650748598391	6855	0	0	0.812757266110267	5.56068163101553	6.36990098282823	8.83287946027762	1.04129710683737
BA_only	hippocampus	AA	psi	chr14_92443144_92443520	chr14	92443144	92443520	16	16	0	0	0.0173834445700566	0.970581273335112	1.23216221021153	-1.23216221021153	376	572	Promoter	0	Heritable	0.13027663469548	0.931532399125345	0.00832345974105062	5638	0	0	1.3027663469548	5.9295891433899	6.35088571671474	8.63746202380718	0.208770528692917
BA_only	hippocampus	AA	psi	chr14_92958743_92959638	chr14	92958743	92959638	56	56	0	0	0.0134624622389388	0.964283399649536	1.74628314203177	1.74628314203177	895	472	Genic/other	0	Non-heritable	0.0910405485993531	0.92494381860413	0.00689038110313787	3210	0	0	0.910405485993531	6.79682371827486	6.15909538849193	8.07433769408952	0.557489616108481
BA_only	hippocampus	AA	psi	chr14_93008347_93010953	chr14	93008347	93010953	40	40	0	0	0.0123888456445016	0.959836775961539	2.76887938944103	-2.76887938944103	2606	452	Enhancer	0	Heritable	0.135188466881875	0.918630821770817	0.00807920757167769	0	0	0	1.35188466881875	7.86557175768479	6.11589212548303	0	1.01844268940899
BA_only	hippocampus	AA	psi	chr14_93011943_93012455	chr14	93011943	93012455	40	40	0	0	0.00715474297880633	0.931602204679102	3.35961259597327	-3.35961259597327	512	442	Genic/other	0	Heritable	0.100673150117966	0.916789068951599	0.00671018634408953	0	0	0	1.00673150117966	6.23832462503951	6.09356977004514	0	1.21182567148675
BA_only	hippocampus	AA	psi	chr14_93151164_93152606	chr14	93151164	93152606	15	15	0	0	0.00715251781178873	0.931602204679102	2.38742481184557	-2.38742481184557	1442	353	Intergenic	0	Heritable	0.574520973432615	0.902677555248116	0.0113169371741333	32425	0	0	5.74520973432615	7.2737863178449	5.86929691313377	10.38671584911	0.870215304644762
BA_only	hippocampus	AA	psi	chr14_93231177_93232246	chr14	93231177	93232246	12	12	0	0	0.0423654735009542	0.980549382116533	1.81663512448674	1.81663512448674	1069	333	Enhancer	0	Heritable	0.119677853831863	0.874854188036311	0.0130754227735521	10927	0	0	1.19677853831863	6.97447891102505	5.8111409929767	9.29908358181057	0.596985962693143
BA_only	hippocampus	AA	psi	chr14_93733148_93733820	chr14	93733148	93733820	14	14	0	0	0.142584182161011	0.991064867102684	0.761124048442385	-0.761124048442385	672	440	Genic/other	0	Non-heritable	0.065376968263964	0.919231666329452	0.00793323174122004	185173	0	0	0.65376968263964	6.51025834052315	6.08904487544685	12.1290512025699	-0.272958914114588
BA_only	hippocampus	AA	psi	chr14_93743947_93744824	chr14	93743947	93744824	14	14	0	0	0.26510392757333	0.992963116011869	0.608226669470211	0.608226669470211	877	431	Genic/other	0	Non-heritable	0.0890802874774519	0.89677575790697	0.00777968818473108	174169	0	0	0.890802874774519	6.77650699237218	6.06842558824411	12.0677871127258	-0.497207638423083
BA_only	hippocampus	AA	psi	chr14_93747330_93749204	chr14	93747330	93749204	15	15	0	0	0.0983400699850129	0.990400450319684	2.78711014982468	-2.78711014982468	1874	438	Genic/other	0	Heritable	0.126247389744097	0.91643234791867	0.00527901233528638	169789	0	0	1.26247389744097	7.53583046279837	6.08449941307517	12.0423176583101	1.0250052740282
BA_only	hippocampus	AA	psi	chr14_93927214_93927495	chr14	93927214	93927495	37	37	0	0	0.028570567233709	0.975932065139872	4.73162906744767	4.73162906744767	281	512	Promoter	0	Heritable	0.144334630932368	0.938311231013232	0.00650904350000632	0	0	0	1.44334630932368	5.63835466933375	6.24027584517077	0	1.55426955704373
BA_only	hippocampus	AA	psi	chr14_94135655_94136148	chr14	94135655	94136148	49	49	0	0	0.0115699130620711	0.95315577890577	14.2165470848128	14.2165470848128	493	659	Intergenic	0	Heritable	0.122795681639543	0.974820017695296	0.00691569836685401	5560	0	0	1.22795681639543	6.20050917404269	6.49223983502047	8.62353322718756	2.65440657455281
BA_only	hippocampus	AA	psi	chr14_94487434_94487553	chr14	94487434	94487553	133	133	0	0	0.00481054552308306	0.903845859635741	6.1334744504893	-6.1334744504893	119	705	Genic/other	0	Non-heritable	0.0822441298858507	0.966409991356493	0.00592938398057713	8218	0	0	0.822441298858507	4.77912349311153	6.55961523749324	9.0142038261485	1.81376138554449
BA_only	hippocampus	AA	psi	chr14_94864349_94864925	chr14	94864349	94864925	86	86	0	0	0.0152025379572737	0.966228276045537	1.06132441360815	1.06132441360815	576	734	Intergenic	2	Heritable	0.102808483390979	0.972517002056417	0.0101820551502296	16035	0	0	1.02808483390979	6.35610766069589	6.59987049921284	9.6825914737624	0.0595175844372229
BA_only	hippocampus	AA	psi	chr14_94869138_94869529	chr14	94869138	94869529	85	85	0	0	0.00484659497967429	0.903845859635741	1.91244900442367	-1.91244900442367	391	746	Intergenic	0	Heritable	0.350927839846949	0.961451045417176	0.00570199446819431	11431	0	0	3.50927839846949	5.96870755998537	6.61606518513282	9.3441717196097	0.648384627238315
BA_only	hippocampus	AA	psi	chr14_94907436_94908465	chr14	94907436	94908465	26	26	0	0	0.0214819027233098	0.975932065139872	0.806004753330959	0.806004753330959	1029	746	Intergenic	0	Heritable	0.131538309539684	0.972807951239368	0.00866797920561357	19407	0	0	1.31538309539684	6.93634273583405	6.61606518513282	9.87344063118383	-0.215665626653072
BA_only	hippocampus	AA	psi	chr14_95134437_95134827	chr14	95134437	95134827	50	50	0	0	0.0152988644866218	0.967076513219291	5.971247811507	-5.971247811507	390	767	Promoter	0	Heritable	0.11754050499431	0.974913859542709	0.00600300984461813	0	0	0	1.1754050499431	5.96614673912369	6.64378973314767	0	1.78695592089166
BA_only	hippocampus	AA	psi	chr14_95258531_95259219	chr14	95258531	95259219	49	49	0	0	0.000116110000096863	0.413849507326493	2.00132455159732	2.00132455159732	688	762	Genic/other	0	Heritable	0.250970938642772	0.951672484039104	0.00901139379434344	34770	0	0	2.50970938642772	6.53378883793334	6.63725803128446	10.456538985014	0.693809242147458
BA_only	hippocampus	AA	psi	chr14_95272134_95272823	chr14	95272134	95272823	53	53	0	0	0.0095830437844593	0.939841915020693	2.09122654605424	-2.09122654605424	689	781	Genic/other	0	Heritable	0.157740282829984	0.981065227882127	0.00701515791268159	46761	0	0	1.57740282829984	6.53524127101366	6.66185474054531	10.752826186271	0.737750762761971
BA_only	hippocampus	AA	psi	chr14_95318379_95318752	chr14	95318379	95318752	136	136	0	0	0.00501477035324812	0.909365649076715	2.9886481212706	-2.9886481212706	373	758	Promoter	1	Heritable	0.101457464646577	0.970260031941581	0.00759968578408994	832	0	0	1.01457464646577	5.92157841964382	6.63200177739563	6.72503364216684	1.09482115515117
BA_only	hippocampus	AA	psi	chr14_95500474_95501015	chr14	95500474	95501015	135	135	0	0	0.0117229600452706	0.954158905547066	3.12806578559913	3.12806578559913	541	637	Genic/other	0	Non-heritable	0.0937346323346316	0.955423671705687	0.00588841868376634	21407	0	0	0.937346323346316	6.29341927884648	6.45833828334479	9.97151996292795	1.14041485686054
BA_only	hippocampus	AA	psi	chr14_95641836_95643232	chr14	95641836	95643232	123	123	0	0	0.0224727235098389	0.975932065139872	1.98539127154451	1.98539127154451	1396	675	Genic/other	0	Heritable	0.407337881950315	0.947739591366772	0.00868595245690363	0	0	0	4.07337881950315	7.24136628332232	6.51619307604296	0	0.685816013879724
BA_only	hippocampus	AA	psi	chr14_96204045_96204322	chr14	96204045	96204322	12	12	0	0	0.0182075585030197	0.97174211759878	1.79786977867035	1.79786977867035	277	531	Promoter	0	Heritable	0.152206694713793	0.945526598052332	0.00528484569298295	636	0	0	1.52206694713793	5.62401750618734	6.27664348934165	6.45676965557216	0.586602513332612
BA_only	hippocampus	AA	psi	chr14_96243902_96244220	chr14	96243902	96244220	12	12	0	0	0.168438841950119	0.991064867102684	1.56215068154377	1.56215068154377	318	571	Genic/other	0	Heritable	0.142371518901968	0.953416619626737	0.00886451873741151	3498	0	0	1.42371518901968	5.76205138278018	6.3491389913798	8.16023249236769	0.446063520223749
BA_only	hippocampus	AA	psi	chr14_96390772_96390972	chr14	96390772	96390972	62	62	0	0	0.000807669056686567	0.683148985370606	1.86644125142937	1.86644125142937	200	519	Genic/other	1	Non-heritable	0.0715802124312961	0.938198325777438	0.00706015674665131	8524	0	0	0.715802124312961	5.29831736654804	6.25382881157547	9.05075830215172	0.624033548976092
BA_only	hippocampus	AA	psi	chr14_96624905_96625368	chr14	96624905	96625368	102	102	0	0	0.00508958839843025	0.909885926705608	4.94990493511148	4.94990493511148	463	514	Intergenic	0	Heritable	0.122289663338429	0.956792482033787	0.0061480429256075	0	0	0	1.22289663338429	6.13772705408623	6.24416690066374	0	1.59936837338844
BA_only	hippocampus	AA	psi	chr14_97238344_97238839	chr14	97238344	97238839	31	31	0	0	0.00267210375918161	0.835655744705892	1.34985815366076	-1.34985815366076	495	452	Intergenic	0	Heritable	0.132283722553778	0.935962616566395	0.00784842709611583	20018	0	0	1.32283722553778	6.20455776256869	6.11589212548303	9.90443710157172	0.299999522975741
BA_only	hippocampus	AA	psi	chr14_97411698_97412701	chr14	97411698	97412701	37	37	0	0	0.0301595723221944	0.976893291659941	0.88044764073581	-0.88044764073581	1003	539	Intergenic	0	Heritable	0.149937102286175	0.95741129082155	0.00919860605743191	0	0	0	1.49937102286175	6.91075078796194	6.29156913955832	0	-0.127324806832859
BA_only	hippocampus	AA	psi	chr14_97413939_97414299	chr14	97413939	97414299	38	38	0	0	0.100932010827833	0.990400450319684	2.13704276610395	2.13704276610395	360	542	Intergenic	0	Non-heritable	0.0913658160606613	0.948974155299171	0.00603824035477781	0	0	0	0.913658160606613	5.88610403145016	6.29710931993394	0	0.759422993031364
BA_only	hippocampus	AA	psi	chr14_98467268_98467569	chr14	98467268	98467569	2	2	0	0	0.116123667370827	0.990898390030923	0.223950949945881	-0.223950949945881	301	461	Intergenic	0	Non-heritable	0.0949578582655521	0.927686719282391	0.00631906372230601	230134	0	0	0.949578582655521	5.70711026474888	6.13556489108174	12.3464213722355	-1.49632817990854
BA_only	hippocampus	AA	psi	chr14_98593430_98594142	chr14	98593430	98594142	1	1	0	0	0.68236965721656	0.997275762524294	0.202645883578486	0.202645883578486	712	518	Intergenic	0	Non-heritable	0.0989276039439411	0.945255450318677	0.00699676215751918	117643	0	0	0.989276039439411	6.56807791141198	6.25190388316589	11.67541839413	-1.5962951897278
BA_only	hippocampus	AA	psi	chr14_99000793_99001108	chr14	99000793	99001108	65	65	0	0	0.0321237643144259	0.977766397564809	5.36071423898412	-5.36071423898412	315	647	Genic/other	0	Non-heritable	0.0682120463897739	0.967318624133183	0.00676104815602522	0	0	0	0.682120463897739	5.75257263882563	6.47389069635227	0	1.67909722161248
BA_only	hippocampus	AA	psi	chr14_99189192_99189543	chr14	99189192	99189543	69	69	0	0	0.0351668697734242	0.980327953711174	5.8774163374464	-5.8774163374464	351	647	Genic/other	0	Non-heritable	0.061458352498799	0.918240538798481	0.00777950662240172	0	0	0	0.61458352498799	5.86078622346587	6.47389069635227	0	1.77111726865473
BA_only	hippocampus	AA	psi	chr14_99230712_99231591	chr14	99230712	99231591	70	70	0	0	5.8687848098323e-05	0.29802148000442	7.94270627767335	-7.94270627767335	879	655	Genic/other	0	Heritable	0.125579477692769	0.958131032694224	0.00849340877913894	0	0	0	1.25579477692769	6.77878489768518	6.48616078894409	0	2.07225405946175
BA_only	hippocampus	AA	psi	chr14_99592774_99593371	chr14	99592774	99593371	32	32	0	0	0.0487997008577909	0.982844443292717	3.2532617011239	-3.2532617011239	597	597	Genic/other	0	Non-heritable	0.0737258985833546	0.922005046200221	0.00823804501215826	0	0	0	0.737258985833546	6.3919171133926	6.39359075395063	0	1.17965809649117
BA_only	hippocampus	AA	psi	chr14_99685197_99685713	chr14	99685197	99685713	35	35	0	0	0.0896444379303274	0.989446665475032	1.95336394702035	-1.95336394702035	516	522	Genic/other	1	Non-heritable	0.0815301237296765	0.922409786407415	0.0064691655140624	0	0	0	0.815301237296765	6.24610676548156	6.25958146406492	0	0.669552992453388
BA_only	hippocampus	AA	psi	chr14_99815055_99815832	chr14	99815055	99815832	57	57	0	0	0.00320314563865927	0.853185837570312	3.85152113846113	-3.85152113846113	777	473	Genic/other	0	Non-heritable	0.0700849120528804	0.916969594532142	0.00688904570825585	0	0	0	0.700849120528804	6.65544035036765	6.16120732169508	0	1.34846817376326
BA_only	hippocampus	AA	psi	chr14_99823039_99823300	chr14	99823039	99823300	57	57	0	0	0.00362659639964362	0.866906756094015	5.0659617339502	-5.0659617339502	261	486	Genic/other	0	Non-heritable	0.0491873706204461	0.924481489511134	0.00550054756889525	0	0	0	0.491873706204461	5.56452040732269	6.18826412308259	0	1.6225440000212
BA_only	hippocampus	AA	psi	chr14_99837989_99839195	chr14	99837989	99839195	57	57	0	0	0.0147720353034056	0.966089857218066	6.7382867541649	6.7382867541649	1206	480	Promoter	0	Heritable	0.109572742765828	0.929745557480724	0.00712170625949575	0	0	0	1.09572742765828	7.09506437728713	6.17586727010576	0	1.9078057033196
BA_only	hippocampus	AA	psi	chr15_100059268_100059615	chr15	100059268	100059615	157	157	0	0	0.0205023793786289	0.975856666808667	2.83265148906971	2.83265148906971	347	581	Genic/other	0	Heritable	0.156188219287551	0.910203764383668	0.00868781716808597	0	0	0	1.56188219287551	5.84932477994686	6.36647044773144	0	1.04121319848077
BA_only	hippocampus	AA	psi	chr15_100544138_100544955	chr15	100544138	100544955	18	18	0	0	0.0437208489542062	0.980789550235948	0.323318062898293	0.323318062898293	817	704	Promoter	2	Heritable	0.110345379648153	0.962198435523679	0.0280543651624029	0	0	0	1.10345379648153	6.70563909486	6.55819780281227	0	-1.12911869448842
BA_only	hippocampus	AA	psi	chr15_100690301_100690735	chr15	100690301	100690735	46	46	0	0	0.00516253100098178	0.909885926705608	1.64973679984991	1.64973679984991	434	760	Intergenic	0	Heritable	0.101162824398864	0.932445147003069	0.00654010758990461	25635	0	0	1.01162824398864	6.07304453410041	6.63463335786169	10.1517528926241	0.500615766007674
BA_only	hippocampus	AA	psi	chr15_100848994_100849606	chr15	100848994	100849606	51	51	0	0	0.0247042644440784	0.975932065139872	3.05689361558578	3.05689361558578	612	695	Promoter	2	Heritable	0.176128388825987	0.938952575569638	0.012509759408725	0	0	0	1.76128388825987	6.41673228251233	6.54534966033442	0	1.1173992453081
BA_only	hippocampus	AA	psi	chr15_100861293_100862006	chr15	100861293	100862006	48	48	0	0	0.011325976177195	0.950623311243288	2.94094262475003	2.94094262475003	713	705	Promoter	0	Heritable	0.144554792321295	0.972224549914603	0.00577328080843283	0	0	0	1.44554792321295	6.5694814204143	6.55961523749324	0	1.07873015402632
BA_only	hippocampus	AA	psi	chr15_100864133_100864420	chr15	100864133	100864420	48	48	0	0	0.00339816748167174	0.86593481253084	2.58578855595281	2.58578855595281	287	716	Genic/other	0	Non-heritable	0.0795169659037462	0.971917449470898	0.00677907406929191	1905	0	0	0.795169659037462	5.65948221575962	6.57507584059962	7.55276208421415	0.95003051596792
BA_only	hippocampus	AA	psi	chr15_100891716_100892023	chr15	100891716	100892023	48	48	0	0	0.00433202611142588	0.888539612676336	2.53149858146267	2.53149858146267	307	739	Genic/other	0	Non-heritable	0.0992292102689825	0.974125469252522	0.00741355653281682	0	0	0	0.992292102689825	5.7268477475872	6.60665018619822	0	0.928811456023433
BA_only	hippocampus	AA	psi	chr15_100902403_100903294	chr15	100902403	100903294	48	48	0	0	0.000510404463715358	0.619438615173547	3.61393113917882	3.61393113917882	891	726	Genic/other	0	Non-heritable	0.0866024430001342	0.977525034431864	0.00587134849630244	0	0	0	0.866024430001342	6.79234442747081	6.58892647753352	0	1.28479614084822
BA_only	hippocampus	AA	psi	chr15_101007747_101008013	chr15	101007747	101008013	88	88	0	0	0.0181602355389275	0.971491284972723	5.6100806965666	5.6100806965666	266	871	Genic/other	1	Non-heritable	0.054003327975573	0.97828680885526	0.00407619552397606	14464	0	0	0.54003327975573	5.5834963087817	6.77078942390898	9.57948721741024	1.72456510562838
BA_only	hippocampus	AA	psi	chr15_101115655_101116039	chr15	101115655	101116039	91	91	0	0	0.00850224640447008	0.933559278800072	3.46843894156312	-3.46843894156312	384	921	Promoter	0	Non-heritable	0.0888557530607506	0.979499488781544	0.00666632300284322	29214	0	0	0.888557530607506	5.95064255258773	6.82654522355659	10.2824375549885	1.24370462287042
BA_only	hippocampus	AA	psi	chr15_101121108_101122340	chr15	101121108	101122340	91	91	0	0	0.00825537203053065	0.933559278800072	15.8040269870541	15.8040269870541	1232	929	Intergenic	0	Heritable	0.101242506234621	0.971525879551161	0.0123191782755603	34667	0	0	1.01242506234621	7.11639414409347	6.8351845861473	10.4535723502542	2.76026478078953
BA_only	hippocampus	AA	psi	chr15_101183399_101183948	chr15	101183399	101183948	83	83	0	0	0.00180868138474221	0.796268588634543	2.97681787554193	-2.97681787554193	549	911	Enhancer	0	Non-heritable	0.0767849196550322	0.974355367527812	0.0097616566900944	0	0	0	0.767849196550322	6.30809844150953	6.81563999007433	0	1.09085490634381
BA_only	hippocampus	AA	psi	chr15_101267396_101267907	chr15	101267396	101267907	83	83	0	0	0.000401433321590661	0.585765661036832	2.44519158819755	2.44519158819755	511	859	Enhancer	0	Heritable	0.129761338751111	0.975024911549656	0.00705034336624078	6773	0	0	1.29761338751111	6.2363695902037	6.75693238924755	8.82084703337772	0.894123483127576
BA_only	hippocampus	AA	psi	chr15_101451473_101451871	chr15	101451473	101451871	49	49	0	0	0.0265712347879517	0.975932065139872	4.47722051272079	-4.47722051272079	398	741	Genic/other	0	Non-heritable	0.0858530205630619	0.935939708097237	0.00712786031433014	81137	0	0	0.858530205630619	5.98645200528444	6.60934924316738	11.3039066877014	1.49900243485183
BA_only	hippocampus	AA	psi	chr15_101480075_101480662	chr15	101480075	101480662	49	49	0	0	0.00135574105761914	0.756350153160608	4.24331781799255	-4.24331781799255	587	728	Genic/other	0	Non-heritable	0.0818118572919818	0.966470055344579	0.00851195123069946	109739	0	0	0.818118572919818	6.3750248198281	6.59167373200866	11.605869210613	1.44534546984721
BA_only	hippocampus	AA	psi	chr15_101523424_101524019	chr15	101523424	101524019	77	77	0	0	0.000305419696268783	0.541467659154849	4.65142965638598	4.65142965638598	595	698	Genic/other	0	Heritable	0.154223508374008	0.958335093233315	0.00629982039289833	82015	0	0	1.54223508374008	6.38856140554563	6.54965074223381	11.3146696291638	1.53717462748139
BA_only	hippocampus	AA	psi	chr15_101675913_101676601	chr15	101675913	101676601	48	48	0	0	0.00176128218974781	0.794597487202576	1.18216043456698	-1.18216043456698	688	522	Genic/other	0	Heritable	0.196778635253948	0.935448796925652	0.00845985812642573	18990	0	0	1.96778635253948	6.53378883793334	6.25958146406492	9.85172046171425	0.167343649676462
BA_only	hippocampus	AA	psi	chr15_22963866_22964592	chr15	22963866	22964592	25	25	0	0	0.150026366096307	0.991064867102684	0.603363355383596	-0.603363355383596	726	21	Enhancer	0	Low prediction	0.0652148955841877	0.208109405583882	0.00797921310317204	0	0	0	0.652148955841877	6.5875500148248	3.09104245335832	0	-0.505235667750315
BA_only	hippocampus	AA	psi	chr15_23180274_23180425	chr15	23180274	23180425	22	22	0	0	0.00902171744906672	0.938585776116121	1.62115947423348	-1.62115947423348	151	162	Genic/other	2	Non-heritable	0.0666367818800784	0.717106495220557	0.00521896192390088	123392	0	0	0.666367818800784	5.01727983681492	5.09375020080676	11.7231296627504	0.483141624239326
BA_only	hippocampus	AA	psi	chr15_24260386_24261000	chr15	24260386	24261000	57	57	0	0	0.00356956994253734	0.866906756094015	3.54090339682652	-3.54090339682652	614	390	Promoter	0	Heritable	0.123154672447628	0.917099958238123	0.00613430843653186	0	0	0	1.23154672447628	6.41999492814714	5.96870755998537	0	1.2643818942563
BA_only	hippocampus	AA	psi	chr15_24427127_24427532	chr15	24427127	24427532	65	65	0	0	0.000598649007196961	0.652258694083526	6.50422991032467	-6.50422991032467	405	412	Genic/other	2	Non-heritable	0.0995769599358581	0.872218358066602	0.00907415698622366	0	0	0	0.995769599358581	6.00388706710654	6.02344759296103	0	1.87245272222412
BA_only	hippocampus	AA	psi	chr15_24430150_24432683	chr15	24430150	24432683	65	65	0	0	0.00727267362152049	0.932593355926607	3.40768864370261	-3.40768864370261	2533	429	Genic/other	1	Non-heritable	0.0926612971780846	0.850212902644225	0.00151286108161162	0	0	0	0.926612971780846	7.83715965000168	6.06378520868761	0	1.22603424731209
BA_only	hippocampus	AA	psi	chr15_24441788_24442996	chr15	24441788	24442996	65	65	0	0	0.00474434171098873	0.903845859635741	2.09219575625715	-2.09219575625715	1208	437	Genic/other	0	Heritable	0.117808341810514	0.865504131037925	0.0122528575394004	0	0	0	1.17808341810514	7.09672137849476	6.08221891037645	0	0.738214120341282
BA_only	hippocampus	AA	psi	chr15_24446045_24449301	chr15	24446045	24449301	65	65	0	0	0.0270869440749539	0.975932065139872	3.86911009608127	3.86911009608127	3256	426	Genic/other	0	Non-heritable	0.0925505937913496	0.887341056636963	0.00724352818462541	0	0	0	0.925505937913496	8.08825472712243	6.05678401322863	0	1.35302453385086
BA_only	hippocampus	AA	psi	chr15_24457778_24458990	chr15	24457778	24458990	65	65	0	0	0.0594096847101034	0.98577631996496	3.56433816279446	-3.56433816279446	1212	425	Genic/other	0	Non-heritable	0.0839097385491942	0.81792012761281	0.00545926211917861	3859	0	0	0.839097385491942	7.10002716662926	6.05443934626937	8.25842246245888	1.27097839085199
BA_only	hippocampus	AA	psi	chr15_24464959_24468546	chr15	24464959	24468546	65	65	0	0	0.0136061594699246	0.964283399649536	4.10165444024397	4.10165444024397	3587	417	Genic/other	0	Non-heritable	0.0960860808981814	0.861106941951233	0.003571073819288	0	0	0	0.960860808981814	8.18507147753228	6.03548143252476	0	1.41139041676592
BA_only	hippocampus	AA	psi	chr15_24475057_24475852	chr15	24475057	24475852	65	65	0	0	0.0232873192093497	0.975932065139872	2.80844130836743	2.80844130836743	795	412	Genic/other	0	Non-heritable	0.0943859047515708	0.877721076868192	0.00847998719500558	0	0	0	0.943859047515708	6.67834211465433	6.02344759296103	0	1.03262963847526
BA_only	hippocampus	AA	psi	chr15_24477831_24478059	chr15	24477831	24478059	64	64	0	0	0.0993753147050878	0.990400450319684	1.43744665473912	-1.43744665473912	228	412	Genic/other	0	Non-heritable	0.0452391380860801	0.876884852456826	0.00777223379636578	0	0	0	0.452391380860801	5.42934562895444	6.02344759296103	0	0.362868390210866
BA_only	hippocampus	AA	psi	chr15_24848354_24848458	chr15	24848354	24848458	61	61	0	0	0.00424414552055165	0.886931936675683	4.26350804421904	4.26350804421904	104	394	Promoter	2	Non-heritable	0.0794351802963759	0.899272308941786	0.00902508911120199	0	0	0	0.794351802963759	4.64439089914137	5.97888576490112	0	1.45009230830784
BA_only	hippocampus	AA	psi	chr15_26083214_26083801	chr15	26083214	26083801	49	49	0	0	0.0116517897096565	0.953190818243131	2.52013320978904	2.52013320978904	587	760	Intergenic	1	Non-heritable	0.0985484923811338	0.971654820490228	0.00453483718009505	31185	0	0	0.985484923811338	6.3750248198281	6.63463335786169	10.3477245551448	0.924311765121678
BA_only	hippocampus	AA	psi	chr15_26842143_26842647	chr15	26842143	26842647	9	9	0	0	0.115497263684325	0.990898390030923	1.39813836379033	1.39813836379033	504	661	Genic/other	1	Heritable	0.126446348538284	0.968353054942466	0.00761248076999283	24463	0	0	1.26446348538284	6.22257626807137	6.49526555593701	10.1049579281688	0.335141618734848
BA_only	hippocampus	AA	psi	chr15_26866187_26866331	chr15	26866187	26866331	8	8	0	0	0.240620107506052	0.992195442327479	1.0184420966637	-1.0184420966637	144	634	Promoter	1	Non-heritable	0.0975385111037398	0.946392156513388	0.00699009087063733	779	0	0	0.975385111037398	4.969813299576	6.45362499889269	6.65929391968364	0.0182741133054971
BA_only	hippocampus	AA	psi	chr15_26892262_26892550	chr15	26892262	26892550	8	8	0	0	0.406675657053478	0.99461028164865	0.428081387120882	0.428081387120882	288	636	Genic/other	1	Non-heritable	0.081471864518911	0.967780279126422	0.0105567845546719	0	0	0	0.81471864518911	5.66296048013595	6.45676965557216	0	-0.848441921293323
BA_only	hippocampus	AA	psi	chr15_26968589_26968719	chr15	26968589	26968719	10	10	0	0	0.127417513388736	0.991064867102684	1.10830282487125	1.10830282487125	130	605	Genic/other	1	Heritable	0.239370896434063	0.943243513657132	0.0111433606635358	53785	0	0	2.39370896434063	4.86753445045558	6.40687998606931	10.8927684892377	0.102829867651698
BA_only	hippocampus	AA	psi	chr15_27263761_27264580	chr15	27263761	27264580	9	9	0	0	0.0266314420187561	0.975932065139872	1.40115818869677	-1.40115818869677	819	671	Enhancer	0	Non-heritable	0.0566888902561083	0.960326818160617	0.00800730066861643	64307	0	0	0.566888902561083	6.70808408385307	6.51025834052315	11.0714393192829	0.337299179393178
BA_only	hippocampus	AA	psi	chr15_27265034_27266159	chr15	27265034	27266159	9	9	0	0	0.000612221832424005	0.656556947226755	1.52390328368571	1.52390328368571	1125	676	Genic/other	0	Heritable	0.370424309979087	0.948886604712231	0.00667717409820996	62728	0	0	3.70424309979087	7.02553831463852	6.51767127291228	11.0465791396278	0.421274999664259
BA_only	hippocampus	AA	psi	chr15_27499383_27499993	chr15	27499383	27499993	19	19	0	0	0.0647301007608894	0.985907779499035	1.08529884276791	1.08529884276791	610	592	Genic/other	0	Heritable	0.113331594965913	0.943751009359913	0.0091048608390231	0	0	0	1.13331594965913	6.41345895716736	6.38519439899773	0	0.0818553894047844
BA_only	hippocampus	AA	psi	chr15_27679684_27680409	chr15	27679684	27680409	18	18	0	0	0.233483733646411	0.991959169052758	0.842810753020955	-0.842810753020955	725	515	Intergenic	0	Non-heritable	0.087444387484686	0.903024496486756	0.00797691906231339	58230	0	0	0.87444387484686	6.58617165485468	6.24610676548156	10.9721731379621	-0.171012826581967
BA_only	hippocampus	AA	psi	chr15_27869715_27869962	chr15	27869715	27869962	14	14	0	0	0.131876604638577	0.991064867102684	0.739088661985776	0.739088661985776	247	415	Genic/other	0	Heritable	0.169726105402626	0.920514495369736	0.0064308194159809	211932	0	0	1.69726105402626	5.50938833662798	6.03068526026126	12.2640254659679	-0.302337376076745
BA_only	hippocampus	AA	psi	chr15_27955030_27955564	chr15	27955030	27955564	2	2	0	0	0.235125343682946	0.992006503891677	1.25203535328572	-1.25203535328572	534	377	Genic/other	0	Heritable	0.124389499370096	0.879458366960798	0.00706546023810122	126330	0	0	1.24389499370096	6.2803958389602	5.93489419561959	11.7466607255689	0.224770517714891
BA_only	hippocampus	AA	psi	chr15_28110577_28110889	chr15	28110577	28110889	5	5	0	0	0.0367095142719004	0.980549382116533	1.19409411587058	1.19409411587058	312	296	Intergenic	1	Non-heritable	0.0478371923436549	0.784440076435952	0.00611568182748598	11352	0	0	0.478371923436549	5.74300318780948	5.6937321388027	9.33723730516453	0.177387844250721
BA_only	hippocampus	AA	psi	chr15_28191409_28192158	chr15	28191409	28192158	7	7	0	0	0.15315385924278	0.991064867102684	0.819671355837316	-0.819671355837316	749	217	Promoter	0	Non-heritable	0.0623107168951463	0.758705541386786	0.0075928586868171	23721	0	0	0.623107168951463	6.61873898351722	5.38449506278909	10.0741581665892	-0.198851792424076
BA_only	hippocampus	AA	psi	chr15_28321852_28321950	chr15	28321852	28321950	11	11	0	0	0.131515434423544	0.991064867102684	1.18663432203545	1.18663432203545	98	135	Genic/other	1	Non-heritable	0.0731178314769573	0.592727599851861	0.0185466618759337	12892	0	0	0.731178314769573	4.58496747867057	4.91265488573605	9.46443980741084	0.171121007539855
BA_only	hippocampus	AA	psi	chr15_28589736_28589896	chr15	28589736	28589896	234	234	0	0	0.000810409362488393	0.683148985370606	9.16608126872512	9.16608126872512	160	156	Promoter	1	Non-heritable	0.072000515662166	0.667375953220799	0.0113074477090909	0	0	0	0.72000515662166	5.07517381523383	5.05624580534831	0	2.21550985346253
BA_only	hippocampus	AA	psi	chr15_28788678_28790131	chr15	28788678	28790131	275	275	0	0	0.000709142907708113	0.669575333167234	5.78714614953481	-5.78714614953481	1453	268	Promoter	2	Non-heritable	0.0973645270940059	0.736021238153454	0.0163484779750873	0	0	0	0.973645270940059	7.28138566357028	5.59471137960184	0	1.75563927880202
BA_only	hippocampus	AA	psi	chr15_28832721_28832911	chr15	28832721	28832911	274	274	0	0	0.00368310457036966	0.867953489674172	6.15637526668385	-6.15637526668385	190	269	Genic/other	1	Heritable	0.160199226522596	0.83674760128484	0.0066238393847937	0	0	0	1.60199226522596	5.24702407216049	5.59842195899838	0	1.81748817524331
BA_only	hippocampus	AA	psi	chr15_28861266_28861671	chr15	28861266	28861671	248	248	0	0	0.00113072461435485	0.726050490461723	10.4013855473733	10.4013855473733	405	299	Genic/other	0	Heritable	0.132340112668145	0.836883525728443	0.0100047467980359	0	0	0	1.32340112668145	6.00388706710654	5.7037824746562	0	2.34193902394395
BA_only	hippocampus	AA	psi	chr15_28863897_28864152	chr15	28863897	28864152	223	223	0	0	0.0152085968030804	0.966228276045537	3.42660990321713	-3.42660990321713	255	295	Intergenic	0	Heritable	0.163336805070985	0.896801339954306	0.00762713025186555	957	0	0	1.63336805070985	5.54126354515843	5.69035945432406	6.86484777797086	1.23157140893103
BA_only	hippocampus	AA	psi	chr15_28936102_28936680	chr15	28936102	28936680	213	213	0	0	0.00361104561586695	0.866906756094015	3.06082537858798	-3.06082537858798	578	339	Genic/other	0	Heritable	0.127260041743469	0.886558321864055	0.00841547225379623	0	0	0	1.27260041743469	6.35957386867238	5.82894561761021	0	1.11868461442506
BA_only	hippocampus	AA	psi	chr15_28994870_28995406	chr15	28994870	28995406	209	209	0	0	0.000989176416458165	0.718066796783097	2.89649003464351	-2.89649003464351	536	377	Genic/other	0	Heritable	0.134914181267391	0.899370973307034	0.00794697148688237	0	0	0	1.34914181267391	6.2841341610708	5.93489419561959	0	1.06349967451895
BA_only	hippocampus	AA	psi	chr15_29071378_29071513	chr15	29071378	29071513	160	160	0	0	0.00260581384341237	0.833258918532135	4.35411277492897	-4.35411277492897	135	402	Genic/other	0	Non-heritable	0.0842727615248523	0.910529116726772	0.00720196746573827	75624	0	0	0.842727615248523	4.90527477843843	5.99893656194668	11.2335421953331	1.4711208662272
BA_only	hippocampus	AA	psi	chr15_29119235_29119806	chr15	29119235	29119806	9	9	0	0	0.173383256984257	0.991064867102684	0.617549530331778	-0.617549530331778	571	425	Intergenic	1	Heritable	0.548624933568138	0.885108017966249	0.00807212581834501	123481	0	0	5.48624933568138	6.34738920965601	6.05443934626937	11.7238506754399	-0.481995986440099
BA_only	hippocampus	AA	psi	chr15_29271558_29271786	chr15	29271558	29271786	2	2	0	0	0.725593167409297	0.997543272146997	0.242196275061263	0.242196275061263	228	480	Genic/other	1	Non-heritable	0.0962223004522271	0.941004962164551	0.00960518023915778	110044	0	0	0.962223004522271	5.42934562895444	6.17586727010576	11.6086446520288	-1.41800678629101
BA_only	hippocampus	AA	psi	chr15_29470618_29471039	chr15	29470618	29471039	37	37	0	0	0.010849363760808	0.944902218841749	3.87864404040498	3.87864404040498	421	514	Genic/other	0	Heritable	0.419428916116241	0.898318240874578	0.00759637669976401	0	0	0	4.19428916116241	6.04263283368238	6.24416690066374	0	1.35548562101066
BA_only	hippocampus	AA	psi	chr15_29576830_29577508	chr15	29576830	29577508	37	37	0	0	0.046550299946858	0.982445572707507	1.09173024238106	-1.09173024238106	678	557	Intergenic	0	Heritable	0.121129045471698	0.94270796820154	0.0112492880621585	6324	0	0	1.21129045471698	6.5191472879404	6.32435896238131	8.75226531359572	0.0877638251787794
BA_only	hippocampus	AA	psi	chr15_29664474_29664712	chr15	29664474	29664712	37	37	0	0	0.0134845860566749	0.964283399649536	3.45429865599457	3.45429865599457	238	475	Promoter	0	Heritable	0.11530806629223	0.937567578011361	0.00819667525301016	6554	0	0	1.1530806629223	5.47227067367148	6.16541785423142	8.7879833961978	1.2396194455851
BA_only	hippocampus	AA	psi	chr15_29668124_29668340	chr15	29668124	29668340	37	37	0	0	0.0536100574528	0.985016765603212	1.13362219804687	1.13362219804687	216	476	Genic/other	0	Non-heritable	0.0996307816568351	0.937083356181003	0.00631015553274455	2926	0	0	0.996307816568351	5.37527840768417	6.16751649088834	7.98173328669189	0.125417999928329
BA_only	hippocampus	AA	psi	chr15_29675619_29675846	chr15	29675619	29675846	37	37	0	0	0.0190641683897597	0.97294422691241	6.14440142722094	6.14440142722094	227	458	Genic/other	1	Non-heritable	0.0843446187469202	0.898361046220955	0.00621842975933576	0	0	0	0.843446187469202	5.4249500174814	6.12905021006055	0	1.81554133180028
BA_only	hippocampus	AA	psi	chr15_29748955_29749725	chr15	29748955	29749725	37	37	0	0	0.018319096219703	0.972503866121758	1.67285025069967	-1.67285025069967	770	447	Genic/other	0	Heritable	0.146895721026625	0.918901453662608	0.00634709877935348	28596	0	0	1.46895721026625	6.64639051484773	6.10479323241499	10.2610570962012	0.514528914531989
BA_only	hippocampus	AA	psi	chr15_29969500_29970488	chr15	29969500	29970488	27	27	0	0	0.0508180426914066	0.984153364580922	1.88655231821394	-1.88655231821394	988	302	Promoter	1	Non-heritable	0.0779366045273088	0.808320475622246	0.00974189134819432	13267	0	0	0.779366045273088	6.89568269774787	5.71373280550937	9.49311040006694	0.634750998290347
BA_only	hippocampus	AA	psi	chr15_29985348_29985799	chr15	29985348	29985799	27	27	0	0	0.0296472050549671	0.976741514025636	5.11870703677913	5.11870703677913	451	296	Intergenic	0	Non-heritable	0.0568357333681289	0.866058478711927	0.0063526130232016	19989	0	0	0.568357333681289	6.11146733950268	5.6937321388027	9.90298742749445	1.63290187723441
BA_only	hippocampus	AA	psi	chr15_30042047_30042862	chr15	30042047	30042862	27	27	0	0	0.0415931838832537	0.980549382116533	1.81925045338969	-1.81925045338969	815	299	Genic/other	2	Non-heritable	0.0584160833032863	0.812967432942872	0.0132484708448849	0	0	0	0.584160833032863	6.70318811324086	5.7037824746562	0	0.598424582959711
BA_only	hippocampus	AA	psi	chr15_30224936_30225053	chr15	30224936	30225053	39	39	0	0	0.0127079721360586	0.961717006536833	1.49329295987194	1.49329295987194	117	230	Genic/other	1	Heritable	0.17440273205705	0.821706293390374	0.0140897729615231	31357	0	0	1.7440273205705	4.76217393479776	5.44241771052179	10.3532246969204	0.40098372828988
BA_only	hippocampus	AA	psi	chr15_30366672_30367158	chr15	30366672	30367158	155	155	0	0	0.00258641717788737	0.833258918532135	2.96045987155733	-2.96045987155733	486	224	Genic/other	1	Non-heritable	0.05217875854454	0.758390254861044	0.0134226621331049	1171	0	0	0.5217875854454	6.18620862390049	5.41610040220442	7.06646697013696	1.08534462165901
BA_only	hippocampus	AA	psi	chr15_30503535_30504339	chr15	30503535	30504339	155	155	0	0	0.0139433393315872	0.964441318501853	2.98987307164482	-2.98987307164482	804	161	Genic/other	0	Heritable	0.118116030487806	0.772561944618414	0.0101734439198881	0	0	0	1.18116030487806	6.68959926917897	5.08759633523238	0	1.09523093889124
BA_only	hippocampus	AA	psi	chr15_30800976_30801749	chr15	30800976	30801749	150	150	0	0	0.000196789696978491	0.483991992986825	3.31657774138046	-3.31657774138046	773	281	Genic/other	0	Heritable	0.240806746391987	0.849951526637982	0.0078601269005192	27011	0	0	2.40806746391987	6.65027904858742	5.64190707093811	10.2040364906947	1.19893345351403
BA_only	hippocampus	AA	psi	chr15_30859175_30859535	chr15	30859175	30859535	134	134	0	0	0.00104178886063889	0.721965237965727	2.9619182431989	-2.9619182431989	360	320	Intergenic	0	Heritable	0.145646431562434	0.90570869359179	0.00711301588599418	26383	0	0	1.45646431562434	5.88610403145016	5.77144112313002	10.1805130447994	1.08583711694987
BA_only	hippocampus	AA	psi	chr15_31223781_31224674	chr15	31223781	31224674	107	107	0	0	0.0016113513702805	0.78532874593472	1.71772766155703	-1.71772766155703	893	433	Genic/other	0	Heritable	0.418186177743961	0.885564954541916	0.0134552166802787	0	0	0	4.18186177743961	6.7945865808765	6.07304453410041	0	0.541002296187618
BA_only	hippocampus	AA	psi	chr15_31266434_31266745	chr15	31266434	31266745	104	104	0	0	0.000577171292167386	0.642817408649347	1.99132367672494	1.99132367672494	311	428	Enhancer	0	Heritable	0.194858115943377	0.925538907952088	0.006754213850532	35726	0	0	1.94858115943377	5.73979291217923	6.06145691892802	10.4836619844361	0.688799586817928
BA_only	hippocampus	AA	psi	chr15_31300010_31300697	chr15	31300010	31300697	102	102	0	0	0.00645877258504136	0.92284858637232	3.02779701632333	3.02779701632333	687	431	Intergenic	0	Non-heritable	0.0861300657512896	0.932522428695099	0.00599999598003637	27091	0	0	0.861300657512896	6.53233429222235	6.06842558824411	10.2069937603348	1.10783530107062
BA_only	hippocampus	AA	psi	chr15_32313221_32313326	chr15	32313221	32313326	147	147	0	0	0.000451781763641395	0.604162640906295	2.94652824232609	2.94652824232609	105	343	Genic/other	1	Heritable	0.230149833331949	0.832307037273583	0.0146044198105366	0	0	0	2.30149833331949	4.65396035015752	5.8406416573734	0	1.08062761368566
BA_only	hippocampus	AA	psi	chr15_32662753_32662978	chr15	32662753	32662978	454	454	0	0	0.000257715476435637	0.503902674622265	3.50569064060961	3.50569064060961	225	359	Genic/other	0	Non-heritable	0.0752802004672028	0.850731165067895	0.00884992056793564	0	0	0	0.752802004672028	5.41610040220442	5.88610403145016	0	1.25438754832483
BA_only	hippocampus	AA	psi	chr15_32670928_32672299	chr15	32670928	32672299	454	454	0	0	0.00307818530225494	0.84862690950741	3.04988623360251	-3.04988623360251	1371	372	Promoter	0	Non-heritable	0.0720082103420054	0.85601349347764	0.00630842872976289	0	0	0	0.720082103420054	7.22329567956231	5.92157841964382	0	1.11510429274426
BA_only	hippocampus	AA	psi	chr15_33293700_33294004	chr15	33293700	33294004	73	73	0	0	0.00491571782104771	0.903845859635741	3.60279223559427	3.60279223559427	304	735	Genic/other	0	Heritable	0.130096084317118	0.968328479041263	0.00578847444838451	0	0	0	1.30096084317118	5.71702770140622	6.60123011872888	0	1.28170916859758
BA_only	hippocampus	AA	psi	chr15_33351912_33352962	chr15	33351912	33352962	72	72	0	0	0.0205270725501961	0.975856666808667	5.57346178019885	-5.57346178019885	1050	766	Genic/other	0	Non-heritable	0.0994459669008727	0.968246200915799	0.0114755913850566	0	0	0	0.994459669008727	6.95654544315157	6.64248680136726	0	1.71801636720349
BA_only	hippocampus	AA	psi	chr15_33741414_33742057	chr15	33741414	33742057	11	11	0	0	0.208125407382553	0.991109148328494	1.55851164436037	-1.55851164436037	643	673	Genic/other	0	Heritable	0.612607547262853	0.939717399293399	0.00767351388835079	17345	0	0	6.12607547262853	6.46614472423762	6.51323011091231	9.7611172112444	0.443731298131443
BA_only	hippocampus	AA	psi	chr15_33979167_33980447	chr15	33979167	33980447	21	21	0	0	0.0429888948267775	0.980549382116533	2.66742839521773	-2.66742839521773	1280	551	Genic/other	0	Heritable	0.445851421141605	0.891555542557504	0.00620970868555093	0	0	0	4.45851421141605	7.15461535691366	6.3135480462771	0	0.981114864177622
BA_only	hippocampus	AA	psi	chr15_34102629_34102819	chr15	34102629	34102819	44	44	0	0	0.0270698459003603	0.975932065139872	3.42431957605166	-3.42431957605166	190	489	Promoter	1	Non-heritable	0.0731134313962378	0.909525738114023	0.00738236278616154	863	0	0	0.731134313962378	5.24702407216049	6.19440539110467	6.76157276880406	1.23090279097166
BA_only	hippocampus	AA	psi	chr15_34224034_34224439	chr15	34224034	34224439	49	49	0	0	0.0289076896203066	0.975932065139872	3.71190251491124	-3.71190251491124	405	451	Promoter	0	Non-heritable	0.0788987979573465	0.893876703978502	0.0096300654348865	760	0	0	0.788987979573465	6.00388706710654	6.11368217983223	6.63463335786169	1.31154455512638
BA_only	hippocampus	AA	psi	chr15_34425149_34426258	chr15	34425149	34426258	75	75	0	0	0.00936796741350245	0.939841915020693	2.15122975678379	-2.15122975678379	1109	429	Genic/other	0	Heritable	0.181694051259887	0.935119852534214	0.0059495757961203	17572	0	0	1.81694051259887	7.01121398735037	6.06378520868761	9.77411891219485	0.76603966316936
BA_only	hippocampus	AA	psi	chr15_34440998_34441327	chr15	34440998	34441327	75	75	0	0	0.0432104897586742	0.980549382116533	4.16102359875549	-4.16102359875549	329	403	Genic/other	1	Non-heritable	0.0819598337284055	0.876431749901634	0.00161275918459258	33421	0	0	0.819598337284055	5.79605775076537	6.00141487796115	10.4169696447633	1.42576110380242
BA_only	hippocampus	AA	psi	chr15_34442557_34444294	chr15	34442557	34444294	75	75	0	0	0.0294859208848413	0.976712848084579	5.28102337289775	5.28102337289775	1737	420	Intergenic	0	Non-heritable	0.0731068156754263	0.809839700641109	0.00171918696933978	34980	0	0	0.731068156754263	7.45991476624111	6.04263283368238	10.4625603359284	1.66411990145553
BA_only	hippocampus	AA	psi	chr15_34490503_34491851	chr15	34490503	34491851	68	68	0	0	0.0327781277187365	0.978956589179054	1.71019081106839	-1.71019081106839	1348	400	Promoter	1	Non-heritable	0.0606261672014004	0.888795678511988	0.00635986824262046	7343	0	0	0.606261672014004	7.20637729147225	5.99396142730657	8.90163893230033	0.536604955556791
BA_only	hippocampus	AA	psi	chr15_34496646_34497167	chr15	34496646	34497167	68	68	0	0	0.00622437716337369	0.920376068783091	6.63477415661411	-6.63477415661411	521	393	Intergenic	1	Heritable	0.103705945121875	0.903228374853901	0.00575999784421348	2027	0	0	1.03705945121875	6.25575004175337	5.97635090929793	7.61480536471107	1.89232463052279
BA_only	hippocampus	AA	psi	chr15_34498474_34506629	chr15	34498474	34506629	76	76	0	0	0.00749023708004484	0.933559278800072	9.64234953485594	9.64234953485594	8155	404	Intergenic	1	Non-heritable	0.0335938684747595	0.775401404304849	0.000477115837728983	0	0	0	0.335938684747595	9.00638651505511	6.00388706710654	0	2.26616480764493
BA_only	hippocampus	AA	psi	chr15_34572165_34572466	chr15	34572165	34572466	92	92	0	0	0.0107348355902146	0.944902218841749	2.27790571784641	-2.27790571784641	301	416	Genic/other	0	Non-heritable	0.0734131109272243	0.853563738302163	0.00742101029934449	0	0	0	0.734131109272243	5.70711026474888	6.0330862217988	0	0.823256480431351
BA_only	hippocampus	AA	psi	chr15_34794745_34794949	chr15	34794745	34794949	49	49	0	0	0.00542736616851362	0.9135930038698	5.60687868571337	5.60687868571337	204	408	Promoter	0	Heritable	0.116404133012103	0.904307679505258	0.00641399790518108	0	0	0	1.16404133012103	5.31811999384422	6.0137151560428	0	1.7239941824708
BA_only	hippocampus	AA	psi	chr15_36578990_36579050	chr15	36578990	36579050	67	67	0	0	0.0116791016911775	0.953588985635194	3.56041360315904	3.56041360315904	60	536	Promoter	1	Heritable	0.311593065127165	0.924700415908493	0.011244398176897	1	0	0	3.11593065127165	4.0943445622221	6.28599809450887	0.693147180559945	1.2698767215868
BA_only	hippocampus	AA	psi	chr15_36877713_36882544	chr15	36877713	36882544	214	214	0	0	0.00109843853566349	0.726050490461723	3.42230550354488	-3.42230550354488	4831	518	Promoter	3	Heritable	0.124704838467671	0.954976320072407	0.0153806319068453	0	0	0	1.24704838467671	8.48280876455441	6.25190388316589	0	1.23031445072064
BA_only	hippocampus	AA	psi	chr15_36885030_36887337	chr15	36885030	36887337	214	214	0	0	0.00267710309432541	0.835662766718973	5.2984029474438	-5.2984029474438	2307	517	Promoter	3	Heritable	0.157245985242996	0.955336986484845	0.00861531783048565	0	0	0	1.57245985242996	7.74370325817375	6.24997524225948	0	1.66740544636525
BA_only	hippocampus	AA	psi	chr15_36888886_36889099	chr15	36888886	36889099	214	214	0	0	0.000922345945511987	0.704421462184525	3.28792551753983	-3.28792551753983	213	509	Genic/other	1	Non-heritable	0.0971084019592127	0.94053224690297	0.00878046750652663	979	0	0	0.971084019592127	5.36129216570943	6.23441072571837	6.88755257166462	1.19025682716243
BA_only	hippocampus	AA	psi	chr15_37015504_37016097	chr15	37015504	37016097	209	209	0	0	0.000627702413216081	0.657105411686211	4.0137320508129	4.0137320508129	593	431	Genic/other	0	Non-heritable	0.064768553432125	0.88252678923166	0.0063422427621205	40859	0	0	0.64768553432125	6.38519439899773	6.06842558824411	10.6179068683716	1.3897214969785
BA_only	hippocampus	AA	psi	chr15_37090937_37094210	chr15	37090937	37094210	168	168	0	0	0.00173213604174856	0.792328759248938	2.84287893966484	-2.84287893966484	3273	429	Promoter	1	Heritable	0.125458930935643	0.897492735256544	0.00747444926200192	2196	0	0	1.25458930935643	8.09346227450118	6.06378520868761	7.69484807238461	1.04481725338209
BA_only	hippocampus	AA	psi	chr15_37102843_37104017	chr15	37102843	37104017	168	168	0	0	0.00322941844527126	0.855357337169705	3.24544216589656	3.24544216589656	1174	411	Genic/other	1	Heritable	0.133146611910856	0.933401435205543	0.00762853227765076	0	0	0	1.33146611910856	7.06817200038804	6.02102334934953	0	1.17725160463156
BA_only	hippocampus	AA	psi	chr15_37104471_37104810	chr15	37104471	37104810	168	168	0	0	0.000482500795211274	0.604726246238535	6.81241712583165	6.81241712583165	339	432	Enhancer	1	Heritable	0.12670264945033	0.909860499544601	0.00617319948396924	0	0	0	1.2670264945033	5.82600010738045	6.07073772800249	0	1.91874699636774
BA_only	hippocampus	AA	psi	chr15_37107357_37109070	chr15	37107357	37109070	168	168	0	0	0.000819254546069214	0.683148985370606	3.15325809882746	3.15325809882746	1713	421	Promoter	2	Heritable	0.151007720781595	0.910460788888154	0.00776229009709789	0	0	0	1.51007720781595	7.44600149832412	6.04500531403601	0	1.14843623855958
BA_only	hippocampus	AA	psi	chr15_38145182_38145756	chr15	38145182	38145756	33	33	0	0	0.0377716776436857	0.980549382116533	1.28323852675122	1.28323852675122	574	409	Genic/other	0	Heritable	0.127742304573778	0.919573320877734	0.00855413535445839	0	0	0	1.27742304573778	6.35262939631957	6.01615715969835	0	0.249386989436666
BA_only	hippocampus	AA	psi	chr15_38250717_38250892	chr15	38250717	38250892	42	42	0	0	0.0443879787260667	0.981294536864781	1.46417721956063	-1.46417721956063	175	441	Enhancer	1	Non-heritable	0.0779414557766971	0.850459780966846	0.00793024306968683	26465	0	0	0.779414557766971	5.16478597392351	6.0913098820777	10.183616169333	0.381293466655191
BA_only	hippocampus	AA	psi	chr15_39080197_39081506	chr15	39080197	39081506	48	48	0	0	0.00632446182324743	0.920376068783091	1.11800690681101	1.11800690681101	1309	562	Genic/other	0	Heritable	0.430805692670151	0.907743810200609	0.0116545569365	0	0	0	4.30805692670151	7.1770187659099	6.33327962813969	0	0.111547561485692
BA_only	hippocampus	AA	psi	chr15_39426482_39427135	chr15	39426482	39427135	109	109	0	0	0.000911044357330769	0.704421462184525	1.46495390658139	1.46495390658139	653	438	Genic/other	0	Heritable	0.137282433319113	0.934115105927289	0.0154432002074298	5572	0	0	1.37282433319113	6.48157712927643	6.08449941307517	8.62568878756954	0.381823785715835
BA_only	hippocampus	AA	psi	chr15_39975929_39977281	chr15	39975929	39977281	84	84	0	0	0.0123146937369626	0.958949015439713	2.73697572999016	2.73697572999016	1352	429	Promoter	2	Heritable	0.140608489538967	0.899696088206091	0.00753035209125336	34064	0	0	1.40608489538967	7.20934025660291	6.06378520868761	10.4360257432078	1.00685356629626
BA_only	hippocampus	AA	psi	chr15_40072420_40072539	chr15	40072420	40072539	99	99	0	0	0.00579799297788397	0.91658260669542	4.44985363277864	4.44985363277864	119	404	Genic/other	0	Non-heritable	0.052043142712639	0.8974760481211	0.00662396845846827	0	0	0	0.52043142712639	4.77912349311153	6.00388706710654	0	1.49287120637406
BA_only	hippocampus	AA	psi	chr15_40507729_40507920	chr15	40507729	40507920	72	72	0	0	0.00245222566495957	0.824728302674626	2.37653442100403	-2.37653442100403	191	377	Promoter	1	Non-heritable	0.0799388485833352	0.887251101515092	0.00967679542748434	0	0	0	0.799388485833352	5.25227342804663	5.93489419561959	0	0.865643305081442
BA_only	hippocampus	AA	psi	chr15_40583906_40584810	chr15	40583906	40584810	81	81	0	0	0.00638016853429833	0.920396876547655	2.64250930031348	2.64250930031348	904	337	Intergenic	0	Heritable	0.11683034455183	0.91332886836678	0.00535849397551387	12301	0	0	1.1683034455183	6.80682936039218	5.82304589548302	9.41751712976831	0.971728962053487
BA_only	hippocampus	AA	psi	chr15_40808035_40809185	chr15	40808035	40809185	69	69	0	0	0.00161942726957781	0.785774008293578	2.80882916580794	2.80882916580794	1150	264	Promoter	1	Heritable	0.728461306456961	0.852227286799864	0.0155557089520215	0	0	0	7.28461306456961	7.0475172213573	5.57972982598622	0	1.03276773310379
BA_only	hippocampus	AA	psi	chr15_41502244_41502884	chr15	41502244	41502884	200	200	0	0	0.00406150095708461	0.880626276698998	9.07492620763391	9.07492620763391	640	217	Genic/other	1	Non-heritable	0.0387296169166244	0.652819919940742	0.0057977423414133	1547	0	0	0.387296169166244	6.46146817635372	5.38449506278909	7.34471905414967	2.20551524982959
BA_only	hippocampus	AA	psi	chr15_41560235_41561299	chr15	41560235	41561299	93	93	0	0	0.0124713698549301	0.960836098876319	3.47131296655716	-3.47131296655716	1064	258	Genic/other	1	Non-heritable	0.0680733155678161	0.740830717690913	0.00652522095941027	9818	0	0	0.680733155678161	6.96979066990159	5.55682806169954	9.19207456316929	1.24453290180262
BA_only	hippocampus	AA	psi	chr15_41586257_41586482	chr15	41586257	41586482	69	69	0	0	0.00616111368190852	0.920376068783091	2.43997978608106	-2.43997978608106	225	268	Intergenic	1	Non-heritable	0.0549091262895874	0.718410257919705	0.0163554551376702	8370	0	0	0.549091262895874	5.41610040220442	5.59471137960184	9.03252863066006	0.891989758976181
BA_only	hippocampus	AA	psi	chr15_42056478_42056824	chr15	42056478	42056824	65	65	0	0	0.00716414522198961	0.931602204679102	8.75415702610228	-8.75415702610228	346	273	Intergenic	0	Non-heritable	0.0772717530161451	0.823293408255783	0.012464078202746	56953	0	0	0.772717530161451	5.84643877505773	5.61312810638807	10.9499992034589	2.16952867739034
BA_only	hippocampus	AA	psi	chr15_42057643_42058581	chr15	42057643	42058581	65	65	0	0	0.00109444820692334	0.726050490461723	2.89155468038007	2.89155468038007	938	279	Enhancer	0	Heritable	0.118031931433228	0.780247576724527	0.011004859800793	58118	0	0	1.18031931433228	6.84374994900623	5.63478960316925	10.9702479117551	1.06179431262716
BA_only	hippocampus	AA	psi	chr15_42405044_42406133	chr15	42405044	42406133	125	125	0	0	0.0393479335108407	0.980549382116533	5.37320752072754	-5.37320752072754	1089	268	Promoter	0	Heritable	0.108163491941488	0.787056453938384	0.00775717818664896	0	0	0	1.08163491941488	6.99301512293296	5.59471137960184	0	1.68142503574068
BA_only	hippocampus	AA	psi	chr15_42582661_42583229	chr15	42582661	42583229	119	119	0	0	0.0198545378002339	0.975034659494189	5.45634336555934	-5.45634336555934	568	182	Genic/other	1	Non-heritable	0.0735664348475119	0.770803611473886	0.0106359062357679	2404	0	0	0.735664348475119	6.34212141872115	5.20948615284142	7.78530518253986	1.69677885396392
BA_only	hippocampus	AA	psi	chr15_43648954_43649238	chr15	43648954	43649238	140	140	0	0	0.00414210526633523	0.883014356817342	2.05518943127758	2.05518943127758	284	136	Promoter	1	Heritable	0.185237697422222	0.799760675112848	0.0089422581965744	131	0	0	1.85237697422222	5.64897423816121	4.91998092582813	4.88280192258637	0.720368029235908
BA_only	hippocampus	AA	psi	chr15_43932367_43933415	chr15	43932367	43933415	90	90	0	0	0.00626263947497641	0.920376068783091	3.97002232814004	-3.97002232814004	1048	130	Genic/other	0	Heritable	0.101664940269497	0.755684394187318	0.00651381280711564	13388	0	0	1.01664940269497	6.95463886488099	4.87519732320115	9.50218875329738	1.3787717214188
BA_only	hippocampus	AA	psi	chr15_44775343_44776487	chr15	44775343	44776487	70	70	0	0	0.00204876500547928	0.810782914414352	3.53999877963797	3.53999877963797	1144	213	Intergenic	0	Heritable	0.118968866455823	0.818617762395266	0.0092240314220296	5197	0	0	1.18968866455823	7.04228617193974	5.36597601502185	8.55602921520144	1.26412638523545
BA_only	hippocampus	AA	psi	chr15_45186776_45187193	chr15	45186776	45187193	37	37	0	0	0.00229054135226828	0.820192749465547	1.77644582893295	-1.77644582893295	417	278	Genic/other	1	Non-heritable	0.0593872395822525	0.73106834900903	0.00605538054545662	0	0	0	0.593872395822525	6.0330862217988	5.63121178182137	0	0.574614648501075
BA_only	hippocampus	AA	psi	chr15_45277530_45278620	chr15	45277530	45278620	43	43	0	0	0.0322521561022224	0.978165777237957	2.65907237396402	-2.65907237396402	1090	300	Promoter	0	Heritable	0.271172988535777	0.817214945286775	0.00683083731473431	0	0	0	2.71172988535777	6.99393297522319	5.70711026474888	0	0.977977334140841
BA_only	hippocampus	AA	psi	chr15_45372687_45373754	chr15	45372687	45373754	56	56	0	0	0.0132359271921642	0.964283399649536	15.6661073780767	15.6661073780767	1067	297	Genic/other	0	Heritable	0.12102145685516	0.831472598764359	0.00643223758388495	0	0	0	1.2102145685516	6.97260625130175	5.69709348650541	0	2.75149961377134
BA_only	hippocampus	AA	psi	chr15_45376030_45376953	chr15	45376030	45376953	56	56	0	0	0.0373403273617868	0.980549382116533	5.26354447268382	5.26354447268382	923	288	Genic/other	1	Non-heritable	0.0942229829508713	0.811724201406908	0.00848783502799279	0	0	0	0.942229829508713	6.82762923450285	5.66642668811243	0	1.66080465583413
BA_only	hippocampus	AA	psi	chr15_46365812_46366176	chr15	46365812	46366176	5	5	0	0	0.723546949821057	0.997543272146997	0.0860752099127042	0.0860752099127042	364	362	Promoter	0	Non-heritable	0.0486963518547976	0.884830759085481	0.0133219476626966	44176	0	0	0.486963518547976	5.89715386763674	5.89440283426485	10.6959595706396	-2.45253371486445
BA_only	hippocampus	AA	psi	chr15_48643317_48644011	chr15	48643317	48644011	9	9	0	0	0.153934990418471	0.991064867102684	1.59314152140127	-1.59314152140127	694	316	Genic/other	1	Non-heritable	0.0783626038254737	0.798974272016619	0.00682374728449509	1952	0	0	0.783626038254737	6.54247196050681	5.75890177387728	7.57712193087668	0.465707872807639
BA_only	hippocampus	AA	psi	chr15_48874567_48874947	chr15	48874567	48874947	8	8	0	0	0.113603977932985	0.990898390030923	1.91800954713619	-1.91800954713619	380	280	Genic/other	1	Heritable	0.123556925730642	0.781562861067105	0.00675770677577432	0	0	0	1.23556925730642	5.94017125272043	5.63835466933375	0	0.651287959314416
BA_only	hippocampus	AA	psi	chr15_48976466_48976960	chr15	48976466	48976960	22	22	0	0	0.034521927176131	0.980327953711174	2.6790925511834	2.6790925511834	494	240	Intergenic	1	Heritable	0.1228047503095	0.818475603001945	0.0108249456188381	40667	0	0	1.228047503095	6.20253551718792	5.48479693349066	10.6131968213951	0.985478140612644
BA_only	hippocampus	AA	psi	chr15_49422169_49424073	chr15	49422169	49424073	38	38	0	0	0.026045849054336	0.975932065139872	3.75807631737272	3.75807631737272	1904	228	Promoter	0	Non-heritable	0.0351248882433655	0.648952454919342	0.00805128073847747	0	0	0	0.351248882433655	7.55171221535131	5.43372200355424	0	1.32390721142172
BA_only	hippocampus	AA	psi	chr15_50877023_50877254	chr15	50877023	50877254	16	16	0	0	0.0570395117651142	0.98577631996496	0.694868115360147	0.694868115360147	231	224	Enhancer	0	Non-heritable	0.0668188151664103	0.698392542267039	0.00691572773251549	0	0	0	0.668188151664103	5.44241771052179	5.41610040220442	0	-0.364033199104956
BA_only	hippocampus	AA	psi	chr15_50909619_50909750	chr15	50909619	50909750	16	16	0	0	0.0726607578883401	0.985907779499035	0.957882131532462	0.957882131532462	131	231	Genic/other	1	Non-heritable	0.0996601284920421	0.753904671260663	0.00784355290608297	1066	0	0	0.996601284920421	4.87519732320115	5.44673737166631	6.97260625130175	-0.0430305341197665
BA_only	hippocampus	AA	psi	chr15_51342536_51342769	chr15	51342536	51342769	11	11	0	0	0.0847845860662804	0.988137148207548	0.968881448703095	-0.968881448703095	233	205	Genic/other	1	Non-heritable	0.0246599698850419	0.632157332648184	0.00940199721728518	0	0	0	0.246599698850419	5.4510384535657	5.32787616878958	0	-0.0316130082144776
BA_only	hippocampus	AA	psi	chr15_51735476_51736483	chr15	51735476	51736483	11	11	0	0	0.0865055939933407	0.988137148207548	1.08517526727363	-1.08517526727363	1007	255	Enhancer	1	Heritable	0.108730982811493	0.772768981692101	0.00880091810796712	0	0	0	1.08730982811493	6.91473089271856	5.54517744447956	0	0.0817415198196065
BA_only	hippocampus	AA	psi	chr15_51752761_51753173	chr15	51752761	51753173	11	11	0	0	0.0158624514834081	0.967716068030647	1.60921181422768	-1.60921181422768	412	253	Genic/other	1	Heritable	0.107725042598522	0.814055743729962	0.00925749004133182	1489	0	0	1.07725042598522	6.02102334934953	5.53733426701854	7.30653139893951	0.475744508958422
BA_only	hippocampus	AA	psi	chr15_51972263_51972390	chr15	51972263	51972390	26	26	0	0	0.00178557674182291	0.796268588634543	3.05582713330701	-3.05582713330701	127	223	Promoter	1	Heritable	0.270569279101314	0.773198919708379	0.00879849218060405	25272	0	0	2.70569279101314	4.84418708645859	5.41164605185504	10.1374919111831	1.11705030665054
BA_only	hippocampus	AA	psi	chr15_52045851_52046739	chr15	52045851	52046739	24	24	0	0	0.0257882308460163	0.975932065139872	2.8192616656726	2.8192616656726	888	216	Genic/other	0	Heritable	0.11495775071473	0.761543073646094	0.00615198926205242	20	0	0	1.1495775071473	6.78897174299217	5.37989735354046	3.04452243772342	1.03647503353256
BA_only	hippocampus	AA	psi	chr15_52114174_52114857	chr15	52114174	52114857	31	31	0	0	0.0454321532480821	0.981589333839837	2.89706151845532	2.89706151845532	683	249	Genic/other	2	Non-heritable	0.0960479176650446	0.806135944594916	0.0055072281117499	1935	0	0	0.960479176650446	6.52649485957079	5.52146091786225	7.56837926783652	1.06369695724145
BA_only	hippocampus	AA	psi	chr15_52798944_52799147	chr15	52798944	52799147	219	219	0	0	0.00560919940512735	0.914301706404424	2.31450240744566	2.31450240744566	203	359	Intergenic	1	Non-heritable	0.0674814105202295	0.850703425842184	0.00727873583434773	0	0	0	0.674814105202295	5.31320597904179	5.88610403145016	0	0.839194725967217
BA_only	hippocampus	AA	psi	chr15_55498825_55498867	chr15	55498825	55498867	33	33	0	0	0.00362627190040945	0.866906756094015	2.1181309690284	2.1181309690284	42	329	Promoter	1	Non-heritable	0.0584308828108285	0.841581795763375	0.00720104054168637	617	0	0	0.584308828108285	3.73766961828337	5.79909265446053	6.42648845745769	0.750534086168184
BA_only	hippocampus	AA	psi	chr15_55740508_55741352	chr15	55740508	55741352	5	5	0	0	0.323367493377204	0.993828622005322	0.396195256325109	-0.396195256325109	844	324	Genic/other	1	Non-heritable	0.0818552211151058	0.849566037433803	0.00555254150346547	0	0	0	0.818552211151058	6.73815249459596	5.78382518232974	0	-0.925848092479346
BA_only	hippocampus	AA	psi	chr15_55915684_55918104	chr15	55915684	55918104	6	6	0	0	0.642394415844358	0.99722229822956	0.684396747363461	0.684396747363461	2420	306	Promoter	0	Non-heritable	0.0783428330422682	0.788639850135111	0.00904676446299308	0	0	0	0.783428330422682	7.79152281915073	5.7268477475872	0	-0.3792174749013
BA_only	hippocampus	AA	psi	chr15_56006438_56007899	chr15	56006438	56007899	7	7	0	0	0.108011733818822	0.990865662167886	1.11767933345128	1.11767933345128	1461	321	Promoter	0	Heritable	0.346928225445177	0.856185508266572	0.0286805885724085	0	0	0	3.46928225445177	7.2868764117507	5.77455154554441	0	0.111254520938907
BA_only	hippocampus	AA	psi	chr15_56733944_56734010	chr15	56733944	56734010	12	12	0	0	0.145767603156428	0.991064867102684	1.46625118228276	-1.46625118228276	66	177	Promoter	2	Non-heritable	0.0617710458726323	0.7062483987944	0.00731138323505947	485	0	0	0.617710458726323	4.18965474202643	5.18178355029209	6.18620862390049	0.38270893413629
BA_only	hippocampus	AA	psi	chr15_56805607_56805982	chr15	56805607	56805982	10	10	0	0	0.0660573115742794	0.985907779499035	2.18723419155096	2.18723419155096	375	190	Genic/other	0	Non-heritable	0.0527954486594019	0.626672357319984	0.00629549575757795	55557	0	0	0.527954486594019	5.92692602597041	5.25227342804663	10.9251827991001	0.782637824004536
BA_only	hippocampus	AA	psi	chr15_57272952_57273816	chr15	57272952	57273816	30	30	0	0	0.00721983282631286	0.931602204679102	2.07980425105303	2.07980425105303	864	425	Genic/other	0	Heritable	0.110659797684891	0.911850501432453	0.0102580619163548	0	0	0	1.10659797684891	6.76157276880406	6.05443934626937	0	0.732273784022082
BA_only	hippocampus	AA	psi	chr15_57735193_57735980	chr15	57735193	57735980	14	14	0	0	0.0467100648418648	0.982445572707507	2.37877202390587	2.37877202390587	787	558	Genic/other	0	Non-heritable	0.0913707648310366	0.914701842147126	0.00484561553466643	20656	0	0	0.913707648310366	6.6682282484174	6.3261494731551	9.93580952399825	0.866584402393886
BA_only	hippocampus	AA	psi	chr15_59267687_59268395	chr15	59267687	59268395	7	7	0	0	0.126006470881407	0.991064867102684	1.061279788069	-1.061279788069	708	428	Genic/other	0	Non-heritable	0.0923130865410207	0.911228388332535	0.00776388043164129	11402	0	0	0.923130865410207	6.56244409369372	6.06145691892802	9.34163175765736	0.0594755365239086
BA_only	hippocampus	AA	psi	chr15_59306415_59307119	chr15	59306415	59307119	6	6	0	0	0.355068075790313	0.993907636149293	0.297425831123935	-0.297425831123935	704	423	Genic/other	0	Non-heritable	0.0879000579043065	0.903385600896491	0.00604539413648948	50130	0	0	0.879000579043065	6.55677835615804	6.04973345523196	10.8223948581934	-1.21259035860326
BA_only	hippocampus	AA	psi	chr15_59334694_59335655	chr15	59334694	59335655	6	6	0	0	0.0345311317948014	0.980327953711174	0.983577350117666	0.983577350117666	961	417	Genic/other	0	Non-heritable	0.0947871834971522	0.937862364165838	0.0070816503041592	37123	0	0	0.947871834971522	6.86797440897029	6.03548143252476	10.5220189397153	-0.0165589862721585
BA_only	hippocampus	AA	psi	chr15_59366446_59367681	chr15	59366446	59367681	9	9	0	0	0.0541784206949122	0.985306780190445	0.751808148522771	0.751808148522771	1235	435	Genic/other	1	Heritable	0.142182880860174	0.890903837730489	0.0100025497133457	5097	0	0	1.42182880860174	7.11882624906208	6.07764224334903	8.53660358493606	-0.285274095925346
BA_only	hippocampus	AA	psi	chr15_59371010_59371277	chr15	59371010	59371277	9	9	0	0	0.0582918074080501	0.98577631996496	1.44654348394103	-1.44654348394103	267	454	Genic/other	1	Non-heritable	0.0907723449683986	0.920683671944836	0.0075023568504382	1501	0	0	0.907723449683986	5.58724865840025	6.12029741895095	7.31455283232408	0.369176913382305
BA_only	hippocampus	AA	psi	chr15_59657882_59657959	chr15	59657882	59657959	13	13	0	0	0.0736837533404917	0.985907779499035	0.704953884400336	0.704953884400336	77	547	Promoter	1	Heritable	0.128968793475785	0.907037202142092	0.00708280569198476	475	0	0	1.28968793475785	4.34380542185368	6.30627528694802	6.16541785423142	-0.349622876322119
BA_only	hippocampus	AA	psi	chr15_59724913_59725459	chr15	59724913	59725459	11	11	0	0	0.251665793999269	0.992837608310815	2.13693064752676	-2.13693064752676	546	511	Intergenic	0	Non-heritable	0.05457655203399	0.93720983545673	0.0103613950011072	35777	0	0	0.5457655203399	6.30261897574491	6.23832462503951	10.4850884583512	0.759370527297098
BA_only	hippocampus	AA	psi	chr15_60397086_60397314	chr15	60397086	60397314	76	76	0	0	0.00400661628754632	0.876791757078889	7.1236868122007	7.1236868122007	228	524	Genic/other	1	Non-heritable	0.056514495884059	0.88621362132038	0.00814334417322544	0	0	0	0.56514495884059	5.42934562895444	6.26339826259162	0	1.9634254035123
BA_only	hippocampus	AA	psi	chr15_60399276_60399373	chr15	60399276	60399373	76	76	0	0	0.0154367647191233	0.967076513219291	4.65184216274261	-4.65184216274261	97	512	Promoter	1	Non-heritable	0.0460088042299739	0.929989386799957	0.00808768041364641	1332	0	0	0.460088042299739	4.57471097850338	6.24027584517077	7.19518732017871	1.53726330732737
BA_only	hippocampus	AA	psi	chr15_60753365_60754211	chr15	60753365	60754211	12	12	0	0	0.0325146963853875	0.978660772153819	5.45922306940251	5.45922306940251	846	609	Genic/other	0	Heritable	0.289311641738153	0.928707681397785	0.00863470726676997	0	0	0	2.89311641738153	6.74051935960622	6.41345895716736	0	1.69730648648246
BA_only	hippocampus	AA	psi	chr15_61807481_61807976	chr15	61807481	61807976	34	34	0	0	0.00721711237053052	0.931602204679102	2.6464115045131	-2.6464115045131	495	425	Intergenic	0	Non-heritable	0.0972414485376263	0.885527212752468	0.00743036626878792	55551	0	0	0.972414485376263	6.20455776256869	6.05443934626937	10.92507479802	0.973204576847859
BA_only	hippocampus	AA	psi	chr15_62344566_62345266	chr15	62344566	62345266	17	17	0	0	0.141778956422649	0.991064867102684	0.67104615470273	0.67104615470273	700	397	Intergenic	0	Heritable	0.147224867978679	0.90900363020665	0.0102756632394633	6776	0	0	1.47224867978679	6.5510803350434	5.98645200528444	8.82128980513611	-0.398917344522019
BA_only	hippocampus	AA	psi	chr15_62739775_62741138	chr15	62739775	62741138	19	19	0	0	0.0532216276932749	0.984783117109287	0.908673828481398	0.908673828481398	1363	481	Promoter	0	Non-heritable	0.0922822418168175	0.91647683086091	0.00767642007583563	12777	0	0	0.922822418168175	7.21744343169653	6.1779441140506	9.45548022116229	-0.0957690627454609
BA_only	hippocampus	AA	psi	chr15_62756818_62757820	chr15	62756818	62757820	19	19	0	0	0.0910717880858414	0.989446665475032	0.851953075065124	0.851953075065124	1002	470	Promoter	0	Non-heritable	0.0485378432235732	0.913324636595916	0.00718005060428885	1285	0	0	0.485378432235732	6.90975328164481	6.15485809401642	7.15929190479756	-0.160223818146479
BA_only	hippocampus	AA	psi	chr15_62782610_62782935	chr15	62782610	62782935	20	20	0	0	0.0528135955284171	0.984783117109287	0.448487269522928	-0.448487269522928	325	473	Genic/other	0	Heritable	0.129308946198172	0.94301336479105	0.0103415181774035	27077	0	0	1.29308946198172	5.78382518232974	6.16120732169508	10.2064768690551	-0.801874960153222
BA_only	hippocampus	AA	psi	chr15_62904702_62905278	chr15	62904702	62905278	89	89	0	0	0.00605422044829306	0.920071263887331	3.38367783553299	3.38367783553299	576	501	Intergenic	0	Heritable	0.701766962668115	0.905126865026129	0.00748889255005113	6050	0	0	7.01766962668115	6.35610766069589	6.21860011969173	8.70797882662232	1.21896323790165
BA_only	hippocampus	AA	psi	chr15_63506229_63507063	chr15	63506229	63507063	124	124	0	0	0.00787691910363384	0.933559278800072	2.74576277650959	-2.74576277650959	834	306	Genic/other	1	Heritable	0.109792001488034	0.787417115651275	0.00584795208512282	0	0	0	1.09792001488034	6.72623340235875	5.7268477475872	0	1.01005891851226
BA_only	hippocampus	AA	psi	chr15_64133858_64134733	chr15	64133858	64134733	42	42	0	0	0.00172519187410494	0.789931707261775	3.16713179887825	-3.16713179887825	875	198	Promoter	0	Heritable	0.119621699672515	0.752356492969507	0.00735712752090233	0	0	0	1.19621699672515	6.77422388635761	5.29330482472449	0	1.15282638616573
BA_only	hippocampus	AA	psi	chr15_64387152_64387250	chr15	64387152	64387250	38	38	0	0	0.0139575675481371	0.964529504141215	2.21365316453812	-2.21365316453812	98	197	Promoter	1	Non-heritable	0.0735271835667786	0.74723411311192	0.00781370430506795	0	0	0	0.735271835667786	4.58496747867057	5.28826703069454	0	0.794644170948592
BA_only	hippocampus	AA	psi	chr15_64388333_64388399	chr15	64388333	64388399	36	36	0	0	0.0406444066798726	0.980549382116533	1.79363160596083	-1.79363160596083	66	192	Promoter	1	Heritable	0.135533091732872	0.685814371367017	0.00784911255684598	0	0	0	1.35533091732872	4.18965474202643	5.26269018890489	0	0.584242400277208
BA_only	hippocampus	AA	psi	chr15_64836214_64836454	chr15	64836214	64836454	24	24	0	0	0.0293672627011713	0.976712848084579	3.02029906391979	3.02029906391979	240	206	Intergenic	1	Heritable	0.208894295582195	0.812276946735514	0.0118541517910286	0	0	0	2.08894295582195	5.48063892334199	5.33271879326537	0	1.10535585758279
BA_only	hippocampus	AA	psi	chr15_64840482_64840885	chr15	64840482	64840885	24	24	0	0	0.0634379812437776	0.985907779499035	1.58216799732837	1.58216799732837	403	210	Promoter	1	Heritable	0.102671597872239	0.766959219678968	0.00742341114044915	1142	0	0	1.02671597872239	5.99893656194668	5.35185813347607	7.04141166379481	0.458796063029324
BA_only	hippocampus	AA	psi	chr15_64905048_64905126	chr15	64905048	64905126	28	28	0	0	0.126038481157266	0.991064867102684	3.07025532443942	-3.07025532443942	78	257	Genic/other	1	Heritable	0.161127382726767	0.856342119397382	0.00526094328186418	6837	0	0	1.61127382726767	4.35670882668959	5.55295958492162	8.83025057019925	1.12176072896778
BA_only	hippocampus	AA	psi	chr15_64979167_64979580	chr15	64979167	64979580	30	30	0	0	0.0137506559730742	0.964441318501853	1.12510401599653	1.12510401599653	413	285	Genic/other	0	Non-heritable	0.0549176707201358	0.764138948425815	0.0111778176861411	0	0	0	0.549176707201358	6.02344759296103	5.65599181081985	0	0.117875498933994
BA_only	hippocampus	AA	psi	chr15_65297791_65298134	chr15	65297791	65298134	37	37	0	0	0.0622639025915303	0.985907779499035	2.94453428024602	2.94453428024602	343	265	Genic/other	1	Non-heritable	0.0887654158960063	0.764197617368147	0.00414439397119409	11537	0	0	0.887654158960063	5.83773044716594	5.5834963087817	9.35340121481683	1.07995066885888
BA_only	hippocampus	AA	psi	chr15_65524025_65525334	chr15	65524025	65525334	40	40	0	0	0.0246740442602361	0.975932065139872	2.80579264856849	-2.80579264856849	1309	249	Intergenic	0	Heritable	0.177104380060216	0.726336020400285	0.0177648532682554	5308	0	0	1.77104380060216	7.1770187659099	5.52146091786225	8.57715877258367	1.03168608677922
BA_only	hippocampus	AA	psi	chr15_66654916_66655290	chr15	66654916	66655290	41	41	0	0	0.0501562265409108	0.984017207786399	1.85029687803154	-1.85029687803154	374	548	Genic/other	2	Heritable	0.101867244569896	0.928600929349804	0.00712333274603557	0	0	0	1.01867244569896	5.92425579741453	6.30809844150953	0	0.615346106231742
BA_only	hippocampus	AA	psi	chr15_67832716_67833055	chr15	67832716	67833055	2	2	0	0	0.380459555442036	0.994416868537123	1.07379191227481	1.07379191227481	339	206	Promoter	1	Heritable	0.179005612548449	0.783750061183834	0.00692472569539467	6779	0	0	1.79005612548449	5.82600010738045	5.33271879326537	8.82173238093444	0.0711962364177935
BA_only	hippocampus	AA	psi	chr15_68700847_68701152	chr15	68700847	68701152	22	22	0	0	0.0325313768300979	0.978660772153819	0.975822059570844	-0.975822059570844	305	456	Genic/other	0	Non-heritable	0.093194290803044	0.927081825900094	0.00850119143497464	86342	0	0	0.93194290803044	5.72031177660741	6.12468339089421	11.3660830148575	-0.0244750149563388
BA_only	hippocampus	AA	psi	chr15_68797692_68798932	chr15	68797692	68798932	13	13	0	0	0.107096548622915	0.990610842832516	0.926204543812169	0.926204543812169	1240	460	Enhancer	0	Heritable	0.123804685321629	0.924024763373893	0.00678631731900027	0	0	0	1.23804685321629	7.12286665859908	6.13339804299665	0	-0.0766601682857615
BA_only	hippocampus	AA	psi	chr15_68930251_68930787	chr15	68930251	68930787	23	23	0	0	0.0345123329835869	0.980327953711174	1.56666336454937	1.56666336454937	536	383	Promoter	1	Non-heritable	0.0888028543251776	0.899438719866298	0.00918067931365571	0	0	0	0.888028543251776	6.2841341610708	5.95064255258773	0	0.448948118694229
BA_only	hippocampus	AA	psi	chr15_69451897_69452070	chr15	69451897	69452070	107	107	0	0	0.0181760654194431	0.971685151173798	2.79712902809589	2.79712902809589	173	388	Promoter	1	Heritable	0.15401847238424	0.860563749912378	0.0113131142134287	0	0	0	1.5401847238424	5.15329159449778	5.96357934361845	0	1.02859354761969
BA_only	hippocampus	AA	psi	chr15_69462349_69462514	chr15	69462349	69462514	107	107	0	0	0.00334193461349955	0.86361998581764	4.31651756770677	4.31651756770677	165	403	Promoter	0	Non-heritable	0.0563706317478979	0.81784681853731	0.00982306498758506	0	0	0	0.563706317478979	5.10594547390058	6.00141487796115	0	1.462448960898
BA_only	hippocampus	AA	psi	chr15_69885293_69886160	chr15	69885293	69886160	86	86	0	0	0.0129021280831539	0.964059403720961	4.57923356025027	4.57923356025027	867	562	Intergenic	0	Non-heritable	0.0887712520568026	0.937751881966613	0.00791251503360738	6588	0	0	0.887712520568026	6.76503897678054	6.33327962813969	8.79315687091382	1.52153164138262
BA_only	hippocampus	AA	psi	chr15_70111536_70112305	chr15	70111536	70112305	37	37	0	0	0.00726564570376732	0.9324765259379	6.35188587213213	6.35188587213213	769	619	Intergenic	0	Heritable	0.102953342560203	0.962174209295426	0.0067521131212969	15957	0	0	1.02953342560203	6.64509096950564	6.42971947803914	9.67771554986823	1.84875175812415
BA_only	hippocampus	AA	psi	chr15_70447667_70448141	chr15	70447667	70448141	31	31	0	0	0.0393377573215872	0.980549382116533	2.55174313544999	2.55174313544999	474	468	Intergenic	0	Heritable	0.119819426973613	0.931067690350914	0.00711724488741409	7185	0	0	1.19819426973613	6.16120732169508	6.15060276844628	8.87988996767346	0.936776712082516
BA_only	hippocampus	AA	psi	chr15_70474169_70474472	chr15	70474169	70474472	39	39	0	0	0.00585495901309053	0.91658260669542	2.00874555212073	2.00874555212073	303	444	Intergenic	0	Non-heritable	0.0913268905109817	0.900925940682031	0.00838318241704307	10864	0	0	0.913268905109817	5.71373280550937	6.09807428216624	9.29330189269053	0.697510428793084
BA_only	hippocampus	AA	psi	chr15_70851616_70852788	chr15	70851616	70852788	39	39	0	0	0.0549835592216945	0.98577631996496	1.60460234632325	-1.60460234632325	1172	331	Promoter	2	Non-heritable	0.0875719538266441	0.771157962313546	0.00938790932698299	0	0	0	0.875719538266441	7.06646697013696	5.80513496891649	0	0.472875972816491
BA_only	hippocampus	AA	psi	chr15_70867574_70868650	chr15	70867574	70868650	41	41	0	0	0.0238608521324451	0.975932065139872	1.76250005745732	-1.76250005745732	1076	321	Genic/other	0	Heritable	0.119935214328274	0.849716962101539	0.00700948595228384	0	0	0	1.19935214328274	6.98100574072173	5.77455154554441	0	0.566733293977943
BA_only	hippocampus	AA	psi	chr15_71215148_71215546	chr15	71215148	71215546	14	14	0	0	0.0485077902636184	0.982679694888686	2.63172304986425	-2.63172304986425	398	407	Genic/other	2	Heritable	0.169758022765994	0.914701322449367	0.00554515052381389	26331	0	0	1.69758022765994	5.98645200528444	6.01126717440416	10.1785402085878	0.967638787510696
BA_only	hippocampus	AA	psi	chr15_72461158_72462274	chr15	72461158	72462274	187	187	0	0	0.00276601359600025	0.842029831452187	7.6084772884258	-7.6084772884258	1116	164	Genic/other	0	Heritable	0.201454191365633	0.677756829465828	0.0126664981498844	0	0	0	2.01454191365633	7.01750614294126	5.10594547390058	0	2.02926305966139
BA_only	hippocampus	AA	psi	chr15_74132088_74134982	chr15	74132088	74134982	263	263	0	0	0.0055583137234527	0.914301706404424	6.30944882862811	6.30944882862811	2894	320	Genic/other	2	Non-heritable	0.0683997219969736	0.829082220159719	0.0087294415263226	0	0	0	0.683997219969736	7.97039490719143	5.77144112313002	0	1.84204832545256
BA_only	hippocampus	AA	psi	chr15_74156667_74157231	chr15	74156667	74157231	264	264	0	0	0.00356507868189894	0.866906756094015	8.33664250826595	8.33664250826595	564	308	Genic/other	0	Non-heritable	0.0823037744801716	0.857405954808168	0.0077932243987533	0	0	0	0.823037744801716	6.33505425149806	5.73334127689775	0	2.1206605595678
BA_only	hippocampus	AA	psi	chr15_74410386_74410475	chr15	74410386	74410475	347	347	0	0	0.000177087599325479	0.4638334429248	8.47930780586384	-8.47930780586384	89	251	Genic/other	1	Heritable	0.419923098067827	0.905105014378508	0.00829457130907269	7493	0	0	4.19923098067827	4.48863636973214	5.52942908751142	8.92185797935363	2.13762882098452
BA_only	hippocampus	AA	psi	chr15_74421384_74422860	chr15	74421384	74422860	347	347	0	0	0.00168546179301113	0.786661074605562	18.3028473758602	-18.3028473758602	1476	234	Genic/other	0	Non-heritable	0.0801474979058332	0.827750409691828	0.00779835315609437	2582	0	0	0.801474979058332	7.29709100516042	5.45958551414416	7.85670679309584	2.9070566425995
BA_only	hippocampus	AA	psi	chr15_74430686_74432221	chr15	74430686	74432221	340	340	0	0	0.00431824122306331	0.888539612676336	15.3232619625207	15.3232619625207	1535	244	Enhancer	2	Heritable	0.104777617021076	0.835381914772128	0.00877793204023891	11884	0	0	1.04777617021076	7.3362856600213	5.50125821054473	9.38303237979429	2.72937206413597
BA_only	hippocampus	AA	psi	chr15_74547174_74548330	chr15	74547174	74548330	301	301	0	0	0.00287296284240052	0.844808629760907	3.42651510814094	3.42651510814094	1156	234	Genic/other	0	Non-heritable	0.0891114920158868	0.775616810145178	0.0120683604829889	6275	0	0	0.891114920158868	7.05272104923232	5.45958551414416	8.74448811385292	1.23154374415744
BA_only	hippocampus	AA	psi	chr15_75299562_75300019	chr15	75299562	75300019	80	80	0	0	0.000483933351210293	0.604726246238535	3.93632980540507	3.93632980540507	457	238	Intergenic	0	Heritable	0.113068150073008	0.8456061939607	0.00938763255717449	36072	0	0	1.13068150073008	6.12468339089421	5.47646355193151	10.4932999420498	1.37024877024373
BA_only	hippocampus	AA	psi	chr15_77536325_77537587	chr15	77536325	77537587	45	45	0	0	0.0428639918138502	0.980549382116533	5.02170186208893	-5.02170186208893	1262	293	Intergenic	0	Heritable	0.392332644207949	0.845900446665643	0.00988383406101976	0	0	0	3.92332644207949	7.14045304310116	5.68357976733868	0	1.61376889459431
BA_only	hippocampus	AA	psi	chr15_77589818_77590388	chr15	77589818	77590388	63	63	0	0	0.0259215531181363	0.975932065139872	6.31848849317049	6.31848849317049	570	281	Genic/other	0	Heritable	0.469400155355816	0.849588862131931	0.00603586762203195	0	0	0	4.69400155355816	6.3456363608286	5.64190707093811	0	1.84348001866449
BA_only	hippocampus	AA	psi	chr15_77890929_77891075	chr15	77890929	77891075	80	80	0	0	0.00361123372810738	0.866906756094015	3.32281633935568	3.32281633935568	146	393	Enhancer	0	Heritable	0.116623006515602	0.92540043840778	0.00599466160708362	33979	0	0	1.16623006515602	4.98360662170834	5.97635090929793	10.4335273952259	1.2008127213257
BA_only	hippocampus	AA	psi	chr15_77911020_77911263	chr15	77911020	77911263	87	87	0	0	0.0203428742932599	0.975856666808667	1.73861230120281	1.73861230120281	243	401	Intergenic	0	Heritable	0.107072373193665	0.877362339837979	0.017755512124507	13791	0	0	1.07072373193665	5.49306144334055	5.99645208861902	9.53184399290347	0.553087272739108
BA_only	hippocampus	AA	psi	chr15_77994319_77994899	chr15	77994319	77994899	87	87	0	0	0.0268816982514741	0.975932065139872	4.63831553383155	-4.63831553383155	580	429	Enhancer	0	Non-heritable	0.0970634953897073	0.917223930443651	0.00673861851172781	0	0	0	0.970634953897073	6.36302810354047	6.06378520868761	0	1.53435127098041
BA_only	hippocampus	AA	psi	chr15_77998684_77998852	chr15	77998684	77998852	87	87	0	0	0.0351319661894007	0.980327953711174	1.73624128082472	-1.73624128082472	168	427	Genic/other	0	Heritable	0.474187332606435	0.914642082763213	0.00904645942774007	0	0	0	4.74187332606435	5.12396397940326	6.0591231955818	0	0.551722598990161
BA_only	hippocampus	AA	psi	chr15_78210851_78211402	chr15	78210851	78211402	80	80	0	0	0.00479586111286184	0.903845859635741	3.25156318507273	-3.25156318507273	551	398	Genic/other	0	Heritable	0.113024334250378	0.911885374821633	0.00721974777163205	0	0	0	1.13024334250378	6.31173480915292	5.98896141688986	0	1.17913586380565
BA_only	hippocampus	AA	psi	chr15_78316096_78316482	chr15	78316096	78316482	113	113	0	0	0.00152066613723159	0.77415367711362	5.34995396344666	-5.34995396344666	386	398	Intergenic	0	Heritable	0.12908131992519	0.875406151934722	0.00727186119689782	16533	0	0	1.2908131992519	5.95583736946483	5.98896141688986	9.71317414581262	1.67708795777683
BA_only	hippocampus	AA	psi	chr15_78756287_78757318	chr15	78756287	78757318	185	185	0	0	0.00140625095246674	0.760188330071088	2.98280741274582	-2.98280741274582	1031	480	Enhancer	1	Non-heritable	0.0561743940852792	0.93090239704968	0.00631424461087725	9732	0	0	0.561743940852792	6.93828448401696	6.17586727010576	9.18327745242649	1.09286494520051
BA_only	hippocampus	AA	psi	chr15_78765078_78765764	chr15	78765078	78765764	185	185	0	0	0.00587419240016076	0.91660165241749	4.54274574935394	-4.54274574935394	686	507	Promoter	1	Heritable	0.156688445405111	0.929549437919635	0.011453063151522	1286	0	0	1.56688445405111	6.53087762772589	6.23048144757848	7.16006920759613	1.51353162204903
BA_only	hippocampus	AA	psi	chr15_78778051_78778665	chr15	78778051	78778665	185	185	0	0	0.00254970417417692	0.831391577052564	4.99081439281137	4.99081439281137	614	492	Genic/other	0	Non-heritable	0.0960347938842501	0.853627756547079	0.00578647436812715	9632	0	0	0.960347938842501	6.41999492814714	6.20050917404269	9.17294998275762	1.60759910342284
BA_only	hippocampus	AA	psi	chr15_79035952_79036084	chr15	79035952	79036084	166	166	0	0	0.00103099531428692	0.721962374926426	7.15370396299585	-7.15370396299585	132	474	Genic/other	0	Heritable	0.254834793560526	0.903770220009159	0.0058630044403003	20624	0	0	2.54834793560526	4.88280192258637	6.16331480403464	9.93425921120288	1.9676302607517
BA_only	hippocampus	AA	psi	chr15_79430981_79431241	chr15	79430981	79431241	42	42	0	0	0.0443964593490243	0.981294536864781	3.38306803430541	-3.38306803430541	260	553	Genic/other	1	Heritable	0.120770754956932	0.949582421934126	0.00709945977714677	19580	0	0	1.20770754956932	5.56068163101553	6.31716468674728	9.88231498730333	1.21878300319529
BA_only	hippocampus	AA	psi	chr15_79922662_79922726	chr15	79922662	79922726	32	32	0	0	0.00182676599787637	0.796447609036794	4.52034112258775	-4.52034112258775	64	493	Promoter	1	Non-heritable	0.0613166095321359	0.883565288129438	0.00661048915597522	0	0	0	0.613166095321359	4.15888308335967	6.20253551718792	0	1.50858746280774
BA_only	hippocampus	AA	psi	chr15_79993499_79993970	chr15	79993499	79993970	33	33	0	0	0.00108333467929461	0.725388163675873	5.1091408967048	-5.1091408967048	471	515	Intergenic	0	Heritable	0.194626888441877	0.950952098401187	0.00743874164996306	22798	0	0	1.94626888441877	6.15485809401642	6.24610676548156	10.0344719543315	1.63103127006323
BA_only	hippocampus	AA	psi	chr15_80246403_80246919	chr15	80246403	80246919	205	205	0	0	0.00103417513014024	0.721965237965727	3.20996669585543	-3.20996669585543	516	486	Genic/other	0	Non-heritable	0.076643280245868	0.938196173855107	0.00631356655388392	65360	0	0	0.76643280245868	6.24610676548156	6.18826412308259	11.0876810292944	1.16626056508048
BA_only	hippocampus	AA	psi	chr15_81048904_81049868	chr15	81048904	81049868	19	19	0	0	0.0490246931890391	0.983040601259948	2.05525290097073	-2.05525290097073	964	511	Genic/other	0	Non-heritable	0.0892055801382068	0.943345640713087	0.0080010741913786	70137	0	0	0.892055801382068	6.87109129461055	6.23832462503951	11.1582200088879	0.720398911407565
BA_only	hippocampus	AA	psi	chr15_81132052_81133454	chr15	81132052	81133454	109	109	0	0	0.00568172694171345	0.914301706404424	3.50295964250733	3.50295964250733	1402	502	Promoter	2	Heritable	0.150162549130171	0.946436034084943	0.00852888412392646	49441	0	0	1.50162549130171	7.24565506759454	6.22059017009974	10.8085555443878	1.25360822616653
BA_only	hippocampus	AA	psi	chr15_81158546_81158740	chr15	81158546	81158740	110	110	0	0	0.0233881733209826	0.975932065139872	4.73266509585622	4.73266509585622	194	506	Promoter	0	Heritable	0.311135997901435	0.910760597444152	0.00547154637163637	24155	0	0	3.11135997901435	5.26785815906333	6.22851100359118	10.0922880754278	1.55448849115389
BA_only	hippocampus	AA	psi	chr15_81876649_81878105	chr15	81876649	81878105	43	43	0	0	0.00051839899064298	0.624099430054502	1.767136710607	-1.767136710607	1456	323	Enhancer	0	Non-heritable	0.0780875533498608	0.810362579103805	0.00906567425310621	0	0	0	0.780875533498608	7.28344822875663	5.78074351579233	0	0.569360564768195
BA_only	hippocampus	AA	psi	chr15_82648734_82649049	chr15	82648734	82649049	263	263	0	0	0.00293314665931557	0.846222391562562	5.52484137955669	-5.52484137955669	315	163	Promoter	2	Non-heritable	0.0904141310586211	0.698973316057266	0.00675655615362863	294	0	0	0.904141310586211	5.75257263882563	5.0998664278242	5.68697535633982	1.7092545392192
BA_only	hippocampus	AA	psi	chr15_83000316_83000566	chr15	83000316	83000566	38	38	0	0	0.0160294142502101	0.968049414896919	2.0290859435894	-2.0290859435894	250	182	Genic/other	0	Heritable	0.101320194371362	0.739897033767595	0.0107136117583984	0	0	0	1.01320194371362	5.52146091786225	5.20948615284142	0	0.707585422484311
BA_only	hippocampus	AA	psi	chr15_83448607_83449544	chr15	83448607	83449544	4	4	0	0	0.174380040748294	0.991064867102684	1.15866796864375	1.15866796864375	937	251	Enhancer	1	Non-heritable	0.047757566261553	0.808411236117764	0.00621645159790142	79993	0	0	0.47757566261553	6.84268328223842	5.52942908751142	11.2897069108434	0.147271051050635
BA_only	hippocampus	AA	psi	chr15_83836784_83838235	chr15	83836784	83838235	26	26	0	0	0.0053605705374242	0.912495664928221	0.815907142905887	0.815907142905887	1451	251	Genic/other	0	Non-heritable	0.0664193898295137	0.712741602062961	0.00695379806578765	144348	0	0	0.664193898295137	7.28000825288419	5.52942908751142	11.8799892574606	-0.2034547136954
BA_only	hippocampus	AA	psi	chr15_84503220_84503318	chr15	84503220	84503318	712	712	0	0	0.00186127155379486	0.800632140208814	3.74861086406196	3.74861086406196	98	239	Genic/other	1	Heritable	0.141696311798548	0.781161675415123	0.0353320809685225	1871	0	0	1.41696311798548	4.58496747867057	5.48063892334199	7.53476265703754	1.32138533777137
BA_only	hippocampus	AA	psi	chr15_85098764_85099377	chr15	85098764	85099377	65	65	0	0	0.0655454296159664	0.985907779499035	2.98371738184746	-2.98371738184746	613	273	Promoter	0	Non-heritable	0.0910539541792787	0.854470089745234	0.00782514894300572	815	0	0	0.910539541792787	6.41836493593621	5.61312810638807	6.70441435496411	1.09316997003053
BA_only	hippocampus	AA	psi	chr15_85793066_85793212	chr15	85793066	85793212	8	8	0	0	0.532163692134653	0.995858944649371	0.719091553459155	0.719091553459155	146	331	Genic/other	1	Heritable	0.116137593234821	0.861663284484352	0.00784263294432722	0	0	0	1.16137593234821	4.98360662170834	5.80513496891649	0	-0.329766581025454
BA_only	hippocampus	AA	psi	chr15_85890000_85890451	chr15	85890000	85890451	74	74	0	0	0.0206023041000592	0.975856666808667	0.998446422092104	-0.998446422092104	451	352	Intergenic	0	Non-heritable	0.0956944141672598	0.89909434015723	0.010435769647809	95233	0	0	0.956944141672598	6.11146733950268	5.8664680569333	11.4640922998763	-0.00155477594585964
BA_only	hippocampus	AA	psi	chr15_85906141_85906825	chr15	85906141	85906825	74	74	0	0	0.00865273972330476	0.933559278800072	1.36572114190272	-1.36572114190272	684	351	Intergenic	0	Non-heritable	0.0761292610267853	0.870432985467826	0.00698781201894152	111374	0	0	0.761292610267853	6.52795791762255	5.8636311755981	11.6206581647731	0.311682605539191
BA_only	hippocampus	AA	psi	chr15_86232264_86232882	chr15	86232264	86232882	70	70	0	0	0.0045427906744513	0.896384732001839	1.5333381567436	1.5333381567436	618	446	Genic/other	0	Non-heritable	0.0716710757702572	0.906880166966495	0.0067151839888515	64191	0	0	0.716710757702572	6.42648845745769	6.10255859461357	11.0696338713216	0.427447167046058
BA_only	hippocampus	AA	psi	chr15_86234925_86235461	chr15	86234925	86235461	70	70	0	0	0.0153697509107681	0.967076513219291	1.51313311899781	-1.51313311899781	536	451	Genic/other	0	Heritable	0.10965700570883	0.881322507524719	0.00749379695135101	61612	0	0	1.0965700570883	6.2841341610708	6.11368217983223	11.0286281662171	0.414182421019793
BA_only	hippocampus	AA	psi	chr15_86917331_86917690	chr15	86917331	86917690	2	2	0	0	0.711776873968285	0.997543272146997	0.0920880517818243	-0.0920880517818243	359	441	Genic/other	0	Heritable	0.125073642728257	0.926425139621532	0.00615217733222947	22075	0	0	1.25073642728257	5.88332238848828	6.0913098820777	10.0022463245594	-2.38500996646976
BA_only	hippocampus	AA	psi	chr15_87275565_87277105	chr15	87275565	87277105	51	51	0	0	0.0162988118079798	0.969245141301252	1.4513047202936	-1.4513047202936	1540	396	Intergenic	0	Non-heritable	0.0730607349701665	0.90714187740653	0.00909886518882695	49724	0	0	0.730607349701665	7.33953769540768	5.98393628068719	10.8142631037222	0.372462965838142
BA_only	hippocampus	AA	psi	chr15_88253980_88254697	chr15	88253980	88254697	7	7	0	0	0.165914569023192	0.991064867102684	0.679074937961551	0.679074937961551	717	443	Genic/other	1	Non-heritable	0.0687388935840744	0.920737715954712	0.0084499689073422	1433	0	0	0.687388935840744	6.57507584059962	6.09582456243223	7.26822302115957	-0.387023777600936
BA_only	hippocampus	AA	psi	chr15_88648977_88649687	chr15	88648977	88649687	39	39	0	0	0.0259008826928177	0.975932065139872	2.81981886088191	2.81981886088191	710	555	Promoter	0	Non-heritable	0.0528206693970784	0.865918336351515	0.00536545283732913	0	0	0	0.528206693970784	6.56526497003536	6.32076829425058	0	1.03667265270346
BA_only	hippocampus	AA	psi	chr15_88681668_88682071	chr15	88681668	88682071	43	43	0	0	0.0467690430430729	0.982445572707507	2.6585111502233	2.6585111502233	403	557	Intergenic	0	Heritable	0.122327221868063	0.886652231384868	0.00745508498985884	26247	0	0	1.22327221868063	5.99893656194668	6.32435896238131	10.1753450746409	0.977766251893373
BA_only	hippocampus	AA	psi	chr15_88741907_88742232	chr15	88741907	88742232	39	39	0	0	0.0237431776724632	0.975932065139872	2.36121608929868	2.36121608929868	325	562	Intergenic	2	Non-heritable	0.057550871818546	0.945363608730819	0.00634373671958613	86486	0	0	0.57550871818546	5.78382518232974	6.33327962813969	11.3677493926081	0.859176782630965
BA_only	hippocampus	AA	psi	chr15_88967349_88968470	chr15	88967349	88968470	46	46	0	0	0.05760829996533	0.98577631996496	5.20151268100304	5.20151268100304	1121	544	Intergenic	0	Heritable	0.456218830525116	0.935524381928843	0.0065633571445623	24956	0	0	4.56218830525116	7.02197642307216	6.30078579466324	10.124909622952	1.64894948539953
BA_only	hippocampus	AA	psi	chr15_89089679_89090942	chr15	89089679	89090942	81	81	0	0	0.00772661722001904	0.933559278800072	2.59103099093894	2.59103099093894	1263	563	Genic/other	1	Heritable	0.102910593504646	0.951563191194812	0.00526682642594815	0	0	0	1.02910593504646	7.14124512235049	6.33505425149806	0	0.952055866363254
BA_only	hippocampus	AA	psi	chr15_89091510_89092291	chr15	89091510	89092291	81	81	0	0	0.00538813235866636	0.912964788377798	3.70623833898075	-3.70623833898075	781	578	Genic/other	1	Non-heritable	0.0691222018731813	0.954354725080924	0.00623755990808454	0	0	0	0.691222018731813	6.66057514983969	6.361302477573	0	1.31001744014499
BA_only	hippocampus	AA	psi	chr15_89242218_89242455	chr15	89242218	89242455	310	310	0	1	5.46259930826148e-06	0.0666442865712436	3.33476825320352	-3.33476825320352	237	541	Genic/other	1	Heritable	0.214588063159799	0.94979878435147	0.00691174292762646	1577	0	1	2.14588063159799	5.46806014113513	6.29526600143965	7.36391350140582	1.20440319065751
BA_only	hippocampus	AA	psi	chr15_89372351_89373169	chr15	89372351	89373169	277	277	0	0	0.00429058857582035	0.888539612676336	7.59988156806382	7.59988156806382	818	506	Genic/other	1	Non-heritable	0.0524137870671611	0.861724257676356	0.00698033351567232	0	0	0	0.524137870671611	6.70686233660275	6.22851100359118	0	2.02813266533718
BA_only	hippocampus	AA	psi	chr15_89389781_89390116	chr15	89389781	89390116	277	277	0	0	0.0039958517442474	0.876526751905212	3.07393300140523	-3.07393300140523	335	494	Genic/other	0	Heritable	0.12478306023543	0.926957198793498	0.00828874537743578	0	0	0	1.2478306023543	5.81413053182507	6.20455776256869	0	1.12295785288326
BA_only	hippocampus	AA	psi	chr15_89469015_89470320	chr15	89469015	89470320	282	282	0	0	0.00505893358153334	0.909885926705608	4.38604573331848	-4.38604573331848	1305	500	Enhancer	0	Heritable	0.104524258300126	0.933906901373684	0.00596986729092866	1401	0	0	1.04524258300126	7.17395831975679	6.21660610108487	7.24565506759454	1.47842807933449
BA_only	hippocampus	AA	psi	chr15_89948755_89949242	chr15	89948755	89949242	34	34	0	0	0.0126536880816072	0.961717006536833	1.81883468270266	1.81883468270266	487	489	Genic/other	0	Heritable	0.103428983395202	0.935819035235045	0.00769033008781048	36010	0	0	1.03428983395202	6.18826412308259	6.19440539110467	10.4915797263212	0.598196017287935
BA_only	hippocampus	AA	psi	chr15_90389720_90390999	chr15	90389720	90390999	34	34	0	0	0.0102484293599882	0.944902218841749	1.81471569793163	1.81471569793163	1279	479	Genic/other	2	Heritable	0.12186367569258	0.869828146222369	0.00456809997492142	27174	0	0	1.2186367569258	7.15383380157884	6.17378610390194	10.2100527119894	0.595928820699898
BA_only	hippocampus	AA	psi	chr15_90596962_90597357	chr15	90596962	90597357	63	63	0	0	0.0332806963038597	0.979164877002956	3.80335916038202	-3.80335916038202	395	524	Promoter	0	Non-heritable	0.0819279351753876	0.921830407421758	0.00522203136281513	0	0	0	0.819279351753876	5.97888576490112	6.26339826259162	0	1.33588466844714
BA_only	hippocampus	AA	psi	chr15_90750231_90750930	chr15	90750231	90750930	138	138	0	0	0.00241035238732447	0.824728302674626	5.18146802057186	5.18146802057186	699	519	Genic/other	0	Non-heritable	0.0850451305965109	0.88040261707385	0.0082790155725574	2841	0	0	0.850451305965109	6.54965074223381	6.25382881157547	7.95226330865705	1.64508841970548
BA_only	hippocampus	AA	psi	chr15_90818597_90818774	chr15	90818597	90818774	142	142	0	0	0.00245152050657272	0.824728302674626	6.16682929841864	6.16682929841864	177	536	Genic/other	1	Non-heritable	0.0789353203590169	0.936998585011828	0.00706122282425142	3494	0	0	0.789353203590169	5.17614973257383	6.28599809450887	8.15908865466791	1.81918481740653
BA_only	hippocampus	AA	psi	chr15_90895362_90895926	chr15	90895362	90895926	134	134	0	0	0.00588335556268656	0.91660165241749	4.45250972411989	4.45250972411989	564	575	Intergenic	0	Heritable	0.122510983894395	0.944076994137858	0.00852744507652392	0	0	0	1.22510983894395	6.33505425149806	6.35610766069589	0	1.49346792239375
BA_only	hippocampus	AA	psi	chr15_91271036_91271992	chr15	91271036	91271992	47	47	0	0	0.0559969663007926	0.98577631996496	2.14743297233379	2.14743297233379	956	701	Genic/other	0	Heritable	0.108764304818508	0.954883169843363	0.00644313862833912	19216	0	0	1.08764304818508	6.8627579130514	6.55393340402581	9.86355058293243	0.764273167094224
BA_only	hippocampus	AA	psi	chr15_91732442_91733514	chr15	91732442	91733514	15	15	0	0	0.00493597589376991	0.904429193901936	2.91512826434821	-2.91512826434821	1072	685	Intergenic	0	Non-heritable	0.0938202179059301	0.953020718573615	0.00941152449621548	50131	0	0	0.938202179059301	6.97728134163075	6.53087762772589	10.8224148057314	1.06991382375647
BA_only	hippocampus	AA	psi	chr15_91855338_91855965	chr15	91855338	91855965	18	18	0	0	0.0745969777066654	0.986186896048602	1.29164215794513	1.29164215794513	627	677	Genic/other	1	Heritable	0.152978313502212	0.963935402349922	0.00647425055613276	0	0	0	1.52978313502212	6.44094654063292	6.5191472879404	0	0.255914407205172
BA_only	hippocampus	AA	psi	chr15_92117069_92117715	chr15	92117069	92117715	11	11	0	0	0.180432302903442	0.991064867102684	0.993628416774017	0.993628416774017	646	695	Genic/other	0	Heritable	0.286303496609195	0.938062266405353	0.00644383034987898	29443	0	0	2.86303496609195	6.4707995037826	6.54534966033442	10.2902454331786	-0.0063919583349461
BA_only	hippocampus	AA	psi	chr15_92124259_92124849	chr15	92124259	92124849	12	12	0	0	0.0248191124665906	0.975932065139872	2.51832764137187	2.51832764137187	590	694	Genic/other	0	Non-heritable	0.084414866397329	0.960371621802408	0.00795525555088257	22309	0	0	0.84414866397329	6.38012253689977	6.54391184556479	10.0127902874266	0.923595050815214
BA_only	hippocampus	AA	psi	chr15_92722070_92724341	chr15	92722070	92724341	58	58	0	0	0.0293919544647617	0.976712848084579	2.11215037051472	2.11215037051472	2271	820	Promoter	0	Heritable	0.560528094742486	0.939122675933323	0.00809777168591153	0	0	0	5.60528094742486	7.72797554210556	6.71052310945243	0	0.747706566204436
BA_only	hippocampus	AA	psi	chr15_92733776_92734804	chr15	92733776	92734804	59	59	0	0	0.0149955463205688	0.966167725188189	2.54731159443537	2.54731159443537	1028	850	Promoter	0	Non-heritable	0.0545892317278731	0.973889830314702	0.00700914828236417	0	0	0	0.545892317278731	6.93537044601511	6.74641212857337	0	0.93503853026344
BA_only	hippocampus	AA	psi	chr15_92808270_92808498	chr15	92808270	92808498	76	76	0	0	0.00348814305753483	0.866906756094015	2.19199310820099	2.19199310820099	228	896	Promoter	1	Non-heritable	0.0979332528745112	0.96921906935313	0.00689033256069469	2662	0	0	0.979332528745112	5.42934562895444	6.7990558620588	7.88720858581393	0.784811229573993
BA_only	hippocampus	AA	psi	chr15_93066286_93066982	chr15	93066286	93066982	294	294	0	0	0.00136461369028654	0.758185047287174	3.44376600558942	-3.44376600558942	696	933	Promoter	2	Heritable	0.107341728234881	0.973024998129116	0.00819569525479136	0	0	0	1.07341728234881	6.54534966033442	6.83947643822884	0	1.23656564453315
BA_only	hippocampus	AA	psi	chr15_93260450_93260993	chr15	93260450	93260993	296	296	0	0	0.00934657181391306	0.939841915020693	5.68199993997516	-5.68199993997516	543	931	Genic/other	0	Non-heritable	0.084794790631861	0.981138961304141	0.0120434838820616	0	0	0	0.84794790631861	6.29710931993394	6.83733281468559	0	1.73730327462791
BA_only	hippocampus	AA	psi	chr15_93505303_93505793	chr15	93505303	93505793	275	275	0	0	0.0011751937259272	0.733276597731835	3.64437220529542	3.64437220529542	490	913	Genic/other	0	Heritable	0.207704498265008	0.962623260515478	0.00855135635206317	0	0	0	2.07704498265008	6.19440539110467	6.81783057145415	0	1.29318411888366
BA_only	hippocampus	AA	psi	chr15_95169293_95170010	chr15	95169293	95170010	187	187	0	0	0.0028463951055303	0.844808629760907	2.93894039470377	-2.93894039470377	717	547	Genic/other	0	Non-heritable	0.0919645177790128	0.948891798412284	0.00751152180602317	0	0	0	0.919645177790128	6.57507584059962	6.30627528694802	0	1.07804910982519
BA_only	hippocampus	AA	psi	chr15_95464169_95464726	chr15	95464169	95464726	220	220	0	0	0.00527814860508577	0.910718986954723	3.15748046664462	-3.15748046664462	557	528	Genic/other	0	Heritable	0.121664393397816	0.938161909547882	0.0100742076831184	0	0	0	1.21664393397816	6.32256523992728	6.2709884318583	0	1.14977439205463
BA_only	hippocampus	AA	psi	chr15_96052623_96052833	chr15	96052623	96052833	421	421	0	0	0.00055598500511229	0.636920160415722	8.42753644089289	-8.42753644089289	210	623	Enhancer	0	Heritable	0.113914117167731	0.958239011601759	0.00658408512542283	0	0	0	1.13914117167731	5.34710753071747	6.43615036836943	0	2.13150449334875
BA_only	hippocampus	AA	psi	chr15_96320199_96321176	chr15	96320199	96321176	400	400	0	0	0.000221386601984515	0.495575257149439	6.23757476789801	6.23757476789801	977	654	Genic/other	1	Heritable	0.109853995074191	0.955411762278913	0.00802655688011424	0	0	0	1.09853995074191	6.88448665204278	6.48463523563525	0	1.83059144944634
BA_only	hippocampus	AA	psi	chr15_96322769_96326271	chr15	96322769	96326271	400	400	0	0	0.000338535423258531	0.556164410623813	8.09477090624168	-8.09477090624168	3502	648	Promoter	3	Heritable	0.101955257690126	0.946584232184984	0.00671874277506264	0	0	0	1.01955257690126	8.1610895128458	6.47543271670409	0	2.09121828731492
BA_only	hippocampus	AA	psi	chr15_96328293_96329791	chr15	96328293	96329791	400	400	1	1	6.35494754797322e-07	0.0173304653119446	10.1499313836199	10.1499313836199	1498	663	Promoter	1	Heritable	0.153458447804607	0.937294554940534	0.00868224644137813	0	1	1	1.53458447804607	7.31188616407717	6.49828214947643	0	2.31746694621568
BA_only	hippocampus	AA	psi	chr15_96334192_96337603	chr15	96334192	96337603	400	400	0	0	0.00193382169541275	0.804679915749906	11.1897339885624	11.1897339885624	3411	659	Genic/other	3	Non-heritable	0.0658885573688732	0.95787929858407	0.00616947765261871	0	0	0	0.658885573688732	8.13476078241865	6.49223983502047	0	2.41499675068851
BA_only	hippocampus	AA	psi	chr15_96338869_96339542	chr15	96338869	96339542	400	400	0	0	0.000392425871734048	0.579438373379997	4.99654483656055	4.99654483656055	673	650	Genic/other	1	Non-heritable	0.0585984687652733	0.951584781395555	0.0118391318820334	1606	0	0	0.585984687652733	6.51174532964473	6.47850964220857	7.38212436573751	1.60874664287445
BA_only	hippocampus	AA	psi	chr15_96341916_96345141	chr15	96341916	96345141	400	400	0	1	3.79464658995225e-06	0.0558480424662927	9.56907260113718	9.56907260113718	3225	655	Promoter	2	Non-heritable	0.0949317322743545	0.943957761603214	0.00854979070833869	0	0	1	0.949317322743545	8.07868822922987	6.48616078894409	0	2.2585362949319
BA_only	hippocampus	AA	psi	chr15_96346385_96353939	chr15	96346385	96353939	400	400	1	1	3.27616412244437e-07	0.0108488770844407	6.87471760478894	-6.87471760478894	7554	678	Promoter	3	Heritable	0.112385268970445	0.939311498608165	0.00848142299748877	572	1	1	1.12385268970445	8.9298325032724	6.5206211275587	6.35088571671474	1.92785056849655
BA_only	hippocampus	AA	psi	chr15_96355228_96356493	chr15	96355228	96356493	400	400	2	2	4.81746118224465e-07	0.0135357228723233	7.81714433680256	-7.81714433680256	1265	656	Enhancer	1	Non-heritable	0.0788947663904237	0.946514363862631	0.0076571879099617	0	1	1	0.788947663904237	7.14282740116162	6.48768401848461	0	2.05631931482216
BA_only	hippocampus	AA	psi	chr15_96357796_96359950	chr15	96357796	96359950	400	400	1	1	1.12239752343933e-06	0.0236521809752986	8.25725723237451	-8.25725723237451	2154	670	Genic/other	1	Heritable	0.108327018953716	0.931283366999307	0.00708462608604251	0	1	1	1.08327018953716	7.67508185771633	6.50876913697168	0	2.11109247940979
BA_only	hippocampus	AA	psi	chr15_96361097_96367711	chr15	96361097	96367711	400	400	0	0	0.00106216866831645	0.721965237965727	9.82177621025129	9.82177621025129	6614	643	Genic/other	3	Non-heritable	0.0255741654590133	0.89664017771995	0.00712570385498636	0	0	0	0.255741654590133	8.79694389354174	6.46769872610435	0	2.28460198383595
BA_only	hippocampus	AA	psi	chr15_96368718_96370277	chr15	96368718	96370277	400	400	0	0	0.000940899766471123	0.708361817463044	7.41499154131745	-7.41499154131745	1559	665	Genic/other	1	Non-heritable	0.0434042602744826	0.892937344685683	0.00515534244309044	0	0	0	0.434042602744826	7.35179986905778	6.50128967054039	0	2.00350383618499
BA_only	hippocampus	AA	psi	chr15_96408303_96408959	chr15	96408303	96408959	398	398	0	0	0.00632681345070272	0.920376068783091	5.85976087451207	5.85976087451207	656	661	Genic/other	1	Non-heritable	0.0982208675018991	0.955572468072892	0.00698191272170812	0	0	0	0.982208675018991	6.48616078894409	6.49526555593701	0	1.76810879806561
BA_only	hippocampus	AA	psi	chr15_96410227_96416354	chr15	96410227	96416354	398	398	0	0	0.0012996702299198	0.750357809549132	6.81288795712667	6.81288795712667	6127	659	Intergenic	3	Heritable	0.102215086818375	0.950163797359299	0.00860837811507696	0	0	0	1.02215086818375	8.72046051272566	6.49223983502047	0	1.91881610767081
BA_only	hippocampus	AA	psi	chr15_96417817_96418272	chr15	96417817	96418272	398	398	0	0	0.000785484564937379	0.683148985370606	8.7789748155176	-8.7789748155176	455	651	Intergenic	1	Heritable	0.155666702958542	0.951730428594845	0.0112288938496292	2915	0	0	1.55666702958542	6.12029741895095	6.48004456192665	7.97796809312855	2.17235963836024
BA_only	hippocampus	AA	psi	chr15_96700452_96701959	chr15	96700452	96701959	12	12	0	0	0.0739319832249952	0.985999440983017	0.715391917281177	0.715391917281177	1507	583	Intergenic	0	Heritable	0.146278813614762	0.948190158524542	0.0063922213027973	70176	0	0	1.46278813614762	7.3178761986265	6.36990098282823	11.1587759010021	-0.334924736423882
BA_only	hippocampus	AA	psi	chr15_97712089_97713543	chr15	97712089	97713543	123	123	0	0	0.0122326947620028	0.95809323095415	3.12825630521443	-3.12825630521443	1454	688	Genic/other	0	Heritable	0.401448687697197	0.936147562464084	0.00949258024697247	8159	0	0	4.01448687697197	7.28207365809347	6.53524127101366	9.00699944795815	1.14047576153009
BA_only	hippocampus	AA	psi	chr15_97726986_97727953	chr15	97726986	97727953	123	123	0	0	0.00449517731914114	0.894604930613054	3.35883898509149	3.35883898509149	967	683	Genic/other	0	Non-heritable	0.052724291606183	0.956710324375706	0.00545285553124252	15529	0	0	0.52724291606183	6.87419849545329	6.52795791762255	9.65052891614273	1.21159537708824
BA_only	hippocampus	AA	psi	chr15_97875393_97875685	chr15	97875393	97875685	103	103	0	0	0.0278202585111227	0.975932065139872	3.95127172282117	3.95127172282117	292	733	Promoter	0	Non-heritable	0.0556558364722702	0.965725191550648	0.0076507227155636	0	0	0	0.556558364722702	5.67675380226828	6.59850902861452	0	1.37403748477203
BA_only	hippocampus	AA	psi	chr15_98433535_98433897	chr15	98433535	98433897	11	11	0	0	0.0612729020244938	0.985907779499035	0.632546884128811	0.632546884128811	362	731	Intergenic	0	Heritable	0.2342526355453	0.95708200184962	0.00879772946844829	12725	0	0	2.342526355453	5.89164421182577	6.59578051396131	9.45140242379274	-0.458000920213647
BA_only	hippocampus	AA	psi	chr15_98651387_98652065	chr15	98651387	98652065	13	13	0	0	0.0773472244389796	0.987720536119146	0.622550773147733	0.622550773147733	678	764	Genic/other	1	Non-heritable	0.0933417906353303	0.976898014892777	0.00903149098009741	0	0	0	0.933417906353303	6.5191472879404	6.63987583382654	0	-0.473930074616901
BA_only	hippocampus	AA	psi	chr15_99446933_99447815	chr15	99446933	99447815	88	88	0	0	0.0125235295926071	0.961394807854409	1.30036214631219	1.30036214631219	882	490	Intergenic	0	Heritable	0.199838018317476	0.906330743631117	0.00750109880228823	0	0	0	1.99838018317476	6.78219205600679	6.19644412779452	0	0.2626428074494
BA_only	hippocampus	AA	psi	chr15_99537514_99538193	chr15	99537514	99538193	85	85	0	0	0.00352043856597125	0.866906756094015	2.34479649878911	-2.34479649878911	679	481	Intergenic	0	Non-heritable	0.0801375410503578	0.937062773111923	0.00497216762366749	27475	0	0	0.801375410503578	6.5206211275587	6.1779441140506	10.2210681753338	0.852198621497159
BA_only	hippocampus	AA	psi	chr15_99712459_99713090	chr15	99712459	99713090	370	370	0	0	0.00434657481051645	0.88871383236223	4.38950654731425	4.38950654731425	631	563	Genic/other	0	Non-heritable	0.0552801781321327	0.921074143518981	0.00624739384429283	4731	0	0	0.552801781321327	6.44730586254121	6.33505425149806	8.46210322509828	1.47921681924661
BA_only	hippocampus	AA	psi	chr15_99732061_99732360	chr15	99732061	99732360	371	371	0	0	0.00464086179605874	0.900464468238672	3.44404793652735	-3.44404793652735	299	573	Promoter	1	Heritable	0.112917809094625	0.946575784056451	0.00779668541298477	0	0	0	1.12917809094625	5.70044357339069	6.35262939631957	0	1.23664750822449
BA_only	hippocampus	AA	psi	chr15_99986455_99986971	chr15	99986455	99986971	352	352	0	0	0.00160653080418543	0.78532874593472	7.88683013472251	7.88683013472251	516	617	Genic/other	0	Heritable	0.107796740485593	0.951961841462994	0.00612267325623151	0	0	0	1.07796740485593	6.24610676548156	6.42648845745769	0	2.06519429807675
BA_only	hippocampus	AA	psi	chr16_10039631_10040288	chr16	10039631	10040288	7	7	0	0	0.0267493016343401	0.975932065139872	3.37939912598151	3.37939912598151	657	541	Enhancer	0	Non-heritable	0.0682380023479366	0.911803372563989	0.00477207772177953	0	0	0	0.682380023479366	6.48768401848461	6.29526600143965	0	1.21769792327222
BA_only	hippocampus	AA	psi	chr16_1027422_1027645	chr16	1027422	1027645	102	102	0	0	0.00524350735344751	0.910521893616427	2.216955939691	2.216955939691	223	737	Intergenic	2	Heritable	0.106176193782484	0.957216504806159	0.00744141975518218	135	0	0	1.06176193782484	5.40717177146012	6.60394382460047	4.91265488573605	0.796135061104797
BA_only	hippocampus	AA	psi	chr16_1030531_1030838	chr16	1030531	1030838	101	101	0	0	0.00219840687061655	0.817313728023508	2.38833683893224	2.38833683893224	307	734	Intergenic	2	Heritable	0.173796593089671	0.927606225000735	0.0079106604952164	1394	0	0	1.73796593089671	5.7268477475872	6.59987049921284	7.24064969425547	0.870597244599319
BA_only	hippocampus	AA	psi	chr16_1046264_1047090	chr16	1046264	1047090	122	122	0	0	0.00108377429104948	0.725388163675873	2.74245335606471	2.74245335606471	826	725	Intergenic	1	Non-heritable	0.0741249708533261	0.956356729955057	0.00961387240622538	17127	0	0	0.741249708533261	6.71659477352098	6.5875500148248	9.74846983026952	1.00885290885302
BA_only	hippocampus	AA	psi	chr16_1048920_1049150	chr16	1048920	1049150	124	124	0	0	0.00153172787860127	0.776156527719819	1.89854533206621	1.89854533206621	230	715	Intergenic	1	Non-heritable	0.0735915267960048	0.955469068235421	0.00690690541187853	17375	0	0	0.735915267960048	5.4380793089232	6.57368016696065	9.76284522273366	0.641087983504976
BA_only	hippocampus	AA	psi	chr16_10942940_10943188	chr16	10942940	10943188	37	37	0	0	0.0229120920977351	0.975932065139872	1.37131654915925	1.37131654915925	248	743	Promoter	1	Non-heritable	0.0952507949111379	0.969845491826554	0.0089448606272789	1370	0	0	0.952507949111379	5.51342874616498	6.61204103483309	7.22329567956231	0.315771270469796
BA_only	hippocampus	AA	psi	chr16_1096135_1096334	chr16	1096135	1096334	253	253	0	0	0.00402589615516485	0.877181378423641	5.23005676825408	5.23005676825408	199	693	Promoter	1	Non-heritable	0.063929328002941	0.93823462956889	0.00647773589117813	2637	0	0	0.63929328002941	5.29330482472449	6.54247196050681	7.87777633327726	1.65442213428063
BA_only	hippocampus	AA	psi	chr16_11016977_11017602	chr16	11016977	11017602	35	35	0	0	0.0104378865706355	0.944902218841749	1.25687973116749	1.25687973116749	625	745	Genic/other	0	Heritable	0.104971935870667	0.921178960576665	0.00809260211443421	0	0	0	1.04971935870667	6.4377516497364	6.61472560020376	0	0.228632253724628
BA_only	hippocampus	AA	psi	chr16_11232728_11233300	chr16	11232728	11233300	14	14	0	0	0.13549450718496	0.991064867102684	0.949225439015808	-0.949225439015808	572	657	Enhancer	2	Heritable	0.395117905038599	0.919683060385692	0.0105181115776752	16477	0	0	3.95117905038599	6.3491389913798	6.48920493132532	9.70978143687554	-0.0521089437645475
BA_only	hippocampus	AA	psi	chr16_11526378_11527228	chr16	11526378	11527228	27	27	0	0	0.00642177694152494	0.922000769433352	3.28678636405718	-3.28678636405718	850	547	Genic/other	0	Non-heritable	0.0794640151080725	0.925136470615866	0.0077448542720167	22516	0	0	0.794640151080725	6.74523634948436	6.30627528694802	10.0220258584597	1.1899103014101
BA_only	hippocampus	AA	psi	chr16_11547295_11548002	chr16	11547295	11548002	33	33	0	0	0.0131495852456242	0.964283399649536	1.79745142918608	-1.79745142918608	707	550	Intergenic	0	Non-heritable	0.0574778200083435	0.930423650502491	0.00940711061078805	1742	0	0	0.574778200083435	6.56103066589657	6.31173480915292	7.46336304552002	0.5863697944963
BA_only	hippocampus	AA	psi	chr16_11622038_11622685	chr16	11622038	11622685	126	126	0	0	0.00987578845824603	0.94287323248505	3.08387914515953	3.08387914515953	647	583	Enhancer	0	Heritable	0.1384281289776	0.947598271425587	0.007627657609586	0	0	0	1.384281289776	6.4723462945009	6.36990098282823	0	1.12618827048443
BA_only	hippocampus	AA	psi	chr16_1163469_1163857	chr16	1163469	1163857	269	269	0	0	0.0104461310971999	0.944902218841749	4.83035592750942	4.83035592750942	388	674	Genic/other	1	Non-heritable	0.0934798481178229	0.964442044754174	0.00682087671261856	0	0	0	0.934798481178229	5.96100533962327	6.51471269087253	0	1.57492015801541
BA_only	hippocampus	AA	psi	chr16_11650334_11650446	chr16	11650334	11650446	130	130	0	0	0.000291076243649127	0.533335148192578	5.4601655898041	5.4601655898041	112	563	Intergenic	0	Heritable	0.105574487762305	0.938725477756207	0.00680853281266976	14092	0	0	1.05574487762305	4.71849887129509	6.33505425149806	9.55343349919151	1.69747911893133
BA_only	hippocampus	AA	psi	chr16_11989011_11989579	chr16	11989011	11989579	113	113	0	0	0.000427573577620454	0.597963260570597	4.44741651766079	-4.44741651766079	568	433	Genic/other	0	Non-heritable	0.0802997238150723	0.919630900272964	0.0070949108505155	21440	0	0	0.802997238150723	6.34212141872115	6.07304453410041	9.97306025588809	1.49232337200866
BA_only	hippocampus	AA	psi	chr16_12002510_12002858	chr16	12002510	12002858	113	113	0	0	0.00616279064180198	0.920376068783091	2.70209429935544	2.70209429935544	348	432	Genic/other	0	Heritable	0.166816015217263	0.90023095786555	0.0117414564965019	24585	0	0	1.66816015217263	5.85220247977447	6.07073772800249	10.1099324542273	0.994027142465325
BA_only	hippocampus	AA	psi	chr16_12009648_12009906	chr16	12009648	12009906	113	113	0	0	0.000788144107091432	0.683148985370606	2.90231822337318	2.90231822337318	258	424	Genic/other	0	Heritable	0.120270863478783	0.919860388777886	0.00703342490754376	17537	0	0	1.20270863478783	5.55295958492162	6.05208916892442	9.7721252343393	1.0655098084681
BA_only	hippocampus	AA	psi	chr16_12563775_12565015	chr16	12563775	12565015	2	2	0	0	0.27107007508889	0.993437465767387	0.876678146631255	0.876678146631255	1240	510	Genic/other	1	Heritable	0.639154290070876	0.916394314168486	0.0089797446272786	0	0	0	6.39154290070876	7.12286665859908	6.2363695902037	0	-0.13161533614084
BA_only	hippocampus	AA	psi	chr16_12804238_12804485	chr16	12804238	12804485	2	2	0	0	0.0271200787250581	0.975932065139872	0.602718917363407	-0.602718917363407	247	595	Promoter	1	Heritable	0.16378191665391	0.945174847622162	0.00945485292388899	23052	0	0	1.6378191665391	5.50938833662798	6.39024066706535	10.0455511917996	-0.506304314699853
BA_only	hippocampus	AA	psi	chr16_12904110_12904261	chr16	12904110	12904261	2	2	0	0	0.110667504797513	0.990898390030923	1.40511794397803	-1.40511794397803	151	597	Genic/other	1	Heritable	0.127165132194533	0.952169701155396	0.00775969944472087	0	0	0	1.27165132194533	5.01727983681492	6.39359075395063	0	0.340121252271126
BA_only	hippocampus	AA	psi	chr16_1323361_1323785	chr16	1323361	1323785	249	249	0	0	0.000628667101520167	0.657105411686211	4.56471038326726	4.56471038326726	424	594	Promoter	1	Heritable	0.119013478173914	0.944432935765646	0.00825783456465574	0	0	0	1.19013478173914	6.04973345523196	6.38856140554563	0	1.51835507134823
BA_only	hippocampus	AA	psi	chr16_13839007_13839175	chr16	13839007	13839175	47	47	0	0	0.106163397418913	0.990610842832516	1.47479822019705	-1.47479822019705	168	427	Intergenic	0	Heritable	0.141876376517378	0.924318527499688	0.00856753254253455	31045	0	0	1.41876376517378	5.12396397940326	6.0591231955818	10.3432252545864	0.38852118734801
BA_only	hippocampus	AA	psi	chr16_14303519_14303854	chr16	14303519	14303854	84	84	0	0	0.00881627085730555	0.934101276321172	2.90167645642377	2.90167645642377	335	311	Promoter	1	Non-heritable	0.0731170712870109	0.83487866194105	0.00863780026785812	0	0	0	0.731170712870109	5.81413053182507	5.74300318780948	0	1.06528866183196
BA_only	hippocampus	AA	psi	chr16_14427495_14428161	chr16	14427495	14428161	105	105	0	0	0.00146309575413203	0.762823213405844	4.17763378734764	-4.17763378734764	666	237	Intergenic	0	Non-heritable	0.0947352485412973	0.767038065412539	0.00876022216562853	18919	0	0	0.947352485412973	6.50128967054039	5.47227067367148	9.84797484260587	1.42974500906492
BA_only	hippocampus	AA	psi	chr16_14436868_14437695	chr16	14436868	14437695	105	105	0	0	0.00224568154114645	0.818039030279412	4.0033445666864	-4.0033445666864	827	229	Genic/other	0	Heritable	0.153914747825991	0.865703096912228	0.00931477798206355	9385	0	0	1.53914747825991	6.71780469502369	5.4380793089232	9.14697449635436	1.38713015591769
BA_only	hippocampus	AA	psi	chr16_14486744_14487871	chr16	14486744	14487871	107	107	0	0	0.0102411464021712	0.944902218841749	2.3528935641657	2.3528935641657	1127	232	Genic/other	0	Heritable	0.170866499833026	0.821402107340304	0.0125981886106645	0	0	0	1.70866499833026	7.02731451403978	5.4510384535657	0	0.855645878873494
BA_only	hippocampus	AA	psi	chr16_14835312_14835453	chr16	14835312	14835453	71	71	0	0	0.00107150495811191	0.72236199431176	3.43979083747114	-3.43979083747114	141	156	Genic/other	1	Non-heritable	0.0822279931943111	0.648603397455624	0.0110498905556006	10677	0	0	0.822279931943111	4.94875989037817	5.05624580534831	9.27594082906013	1.23541066938316
BA_only	hippocampus	AA	psi	chr16_1483731_1484213	chr16	1483731	1484213	226	226	0	0	0.00232964980419529	0.821900074869887	6.11151291678696	6.11151291678696	482	578	Intergenic	2	Non-heritable	0.0848620873043052	0.856621096026662	0.00814663794985763	2365	0	0	0.848620873043052	6.1779441140506	6.361302477573	7.76895604453833	1.81017435739075
BA_only	hippocampus	AA	psi	chr16_14959120_14959270	chr16	14959120	14959270	59	59	0	0	0.0198022711029553	0.974913375101634	3.93992945676003	3.93992945676003	150	140	Intergenic	0	Non-heritable	0.0611784542471172	0.638278069328885	0.00788255797441609	7504	0	0	0.611784542471172	5.01063529409626	4.94875989037817	8.92332474406756	1.37116282131205
BA_only	hippocampus	AA	psi	chr16_14973916_14974172	chr16	14973916	14974172	59	59	0	0	0.019551336575651	0.973631121108853	3.00706706514716	3.00706706514716	256	147	Promoter	1	Non-heritable	0.0312041055033814	0.545474826750252	0.00918954521768686	0	0	0	0.312041055033814	5.54517744447956	4.99721227376412	0	1.10096521009188
BA_only	hippocampus	AA	psi	chr16_14989485_14990306	chr16	14989485	14990306	56	56	0	0	0.0268374051834471	0.975932065139872	2.60363271936182	-2.60363271936182	821	143	Promoter	2	Heritable	0.156955774785488	0.512574199696146	0.0104334711529603	0	0	0	1.56955774785488	6.71052310945243	4.969813299576	0	0.95690767344743
BA_only	hippocampus	AA	psi	chr16_15135905_15136064	chr16	15135905	15136064	37	37	0	0	0.00223384307863908	0.818039030279412	4.74038318492449	4.74038318492449	159	156	Genic/other	1	Non-heritable	0.0732888920129806	0.669469984941988	0.00739325684209659	0	0	0	0.732888920129806	5.06890420222023	5.05624580534831	0	1.55611797525046
BA_only	hippocampus	AA	psi	chr16_15142317_15142693	chr16	15142317	15142693	37	37	0	0	0.00723874368497333	0.931679768830754	2.80463616336241	-2.80463616336241	376	169	Genic/other	0	Heritable	0.183388228402872	0.723565778880666	0.00733515099709995	0	0	0	1.83388228402872	5.9295891433899	5.13579843705026	0	1.03127382409588
BA_only	hippocampus	AA	psi	chr16_15145319_15146556	chr16	15145319	15146556	39	39	0	0	0.00804650061243487	0.933559278800072	3.43051920748752	-3.43051920748752	1237	161	Genic/other	0	Non-heritable	0.0911165980323648	0.696987246885158	0.00697443719056351	0	0	0	0.911165980323648	7.12044437239249	5.08759633523238	0	1.23271162508255
BA_only	hippocampus	AA	psi	chr16_15207107_15208134	chr16	15207107	15208134	32	32	0	0	0.0191889980406528	0.973154979777806	2.14489434532819	-2.14489434532819	1027	158	Intergenic	0	Heritable	0.103249671253712	0.71138702470264	0.0110105820774281	45015	0	0	1.03249671253712	6.93439720992856	5.06890420222023	10.7147732611131	0.763090299571831
BA_only	hippocampus	AA	psi	chr16_15550733_15551323	chr16	15550733	15551323	39	39	0	0	0.0205985007285299	0.975856666808667	1.66650710069045	-1.66650710069045	590	314	Genic/other	0	Heritable	0.11106979798781	0.888966075932098	0.00835784081435019	16732	0	0	1.1106979798781	6.38012253689977	5.75257263882563	9.72513809649457	0.510729885597509
BA_only	hippocampus	AA	psi	chr16_15672325_15672841	chr16	15672325	15672841	42	42	0	0	0.0273293639900233	0.975932065139872	0.920866561985424	0.920866561985424	516	377	Promoter	0	Non-heritable	0.0946570676925052	0.905378454901771	0.00831124914225378	0	0	0	0.946570676925052	6.24610676548156	5.93489419561959	0	-0.0824401262019296
BA_only	hippocampus	AA	psi	chr16_16232529_16232558	chr16	16232529	16232558	27	27	0	0	0.118555123112412	0.990898390030923	3.51087602622493	3.51087602622493	29	329	Promoter	1	Heritable	0.118570609933704	0.851972403541866	0.00483880884619843	8730	0	0	1.18570609933704	3.36729582998647	5.79909265446053	9.07463518981081	1.25586558930719
BA_only	hippocampus	AA	psi	chr16_16593009_16593147	chr16	16593009	16593147	2	2	0	0	0.0501497638501791	0.984017207786399	0.58495910484065	-0.58495910484065	138	313	Genic/other	0	Non-heritable	0.0967439294737481	0.770033616558907	0.00692810146540996	19385	0	0	0.967439294737481	4.92725368515721	5.74939298590825	9.87230643505255	-0.536213323353924
BA_only	hippocampus	AA	psi	chr16_17857655_17858379	chr16	17857655	17858379	10	10	0	0	0.204894244273248	0.991064867102684	0.414654985039622	-0.414654985039622	724	371	Intergenic	0	Non-heritable	0.0940534226901481	0.898042194270549	0.00819462277584001	21725	0	0	0.940534226901481	6.58479139238572	5.91889385427315	9.9862649789937	-0.880308441757815
BA_only	hippocampus	AA	psi	chr16_18117617_18118356	chr16	18117617	18118356	15	15	0	0	0.171346179817014	0.991064867102684	0.871694233674198	-0.871694233674198	739	251	Genic/other	0	Heritable	0.102297684075389	0.803646068957053	0.0066499904980283	0	0	0	1.02297684075389	6.6052979209482	5.52942908751142	0	-0.137316554549336
BA_only	hippocampus	AA	psi	chr16_18559426_18560662	chr16	18559426	18560662	12	12	0	0	0.166911124304126	0.991064867102684	0.754961913527742	-0.754961913527742	1236	118	Genic/other	2	Heritable	0.26593634811901	0.673423553012576	0.00490986564544447	0	0	0	2.6593634811901	7.11963563801764	4.77912349311153	0	-0.281087963418456
BA_only	hippocampus	AA	psi	chr16_18759680_18759996	chr16	18759680	18759996	16	16	0	0	0.0943077376803904	0.98989315440863	0.615054599339155	0.615054599339155	316	241	Intergenic	0	Heritable	0.112919352340316	0.812494702635923	0.0120358308367199	24826	0	0	1.12919352340316	5.75574221358691	5.48893772615669	10.1196870496159	-0.486044219444299
BA_only	hippocampus	AA	psi	chr16_19005323_19006375	chr16	19005323	19006375	41	41	0	0	0.0119643430969306	0.955606011044194	0.935183868202314	0.935183868202314	1052	381	Genic/other	0	Heritable	0.112050757946943	0.902275233658275	0.00755388454229397	0	0	0	1.12050757946943	6.95844839329766	5.94542060860658	0	-0.0670121078497792
BA_only	hippocampus	AA	psi	chr16_1903035_1903165	chr16	1903035	1903165	155	155	0	0	0.0143291113473814	0.964996126829086	6.26326330161232	6.26326330161232	130	409	Intergenic	0	Heritable	0.129751370424206	0.889760446967804	0.00705960052651275	13919	0	0	1.29751370424206	4.86753445045558	6.01615715969835	9.54108193388841	1.83470134506928
BA_only	hippocampus	AA	psi	chr16_19172715_19173027	chr16	19172715	19173027	43	43	0	0	0.0169217077252321	0.970581273335112	1.46065623854673	-1.46065623854673	312	411	Genic/other	1	Heritable	0.120131008914273	0.912241940697581	0.00663746702000071	0	0	0	1.20131008914273	5.74300318780948	6.02102334934953	0	0.378885820037965
BA_only	hippocampus	AA	psi	chr16_19380235_19382018	chr16	19380235	19382018	39	39	0	0	0.0127227739845467	0.961717006536833	1.37595264527512	-1.37595264527512	1783	447	Genic/other	0	Heritable	0.290309737694822	0.901717749862381	0.00868806289446315	0	0	0	2.90309737694822	7.48605261786314	6.10479323241499	0	0.319146331415654
BA_only	hippocampus	AA	psi	chr16_19577838_19578877	chr16	19577838	19578877	42	42	0	0	0.00341028021781132	0.866296289904077	2.46653835732412	2.46653835732412	1039	483	Promoter	0	Non-heritable	0.0906103795267788	0.912383614977066	0.00698936872239305	0	0	0	0.906103795267788	6.94601399109923	6.18208490671663	0	0.9028156969423
BA_only	hippocampus	AA	psi	chr16_19758144_19758543	chr16	19758144	19758543	36	36	0	0	0.00228273069181845	0.820192749465547	4.25845716747297	4.25845716747297	399	426	Enhancer	0	Heritable	0.12882621250641	0.910827163930155	0.00792241922822564	0	0	0	1.2882621250641	5.98896141688986	6.05678401322863	0	1.44890692977128
BA_only	hippocampus	AA	psi	chr16_19765452_19766190	chr16	19765452	19766190	36	36	0	0	0.0199749485114685	0.975387678700784	1.62849424519144	1.62849424519144	738	433	Promoter	0	Heritable	0.11158971239919	0.901095210881659	0.00814877200541077	0	0	0	1.1158971239919	6.60394382460047	6.07304453410041	0	0.487655818059178
BA_only	hippocampus	AA	psi	chr16_19783503_19784479	chr16	19783503	19784479	34	34	0	0	0.00830416483904351	0.933559278800072	1.42722837688348	1.42722837688348	976	412	Genic/other	0	Heritable	0.121130993749935	0.915687536597425	0.0110725425286825	0	0	0	1.21130993749935	6.88346258641309	6.02344759296103	0	0.355734372558558
BA_only	hippocampus	AA	psi	chr16_19853694_19854035	chr16	19853694	19854035	23	23	0	0	0.0145817644075813	0.966089857218066	3.75895822336549	3.75895822336549	341	404	Genic/other	0	Heritable	0.135857705892047	0.910852372623955	0.0122608342357593	4509	0	0	1.35857705892047	5.83188247728352	6.00388706710654	8.41405243249673	1.32414185341776
BA_only	hippocampus	AA	psi	chr16_19872227_19873008	chr16	19872227	19873008	23	23	0	0	0.0238657967517512	0.975932065139872	1.98164466000407	1.98164466000407	781	399	Promoter	0	Heritable	0.122698414013513	0.914672762293203	0.00845086386850292	0	0	0	1.22698414013513	6.66057514983969	5.99146454710798	0	0.683927141330979
BA_only	hippocampus	AA	psi	chr16_19874411_19874783	chr16	19874411	19874783	23	23	0	0	0.0300919254738807	0.976893291659941	1.4782519150656	1.4782519150656	372	400	Genic/other	0	Heritable	0.110854532090822	0.914443173486269	0.00738833260248224	0	0	0	1.10854532090822	5.91889385427315	5.99396142730657	0	0.390860257977788
BA_only	hippocampus	AA	psi	chr16_19875253_19875403	chr16	19875253	19875403	23	23	0	0	0.0169649115368725	0.970581273335112	1.5979360823249	1.5979360823249	150	394	Genic/other	0	Non-heritable	0.0901138085462588	0.901156769230938	0.00639343150306713	0	0	0	0.901138085462588	5.01063529409626	5.97888576490112	0	0.468712854257074
BA_only	hippocampus	AA	psi	chr16_19878285_19878880	chr16	19878285	19878880	23	23	0	0	0.015648663257493	0.967613773757012	7.89322250096222	7.89322250096222	595	383	Genic/other	0	Heritable	0.14848001715631	0.905961501622872	0.0074829206427725	0	0	0	1.4848001715631	6.38856140554563	5.95064255258773	0	2.06600448125279
BA_only	hippocampus	AA	psi	chr16_19882104_19882664	chr16	19882104	19882664	23	23	0	0	0.0334963581254952	0.979164877002956	2.0495098615142	2.0495098615142	560	397	Promoter	1	Non-heritable	0.0766749765156895	0.853255081621423	0.00902080180014437	0	0	0	0.766749765156895	6.3279367837292	5.98645200528444	0	0.717600677498204
BA_only	hippocampus	AA	psi	chr16_20122291_20123146	chr16	20122291	20123146	20	20	0	0	0.0846427789699805	0.988137148207548	0.841424042434659	0.841424042434659	855	409	Intergenic	0	Heritable	0.107746022999213	0.915765614709046	0.00658225091555859	46201	0	0	1.07746022999213	6.75110146893676	6.01615715969835	10.7407783661761	-0.172659522027188
BA_only	hippocampus	AA	psi	chr16_2032803_2033026	chr16	2032803	2033026	248	248	0	0	0.00918103063711409	0.939283355950269	3.17232140947095	-3.17232140947095	223	306	Promoter	1	Heritable	0.136236914131159	0.886945222900104	0.00696124368102476	0	0	0	1.36236914131159	5.40717177146012	5.7268477475872	0	1.15446362886317
BA_only	hippocampus	AA	psi	chr16_2056664_2057227	chr16	2056664	2057227	225	225	0	0	0.00194076075771067	0.804679915749906	3.53356723110129	3.53356723110129	563	317	Genic/other	1	Heritable	0.129013863356137	0.859846126786678	0.0081477921252591	0	0	0	1.29013863356137	6.33327962813969	5.76205138278018	0	1.26230791057045
BA_only	hippocampus	AA	psi	chr16_21189141_21189510	chr16	21189141	21189510	27	27	0	0	0.0457961038965137	0.981789757189854	1.2913112789785	-1.2913112789785	369	217	Intergenic	0	Non-heritable	0.0872868359766815	0.818858978744095	0.0150537012418008	9665	0	0	0.872868359766815	5.91079664404053	5.38449506278909	9.17636985240503	0.255658205168273
BA_only	hippocampus	AA	psi	chr16_2127067_2127818	chr16	2127067	2127818	245	245	0	0	0.00033119395125167	0.55564562938477	3.35339135785366	-3.35339135785366	751	311	Genic/other	2	Non-heritable	0.0884481834101677	0.860613849423759	0.00708048118865229	9577	0	0	0.884481834101677	6.62140565176413	5.74300318780948	9.16722408090255	1.20997218237072
BA_only	hippocampus	AA	psi	chr16_21372498_21372736	chr16	21372498	21372736	63	63	0	0	0.010933766657542	0.946344095230339	2.0506882482252	2.0506882482252	238	233	Genic/other	1	Heritable	0.11133340295556	0.828296067508722	0.00897416196897378	29974	0	0	1.1133340295556	5.47227067367148	5.4553211153577	10.3081189798957	0.718175472523301
BA_only	hippocampus	AA	psi	chr16_21554384_21554646	chr16	21554384	21554646	70	70	0	0	0.056908964854266	0.98577631996496	2.62397441225609	-2.62397441225609	262	227	Genic/other	0	Non-heritable	0.0748881410783251	0.688978729568607	0.0103891940099404	23281	0	0	0.748881410783251	5.5683445037611	5.42934562895444	10.0554358088082	0.964690123418515
BA_only	hippocampus	AA	psi	chr16_21556720_21557190	chr16	21556720	21557190	71	71	0	0	0.0107391129984648	0.944902218841749	2.71550941059053	2.71550941059053	470	223	Intergenic	0	Non-heritable	0.017697972937174	0.578537736842545	0.00782482284689518	25617	0	0	0.17697972937174	6.1527326947041	5.41164605185504	10.1510505083911	0.998979567678618
BA_only	hippocampus	AA	psi	chr16_21756189_21757721	chr16	21756189	21757721	81	81	0	0	0.000266460961430185	0.512582438020248	1.77044380622414	1.77044380622414	1532	176	Genic/other	2	Heritable	0.182828559981353	0.717784049965953	0.043083315043173	11663	0	0	1.82828559981353	7.33432935030054	5.17614973257383	9.36426245424844	0.571230258784266
BA_only	hippocampus	AA	psi	chr16_21934722_21935069	chr16	21934722	21935069	63	63	0	0	0.00279354767416546	0.842320220530838	4.39006139954903	-4.39006139954903	347	150	Genic/other	0	Non-heritable	0.0544810206248154	0.682106686503105	0.00604506891061632	18386	0	0	0.544810206248154	5.84932477994686	5.01727983681492	9.81939917215384	1.47934321549699
BA_only	hippocampus	AA	psi	chr16_22188977_22189374	chr16	22188977	22189374	48	48	0	0	0.00423845455856497	0.886618456195908	2.10541271205829	2.10541271205829	397	131	Genic/other	1	Non-heritable	0.0915864472212727	0.6787415905072	0.00624210929065924	16720	0	0	0.915864472212727	5.98393628068719	4.88280192258637	9.72442069346267	0.744511515401751
BA_only	hippocampus	AA	psi	chr16_22947889_22948554	chr16	22947889	22948554	13	13	0	0	0.0228313699906338	0.975932065139872	0.725913660276918	0.725913660276918	665	328	Intergenic	2	Non-heritable	0.0825151201790923	0.822586333752779	0.0102875216580538	0	0	0	0.825151201790923	6.49978704065585	5.79605775076537	0	-0.32032418269217
BA_only	hippocampus	AA	psi	chr16_2450641_2451061	chr16	2450641	2451061	233	233	0	0	0.00128981207150881	0.748685029382681	4.28371556705125	-4.28371556705125	420	372	Genic/other	0	Heritable	0.129369879845753	0.89959439616488	0.0104344391154618	1358	0	0	1.29369879845753	6.04025471127741	5.92157841964382	7.21450441415114	1.45482075846999
BA_only	hippocampus	AA	psi	chr16_24611059_24611352	chr16	24611059	24611352	10	10	0	0	0.226910194322992	0.991497141402577	1.63923653645505	1.63923653645505	293	569	Genic/other	0	Heritable	0.128647854835839	0.948342364177063	0.00675690073252485	51553	0	0	1.28647854835839	5.68017260901707	6.3456363608286	10.8503850810032	0.494230612993583
BA_only	hippocampus	AA	psi	chr16_24671603_24672078	chr16	24671603	24672078	14	14	0	0	0.0267380466233953	0.975932065139872	2.50550123663967	2.50550123663967	475	541	Promoter	0	Non-heritable	0.0948112909487595	0.955087853792005	0.00791911006772528	105279	0	0	0.948112909487595	6.16331480403464	6.29526600143965	11.5643787465591	0.918488812978752
BA_only	hippocampus	AA	psi	chr16_24731280_24731889	chr16	24731280	24731889	19	19	0	0	0.0110262767383712	0.94780387576136	1.83705073614426	1.83705073614426	609	576	Genic/other	1	Heritable	0.1239914621469	0.967804868457333	0.00760623233672459	45468	0	0	1.239914621469	6.4118182677099	6.3578422665081	10.7247860540547	0.608161430317559
BA_only	hippocampus	AA	psi	chr16_2482535_2483224	chr16	2482535	2483224	190	190	0	0	0.00022985928881939	0.503902674622265	4.21567885197757	-4.21567885197757	689	383	Promoter	0	Non-heritable	0.0684445579012726	0.861990761191679	0.00825748349577932	0	0	0	0.684445579012726	6.53524127101366	5.95064255258773	0	1.43881063708019
BA_only	hippocampus	AA	psi	chr16_25048325_25049074	chr16	25048325	25049074	75	75	0	0	0.0016188521882073	0.785774008293578	3.03200422961472	3.03200422961472	749	400	Genic/other	0	Non-heritable	0.0910732103466964	0.882799964690308	0.00714976928072536	18280	0	0	0.910732103466964	6.61873898351722	5.99396142730657	9.81361754810709	1.10922386606896
BA_only	hippocampus	AA	psi	chr16_25064605_25065251	chr16	25064605	25065251	71	71	0	0	0.0143916993949228	0.965704068068287	3.13503580610709	-3.13503580610709	646	416	Genic/other	2	Non-heritable	0.0106489203984946	0.814616581943898	0.00736608596690324	2103	0	0	0.106489203984946	6.4707995037826	6.0330862217988	7.6515955738576	1.14264059861519
BA_only	hippocampus	AA	psi	chr16_2543543_2543798	chr16	2543543	2543798	215	215	0	0	0.00139450576866401	0.759071555562182	3.68404546307567	-3.68404546307567	255	370	Genic/other	0	Heritable	0.126121943784422	0.89715662035351	0.0112703669546053	0	0	0	1.26121943784422	5.54126354515843	5.91620206260744	0	1.30401146171419
BA_only	hippocampus	AA	psi	chr16_2547254_2547342	chr16	2547254	2547342	215	215	0	0	0.00142053551566137	0.760468761204013	3.98139323805854	3.98139323805854	88	390	Genic/other	0	Non-heritable	0.0886032524519875	0.869681426237751	0.0101958727943609	0	0	0	0.886032524519875	4.47733681447821	5.96870755998537	0	1.38163182036509
BA_only	hippocampus	AA	psi	chr16_2556796_2557492	chr16	2556796	2557492	215	215	0	0	0.0103951558738603	0.944902218841749	7.44290688544541	-7.44290688544541	696	375	Promoter	0	Non-heritable	0.0996518948600119	0.848610800262893	0.00605572932525983	0	0	0	0.996518948600119	6.54534966033442	5.9295891433899	0	2.00726148429045
BA_only	hippocampus	AA	psi	chr16_2560944_2561308	chr16	2560944	2561308	215	215	0	0	0.0214115419650782	0.975932065139872	4.55914167775512	4.55914167775512	364	382	Genic/other	1	Heritable	0.121795605411496	0.909642095136805	0.00956741754503965	0	0	0	1.21795605411496	5.89715386763674	5.94803498918065	0	1.51713437944
BA_only	hippocampus	AA	psi	chr16_2576066_2576398	chr16	2576066	2576398	220	220	0	0	0.00139236869256474	0.759071555562182	2.92692188768058	2.92692188768058	332	395	Genic/other	1	Heritable	0.145616684350046	0.90490025842834	0.00876569110482706	1101	0	0	1.45616684350046	5.80513496891649	5.98141421125448	7.00488198971286	1.07395132395114
BA_only	hippocampus	AA	psi	chr16_25838675_25839686	chr16	25838675	25839686	6	6	0	0	0.121131814019655	0.991064867102684	0.392059235296326	-0.392059235296326	1011	553	Genic/other	0	Heritable	0.113970361836851	0.948817168717508	0.00767835607127875	146115	0	0	1.13970361836851	6.91869521902047	6.31716468674728	11.8921561057741	-0.936342314651548
BA_only	hippocampus	AA	psi	chr16_26030979_26031701	chr16	26030979	26031701	1	1	0	0	0.171504146166018	0.991064867102684	0.664423449106512	0.664423449106512	722	583	Genic/other	0	Heritable	0.156375099880103	0.961932000465816	0.00804914711139539	196	0	0	1.56375099880103	6.58202513889283	6.36990098282823	5.28320372873799	-0.408835593156955
BA_only	hippocampus	AA	psi	chr16_26042130_26042557	chr16	26042130	26042557	1	1	0	0	0.779327284682522	0.997769298483151	0.133818584156901	0.133818584156901	427	594	Genic/other	0	Non-heritable	0.0894099652474897	0.963101980825764	0.00816922519195426	9470	0	0	0.894099652474897	6.05678401322863	6.38856140554563	9.1559897772261	-2.0112701711609
BA_only	hippocampus	AA	psi	chr16_2673803_2674216	chr16	2673803	2674216	329	329	0	0	0.000213050590002968	0.491811708572313	5.83872564369446	-5.83872564369446	413	406	Promoter	1	Heritable	0.229794867625729	0.91589949202367	0.0101284710187331	0	0	0	2.29794867625729	6.02344759296103	6.0088131854426	0	1.76451256304505
BA_only	hippocampus	AA	psi	chr16_26813083_26814242	chr16	26813083	26814242	4	4	0	0	0.245963734672449	0.992353351075522	1.61541584827232	-1.61541584827232	1159	636	Intergenic	0	Heritable	0.34609050522017	0.961094302703005	0.00761435219267144	207201	0	0	3.4609050522017	7.05531284333975	6.45676965557216	12.2414494418305	0.4795924209101
BA_only	hippocampus	AA	psi	chr16_2693586_2693754	chr16	2693586	2693754	333	333	0	0	0.00415998195500027	0.883710082890191	11.0398522275841	-11.0398522275841	168	411	Genic/other	1	Non-heritable	0.0833724600787148	0.904191718139643	0.00639135898321375	2288	0	0	0.833724600787148	5.12396397940326	6.02102334934953	7.73587031995257	2.40151165648258
BA_only	hippocampus	AA	psi	chr16_27235167_27235581	chr16	27235167	27235581	36	36	0	0	0.0259589325098485	0.975932065139872	1.56917992472414	-1.56917992472414	414	572	Genic/other	0	Heritable	0.116129025852311	0.93413397138094	0.00713737030477235	0	0	0	1.16129025852311	6.02586597382531	6.35088571671474	0	0.450553148325381
BA_only	hippocampus	AA	psi	chr16_27712648_27714006	chr16	27712648	27714006	14	14	0	0	0.301492236510073	0.993663620961428	0.785415073178002	0.785415073178002	1358	416	Genic/other	0	Heritable	0.102547457347722	0.90504061789948	0.00713309630139854	0	0	0	1.02547457347722	7.21376830811864	6.0330862217988	0	-0.241542932568847
BA_only	hippocampus	AA	psi	chr16_27717777_27719252	chr16	27717777	27719252	11	11	0	0	0.0833772365366528	0.988137148207548	1.31252121340278	-1.31252121340278	1475	431	Promoter	0	Heritable	0.10967949293506	0.926877561600631	0.00884269971442797	0	0	0	1.0967949293506	7.29641326877392	6.06842558824411	0	0.271949885564547
BA_only	hippocampus	AA	psi	chr16_28059602_28060384	chr16	28059602	28060384	6	6	0	0	0.184634305793099	0.991064867102684	1.14263005766462	1.14263005766462	782	359	Genic/other	1	Non-heritable	0.0806228765653959	0.899404655093709	0.00928364453957643	38233	0	0	0.806228765653959	6.66185474054531	5.88610403145016	10.551480451089	0.133332682089434
BA_only	hippocampus	AA	psi	chr16_28281510_28281813	chr16	28281510	28281813	67	67	0	0	0.00240323312020085	0.824728302674626	2.4669982746548	2.4669982746548	303	357	Genic/other	0	Heritable	0.13902403084774	0.908283158453176	0.00500474041447935	70143	0	0	1.3902403084774	5.71373280550937	5.8805329864007	11.1583055508676	0.903002142230723
BA_only	hippocampus	AA	psi	chr16_28616015_28616208	chr16	28616015	28616208	106	106	0	0	0.0215231964387254	0.975932065139872	2.37145107103548	-2.37145107103548	193	206	Genic/other	2	Non-heritable	0.0856732919585813	0.715205865747285	0.00845167985618392	5884	0	0	0.856732919585813	5.26269018890489	5.33271879326537	8.68016201969438	0.863502038265049
BA_only	hippocampus	AA	psi	chr16_2867731_2867836	chr16	2867731	2867836	486	486	0	0	0.0112162271170917	0.948703871232836	5.26533780545415	5.26533780545415	105	426	Genic/other	1	Heritable	0.153958446965126	0.875561370138345	0.0124930387453751	0	0	0	1.53958446965126	4.65396035015752	6.05678401322863	0	1.66114530600704
BA_only	hippocampus	AA	psi	chr16_28740682_28740773	chr16	28740682	28740773	110	110	0	0	0.00870185165981657	0.933559278800072	3.14149010550499	3.14149010550499	91	222	Genic/other	2	Non-heritable	0.0508005247612211	0.744722017024375	0.0124753665350127	5903	0	0	0.508005247612211	4.51085950651685	5.40717177146012	8.68338536628031	1.14469724643064
BA_only	hippocampus	AA	psi	chr16_28747058_28747167	chr16	28747058	28747167	87	87	0	0	0.0284207843140406	0.975932065139872	7.30797323262754	-7.30797323262754	109	231	Genic/other	1	Heritable	0.101110354180488	0.77591968896189	0.0151186168696834	12279	0	0	1.01110354180488	4.69134788222914	5.44673737166631	9.41572720170113	1.98896597712804
BA_only	hippocampus	AA	psi	chr16_28888908_28889191	chr16	28888908	28889191	132	132	0	0	0.00733291175572364	0.933276309404323	2.85022728883633	2.85022728883633	283	233	Genic/other	0	Heritable	0.134939471723748	0.824313331138875	0.00659987072300862	0	0	0	1.34939471723748	5.64544689764324	5.4553211153577	0	1.04739874507804
BA_only	hippocampus	AA	psi	chr16_2907176_2907286	chr16	2907176	2907286	646	646	0	0	0.00211954962788975	0.815187053503819	5.36265864663695	-5.36265864663695	110	427	Genic/other	1	Non-heritable	0.0909356660808193	0.907306525189614	0.00632597345224015	4867	0	0	0.909356660808193	4.70048036579242	6.0591231955818	8.49043845410742	1.67945987013571
BA_only	hippocampus	AA	psi	chr16_29074844_29075239	chr16	29074844	29075239	266	266	0	0	0.00012894923978959	0.423971564206957	6.91346708606947	-6.91346708606947	395	230	Promoter	2	Non-heritable	0.0816157191440516	0.598261402356019	0.00813247609914926	0	0	0	0.816157191440516	5.97888576490112	5.44241771052179	0	1.93347126246144
BA_only	hippocampus	AA	psi	chr16_2926498_2926735	chr16	2926498	2926735	604	604	0	0	0.000277605376241761	0.524232027890775	4.92377006574049	4.92377006574049	237	432	Genic/other	0	Non-heritable	0.0759303166022241	0.845312845318147	0.0100433482751168	0	0	0	0.759303166022241	5.46806014113513	6.07073772800249	0	1.59407451262201
BA_only	hippocampus	AA	psi	chr16_29284316_29284764	chr16	29284316	29284764	220	220	0	0	0.00326415321823075	0.857464932788119	3.11783558316029	3.11783558316029	448	254	Genic/other	1	Non-heritable	0.0816511932055139	0.772333851503025	0.0103642217508435	0	0	0	0.816511932055139	6.10479323241499	5.54126354515843	0	1.1371390409453
BA_only	hippocampus	AA	psi	chr16_29285646_29285764	chr16	29285646	29285764	220	220	0	0	0.00962871735780678	0.939841915020693	4.72927352119319	4.72927352119319	118	253	Genic/other	1	Heritable	0.1101292501328	0.833419414818877	0.00831108899919819	0	0	0	1.101292501328	4.77068462446567	5.53733426701854	0	1.55377160322249
BA_only	hippocampus	AA	psi	chr16_29293350_29293509	chr16	29293350	29293509	220	220	0	0	0.00618946478178853	0.920376068783091	4.93630085788018	-4.93630085788018	159	257	Genic/other	0	Non-heritable	0.0839245902581838	0.768820176293656	0.00784933698737911	0	0	0	0.839245902581838	5.06890420222023	5.55295958492162	0	1.59661623852996
BA_only	hippocampus	AA	psi	chr16_29304285_29304515	chr16	29304285	29304515	220	220	0	0	0.0027794611439838	0.842320220530838	4.23313504409777	4.23313504409777	230	265	Genic/other	0	Non-heritable	0.0739043698588993	0.836060245463793	0.00880147388131351	0	0	0	0.739043698588993	5.4380793089232	5.5834963087817	0	1.44294286608482
BA_only	hippocampus	AA	psi	chr16_29469561_29470004	chr16	29469561	29470004	164	164	0	0	0.00841153699866334	0.933559278800072	3.33665595338891	-3.33665595338891	443	278	Genic/other	1	Non-heritable	0.0804314159379122	0.798217769868777	0.012014249505971	0	0	0	0.804314159379122	6.09356977004514	5.63121178182137	0	1.20496909687832
BA_only	hippocampus	AA	psi	chr16_29611653_29612114	chr16	29611653	29612114	115	115	0	0	0.0048333511066159	0.903845859635741	3.78025144987743	3.78025144987743	461	246	Genic/other	1	Non-heritable	0.084124764286626	0.79126507931613	0.00780560047636612	0	0	0	0.84124764286626	6.13339804299665	5.50938833662798	0	1.32979053119599
BA_only	hippocampus	AA	psi	chr16_29618445_29618613	chr16	29618445	29618613	156	156	0	0	0.00707771585279995	0.931602204679102	7.11700217595768	-7.11700217595768	168	247	Genic/other	0	Non-heritable	0.0848708726756637	0.754356393096316	0.00737424908009492	0	0	0	0.848708726756637	5.12396397940326	5.51342874616498	0	1.96248659546303
BA_only	hippocampus	AA	psi	chr16_29666286_29666633	chr16	29666286	29666633	160	160	0	0	0.0134867221565385	0.964283399649536	3.64874398093198	-3.64874398093198	347	244	Genic/other	1	Heritable	0.128404965116016	0.775088653343527	0.00761349089581746	0	0	0	1.28404965116016	5.84932477994686	5.50125821054473	0	1.29438299630082
BA_only	hippocampus	AA	psi	chr16_29674260_29674450	chr16	29674260	29674450	163	163	0	0	0.00132978631552767	0.753869787821095	3.89689742177348	-3.89689742177348	190	245	Genic/other	0	Non-heritable	0.0713979418404324	0.811812385370917	0.00739630973784134	3786	0	0	0.713979418404324	5.24702407216049	5.50533153593236	8.2393294279018	1.36018070621895
BA_only	hippocampus	AA	psi	chr16_29876444_29876586	chr16	29876444	29876586	211	211	0	0	0.00012327414873022	0.416727663010105	4.925197501561	-4.925197501561	142	192	Genic/other	2	Heritable	0.117721105484317	0.745176320986381	0.00713724427993757	1838	0	0	1.17721105484317	4.95582705760126	5.26269018890489	7.51697722460432	1.59436437769017
BA_only	hippocampus	AA	psi	chr16_30123778_30123974	chr16	30123778	30123974	228	228	0	0	0.00648986107383633	0.922854781406953	3.63326242969686	-3.63326242969686	196	245	Promoter	1	Non-heritable	0.0691799424960274	0.806876875033188	0.0103578289870632	301	0	0	0.691799424960274	5.27811465923052	5.50533153593236	5.71042701737487	1.29013098836659
BA_only	hippocampus	AA	psi	chr16_30137557_30138033	chr16	30137557	30138033	229	229	0	0	0.000933547884861791	0.707181162723943	2.75502695745545	-2.75502695745545	476	239	Intergenic	0	Non-heritable	0.0745094506364676	0.656284812793493	0.00850097343385999	14080	0	0	0.745094506364676	6.16541785423142	5.48063892334199	9.55258164991731	1.01342723110704
BA_only	hippocampus	AA	psi	chr16_30829519_30829710	chr16	30829519	30829710	122	122	0	0	0.00292867685589662	0.846222391562562	4.16496989033495	-4.16496989033495	191	196	Intergenic	0	Non-heritable	0.0561350464425725	0.691981953306966	0.00588287972673595	5437	0	0	0.561350464425725	5.25227342804663	5.28320372873799	8.60116662519242	1.42670904878236
BA_only	hippocampus	AA	psi	chr16_3101514_3102490	chr16	3101514	3102490	394	394	0	0	0.000898373967054238	0.701697689573722	2.44586935467961	-2.44586935467961	976	440	Genic/other	1	Heritable	0.634945712654028	0.908846413271537	0.0107925639555976	0	0	0	6.34945712654028	6.88346258641309	6.08904487544685	0	0.8944006281035
BA_only	hippocampus	AA	psi	chr16_31095224_31095382	chr16	31095224	31095382	70	70	0	0	0.0105961011497331	0.944902218841749	1.99251040648491	-1.99251040648491	158	179	Promoter	1	Non-heritable	0.0913222052633901	0.76261517577245	0.00809653063814456	0	0	0	0.913222052633901	5.06259503302697	5.19295685089021	0	0.689395359515449
BA_only	hippocampus	AA	psi	chr16_31428107_31428360	chr16	31428107	31428360	63	63	0	0	0.00145039486338669	0.762484248609066	2.96752808343127	2.96752808343127	253	191	Promoter	1	Heritable	0.115343390661156	0.77148145334479	0.00685597421134251	8823	0	0	1.15343390661156	5.53338948872752	5.25749537202778	9.08523056093334	1.08772931449353
BA_only	hippocampus	AA	psi	chr16_3180554_3181167	chr16	3180554	3181167	375	375	0	0	0.00452807725829595	0.895415716423085	3.45103413573403	-3.45103413573403	613	455	Enhancer	2	Heritable	0.197873753506706	0.90437250025976	0.00889121722189057	8630	0	0	1.97873753506706	6.41836493593621	6.12249280951439	9.06311565221966	1.23867393851317
BA_only	hippocampus	AA	psi	chr16_32084992_32086011	chr16	32084992	32086011	24	24	0	0	0.00517535749439119	0.910521893616427	0.775664305599648	-0.775664305599648	1019	78	Promoter	1	Non-heritable	0.0907415065708302	0.546195881032168	0.0103943748011279	30917	0	0	0.907415065708302	6.92657703322273	4.36944785246702	10.3390938175563	-0.254035435380076
BA_only	hippocampus	AA	psi	chr16_32115559_32116775	chr16	32115559	32116775	31	31	0	0	0.0674350649998925	0.985907779499035	0.727050200006329	-0.727050200006329	1216	75	Promoter	2	Heritable	0.172184606554076	0.584902144460885	0.0126886769177458	153	0	0	1.72184606554076	7.10332206252611	4.33073334028633	5.03695260241363	-0.318759739175522
BA_only	hippocampus	AA	psi	chr16_32445561_32447483	chr16	32445561	32447483	36	36	0	0	0.00247320040409911	0.824728302674626	2.268881137421	2.268881137421	1922	28	Intergenic	0	Low prediction	0.0623933928957617	0.213744312364981	0.0106582578356461	40583	0	0	0.623933928957617	7.56112158953024	3.36729582998647	10.6111291792465	0.819286823386105
BA_only	hippocampus	AA	psi	chr16_3295966_3296476	chr16	3295966	3296476	352	352	0	0	0.00116521736900663	0.729999233974257	5.77635562569927	5.77635562569927	510	449	Genic/other	1	Non-heritable	0.064626148892227	0.889729519719615	0.00721601693030516	5532	0	0	0.64626148892227	6.23441072571837	6.10924758276437	8.61848544289811	1.75377297097267
BA_only	hippocampus	AA	psi	chr16_33631546_33631974	chr16	33631546	33631974	56	56	0	0	0.0346900407783399	0.980327953711174	2.60245145267106	-2.60245145267106	428	5	Intergenic	0	Low prediction	0.0547543865765145	0.096164371531738	0.00793191603799544	32658	0	0	0.547543865765145	6.0591231955818	1.79175946922806	10.3938757475621	0.956453871062582
BA_only	hippocampus	AA	psi	chr16_33667141_33668118	chr16	33667141	33668118	56	56	0	0	0.000821063470666533	0.683148985370606	3.00475511974776	3.00475511974776	977	6	Intergenic	0	Low prediction	0.0375562359487612	0.0160830248614407	0.00714820702070717	20345	0	0	0.375562359487612	6.88448665204278	1.94591014905531	9.92063961135369	1.10019607706214
BA_only	hippocampus	AA	psi	chr16_34064192_34065462	chr16	34064192	34065462	7	7	0	0	0.153884904729	0.991064867102684	0.485969818842424	-0.485969818842424	1270	8	Intergenic	0	Low prediction	0.0668416171954851	0.0284844322561189	0.0115336361356931	87908	0	0	0.668416171954851	7.14677217945264	2.19722457733622	11.3840574675104	-0.721608737579866
BA_only	hippocampus	AA	psi	chr16_34090397_34090550	chr16	34090397	34090550	7	7	0	0	0.311116309350292	0.993663620961428	0.789866146294976	-0.789866146294976	153	8	Intergenic	0		0.265618468776752		0.00601557540050989	114113	0	0	2.65618468776752	5.03043792139244	2.19722457733622	11.6449532277097	-0.235891770286091
BA_only	hippocampus	AA	psi	chr16_34629046_34629141	chr16	34629046	34629141	8	8	0	0	0.00837680830685901	0.933559278800072	1.08565745870864	-1.08565745870864	95	17	Intergenic	0	Low prediction	0.0329468000414352	0.10923843947275	0.00780761733932601	196389	0	0	0.329468000414352	4.55387689160054	2.89037175789616	12.1878577571093	0.0821857654150654
BA_only	hippocampus	AA	psi	chr16_3761519_3762261	chr16	3761519	3762261	24	24	0	0	0.0140473919588717	0.964826773227435	4.90226226385338	4.90226226385338	742	483	Genic/other	0	Non-heritable	0.0973110825361021	0.939246479013684	0.00748709425136382	4230	0	0	0.973110825361021	6.60934924316738	6.18208490671663	8.35019365072007	1.58969678711273
BA_only	hippocampus	AA	psi	chr16_3938539_3938732	chr16	3938539	3938732	13	13	0	0	0.00832796561867117	0.933559278800072	15.391081870434	15.391081870434	193	507	Genic/other	1	Heritable	0.110802781066336	0.925929814821816	0.0096702624471956	4642	0	0	1.10802781066336	5.26269018890489	6.23048144757848	8.44311598801992	2.73378824300407
BA_only	hippocampus	AA	psi	chr16_3950512_3950919	chr16	3950512	3950919	13	13	0	0	0.00820899433181647	0.933559278800072	2.50055193922511	2.50055193922511	407	502	Promoter	0	Non-heritable	0.0902938674168953	0.929076201266107	0.00813935809246687	239	0	0	0.902938674168953	6.0088131854426	6.22059017009974	5.48063892334199	0.91651148719595
BA_only	hippocampus	AA	psi	chr16_3961747_3962525	chr16	3961747	3962525	13	13	0	0	0.108129950248729	0.990865662167886	7.92611930363236	-7.92611930363236	778	484	Genic/other	1	Heritable	0.125343455411471	0.934678024134249	0.00750109211988912	0	0	0	1.25343455411471	6.65672652417839	6.18414889093748	0	2.07016354810338
BA_only	hippocampus	AA	psi	chr16_4006296_4006561	chr16	4006296	4006561	111	111	0	0	0.00191838203659747	0.801360789073658	3.1391699687365	-3.1391699687365	265	472	Genic/other	0	Heritable	0.14704731447748	0.92095200133937	0.00934306375833592	0	0	0	1.4704731447748	5.57972982598622	6.15909538849193	0	1.14395842699471
BA_only	hippocampus	AA	psi	chr16_4028271_4028417	chr16	4028271	4028417	111	111	0	0	0.0162642356159347	0.969235129312908	5.98954490232429	-5.98954490232429	146	465	Genic/other	0	Non-heritable	0.0683020199996537	0.896644626324228	0.00837217306450122	0	0	0	0.683020199996537	4.98360662170834	6.14418563412565	0	1.79001543467091
BA_only	hippocampus	AA	psi	chr16_4053047_4053154	chr16	4053047	4053154	109	109	0	0	0.00746009256198754	0.933559278800072	3.22998822613884	-3.22998822613884	107	457	Enhancer	0	Non-heritable	0.0954362394719206	0.903918129047876	0.00806677732745736	0	0	0	0.954362394719206	4.67282883446191	6.12686918411419	0	1.17247849516565
BA_only	hippocampus	AA	psi	chr16_4274430_4274502	chr16	4274430	4274502	212	212	0	0	0.00334779789284242	0.864199375243934	3.96618540296222	3.96618540296222	72	506	Genic/other	1	Heritable	0.183932354785674	0.901271449750111	0.00573970319203858	1771	0	0	1.83932354785674	4.27666611901606	6.22851100359118	7.47986413116503	1.37780477962566
BA_only	hippocampus	AA	psi	chr16_4381435_4381628	chr16	4381435	4381628	214	214	0	0	0.00043200177649726	0.600933463320688	4.06897966549377	4.06897966549377	193	521	Genic/other	0	Heritable	0.128161911130625	0.928045512099173	0.00669947359187615	13710	0	0	1.28161911130625	5.26269018890489	6.25766758788264	9.52595370935665	1.40339227404364
BA_only	hippocampus	AA	psi	chr16_4409693_4409869	chr16	4409693	4409869	214	214	0	0	0.0131365013381406	0.964283399649536	5.50524254206079	5.50524254206079	176	510	Genic/other	0	Heritable	0.213140577495177	0.918389719543606	0.00668861027181711	0	0	0	2.13140577495177	5.17048399503815	6.2363695902037	0	1.70570082952387
BA_only	hippocampus	AA	psi	chr16_4410860_4411173	chr16	4410860	4411173	214	214	0	0	0.00179511323207309	0.796268588634543	3.38149150956375	3.38149150956375	313	506	Enhancer	0	Heritable	0.145237643327192	0.93981806538561	0.0074130031243739	0	0	0	1.45237643327192	5.74620319054015	6.22851100359118	0	1.21831689013788
BA_only	hippocampus	AA	psi	chr16_4411510_4412141	chr16	4411510	4412141	214	214	0	0	0.0011616626367617	0.72939557362483	5.2422195363146	5.2422195363146	631	512	Genic/other	1	Non-heritable	0.0847150228001416	0.926729879537863	0.0082034665459285	0	0	0	0.847150228001416	6.44730586254121	6.24027584517077	0	1.65674498619026
BA_only	hippocampus	AA	psi	chr16_4461517_4461772	chr16	4461517	4461772	220	220	0	0	0.00235016977192339	0.822334049093026	5.15405323784693	-5.15405323784693	255	537	Intergenic	0	Non-heritable	0.0414034705245937	0.927963477753814	0.00600112988212298	186	0	0	0.414034705245937	5.54126354515843	6.28785856016178	5.23110861685459	1.6397834435402
BA_only	hippocampus	AA	psi	chr16_4634792_4634978	chr16	4634792	4634978	113	113	0	0	0.0136954260893492	0.964283399649536	4.03356605789004	4.03356605789004	186	542	Promoter	0	Non-heritable	0.0997998679681142	0.943271630937877	0.00752016704669987	19874	0	0	0.997998679681142	5.2257466737132	6.29710931993394	9.89721793952253	1.3946508650525
BA_only	hippocampus	AA	psi	chr16_46398134_46398248	chr16	46398134	46398248	5	5	0	0	0.0655737550242216	0.985907779499035	0.641769249885261	-0.641769249885261	114	42	Intergenic	0	Non-heritable	0.0349868761796671	0.316392537660449	0.00942667228659983	71830	0	0	0.349868761796671	4.7361984483945	3.76120011569356	11.1820714167317	-0.44352644817322
BA_only	hippocampus	AA	psi	chr16_46427024_46428590	chr16	46427024	46428590	5	5	0	0	0.380106208717657	0.994416868537123	0.348485709546786	0.348485709546786	1566	45	Intergenic	2	Non-heritable	0.0238126704699086	0.336251654618012	0.00832231173588301	41488	0	0	0.238126704699086	7.35627987655075	3.8286413964891	10.6331836108432	-1.05415802653136
BA_only	hippocampus	AA	psi	chr16_46553325_46554613	chr16	46553325	46554613	14	14	0	0	0.0643369632968332	0.985907779499035	2.86923966730413	2.86923966730413	1288	63	Genic/other	0	Non-heritable	0.0787242829285486	0.502952107880192	0.0029358079786011	34963	0	0	0.787242829285486	7.1608459066643	4.15888308335967	10.4620742397004	1.05404707387386
BA_only	hippocampus	AA	psi	chr16_4673668_4674319	chr16	4673668	4674319	83	83	0	0	0.0164318913032185	0.969245141301252	3.7275897388878	-3.7275897388878	651	516	Genic/other	0	Heritable	0.140802272320875	0.941588342547814	0.0114853420292122	0	0	0	1.40802272320875	6.47850964220857	6.24804287450843	0	1.31576184486866
BA_only	hippocampus	AA	psi	chr16_46883126_46883442	chr16	46883126	46883442	16	16	0	0	0.117634759171261	0.990898390030923	1.48784411959612	1.48784411959612	316	92	Promoter	1	Non-heritable	0.0733384226669763	0.517548364467126	0.0114846975291688	1281	0	0	0.733384226669763	5.75574221358691	4.53259949315326	7.15617663748062	0.397328179308556
BA_only	hippocampus	AA	psi	chr16_4733181_4733394	chr16	4733181	4733394	72	72	0	0	0.00438682883867679	0.889848816018623	1.60679458686391	1.60679458686391	213	485	Promoter	1	Heritable	0.163813462113666	0.899772215801811	0.00961051633188198	0	0	0	1.63813462113666	5.36129216570943	6.18620862390049	0	0.474241260828622
BA_only	hippocampus	AA	psi	chr16_4800692_4801343	chr16	4800692	4801343	63	63	0	0	0.0202264895638824	0.975856666808667	2.99720356451578	-2.99720356451578	651	506	Promoter	1	Non-heritable	0.0742872416183327	0.93825759639447	0.00759516742774123	0	0	0	0.742872416183327	6.47850964220857	6.22851100359118	0	1.09767971212568
BA_only	hippocampus	AA	psi	chr16_48042386_48043412	chr16	48042386	48043412	37	37	0	0	0.0595397257425392	0.98577631996496	3.29780364921593	3.29780364921593	1026	159	Intergenic	0	Heritable	0.122055401868183	0.646066972164343	0.00635452150458779	0	0	0	1.22055401868183	6.93342302573072	5.07517381523383	0	1.19325668907716
BA_only	hippocampus	AA	psi	chr16_48393856_48394249	chr16	48393856	48394249	57	57	0	0	0.00966518644466976	0.939841915020693	3.8445310599723	-3.8445310599723	393	193	Promoter	0	Heritable	0.11345731330219	0.735809266141956	0.00964979933221413	0	0	0	1.1345731330219	5.97380961186926	5.26785815906333	0	1.34665163712536
BA_only	hippocampus	AA	psi	chr16_48811717_48812214	chr16	48811717	48812214	38	38	0	0	0.0163932934810191	0.969245141301252	2.0833900680146	2.0833900680146	497	271	Intergenic	1	Heritable	0.110158808990453	0.822204109467536	0.0103060269674853	70433	0	0	1.10158808990453	6.20859002609663	5.605802066296	11.1624313801066	0.733996412156276
BA_only	hippocampus	AA	psi	chr16_49277883_49279259	chr16	49277883	49279259	202	202	0	0	1.898686998063e-05	0.146597671977755	6.03718234038636	-6.03718234038636	1376	418	Genic/other	2	Non-heritable	0.0838708203267841	0.893453845230365	0.00787257454860097	2972	0	0	0.838708203267841	7.22693601849329	6.03787091992214	7.9973268229981	1.79793740482215
BA_only	hippocampus	AA	psi	chr16_49484126_49484990	chr16	49484126	49484990	198	198	0	0	0.00166811172248241	0.786661074605562	3.4039373056711	-3.4039373056711	864	423	Intergenic	0	Non-heritable	0.0556021844309978	0.914544434032207	0.00927414499458417	136085	0	0	0.556021844309978	6.76157276880406	6.04973345523196	11.8210423178085	1.22493279563884
BA_only	hippocampus	AA	psi	chr16_4958944_4959385	chr16	4958944	4959385	128	128	0	0	0.00473149892833571	0.903442623457684	4.22533520413435	4.22533520413435	441	591	Promoter	1	Non-heritable	0.088026001313641	0.95011079217344	0.00735568686542889	11266	0	0	0.88026001313641	6.08904487544685	6.38350663488401	9.32963337816417	1.44109859828535
BA_only	hippocampus	AA	psi	chr16_49969247_49969558	chr16	49969247	49969558	44	44	0	0	0.0037728324828527	0.870991898422952	4.16289090234761	4.16289090234761	311	426	Promoter	0	Heritable	0.17572063941243	0.927269620371999	0.00634154062276823	0	0	0	1.7572063941243	5.73979291217923	6.05678401322863	0	1.42620976377333
BA_only	hippocampus	AA	psi	chr16_50469468_50470262	chr16	50469468	50470262	33	33	0	0	0.00171215525076341	0.787933326622287	1.55275126262603	-1.55275126262603	794	371	Genic/other	1	Non-heritable	0.0923269503750888	0.866767660921201	0.0072915221240686	48250	0	0	0.923269503750888	6.67708346124714	5.91889385427315	10.784171831941	0.440028372051871
BA_only	hippocampus	AA	psi	chr16_50539548_50540271	chr16	50539548	50540271	45	45	0	0	0.0282448817942602	0.975932065139872	2.13906282084521	2.13906282084521	723	409	Genic/other	0	Non-heritable	0.0953277736834775	0.929921925061742	0.00779581787492394	118330	0	0	0.953277736834775	6.58340922215877	6.01615715969835	11.6812410612852	0.760367803603043
BA_only	hippocampus	AA	psi	chr16_50610269_50610463	chr16	50610269	50610463	74	74	0	0	0.0125572734415469	0.961461717209863	1.64659690711213	-1.64659690711213	194	429	Genic/other	0	Non-heritable	0.0823149974266515	0.930683599650545	0.00753417978810754	57577	0	0	0.823149974266515	5.26785815906333	6.06378520868761	10.9608958292802	0.498710683605524
BA_only	hippocampus	AA	psi	chr16_50665952_50666207	chr16	50665952	50666207	100	100	0	0	0.002847089647985	0.844808629760907	3.49343429972068	3.49343429972068	255	450	Promoter	0	Non-heritable	0.0913765751838012	0.914892052841805	0.00833053371933926	1833	0	0	0.913765751838012	5.54126354515843	6.11146733950268	7.51425465281641	1.25088529526143
BA_only	hippocampus	AA	psi	chr16_50673673_50673849	chr16	50673673	50673849	98	98	0	0	0.00909623429204886	0.938585776116121	2.45546287818256	2.45546287818256	176	447	Genic/other	1	Heritable	0.396624285755164	0.895097467097219	0.00667133637873165	0	0	0	3.96624285755164	5.17048399503815	6.10479323241499	0	0.898315292631191
BA_only	hippocampus	AA	psi	chr16_51113119_51113394	chr16	51113119	51113394	97	97	0	0	0.0177267826133154	0.970931943606436	1.33487533818493	-1.33487533818493	275	507	Intergenic	1	Heritable	0.118995727033825	0.934559759729836	0.00943986537997679	2174	0	0	1.18995727033825	5.61677109766657	6.23048144757848	7.68478394352279	0.288837915346643
BA_only	hippocampus	AA	psi	chr16_51114311_51114544	chr16	51114311	51114544	99	99	0	0	0.00757027061094507	0.933559278800072	1.21629573486473	-1.21629573486473	233	512	Intergenic	1	Non-heritable	0.0860285479692854	0.939009135115596	0.0092922197173447	1024	0	0	0.860285479692854	5.4510384535657	6.24027584517077	6.93244789157251	0.195809965210359
BA_only	hippocampus	AA	psi	chr16_51149247_51149622	chr16	51149247	51149622	44	44	0	0	0.0132479334551499	0.964283399649536	2.27552250140461	-2.27552250140461	375	514	Enhancer	1	Heritable	0.108493293750074	0.932111280143411	0.00946085510708304	0	0	0	1.08493293750074	5.92692602597041	6.24416690066374	0	0.822209701374256
BA_only	hippocampus	AA	psi	chr16_53373569_53373896	chr16	53373569	53373896	44	44	0	0	0.00935887565098822	0.939841915020693	1.50480445255544	1.50480445255544	327	389	Promoter	2	Heritable	0.51753325507645	0.907254057112459	0.0184025872118321	0	0	0	5.1753325507645	5.78996017089725	5.96614673912369	0	0.408662964547495
BA_only	hippocampus	AA	psi	chr16_54194325_54194622	chr16	54194325	54194622	29	29	0	0	0.0382184951072691	0.980549382116533	1.45904908856937	1.45904908856937	297	644	Intergenic	2	Non-heritable	0.0642214051138626	0.928036187935907	0.00719587743097958	42210	0	0	0.642214051138626	5.6937321388027	6.46925031679577	10.6504361295644	0.377784921180985
BA_only	hippocampus	AA	psi	chr16_54240363_54241069	chr16	54240363	54241069	29	29	0	0	0.0604681076372817	0.98577631996496	1.7008542634023	1.7008542634023	706	664	Intergenic	0	Heritable	0.102630266326907	0.958006216849395	0.00557581943036662	4727	0	0	1.02630266326907	6.55961523749324	6.49978704065585	8.46125755908594	0.531130638610469
BA_only	hippocampus	AA	psi	chr16_54283421_54283848	chr16	54283421	54283848	28	28	0	0	0.0115461313184909	0.95315577890577	3.55478259052204	3.55478259052204	427	670	Genic/other	1	Non-heritable	0.0421825275548949	0.955530929323845	0.00629047734278799	463	0	0	0.421825275548949	6.05678401322863	6.50876913697168	6.13988455222626	1.26829390822692
BA_only	hippocampus	AA	psi	chr16_54317972_54319996	chr16	54317972	54319996	28	28	0	0	0.0241390001218328	0.975932065139872	3.98018377410804	-3.98018377410804	2024	646	Intergenic	0	Heritable	0.645089025701516	0.946982221680915	0.0207659800129349	0	0	0	6.45089025701516	7.61283103040736	6.4723462945009	0	1.38132799514179
BA_only	hippocampus	AA	psi	chr16_54432265_54432490	chr16	54432265	54432490	25	25	0	0	0.106294012854364	0.990610842832516	2.10339052951014	2.10339052951014	225	643	Intergenic	0	Non-heritable	0.0807930975948724	0.96198321037581	0.00597651975456888	61680	0	0	0.807930975948724	5.41610040220442	6.46769872610435	11.0297312208166	0.743550585380517
BA_only	hippocampus	AA	psi	chr16_54512657_54513107	chr16	54512657	54513107	24	24	0	0	0.0107928644971681	0.944902218841749	1.61425052155061	1.61425052155061	450	625	Intergenic	0	Non-heritable	0.0711506717530686	0.953566981817034	0.00791183529564135	120256	0	0	0.711506717530686	6.10924758276437	6.4393503711001	11.697386398332	0.478870781810809
BA_only	hippocampus	AA	psi	chr16_54545869_54546253	chr16	54545869	54546253	21	21	0	0	0.0127870270271345	0.962087948231084	2.96639437433853	2.96639437433853	384	636	Genic/other	0	Non-heritable	0.0558240658984801	0.937359751997966	0.00841458552996858	87110	0	0	0.558240658984801	5.95064255258773	6.45676965557216	11.3749384464853	1.08734720329785
BA_only	hippocampus	AA	psi	chr16_54593670_54593841	chr16	54593670	54593841	21	21	0	0	0.00353571607245397	0.866906756094015	2.06525141078	-2.06525141078	171	649	Intergenic	0	Heritable	0.104933178826678	0.955291831963382	0.00631607889792178	39522	0	0	1.04933178826678	5.14166355650266	6.47697236288968	10.5846380599119	0.72525197240601
BA_only	hippocampus	AA	psi	chr16_54652131_54654215	chr16	54652131	54654215	28	28	0	0	0.0177299155541352	0.970931943606436	5.6302757453616	-5.6302757453616	2084	643	Genic/other	0	Heritable	0.117166590846487	0.969320699482046	0.00368563418507331	0	0	0	1.17166590846487	7.64204440287326	6.46769872610435	0	1.72815842059008
BA_only	hippocampus	AA	psi	chr16_54926573_54927648	chr16	54926573	54927648	360	360	0	0	0.0074790751132041	0.933559278800072	6.63953115758342	-6.63953115758342	1075	574	Enhancer	1	Heritable	0.1374543163915	0.962720645543042	0.00859265222212808	0	0	0	1.374543163915	6.98007594056176	6.35437004079735	0	1.89304135370388
BA_only	hippocampus	AA	psi	chr16_54986549_54987392	chr16	54986549	54987392	360	360	0	0	0.000335590353458177	0.556148969961787	11.9378104363521	-11.9378104363521	843	599	Intergenic	0	Heritable	0.111379934641349	0.961757181830186	0.00707479750478562	32062	0	0	1.11379934641349	6.73696695800186	6.39692965521615	10.3754579963334	2.47971071144584
BA_only	hippocampus	AA	psi	chr16_55371280_55371741	chr16	55371280	55371741	19	19	0	0	0.0503876406759775	0.984077279506327	0.815632281000534	-0.815632281000534	461	564	Intergenic	0	Heritable	0.112336087620236	0.94884880726438	0.0103703166259186	126	0	0	1.12336087620236	6.13339804299665	6.33682573114644	4.84418708645859	-0.20379164935329
BA_only	hippocampus	AA	psi	chr16_55502676_55503143	chr16	55502676	55503143	24	24	0	0	0.0143123697841465	0.964974748568303	2.13714431955869	2.13714431955869	467	556	Genic/other	0	Heritable	0.136699823540302	0.948717836443203	0.00832805413774919	10874	0	0	1.36699823540302	6.1463292576689	6.32256523992728	9.29422185595688	0.759470512455408
BA_only	hippocampus	AA	psi	chr16_55760119_55761242	chr16	55760119	55761242	15	15	0	0	0.0450313694413917	0.981395945960329	1.3725420087305	1.3725420087305	1123	406	Promoter	0	Heritable	0.363693495609806	0.909280727270067	0.0148105095942874	0	0	0	3.63693495609806	7.02375895473844	6.0088131854426	0	0.316664508672818
BA_only	hippocampus	AA	psi	chr16_55832670_55833389	chr16	55832670	55833389	15	15	0	0	0.0164969282435293	0.969551756742057	0.72516847131413	0.72516847131413	719	426	Promoter	2	Heritable	0.139113354819377	0.908222608334837	0.0110713335378381	0	0	0	1.39113354819377	6.57786135772105	6.05678401322863	0	-0.321351263105886
BA_only	hippocampus	AA	psi	chr16_56258687_56259701	chr16	56258687	56259701	152	152	0	0	0.0168080712718157	0.970581273335112	2.47548537559983	-2.47548537559983	1014	437	Genic/other	0	Non-heritable	0.0666984891521537	0.926268132819813	0.0070997929727213	0	0	0	0.666984891521537	6.92165818415113	6.08221891037645	0	0.906436492186414
BA_only	hippocampus	AA	psi	chr16_56299329_56300572	chr16	56299329	56300572	290	290	0	0	0.00291918852310463	0.846222391562562	9.13609901211493	-9.13609901211493	1243	429	Promoter	0	Heritable	0.192891962297716	0.888744187648705	0.00896263239877253	0	0	0	1.92891962297716	7.12528309151071	6.06378520868761	0	2.21223349152774
BA_only	hippocampus	AA	psi	chr16_56319474_56319704	chr16	56319474	56319704	290	290	0	0	0.00721801606734949	0.931602204679102	4.63189748221515	-4.63189748221515	230	427	Genic/other	0	Non-heritable	0.0621519864263249	0.842511721096297	0.0080094709417126	0	0	0	0.621519864263249	5.4380793089232	6.0591231955818	0	1.53296660967503
BA_only	hippocampus	AA	psi	chr16_56518522_56519128	chr16	56518522	56519128	266	266	0	0	0.000611921675068581	0.656556947226755	6.53488340182602	-6.53488340182602	606	429	Genic/other	1	Heritable	0.136173628008436	0.911410871676844	0.00555960671453161	0	0	0	1.36173628008436	6.40687998606931	6.06378520868761	0	1.87715450633954
BA_only	hippocampus	AA	psi	chr16_56590211_56590443	chr16	56590211	56590443	279	279	0	0	0.00134477286009636	0.755643700753314	2.65681969184499	2.65681969184499	232	515	Genic/other	1	Non-heritable	0.0782396747221606	0.942841915553368	0.00808294596647876	340	0	0	0.782396747221606	5.44673737166631	6.24610676548156	5.83188247728352	0.977129806682605
BA_only	hippocampus	AA	psi	chr16_57147585_57148458	chr16	57147585	57148458	75	75	0	0	0.00140977950449649	0.760188330071088	2.85824839494446	-2.85824839494446	873	605	Genic/other	0	Heritable	0.107790031279766	0.95229475795531	0.007330614207151	33	0	0	1.07790031279766	6.7719355558396	6.40687998606931	3.52636052461616	1.05020899138659
BA_only	hippocampus	AA	psi	chr16_57259696_57261430	chr16	57259696	57261430	100	100	0	0	0.00128965847894354	0.748685029382681	5.00731688658622	5.00731688658622	1734	637	Enhancer	0	Non-heritable	0.0928795036065219	0.957933778569873	0.00391795433659334	0	0	0	0.928795036065219	7.45818615734049	6.45833828334479	0	1.61090022205528
BA_only	hippocampus	AA	psi	chr16_57262774_57263687	chr16	57262774	57263687	100	100	0	0	0.010928297444387	0.946344095230339	2.83463122676325	2.83463122676325	913	628	Promoter	0	Non-heritable	0.0454917087953527	0.954289562635509	0.00706910659990588	0	0	0	0.454917087953527	6.81673588059497	6.44413125670044	0	1.04191185350342
BA_only	hippocampus	AA	psi	chr16_57266955_57271028	chr16	57266955	57271028	100	100	0	0	0.0174583503293355	0.970581273335112	2.54502656459852	-2.54502656459852	4073	638	Enhancer	0	Non-heritable	0.0468386204514551	0.93995941882745	0.00580480715482828	0	0	0	0.468386204514551	8.31213510764841	6.45990445437754	0	0.934141091833439
BA_only	hippocampus	AA	psi	chr16_57277355_57279733	chr16	57277355	57279733	94	94	0	0	0.00906556845342188	0.938585776116121	5.06449050568634	5.06449050568634	2378	637	Genic/other	0	Non-heritable	0.0661023018531943	0.888555481816137	0.00659188033325017	0	0	0	0.661023018531943	7.77401507725073	6.45833828334479	0	1.62225354343812
BA_only	hippocampus	AA	psi	chr16_57282017_57283905	chr16	57282017	57283905	91	91	0	0	0.00543511595845853	0.913636718597519	4.60446782204641	-4.60446782204641	1888	642	Genic/other	2	Non-heritable	0.0501630827654482	0.942747451750471	0.00913347977785513	0	0	0	0.501630827654482	7.54327334670545	6.46614472423762	0	1.52702709995582
BA_only	hippocampus	AA	psi	chr16_57285258_57285450	chr16	57285258	57285450	91	91	0	0	0.00838156733357686	0.933559278800072	2.49631425332412	2.49631425332412	192	666	Promoter	1	Heritable	0.143794318877152	0.950843795103779	0.0070008170697554	851	0	0	1.43794318877152	5.25749537202778	6.50279004591562	6.74758652682932	0.914815349362085
BA_only	hippocampus	AA	psi	chr16_57289176_57290640	chr16	57289176	57290640	91	91	0	0	0.0188221199780335	0.972503866121758	4.10296195613832	-4.10296195613832	1464	653	Intergenic	0	Non-heritable	0.0653057598677375	0.964485992511173	0.00769595416100484	4769	0	0	0.653057598677375	7.28892769452126	6.4831073514572	8.47010158388239	1.41170914364821
BA_only	hippocampus	AA	psi	chr16_57417753_57417949	chr16	57417753	57417949	410	410	0	0	0.00277376769533762	0.842029831452187	8.59510513869083	-8.59510513869083	196	669	Intergenic	0	Heritable	0.101014777097612	0.961738071637354	0.00847701505838533	689	0	0	1.01014777097612	5.27811465923052	6.50727771238501	6.53669159759131	2.15119287246456
BA_only	hippocampus	AA	psi	chr16_57528884_57529190	chr16	57528884	57529190	397	397	0	0	0.00776503127661015	0.933559278800072	17.2399210883234	17.2399210883234	306	635	Genic/other	1	Non-heritable	0.0954800208294371	0.9689335120287	0.00813888305039683	13510	0	0	0.954800208294371	5.72358510195238	6.45519856334012	9.51125944745996	2.8472276885617
BA_only	hippocampus	AA	psi	chr16_57599313_57599656	chr16	57599313	57599656	441	441	0	0	0.00623718660648655	0.920376068783091	5.76174476132833	5.76174476132833	343	569	Genic/other	0	Heritable	0.115540498630666	0.956338356712781	0.00923145228805495	11255	0	0	1.15540498630666	5.83773044716594	6.3456363608286	9.32865659879423	1.75124034052826
BA_only	hippocampus	AA	psi	chr16_57624252_57624913	chr16	57624252	57624913	441	441	0	0	0.00296706597333816	0.846261736290652	7.29067270404391	-7.29067270404391	661	559	Genic/other	0	Non-heritable	0.0966140215187697	0.942517831852816	0.00658949942106183	0	0	0	0.966140215187697	6.49375383985169	6.3279367837292	0	1.98659582078149
BA_only	hippocampus	AA	psi	chr16_57686575_57687233	chr16	57686575	57687233	437	437	0	0	6.39121379101008e-05	0.302592430840384	6.30166696308157	-6.30166696308157	658	567	Genic/other	0	Heritable	0.568389626207268	0.928104451505275	0.00746640811583627	2184	0	0	5.68389626207268	6.48920493132532	6.34212141872115	7.68937110752969	1.84081419729921
BA_only	hippocampus	AA	psi	chr16_57786804_57786964	chr16	57786804	57786964	414	414	0	0	0.00119229167514696	0.737795352021592	9.3256882414395	9.3256882414395	160	545	Genic/other	0	Heritable	0.110859542063086	0.943827471306813	0.00567227393950198	0	0	0	1.10859542063086	5.07517381523383	6.30261897574491	0	2.23277276993115
BA_only	hippocampus	AA	psi	chr16_57802986_57803989	chr16	57802986	57803989	414	414	0	0	0.000647112005577444	0.660423394083112	4.3859233030702	4.3859233030702	1003	535	Promoter	2	Heritable	0.133078782228637	0.937865835316657	0.00848741076520119	0	0	0	1.33078782228637	6.91075078796194	6.2841341610708	0	1.47840016536272
BA_only	hippocampus	AA	psi	chr16_57907053_57907256	chr16	57907053	57907256	116	116	0	0	0.0093387688349842	0.939841915020693	3.47395666285887	-3.47395666285887	203	536	Genic/other	1	Heritable	0.14402285231484	0.929223998218614	0.00796752575721649	9655	0	0	1.4402285231484	5.31320597904179	6.28599809450887	9.17533476277737	1.24529419591007
BA_only	hippocampus	AA	psi	chr16_58005231_58005717	chr16	58005231	58005717	83	83	0	0	0.0126037918697972	0.961680106320846	4.77794955402704	4.77794955402704	486	589	Genic/other	1	Heritable	0.120462710075917	0.954348909087354	0.00662189906360194	0	0	0	1.20462710075917	6.18620862390049	6.38012253689977	0	1.56401149297244
BA_only	hippocampus	AA	psi	chr16_58255852_58256171	chr16	58255852	58256171	83	83	0	0	0.000981637679035913	0.716185863339116	3.38109444581132	-3.38109444581132	319	422	Genic/other	0	Non-heritable	0.0525788543773028	0.88387272869051	0.00844410881478385	0	0	0	0.525788543773028	5.76519110278484	6.04737217904628	0	1.21819946057636
BA_only	hippocampus	AA	psi	chr16_58295057_58295512	chr16	58295057	58295512	87	87	0	0	0.00771247392927841	0.933559278800072	3.68316359513875	-3.68316359513875	455	429	Promoter	0	Non-heritable	0.0766079033545263	0.911605672288798	0.0101789172181487	21	0	0	0.766079033545263	6.12029741895095	6.06378520868761	3.09104245335832	1.30377205818111
BA_only	hippocampus	AA	psi	chr16_62020489_62021531	chr16	62020489	62021531	3	3	0	0	0.245843029245923	0.992320580910795	0.450811517286587	0.450811517286587	1042	314	Promoter	0	Non-heritable	0.0624595940975611	0.81707424724136	0.00635995943260823	0	0	0	0.624595940975611	6.94889722231331	5.75257263882563	0	-0.796705926410107
BA_only	hippocampus	AA	psi	chr16_62032628_62033793	chr16	62032628	62033793	3	3	0	0	0.26175110746873	0.992852132351442	0.16421114869509	-0.16421114869509	1165	307	Genic/other	2	Non-heritable	0.0822776824095219	0.873090875294161	0.00737269349696433	0	0	0	0.822776824095219	7.0604763659998	5.73009978297357	0	-1.80660212632467
BA_only	hippocampus	AA	psi	chr16_620470_621011	chr16	620470	621011	226	226	0	0	0.00463515659049284	0.900464468238672	2.46534071136189	-2.46534071136189	541	685	Genic/other	2	Non-heritable	0.0889453064773533	0.951484717827696	0.0108052981619516	4497	0	0	0.889453064773533	6.29341927884648	6.53087762772589	8.41138813251926	0.902330021618864
BA_only	hippocampus	AA	psi	chr16_62298276_62298734	chr16	62298276	62298734	2	2	0	0	0.791084037070901	0.997854334151075	0.210770582697887	-0.210770582697887	458	393	Intergenic	0	Non-heritable	0.0792288965412693	0.904211484648957	0.00744310676883034	123541	0	0	0.792288965412693	6.12686918411419	5.97635090929793	11.7243364582074	-1.55698497537713
BA_only	hippocampus	AA	psi	chr16_63617278_63617758	chr16	63617278	63617758	11	11	0	0	0.248407935932312	0.992447585947832	0.331312623680619	-0.331312623680619	480	337	Genic/other	0	Heritable	0.111967656098137	0.861896613641925	0.00966500154879017	86052	0	0	1.11967656098137	6.17378610390194	5.82304589548302	11.3627186644835	-1.10469283674619
BA_only	hippocampus	AA	psi	chr16_6484424_6484887	chr16	6484424	6484887	1	1	0	0	0.0903113148716257	0.989446665475032	3.41064875464676	3.41064875464676	463	915	Genic/other	1	Non-heritable	0.0787275825332166	0.978050782787289	0.00904776923833797	169762	0	0	0.787275825332166	6.13772705408623	6.82001636467413	12.0421586256992	1.22690252676161
BA_only	hippocampus	AA	psi	chr16_65071029_65071960	chr16	65071029	65071960	35	35	0	0	0.010231990877378	0.944902218841749	1.75084720366425	1.75084720366425	931	294	Enhancer	0	Non-heritable	0.0738726052177322	0.721581574954973	0.00734529709252826	0	0	0	0.738726052177322	6.83625927727707	5.68697535633982	0	0.560099792879987
BA_only	hippocampus	AA	psi	chr16_65573223_65574641	chr16	65573223	65574641	10	10	0	0	0.0972863516992444	0.990400450319684	1.47056210994473	1.47056210994473	1418	411	Genic/other	0	Heritable	0.130435919952611	0.910472832019481	0.00729535324198117	1451	0	0	1.30435919952611	7.25700270709207	6.02102334934953	7.28069719538474	0.385644722216718
BA_only	hippocampus	AA	psi	chr16_66127873_66128042	chr16	66127873	66128042	13	13	0	0	0.0388781813759203	0.980549382116533	2.23229110085508	2.23229110085508	169	434	Intergenic	0	Heritable	0.113621991610853	0.934502558496086	0.00618053183271193	3988	0	0	1.13621991610853	5.12989871492307	6.07534603108868	8.29129585190541	0.803028462024672
BA_only	hippocampus	AA	psi	chr16_66407797_66408471	chr16	66407797	66408471	121	121	0	0	0.0258873732841778	0.975932065139872	1.57207167064399	-1.57207167064399	674	308	Promoter	1	Heritable	0.251183944619077	0.856154496760059	0.0191966479427924	342	0	0	2.51183944619077	6.51323011091231	5.73334127689775	5.83773044716594	0.45239429134148
BA_only	hippocampus	AA	psi	chr16_66548689_66549170	chr16	66548689	66549170	130	130	0	0	0.00267392358742105	0.835655744705892	2.54608564775355	-2.54608564775355	481	281	Promoter	1	Heritable	0.119867852345446	0.83234298645194	0.00797062910932023	0	0	0	1.19867852345446	6.17586727010576	5.64190707093811	0	0.93455714362015
BA_only	hippocampus	AA	psi	chr16_66553015_66553452	chr16	66553015	66553452	131	131	0	0	0.014363654877888	0.965511164050932	2.23928756729653	-2.23928756729653	437	271	Promoter	1	Heritable	0.25028985929367	0.82609027057111	0.0109298104867128	0	0	0	2.5028985929367	6.07993319509559	5.605802066296	0	0.806157769429877
BA_only	hippocampus	AA	psi	chr16_66608181_66608727	chr16	66608181	66608727	149	149	0	0	0.010060233573383	0.944902218841749	2.31469185275732	2.31469185275732	546	253	Promoter	1	Heritable	0.113300248346375	0.834807450539831	0.00894325918664081	0	0	0	1.13300248346375	6.30261897574491	5.53733426701854	0	0.839276574038522
BA_only	hippocampus	AA	psi	chr16_66752295_66752775	chr16	66752295	66752775	225	225	0	0	0.000391215346872978	0.579438373379997	2.56574707291116	2.56574707291116	480	207	Promoter	1	Non-heritable	0.0887578084675247	0.706405961863178	0.00711381798247323	809	0	0	0.887578084675247	6.17378610390194	5.33753807970132	6.69703424766648	0.942249696608873
BA_only	hippocampus	AA	psi	chr16_66874795_66874916	chr16	66874795	66874916	135	135	0	0	0.00479611108909482	0.903845859635741	2.13564660207922	2.13564660207922	121	144	Genic/other	1	Non-heritable	0.0643613264092879	0.686878871900579	0.0110691684831559	1679	0	0	0.643613264092879	4.79579054559674	4.97673374242057	7.42654907239731	0.75876946362748
BA_only	hippocampus	AA	psi	chr16_67165767_67166178	chr16	67165767	67166178	176	176	0	0	0.00636305711581199	0.920376068783091	5.00511864646926	-5.00511864646926	411	118	Promoter	2	Non-heritable	0.0887093588282403	0.64910539955843	0.00762014665792521	0	0	0	0.887093588282403	6.01859321449623	4.77912349311153	0	1.61046112007243
BA_only	hippocampus	AA	psi	chr16_67169186_67169384	chr16	67169186	67169384	176	176	0	0	0.00328900298300462	0.858797487430511	2.36859726194969	-2.36859726194969	198	119	Promoter	1	Heritable	0.105590330497	0.702494975543518	0.00702185273330557	0	0	0	1.05590330497	5.28826703069454	4.78749174278205	0	0.862297911548152
BA_only	hippocampus	AA	psi	chr16_67479565_67479912	chr16	67479565	67479912	171	171	0	0	3.73472708519253e-05	0.229329061669351	2.20302820509917	2.20302820509917	347	106	Genic/other	1	Heritable	0.53503711677104	0.812783116636579	0.0161578215273993	0	0	0	5.3503711677104	5.84932477994686	4.67282883446191	0	0.789832875318385
BA_only	hippocampus	AA	psi	chr16_67601294_67601577	chr16	67601294	67601577	198	198	0	0	0.000724905287832232	0.673766456790362	6.83991407663794	6.83991407663794	283	101	Genic/other	0	Heritable	0.116151487784836	0.565930315751877	0.00645678646270187	0	0	0	1.16151487784836	5.64544689764324	4.62497281328427	0	1.92277517112253
BA_only	hippocampus	AA	psi	chr16_67881579_67882576	chr16	67881579	67882576	168	168	0	0	0.000798079523557602	0.683148985370606	6.26943125986912	-6.26943125986912	997	117	Promoter	0	Non-heritable	0.0767281403149486	0.670793259007882	0.00965441508157052	0	0	0	0.767281403149486	6.90475076996184	4.77068462446567	0	1.83568564397079
BA_only	hippocampus	AA	psi	chr16_67926195_67927186	chr16	67926195	67927186	115	115	0	0	0.00415396396049045	0.883514193803372	4.26407026832345	4.26407026832345	991	121	Genic/other	0	Heritable	0.118314053393668	0.740925259909828	0.00815745645560553	3401	0	0	1.18314053393668	6.89871453432999	4.80402104473326	8.13211877295581	1.45022416851089
BA_only	hippocampus	AA	psi	chr16_67993865_67994037	chr16	67993865	67994037	120	120	0	0	0.00517269827617288	0.910521893616427	3.46300990819658	3.46300990819658	172	126	Promoter	1	Non-heritable	0.0757156222121912	0.654442463089065	0.00890116021094723	0	0	0	0.757156222121912	5.14749447681345	4.84418708645859	0	1.24213812946371
BA_only	hippocampus	AA	psi	chr16_68220787_68220881	chr16	68220787	68220881	113	113	0	0	0.0120386043946226	0.956258804297162	6.07147343079646	6.07147343079646	94	146	Genic/other	0	Non-heritable	0.0674941611380552	0.604926969439449	0.00742602803930266	0	0	0	0.674941611380552	4.54329478227	4.99043258677874	0	1.80360131709658
BA_only	hippocampus	AA	psi	chr16_68361133_68361398	chr16	68361133	68361398	128	128	0	0	0.018793269823616	0.972503866121758	4.89430282220992	-4.89430282220992	265	171	Genic/other	0	Heritable	0.103468172904744	0.753677726808222	0.00645333218072314	309	0	0	1.03468172904744	5.57972982598622	5.14749447681345	5.73657229747919	1.58807184136722
BA_only	hippocampus	AA	psi	chr16_68529048_68529514	chr16	68529048	68529514	98	98	0	0	0.0261399491255172	0.975932065139872	2.71625057211962	-2.71625057211962	466	186	Promoter	1	Non-heritable	0.0225651014292331	0.585296330803836	0.0108829709587072	0	0	0	0.225651014292331	6.14418563412565	5.23110861685459	0	0.99925246689851
BA_only	hippocampus	AA	psi	chr16_69315778_69316292	chr16	69315778	69316292	41	41	0	0	0.00294149184218227	0.846222391562562	2.43154453290367	2.43154453290367	514	195	Genic/other	1	Heritable	0.2472276654598	0.690043357648259	0.00723411861112681	0	0	0	2.472276654598	6.24222326545517	5.27811465923052	0	0.888526669798854
BA_only	hippocampus	AA	psi	chr16_69444245_69445263	chr16	69444245	69445263	32	32	0	0	0.0134144024057	0.964283399649536	3.39274915333479	3.39274915333479	1018	198	Promoter	0	Heritable	0.122201480369899	0.77126764788152	0.0095345914147688	0	0	0	1.22201480369899	6.92559519711047	5.29330482472449	0	1.22164055537546
BA_only	hippocampus	AA	psi	chr16_69465524_69466116	chr16	69465524	69466116	33	33	0	0	0.00412786058566752	0.882277433336612	3.52418882969254	3.52418882969254	592	191	Genic/other	0	Heritable	0.147698264076572	0.714057751099034	0.00664561562822032	3093	0	0	1.47698264076572	6.38350663488401	5.25749537202778	8.03722003113301	1.25965029338411
BA_only	hippocampus	AA	psi	chr16_69741569_69742141	chr16	69741569	69742141	24	24	0	0	0.113758170589767	0.990898390030923	2.06070017246169	-2.06070017246169	572	202	Genic/other	1	Non-heritable	0.028329918815876	0.627854867887291	0.00830843769592233	0	0	0	0.28329918815876	6.3491389913798	5.31320597904179	0	0.723045819449353
BA_only	hippocampus	AA	psi	chr16_69798734_69800184	chr16	69798734	69800184	24	24	0	0	0.046528221512873	0.98235323783251	1.55444621031317	-1.55444621031317	1450	194	Promoter	0	Heritable	0.133569104110549	0.70117751728524	0.00761183990252586	0	0	0	1.33569104110549	7.27931883541462	5.27299955856375	0	0.441119353786446
BA_only	hippocampus	AA	psi	chr16_69880530_69880906	chr16	69880530	69880906	23	23	0	0	0.0522763494199552	0.98435172557532	1.7522762866671	-1.7522762866671	376	190	Genic/other	0	Heritable	0.16433406565391	0.77505668971569	0.00869585183463093	40403	0	0	1.6433406565391	5.9295891433899	5.25227342804663	10.6066840689491	0.56091568365741
BA_only	hippocampus	AA	psi	chr16_69894568_69895233	chr16	69894568	69895233	24	24	0	0	0.00397809293086975	0.876132919298309	1.86251327223589	-1.86251327223589	665	195	Promoter	0	Heritable	0.157098615218111	0.747315717915075	0.00839377754529385	30250	0	0	1.57098615218111	6.49978704065585	5.27811465923052	10.3172845207638	0.621926802647969
BA_only	hippocampus	AA	psi	chr16_70196377_70197119	chr16	70196377	70197119	81	81	0	0	0.00883036461995963	0.934101276321172	2.08261148892863	2.08261148892863	742	163	Intergenic	0	Non-heritable	0.0590568643863976	0.711455566444731	0.0120272465282637	0	0	0	0.590568643863976	6.60934924316738	5.0998664278242	0	0.733622634527701
BA_only	hippocampus	AA	psi	chr16_70298274_70298689	chr16	70298274	70298689	97	97	0	0	0.0235256398558569	0.975932065139872	1.84801883400592	1.84801883400592	415	178	Promoter	0	Heritable	0.136298369308004	0.762066075026244	0.0160951262008629	0	0	0	1.36298369308004	6.0282785202307	5.18738580584076	0	0.614114170140404
BA_only	hippocampus	AA	psi	chr16_70410319_70410975	chr16	70410319	70410975	94	94	0	0	0.0316715833094089	0.977060807838727	3.15550898927449	-3.15550898927449	656	161	Enhancer	0	Heritable	0.214190158479128	0.793244796715901	0.00597606834460158	0	0	0	2.14190158479128	6.48616078894409	5.08759633523238	0	1.14914981397106
BA_only	hippocampus	AA	psi	chr16_70428089_70428776	chr16	70428089	70428776	88	88	0	0	0.00709344251193163	0.931602204679102	2.83909128413025	2.83909128413025	687	163	Enhancer	0	Non-heritable	0.0870296863234468	0.730397321054442	0.00826563061910272	0	0	0	0.870296863234468	6.53233429222235	5.0998664278242	0	1.04348403411725
BA_only	hippocampus	AA	psi	chr16_70715482_70715937	chr16	70715482	70715937	25	25	0	0	0.0134587737615836	0.964283399649536	1.56734379897984	-1.56734379897984	455	167	Enhancer	0	Non-heritable	0.0733346001097479	0.741791386392058	0.00686083653522606	16844	0	0	0.733346001097479	6.12029741895095	5.12396397940326	9.73180915584065	0.449382345166164
BA_only	hippocampus	AA	psi	chr16_71441741_71441849	chr16	71441741	71441849	27	27	0	0	0.0211628501541159	0.975932065139872	3.38748988103707	-3.38748988103707	108	151	Genic/other	1	Heritable	0.135881801154794	0.737403365821439	0.00754072742485935	8032	0	0	1.35881801154794	4.68213122712422	5.02388052084628	8.99131333617381	1.22008920200567
BA_only	hippocampus	AA	psi	chr16_71610107_71610700	chr16	71610107	71610700	34	34	0	0	0.0553134830930614	0.98577631996496	7.76030625916691	7.76030625916691	593	174	Intergenic	0	Heritable	0.10017223130031	0.718332580455367	0.00854278590689409	15832	0	0	1.0017223130031	6.38519439899773	5.16478597392351	9.66985164850143	2.04902180109245
BA_only	hippocampus	AA	psi	chr16_71896786_71897041	chr16	71896786	71897041	60	60	0	0	0.0702763810522017	0.985907779499035	1.69578599644637	1.69578599644637	255	160	Genic/other	1	Heritable	0.134118154105846	0.666494069203697	0.00828117579637824	0	0	0	1.34118154105846	5.54126354515843	5.08140436498446	0	0.528146353964563
BA_only	hippocampus	AA	psi	chr16_72423954_72425617	chr16	72423954	72425617	316	316	0	0	0.00259533427723259	0.833258918532135	4.99635333441601	-4.99635333441601	1663	173	Promoter	0	Non-heritable	0.0377726277877768	0.622901382389932	0.0070053251368971	0	0	0	0.377726277877768	7.41637847919293	5.15905529921453	0	1.60870831522598
BA_only	hippocampus	AA	psi	chr16_72427157_72431632	chr16	72427157	72431632	316	316	0	0	0.00280289594724498	0.842666558288225	2.95900324211964	-2.95900324211964	4475	177	Promoter	0	Non-heritable	0.0452553986441817	0.480369920340516	0.00746149050214781	0	0	0	0.452553986441817	8.40626163070896	5.18178355029209	0	1.08485247247784
BA_only	hippocampus	AA	psi	chr16_72848828_72849382	chr16	72848828	72849382	559	559	0	0	0.00398907522416777	0.876453522128082	2.84962373047106	-2.84962373047106	554	316	Enhancer	0	Heritable	0.139050967216347	0.87651508317855	0.00764039596831057	20820	0	0	1.39050967216347	6.31716468674728	5.75890177387728	9.94371737175519	1.04718696467769
BA_only	hippocampus	AA	psi	chr16_73091965_73092711	chr16	73091965	73092711	9	9	0	0	0.148021842491227	0.991064867102684	0.492465954888912	0.492465954888912	746	508	Promoter	0	Heritable	0.121283038812831	0.941216156974829	0.0105262573747845	0	0	0	1.21283038812831	6.61472560020376	6.23244801655052	0	-0.708329927582524
BA_only	hippocampus	AA	psi	chr16_73172565_73172733	chr16	73172565	73172733	46	46	0	0	0.0176700595605858	0.970931943606436	2.39144885975132	2.39144885975132	168	512	Enhancer	0	Non-heritable	0.0832057210573837	0.921102360137173	0.007172577071423	18503	0	0	0.832057210573837	5.12396397940326	6.24027584517077	9.82574220391128	0.871899403918574
BA_only	hippocampus	AA	psi	chr16_73232123_73232442	chr16	73232123	73232442	46	46	0	0	0.0382886632034277	0.980549382116533	2.5085510388711	2.5085510388711	319	552	Promoter	0	Non-heritable	0.0904116790208416	0.927122292562909	0.00823078571810672	425	0	0	0.904116790208416	5.76519110278484	6.31535800152234	6.05443934626937	0.91970531509233
BA_only	hippocampus	AA	psi	chr16_73329780_73331276	chr16	73329780	73331276	83	83	0	0	0.00860345271237197	0.933559278800072	2.69016841769943	-2.69016841769943	1496	618	Genic/other	0	Non-heritable	0.089201604212736	0.958191611828695	0.00469578357928854	55977	0	0	0.89201604212736	7.31055015853442	6.4281052726846	10.9327140353858	0.989603804181334
BA_only	hippocampus	AA	psi	chr16_73420472_73422042	chr16	73420472	73422042	79	79	0	0	0.0134191529915995	0.964283399649536	2.7379567691271	-2.7379567691271	1570	611	Genic/other	0	Heritable	0.12418249901544	0.96494094503201	0.00769376579530005	0	0	0	1.2418249901544	7.35883089834235	6.41673228251233	0	1.00721194117815
BA_only	hippocampus	AA	psi	chr16_74421462_74421697	chr16	74421462	74421697	84	84	0	0	0.00292674760976615	0.846222391562562	3.08748901303273	3.08748901303273	235	405	Promoter	0	Heritable	0.13256024600611	0.919457680313111	0.00691169843634497	14293	0	0	1.3256024600611	5.45958551414416	6.00635315960173	9.56759514777992	1.12735814665473
BA_only	hippocampus	AA	psi	chr16_74716963_74717706	chr16	74716963	74717706	10	10	0	0	0.0813931013310807	0.988137148207548	1.01488470432026	-1.01488470432026	743	402	Promoter	1	Heritable	0.193111422557218	0.893651985541622	0.00925417627597809	16509	0	0	1.93111422557218	6.61069604471776	5.99893656194668	9.71172153691417	0.0147750240923496
BA_only	hippocampus	AA	psi	chr16_74724153_74725559	chr16	74724153	74725559	10	10	0	0	0.0272491699668296	0.975932065139872	0.376200304175045	-0.376200304175045	1406	413	Genic/other	0	Heritable	0.122846310316929	0.911882855936432	0.00719546815278763	23699	0	0	1.22846310316929	7.24850407237061	6.02586597382531	10.0732303271232	-0.977633526987844
BA_only	hippocampus	AA	psi	chr16_74747794_74749159	chr16	74747794	74749159	10	10	0	0	0.0816030321173496	0.988137148207548	1.18490753493556	-1.18490753493556	1365	420	Genic/other	0	Heritable	0.10794009434795	0.8963488374163	0.00833977946260342	47340	0	0	1.0794009434795	7.21890970761906	6.04263283368238	10.7651320066303	0.16966475039186
BA_only	hippocampus	AA	psi	chr16_74773528_74773971	chr16	74773528	74773971	10	10	0	0	0.0691739598519721	0.985907779499035	0.414088397443344	-0.414088397443344	443	429	Genic/other	1	Heritable	0.108025497323352	0.934415488699479	0.0095246074471841	73074	0	0	1.08025497323352	6.09356977004514	6.06378520868761	11.1992415899794	-0.881675783405074
BA_only	hippocampus	AA	psi	chr16_7481968_7482070	chr16	7481968	7482070	33	33	0	0	0.0740472212014551	0.986102602339784	3.40624845670934	-3.40624845670934	102	798	Promoter	0	Heritable	0.10464271544405	0.962744702804767	0.00921452192471608	0	0	0	1.0464271544405	4.62497281328427	6.68336094576628	0	1.22561152928894
BA_only	hippocampus	AA	psi	chr16_74991855_74992416	chr16	74991855	74992416	25	25	0	0	0.071344908397403	0.985907779499035	1.1224008677765	-1.1224008677765	561	444	Genic/other	0	Heritable	0.137868014275272	0.913715567868205	0.00737746564867091	0	0	0	1.37868014275272	6.3297209055227	6.09807428216624	0	0.115470031858998
BA_only	hippocampus	AA	psi	chr16_75095227_75095842	chr16	75095227	75095842	106	106	0	0	0.0301990428150985	0.976893291659941	1.88386918330714	1.88386918330714	615	441	Genic/other	0	Heritable	0.203574634956302	0.932406697016678	0.00884048899822709	9046	0	0	2.03574634956302	6.42162226780652	6.0913098820777	9.11018849002574	0.63332774343971
BA_only	hippocampus	AA	psi	chr16_75105517_75106148	chr16	75105517	75106148	106	106	0	0	0.0104369957357878	0.944902218841749	1.35559478837628	1.35559478837628	631	461	Genic/other	0	Non-heritable	0.0932530610679417	0.90501959272476	0.00865461314079686	0	0	0	0.932530610679417	6.44730586254121	6.13556489108174	0	0.304240323605805
BA_only	hippocampus	AA	psi	chr16_75247430_75247624	chr16	75247430	75247624	109	109	0	0	0.00679792334180058	0.927297122675783	3.60406922386826	3.60406922386826	194	412	Genic/other	1	Heritable	0.130459341620276	0.92399935527393	0.00688565008847843	0	0	0	1.30459341620276	5.26785815906333	6.02344759296103	0	1.28206354984689
BA_only	hippocampus	AA	psi	chr16_75266886_75267831	chr16	75266886	75267831	129	129	0	0	0.00533672407035498	0.912035111152522	3.71096200740656	-3.71096200740656	945	404	Promoter	1	Heritable	0.117060134544524	0.915301834176433	0.00808364173553859	0	0	0	1.17060134544524	6.85118492749374	6.00388706710654	0	1.31129114688907
BA_only	hippocampus	AA	psi	chr16_75538621_75539417	chr16	75538621	75539417	51	51	0	0	0.00931986183005778	0.939841915020693	2.40469617288384	2.40469617288384	796	322	Genic/other	0	Heritable	0.156094845288131	0.822820957046446	0.00897508492923261	647	0	0	1.56094845288131	6.67959918584438	5.77765232322266	6.47389069635227	0.877423568294535
BA_only	hippocampus	AA	psi	chr16_76777960_76779165	chr16	76777960	76779165	9	9	0	0	0.00169224083380738	0.786661074605562	0.344322518423152	-0.344322518423152	1205	437	Genic/other	0	Non-heritable	0.0799795068457742	0.895395649659427	0.00805128801276858	142462	0	0	0.799795068457742	7.09423484592476	6.08221891037645	11.8668375958534	-1.06617647823935
BA_only	hippocampus	AA	psi	chr16_768445_769526	chr16	768445	769526	238	238	0	0	0.0114969343760252	0.952980755609316	4.08089272548182	4.08089272548182	1081	736	Promoter	1	Heritable	0.331328183854049	0.932081432484091	0.0107787991533675	0	0	0	3.31328183854049	6.98564181763921	6.60258789218934	0	1.40631577219729
BA_only	hippocampus	AA	psi	chr16_77213260_77213438	chr16	77213260	77213438	13	13	0	0	0.0202319267906218	0.975856666808667	0.986645812143477	-0.986645812143477	178	460	Genic/other	1	Heritable	0.118998181820347	0.891204430904192	0.00846418956020518	402	0	0	1.18998181820347	5.18178355029209	6.13339804299665	5.99893656194668	-0.0134441467612375
BA_only	hippocampus	AA	psi	chr16_77430610_77433991	chr16	77430610	77433991	14	14	0	0	0.00369890676550485	0.867953489674172	1.84229189271026	-1.84229189271026	3381	542	Promoter	2	Non-heritable	0.062186896901506	0.931721333897896	0.0089323085876306	0	0	0	0.62186896901506	8.12592680270789	6.29710931993394	0	0.61101039580473
BA_only	hippocampus	AA	psi	chr16_77660265_77660478	chr16	77660265	77660478	8	8	0	0	0.0365347640168231	0.980549382116533	0.973378618347585	-0.973378618347585	213	583	Genic/other	0	Heritable	0.148355714550887	0.951346764292367	0.00745883972070658	61179	0	0	1.48355714550887	5.36129216570943	6.36990098282823	11.0215756177049	-0.0269821374971379
BA_only	hippocampus	AA	psi	chr16_77661122_77661540	chr16	77661122	77661540	8	8	0	0	0.0563952800175759	0.98577631996496	1.0646377074157	-1.0646377074157	418	597	Intergenic	0	Heritable	0.111110181399569	0.928713093797988	0.0059379003260636	61076	0	0	1.11110181399569	6.03548143252476	6.39359075395063	11.0198906422128	0.0626345698493021
BA_only	hippocampus	AA	psi	chr16_77804670_77805737	chr16	77804670	77805737	11	11	0	0	0.0788907234536499	0.987720536119146	0.636722827581919	0.636722827581919	1067	624	Genic/other	0	Heritable	0.128228821897549	0.955054231647206	0.00668841583802434	63087	0	0	1.28228821897549	6.97260625130175	6.4377516497364	11.0522858561174	-0.451420823932847
BA_only	hippocampus	AA	psi	chr16_78045633_78045759	chr16	78045633	78045759	18	18	0	0	0.0371687994339274	0.980549382116533	1.15993134993137	-1.15993134993137	126	668	Genic/other	1	Heritable	0.130006942778592	0.957853845887928	0.00854850199487531	0	0	0	1.30006942778592	4.83628190695148	6.50578406012823	0	0.148360830894556
BA_only	hippocampus	AA	psi	chr16_78046414_78046683	chr16	78046414	78046683	18	18	0	0	0.012005208952075	0.955696118255407	1.75222563971748	1.75222563971748	269	652	Genic/other	1	Heritable	0.122919243547045	0.959915262902924	0.00867347310970753	0	0	0	1.22919243547045	5.59471137960184	6.48157712927643	0	0.560886779721616
BA_only	hippocampus	AA	psi	chr16_78122749_78123152	chr16	78122749	78123152	18	18	0	0	0.0179332284929296	0.970931943606436	1.22020128730362	1.22020128730362	403	659	Promoter	0	Non-heritable	0.0335001831641474	0.95512690365718	0.0085178913840742	0	0	0	0.335001831641474	5.99893656194668	6.49223983502047	0	0.199015842924379
BA_only	hippocampus	AA	psi	chr16_7815658_7816261	chr16	7815658	7816261	26	26	0	0	0.0269087161483855	0.975932065139872	1.9667140247735	-1.9667140247735	603	766	Intergenic	0	Heritable	0.528603832060327	0.951449784112949	0.00645556231571479	72716	0	0	5.28603832060327	6.40191719672719	6.64248680136726	11.194330473875	0.676364147431564
BA_only	hippocampus	AA	psi	chr16_78346735_78348290	chr16	78346735	78348290	10	10	0	0	0.0271397174834459	0.975932065139872	1.01239911925401	1.01239911925401	1555	748	Genic/other	0	Non-heritable	0.0798425017110784	0.948549124840435	0.0201463385147029	0	0	0	0.798425017110784	7.34923082461333	6.61873898351722	0	0.0123228896074763
BA_only	hippocampus	AA	psi	chr16_78506009_78506447	chr16	78506009	78506447	9	9	0	0	0.166515027246787	0.991064867102684	1.18080077966836	1.18080077966836	438	816	Genic/other	0	Non-heritable	0.0979721961641802	0.962688410844277	0.00678322661840018	0	0	0	0.979721961641802	6.08221891037645	6.70563909486	0	0.166192843620927
BA_only	hippocampus	AA	psi	chr16_78972202_78972501	chr16	78972202	78972501	6	6	0	0	0.169049836680701	0.991064867102684	0.887563293749373	-0.887563293749373	299	914	Genic/other	0	Non-heritable	0.0735962658443038	0.975744418193141	0.00842308057766554	0	0	0	0.735962658443038	5.70044357339069	6.81892406527552	0	-0.119275432007991
BA_only	hippocampus	AA	psi	chr16_79286213_79286771	chr16	79286213	79286771	9	9	0	0	0.0776567993281058	0.987720536119146	1.15686005321832	-1.15686005321832	558	912	Intergenic	0	Non-heritable	0.0952666971399762	0.973975772880126	0.00960131259760602	56902	0	0	0.952666971399762	6.32435896238131	6.81673588059497	10.9491033428019	0.145709492943695
BA_only	hippocampus	AA	psi	chr16_79311474_79311850	chr16	79311474	79311850	9	9	0	0	0.147001164951776	0.991064867102684	2.88442594465033	-2.88442594465033	376	893	Intergenic	0	Non-heritable	0.0827483498188508	0.979083851182816	0.00610166378882431	82163	0	0	0.827483498188508	5.9295891433899	6.79570577517351	11.3164725289091	1.05932590430397
BA_only	hippocampus	AA	psi	chr16_79572246_79572759	chr16	79572246	79572759	414	414	0	0	0.000436687743501959	0.600933463320688	3.57818709687069	3.57818709687069	513	661	Intergenic	0	Heritable	0.117312213162177	0.956853832141313	0.00681257158599929	13181	0	0	1.17312213162177	6.24027584517077	6.49526555593701	9.48660754161267	1.27485627742264
BA_only	hippocampus	AA	psi	chr16_7979671_7979919	chr16	7979671	7979919	3	3	0	0	0.257668573794842	0.992837608310815	0.604632789389336	-0.604632789389336	248	798	Genic/other	0	Non-heritable	0.0937041219456816	0.970635547695093	0.00903743601942625	0	0	0	0.937041219456816	5.51342874616498	6.68336094576628	0	-0.503133948373979
BA_only	hippocampus	AA	psi	chr16_80526572_80526975	chr16	80526572	80526975	85	85	0	0	0.00714110094639003	0.931602204679102	4.36306289032855	4.36306289032855	403	496	Genic/other	0	Non-heritable	0.0981694078278458	0.925270592659436	0.00975660485650258	0	0	0	0.981694078278458	5.99893656194668	6.20859002609663	0	1.47317431079862
BA_only	hippocampus	AA	psi	chr16_806922_808552	chr16	806922	808552	240	240	0	0	0.00521500982572904	0.910521893616427	3.33382850765138	3.33382850765138	1630	731	Intergenic	2	Non-heritable	0.085466773810636	0.971057984441849	0.0140420566617495	0	0	0	0.85466773810636	7.39633529380081	6.59578051396131	0	1.2041213485881
BA_only	hippocampus	AA	psi	chr16_8075181_8075795	chr16	8075181	8075795	3	3	0	0	0.348841993309533	0.993907636149293	0.416642631299694	-0.416642631299694	614	777	Genic/other	0	Heritable	0.592343931163084	0.950208269067786	0.0104203311568427	39439	0	0	5.92343931163084	6.41999492814714	6.65672652417839	10.5825358087166	-0.875526399897087
BA_only	hippocampus	AA	psi	chr16_80992849_80994284	chr16	80992849	80994284	270	270	0	0	0.00276143899161167	0.842029831452187	2.83102765511507	2.83102765511507	1435	615	Promoter	0	Heritable	0.110247130108506	0.946518714752082	0.012520780425165	0	0	0	1.10247130108506	7.26892012819372	6.42324696353352	0	1.04063977828797
BA_only	hippocampus	AA	psi	chr16_81008221_81008410	chr16	81008221	81008410	270	270	0	0	0.00482188305311304	0.903845859635741	4.59103244346356	4.59103244346356	189	596	Genic/other	1	Non-heritable	0.0579659338330922	0.949252739966995	0.00785783846057711	0	0	0	0.579659338330922	5.24174701505964	6.3919171133926	0	1.52410493417339
BA_only	hippocampus	AA	psi	chr16_81018140_81018463	chr16	81018140	81018463	270	270	0	0	0.00263796012932623	0.835655744705892	2.18421385195614	-2.18421385195614	323	597	Genic/other	0	Non-heritable	0.0838000594168825	0.958035711207783	0.00783576361183327	0	0	0	0.838000594168825	5.77765232322266	6.39359075395063	0	0.781255975229689
BA_only	hippocampus	AA	psi	chr16_81168794_81170016	chr16	81168794	81170016	29	29	0	0	0.0254646783974679	0.975932065139872	1.68336255609066	-1.68336255609066	1222	619	Genic/other	0	Heritable	0.673873760149848	0.941072980814892	0.00756915218270704	2954	0	0	6.73873760149848	7.10824413973154	6.42971947803914	7.9912539298402	0.520793320462823
BA_only	hippocampus	AA	psi	chr16_81403071_81403307	chr16	81403071	81403307	10	10	0	0	0.14116904568825	0.991064867102684	0.802186111839638	-0.802186111839638	236	784	Enhancer	1	Non-heritable	0.0985632973269062	0.974499763974081	0.0163525754169881	40993	0	0	0.985632973269062	5.46383180502561	6.66568371778241	10.6211809935141	-0.220414625920942
BA_only	hippocampus	AA	psi	chr16_81446448_81447158	chr16	81446448	81447158	9	9	0	0	0.0207659208383646	0.975856666808667	2.60809752518541	-2.60809752518541	710	784	Genic/other	1	Non-heritable	0.0766891085494697	0.96568189726675	0.00856500084497226	975	0	0	0.766891085494697	6.56526497003536	6.66568371778241	6.88346258641309	0.958621041825765
BA_only	hippocampus	AA	psi	chr16_81564763_81565159	chr16	81564763	81565159	19	19	0	0	0.056833662053232	0.98577631996496	2.80928291254389	2.80928291254389	396	841	Genic/other	0	Non-heritable	0.0932357329548146	0.983370560232366	0.00769273570656641	65088	0	0	0.932357329548146	5.98141421125448	6.73578001424233	11.0835108431054	1.03292926307293
BA_only	hippocampus	AA	psi	chr16_81582833_81583644	chr16	81582833	81583644	19	19	0	0	0.0206313114223336	0.975856666808667	2.41032721527054	2.41032721527054	811	825	Genic/other	0	Heritable	0.1040600388399	0.978064264610774	0.00688396403103693	46603	0	0	1.040600388399	6.69826805411541	6.71659477352098	10.7494416533398	0.879762516406105
BA_only	hippocampus	AA	psi	chr16_81618711_81618900	chr16	81618711	81618900	20	20	0	0	0.0899854890546194	0.989446665475032	1.95169123956798	-1.95169123956798	189	847	Genic/other	0	Non-heritable	0.0947904143982441	0.975931246138917	0.00700364372607903	11347	0	0	0.947904143982441	5.24174701505964	6.7428806357919	9.33679679592874	0.668696304152618
BA_only	hippocampus	AA	psi	chr16_81680808_81681066	chr16	81680808	81681066	26	26	0	0	0.0520844354265527	0.984308387733243	2.14661842876617	-2.14661842876617	258	764	Genic/other	1	Non-heritable	0.0972210521242954	0.974572478567674	0.00615694696942461	28604	0	0	0.972210521242954	5.55295958492162	6.63987583382654	10.2613368067026	0.763893784782504
BA_only	hippocampus	AA	psi	chr16_817153_818067	chr16	817153	818067	241	241	0	0	0.000848318776645735	0.692932971680441	3.0514719893437	-3.0514719893437	914	701	Promoter	2	Non-heritable	0.0861874470843145	0.961370208888084	0.0107376431488875	9377	0	0	0.861874470843145	6.81783057145415	6.55393340402581	9.14612179964953	1.11562409693007
BA_only	hippocampus	AA	psi	chr16_81895416_81895924	chr16	81895416	81895924	26	26	0	0	0.0723821547906055	0.985907779499035	1.86245119898264	1.86245119898264	508	739	Promoter	0	Non-heritable	0.0979235591306504	0.959754564051823	0.00753459694954098	0	0	0	0.979235591306504	6.23048144757848	6.60665018619822	0	0.621893474409055
BA_only	hippocampus	AA	psi	chr16_825067_825135	chr16	825067	825135	236	236	0	0	0.00125809528749541	0.748685029382681	5.6403461687754	5.6403461687754	68	725	Genic/other	2	Heritable	0.103530899552842	0.971159291826199	0.00536723946110523	17291	0	0	1.03530899552842	4.21950770517611	6.5875500148248	9.75799924578752	1.72994544284184
BA_only	hippocampus	AA	psi	chr16_83137418_83138020	chr16	83137418	83138020	2	2	0	0	0.555814960056268	0.996372748468176	0.160341407437266	0.160341407437266	602	826	Genic/other	0	Non-heritable	0.0947880014036023	0.978706685934546	0.0099488195619565	0	0	0	0.947880014036023	6.40025744530882	6.71780469502369	0	-1.83044987820891
BA_only	hippocampus	AA	psi	chr16_83743372_83743919	chr16	83743372	83743919	45	45	0	0	0.0314040965285274	0.977060807838727	1.35712588202508	-1.35712588202508	547	832	Enhancer	0	Non-heritable	0.0812748788104439	0.971693277880262	0.00581328462954052	0	0	0	0.812748788104439	6.30444880242198	6.72503364216684	0	0.30536914885995
BA_only	hippocampus	AA	psi	chr16_83887288_83887978	chr16	83887288	83887978	49	49	0	0	1.91308943724692e-05	0.146597671977755	2.15860877730774	-2.15860877730774	690	966	Genic/other	0	Non-heritable	0.0555000173098196	0.981321053687954	0.00778249208446349	9230	0	0	0.555000173098196	6.53669159759131	6.87419849545329	9.13032266399015	0.769463934237356
BA_only	hippocampus	AA	psi	chr16_83953923_83954014	chr16	83953923	83954014	70	70	0	0	0.0113027853761919	0.950081225852059	1.84415238433389	1.84415238433389	91	980	Genic/other	0	Heritable	0.259594104630346	0.967149972349593	0.00712812109229681	0	0	0	2.59594104630346	4.51085950651685	6.88857245956536	0	0.612019765067725
BA_only	hippocampus	AA	psi	chr16_84090391_84090502	chr16	84090391	84090502	28	28	0	0	0.0437414526394426	0.980789550235948	2.3959482536493	2.3959482536493	111	1044	Genic/other	0	Heritable	0.10799924672295	0.985535609636609	0.00706089095618827	3032	0	0	1.0799924672295	4.70953020131233	6.95177216439891	8.01730750768858	0.873779087219282
BA_only	hippocampus	AA	psi	chr16_84199835_84200338	chr16	84199835	84200338	31	31	0	0	0.0597955910237199	0.98577631996496	1.78102012268599	1.78102012268599	503	1129	Genic/other	0	Non-heritable	0.0815714863857926	0.982795021303688	0.00742717601008891	2952	0	0	0.815714863857926	6.22059017009974	7.02997291170639	7.99057688174392	0.577186308390736
BA_only	hippocampus	AA	psi	chr16_84201787_84202147	chr16	84201787	84202147	31	31	0	0	0.0200323302877987	0.97573605073121	2.02534991176061	-2.02534991176061	360	1145	Intergenic	0	Heritable	0.721056352851137	0.960817491137869	0.00808379392774465	4904	0	0	7.21056352851137	5.88610403145016	7.04403289727469	8.49801037199946	0.705742486499589
BA_only	hippocampus	AA	psi	chr16_84278765_84279430	chr16	84278765	84279430	35	35	0	0	0.0235422164676888	0.975932065139872	0.786313758963624	0.786313758963624	665	1083	Intergenic	0	Heritable	0.101494195095551	0.986654028168077	0.0134241691068086	1013	0	0	1.01494195095551	6.49978704065585	6.98841318199959	6.92165818415113	-0.240399369056178
BA_only	hippocampus	AA	psi	chr16_84313260_84313369	chr16	84313260	84313369	33	33	0	0	0.0311427323214529	0.976893291659941	1.86067028464192	-1.86067028464192	109	1109	Genic/other	2	Non-heritable	0.0867335392014351	0.986775700248197	0.00748161970890036	13585	0	0	0.867335392014351	4.69134788222914	7.01211529430638	9.51679512975125	0.620936796269587
BA_only	hippocampus	AA	psi	chr16_84362008_84362662	chr16	84362008	84362662	34	34	0	0	0.0222218375385455	0.975932065139872	1.11569174862297	1.11569174862297	654	1152	Intergenic	0	Non-heritable	0.0913680350667837	0.98884897999615	0.00737530659009422	32681	0	0	0.913680350667837	6.4831073514572	7.05012252026906	10.3945797466117	0.109474623857592
BA_only	hippocampus	AA	psi	chr16_84374191_84374844	chr16	84374191	84374844	33	33	0	0	0.00194390082568594	0.804679915749906	1.84829584910754	1.84829584910754	653	1148	Genic/other	0	Non-heritable	0.0706949411618886	0.987951567516212	0.00665768085554367	30399	0	0	0.706949411618886	6.48157712927643	7.04664727784876	10.3221978873943	0.614264057325013
BA_only	hippocampus	AA	psi	chr16_84406003_84406623	chr16	84406003	84406623	35	35	0	0	0.0386581880045136	0.980549382116533	2.8363480465036	2.8363480465036	620	1162	Promoter	0	Heritable	0.106609200290278	0.988676890337209	0.00742606821187073	0	0	0	1.06609200290278	6.42971947803914	7.05875815251866	0	1.04251732910261
BA_only	hippocampus	AA	psi	chr16_84430016_84430970	chr16	84430016	84430970	34	34	0	0	0.0425848020036024	0.980549382116533	2.14722866965488	2.14722866965488	954	1185	Genic/other	0	Heritable	0.559776348091095	0.979306019298282	0.00933202204787549	14532	0	0	5.59776348091095	6.86066367144829	7.07834157955767	9.58417720462617	0.76417802447525
BA_only	hippocampus	AA	psi	chr16_84467689_84469580	chr16	84467689	84469580	19	19	0	0	0.0580895500127725	0.98577631996496	3.73372620274133	-3.73372620274133	1891	1198	Promoter	0	Heritable	0.150523281404202	0.983473194687023	0.00676309255967693	5974	0	0	1.50523281404202	7.54486106865846	7.08924315502751	8.69533937679971	1.31740671965178
BA_only	hippocampus	AA	psi	chr16_84537640_84538760	chr16	84537640	84538760	20	20	0	0	0.0360333212298255	0.980494018606455	2.54646995368301	2.54646995368301	1120	1134	Genic/other	0	Non-heritable	0.0712031666579831	0.989139732596208	0.011238718979237	0	0	0	0.712031666579831	7.02108396428914	7.0343879299155	0	0.934708072135716
BA_only	hippocampus	AA	psi	chr16_84548988_84549154	chr16	84548988	84549154	20	20	0	0	0.00139973659875557	0.759071555562182	5.01253177991266	5.01253177991266	166	1123	Genic/other	0	Non-heritable	0.0824319281017449	0.985322198496561	0.00768984054430634	0	0	0	0.824319281017449	5.11198778835654	7.02464903045364	0	1.61194113473979
BA_only	hippocampus	AA	psi	chr16_84555140_84555921	chr16	84555140	84555921	20	20	0	0	0.00788672181466771	0.933559278800072	4.14363178038866	-4.14363178038866	781	1103	Genic/other	0	Non-heritable	0.0873258564476582	0.991792387501038	0.00891691147213614	1193	0	0	0.873258564476582	6.66057514983969	7.00669522683704	7.08506429395255	1.42157264733877
BA_only	hippocampus	AA	psi	chr16_84649480_84649641	chr16	84649480	84649641	24	24	0	0	0.0145276161151062	0.966089857218066	3.17316058811928	3.17316058811928	161	1163	Genic/other	1	Heritable	0.103274238590859	0.983620133520809	0.00735244719829322	0	0	0	1.03274238590859	5.08140436498446	7.05961762829138	0	1.15472812528784
BA_only	hippocampus	AA	psi	chr16_84730338_84730614	chr16	84730338	84730614	21	21	0	0	0.0926507696989224	0.989446665475032	2.69050309654191	2.69050309654191	276	1163	Genic/other	0	Non-heritable	0.0784975288655244	0.990933988658415	0.00841180529451644	0	0	0	0.784975288655244	5.62040086571715	7.05961762829138	0	0.989728204580348
BA_only	hippocampus	AA	psi	chr16_84836223_84836474	chr16	84836223	84836474	26	26	0	0	0.00734736654850611	0.933559278800072	2.70158788387002	2.70158788387002	251	1104	Enhancer	0	Non-heritable	0.0781896251874861	0.9829872410458	0.00842053360364193	18354	0	0	0.781896251874861	5.52545293913178	7.00760061395185	9.81765729593094	0.993839708982801
BA_only	hippocampus	AA	psi	chr16_84864152_84864907	chr16	84864152	84864907	26	26	0	0	0.0682897362094078	0.985907779499035	2.69707579266433	2.69707579266433	755	1104	Genic/other	0	Non-heritable	0.0698185291654839	0.989019925511854	0.0119452286485674	0	0	0	0.698185291654839	6.62671774924903	7.00760061395185	0	0.992168150052693
BA_only	hippocampus	AA	psi	chr16_84918193_84918486	chr16	84918193	84918486	27	27	0	0	0.0463290707108449	0.981931475725021	2.45553573094263	2.45553573094263	293	1119	Genic/other	0	Non-heritable	0.0908150145374944	0.988771161588218	0.00711732368494002	0	0	0	0.908150145374944	5.68017260901707	7.02108396428914	0	0.898344961855549
BA_only	hippocampus	AA	psi	chr16_84922567_84922955	chr16	84922567	84922955	27	27	0	0	0.0279987115918376	0.975932065139872	3.65559286127957	3.65559286127957	388	1078	Genic/other	0	Heritable	0.10851936749486	0.982970491046086	0.00746107792018179	0	0	0	1.0851936749486	5.96100533962327	6.98378996525814	0	1.29625828833182
BA_only	hippocampus	AA	psi	chr16_85029170_85029314	chr16	85029170	85029314	21	21	0	0	0.136203770695926	0.991064867102684	1.99329796134782	1.99329796134782	144	1072	Genic/other	1	Non-heritable	0.0484420765121996	0.980440675510385	0.00769465169536058	0	0	0	0.484420765121996	4.969813299576	6.9782137426307	0	0.689790539010561
BA_only	hippocampus	AA	psi	chr16_85072696_85073232	chr16	85072696	85073232	21	21	0	0	0.0245804907244313	0.975932065139872	1.6464028393859	1.6464028393859	536	1060	Genic/other	0	Non-heritable	0.08755004345457	0.988427842673819	0.00752220332308204	5770	0	0	0.8755004345457	6.2841341610708	6.96696713861398	8.66060065471097	0.498592816772718
BA_only	hippocampus	AA	psi	chr16_85114452_85114619	chr16	85114452	85114619	22	22	0	0	0.0398763480405975	0.980549382116533	4.09474363485058	-4.09474363485058	167	1000	Genic/other	0	Non-heritable	0.0619050138721625	0.983685143143458	0.00613042804457574	14312	0	0	0.619050138721625	5.11799381241676	6.90875477931522	9.56892349418422	1.40970411335536
BA_only	hippocampus	AA	psi	chr16_85115596_85117064	chr16	85115596	85117064	22	22	0	0	0.042090183269779	0.980549382116533	1.44789814453496	-1.44789814453496	1468	984	Genic/other	0	Non-heritable	0.0964786039241258	0.979962683510326	0.0068034242129809	13454	0	0	0.964786039241258	7.29165620917446	6.89264164117209	9.50710606316101	0.370112956223972
BA_only	hippocampus	AA	psi	chr16_852613_853493	chr16	852613	853493	230	230	0	0	0.00351929241844726	0.866906756094015	3.7992780986407	-3.7992780986407	880	727	Genic/other	1	Non-heritable	0.0733763635400154	0.962444409236748	0.00846944440562506	26243	0	0	0.733763635400154	6.77992190747225	6.59030104819669	10.1751926704648	1.33481107727514
BA_only	hippocampus	AA	psi	chr16_85284070_85284309	chr16	85284070	85284309	9	9	0	0	0.038798672151461	0.980549382116533	3.66374531455781	-3.66374531455781	239	1002	Genic/other	2	Non-heritable	0.0490717931680442	0.98554317193059	0.00753991420299838	73333	0	0	0.490717931680442	5.47646355193151	6.91075078796194	11.2027796275342	1.29848593690645
BA_only	hippocampus	AA	psi	chr16_85285995_85287449	chr16	85285995	85287449	9	9	0	0	9.51379744499328e-05	0.372205447315499	3.64040968844888	3.64040968844888	1454	989	Genic/other	2	Non-heritable	0.0668796616216405	0.984993498346367	0.00911548387767558	70193	0	0	0.668796616216405	7.28207365809347	6.89770494312864	11.1590181162757	1.29209622983379
BA_only	hippocampus	AA	psi	chr16_85290858_85291976	chr16	85290858	85291976	9	9	0	0	0.0287047405373516	0.975932065139872	2.00485040358385	2.00485040358385	1118	1018	Genic/other	1	Non-heritable	0.0683471790237643	0.98370345166958	0.0113108018220612	65666	0	0	0.683471790237643	7.01929665371505	6.92657703322273	11.0923517951813	0.695569451283968
BA_only	hippocampus	AA	psi	chr16_85303348_85303422	chr16	85303348	85303422	9	9	0	0	0.212930866257764	0.991290284450776	1.0145142647703	1.0145142647703	74	963	Genic/other	0	Non-heritable	0.0645849773484904	0.983444854441776	0.00627659403665402	54220	0	0	0.645849773484904	4.30406509320417	6.87109129461055	10.9008235662614	0.0144099509292451
BA_only	hippocampus	AA	psi	chr16_85424675_85425302	chr16	85424675	85425302	5	5	0	0	0.00949363183524197	0.939841915020693	2.1914041246332	-2.1914041246332	627	939	Genic/other	0	Heritable	0.158245617049901	0.968735452984147	0.0083390310705593	0	0	0	1.58245617049901	6.44094654063292	6.84587987526405	0	0.784542495741597
BA_only	hippocampus	AA	psi	chr16_85453254_85453418	chr16	85453254	85453418	5	5	0	0	0.299951492562123	0.993663620961428	0.44216379338457	-0.44216379338457	164	938	Genic/other	0	Non-heritable	0.0985877574516602	0.982719292494494	0.00555859224276431	0	0	0	0.985877574516602	5.0998664278242	6.84481547920826	0	-0.816074869665443
BA_only	hippocampus	AA	psi	chr16_85573620_85574132	chr16	85573620	85574132	36	36	0	0	0.0262468284674855	0.975932065139872	1.62478824117982	-1.62478824117982	512	1038	Genic/other	0	Non-heritable	0.0853565424624925	0.986692503136931	0.00702990652304627	0	0	0	0.853565424624925	6.23832462503951	6.94601399109923	0	0.485377500324746
BA_only	hippocampus	AA	psi	chr16_85583849_85584541	chr16	85583849	85584541	36	36	0	0	0.0328571469321993	0.979164877002956	1.84302227791102	-1.84302227791102	692	1037	Promoter	2	Non-heritable	0.0728697343896439	0.983626801472379	0.00914498915002266	0	0	0	0.728697343896439	6.53958595561767	6.94505106372583	0	0.611406771892382
BA_only	hippocampus	AA	psi	chr16_85606998_85607721	chr16	85606998	85607721	39	39	0	0	0.0164573463256583	0.969245141301252	1.70849630002432	1.70849630002432	723	1058	Genic/other	1	Non-heritable	0.0828175455844575	0.984583322035267	0.00854553399209912	0	0	0	0.828175455844575	6.58340922215877	6.96508034560141	0	0.535613632795823
BA_only	hippocampus	AA	psi	chr16_85650857_85651009	chr16	85650857	85651009	40	40	0	0	0.0202028523603198	0.975856666808667	2.13655514049588	-2.13655514049588	152	1049	Genic/other	2	Non-heritable	0.0929396578627263	0.986586168660979	0.00590716072274344	2304	0	0	0.929396578627263	5.02388052084628	6.95654544315157	7.74283595543075	0.759194789246843
BA_only	hippocampus	AA	psi	chr16_85651606_85652966	chr16	85651606	85652966	41	41	0	0	0.0261498038529661	0.975932065139872	2.39524719232378	-2.39524719232378	1360	1066	Genic/other	2	Non-heritable	0.0710713355021786	0.984679993424985	0.0063310526461912	3053	0	0	0.710713355021786	7.2152399787301	6.97260625130175	8.02420748577858	0.873486441538052
BA_only	hippocampus	AA	psi	chr16_8565287_8565513	chr16	8565287	8565513	39	39	0	0	0.018280667149577	0.972503866121758	7.45563796020903	-7.45563796020903	226	709	Genic/other	0	Heritable	0.103436499711003	0.9711028030686	0.00891674616734252	0	0	0	1.03436499711003	5.42053499927229	6.56526497003536	0	2.00897052070672
BA_only	hippocampus	AA	psi	chr16_85653338_85653594	chr16	85653338	85653594	41	41	0	0	0.0118874353966753	0.95506848431582	1.71840192779547	1.71840192779547	256	1070	Promoter	1	Non-heritable	0.0738590523594659	0.989356094127823	0.00873948463652505	4785	0	0	0.738590523594659	5.54517744447956	6.97634807044775	8.47345026846832	0.541394753006045
BA_only	hippocampus	AA	psi	chr16_85664723_85664987	chr16	85664723	85664987	44	44	0	0	0.0192761982875122	0.973353388707841	1.98676474722952	-1.98676474722952	264	1054	Promoter	0	Non-heritable	0.0615126979889097	0.987963837079396	0.00883694268931317	6110	0	0	0.615126979889097	5.57594910314632	6.96129604591017	8.71784570489492	0.68650756563466
BA_only	hippocampus	AA	psi	chr16_85688245_85688414	chr16	85688245	85688414	47	47	0	0	0.00322970128370124	0.855357337169705	1.89241875540606	1.89241875540606	169	1060	Promoter	1	Heritable	0.253063198619025	0.960556919350953	0.00815221256574789	2362	0	0	2.53063198619025	5.12989871492307	6.96696713861398	7.76768727718691	0.637855780919973
BA_only	hippocampus	AA	psi	chr16_86029050_86029810	chr16	86029050	86029810	73	73	0	0	0.00614237899541124	0.920376068783091	2.62640490380748	2.62640490380748	760	1054	Intergenic	0	Non-heritable	0.0787543975035007	0.98365266830278	0.00744108354067432	1591	0	0	0.787543975035007	6.63331843328038	6.96129604591017	7.37274636640433	0.965615958132326
BA_only	hippocampus	AA	psi	chr16_86244244_86244486	chr16	86244244	86244486	85	85	0	0	0.00112323473974355	0.726050490461723	2.51950549180348	2.51950549180348	242	1116	Genic/other	0	Non-heritable	0.0880543184164246	0.984668567993495	0.00663196508967015	172	0	0	0.880543184164246	5.48893772615669	7.0184017990692	5.15329159449778	0.924062652824752
BA_only	hippocampus	AA	psi	chr16_86285648_86285982	chr16	86285648	86285982	83	83	0	0	0.0534129551832206	0.985016765603212	3.88240549552756	3.88240549552756	334	1142	Promoter	1	Heritable	0.287197489116429	0.968227814692437	0.00898817460607056	0	0	0	2.87197489116429	5.8111409929767	7.04141166379481	0	1.35645493718111
BA_only	hippocampus	AA	psi	chr16_86322512_86322887	chr16	86322512	86322887	113	113	0	0	0.00079696730817934	0.683148985370606	2.94666215663527	-2.94666215663527	375	1145	Intergenic	0	Non-heritable	0.0839442916272937	0.989733122018365	0.00751325376660023	9291	0	0	0.839442916272937	5.92692602597041	7.04403289727469	9.1369090938903	1.0806730608203
BA_only	hippocampus	AA	psi	chr16_86444912_86445337	chr16	86444912	86445337	124	124	0	0	0.0040283519882737	0.877181378423641	10.6003486339328	-10.6003486339328	425	1167	Intergenic	0	Heritable	0.293163635319014	0.972550888143566	0.0067110294108116	31861	0	0	2.93163635319014	6.05208916892442	7.06304816338817	10.3691693561328	2.36088689151418
BA_only	hippocampus	AA	psi	chr16_86457328_86458189	chr16	86457328	86458189	114	114	0	0	0.0005354294673101	0.634041488538523	3.79039471754721	-3.79039471754721	861	1140	Intergenic	0	Non-heritable	0.0809742080193425	0.987061083667411	0.00608804938308837	19009	0	0	0.809742080193425	6.75809450442773	7.03966034986208	9.85272043548247	1.33247016341973
BA_only	hippocampus	AA	psi	chr16_86480517_86480838	chr16	86480517	86480838	137	137	0	0	0.00348505275290329	0.866906756094015	5.26797536602023	5.26797536602023	321	1143	Genic/other	0	Heritable	0.10596908348504	0.984256866922338	0.0057372879366449	0	0	0	1.0596908348504	5.77144112313002	7.04228617193974	0	1.66164610961427
BA_only	hippocampus	AA	psi	chr16_86494097_86494688	chr16	86494097	86494688	136	136	0	0	0.00146262301490562	0.762823213405844	4.87728613756354	4.87728613756354	591	1138	Genic/other	2	Non-heritable	0.0782860334433858	0.983956318235396	0.00711202865191948	0	0	0	0.782860334433858	6.3818160174061	7.03790596344718	0	1.58458894787192
BA_only	hippocampus	AA	psi	chr16_86530918_86531049	chr16	86530918	86531049	137	137	0	0	0.00212270538720932	0.815187053503819	3.39911017451433	3.39911017451433	131	1134	Genic/other	1	Non-heritable	0.0936793884295638	0.984818047776547	0.00782151172868576	1431	0	0	0.936793884295638	4.87519732320115	7.0343879299155	7.26682734752059	1.223513686933
BA_only	hippocampus	AA	psi	chr16_86533735_86535437	chr16	86533735	86535437	137	137	0	0	0.00756787509200982	0.933559278800072	6.67667757578109	6.67667757578109	1702	1118	Promoter	2	Non-heritable	0.0656746962661469	0.985235200470185	0.0083143877855349	0	0	0	0.656746962661469	7.43955930913332	7.02019070831193	0	1.89862049642232
BA_only	hippocampus	AA	psi	chr16_86563145_86563284	chr16	86563145	86563284	133	133	0	0	0.0152565273325103	0.966570559881644	3.47811648991863	3.47811648991863	139	1109	Genic/other	1	Non-heritable	0.0650512344915567	0.985244311601915	0.00611205954476514	2033	0	0	0.650512344915567	4.93447393313069	7.01211529430638	7.61775957660851	1.24649091160993
BA_only	hippocampus	AA	psi	chr16_86577925_86578383	chr16	86577925	86578383	133	133	0	0	0.00562590238914944	0.914301706404424	2.98771585958872	-2.98771585958872	458	1095	Promoter	1	Non-heritable	0.0807610021622487	0.984190978274508	0.00865271464756785	8966	0	0	0.807610021622487	6.12686918411419	6.99942246750796	9.10130645095205	1.09450917225009
BA_only	hippocampus	AA	psi	chr16_86692677_86693516	chr16	86692677	86693516	114	114	0	0	0.00234796575829113	0.822334049093026	3.97480402127506	3.97480402127506	839	1011	Intergenic	0	Non-heritable	0.0874015060451881	0.985696404623829	0.00661198913468851	0	0	0	0.874015060451881	6.73221070646721	6.91968384984741	0	1.37997544658283
BA_only	hippocampus	AA	psi	chr16_86750959_86751222	chr16	86750959	86751222	111	111	0	0	0.00452310087211902	0.895415716423085	10.4355080019564	10.4355080019564	263	991	Intergenic	0	Non-heritable	0.0567782021008046	0.979407428218503	0.00607441883402356	9090	0	0	0.567782021008046	5.57215403217777	6.89972310728487	9.11504019212186	2.34521422280908
BA_only	hippocampus	AA	psi	chr16_86761702_86762112	chr16	86761702	86762112	85	85	0	0	0.0113902169551081	0.951610763124772	3.56032252895864	-3.56032252895864	410	1012	Enhancer	0	Heritable	0.143591539166553	0.956587258901691	0.00688810363929813	0	0	0	1.43591539166553	6.01615715969835	6.92067150424868	0	1.26985114159101
BA_only	hippocampus	AA	psi	chr16_86791538_86792767	chr16	86791538	86792767	85	85	0	0	0.00507068814601225	0.909885926705608	2.41651130233328	-2.41651130233328	1229	997	Intergenic	0	Heritable	0.127752118732715	0.969272854867831	0.00718837817427619	28045	0	0	1.27752118732715	7.11395610956603	6.90575327631146	10.2416012982866	0.882324893580387
BA_only	hippocampus	AA	psi	chr16_86827592_86827713	chr16	86827592	86827713	58	58	0	0	0.0390595189607936	0.980549382116533	2.04621142454612	2.04621142454612	121	950	Intergenic	0	Non-heritable	0.0962128163520422	0.979658436951187	0.00831074646887053	23364	0	0	0.962128163520422	4.79579054559674	6.85751406254539	10.0589944551345	0.715990002633053
BA_only	hippocampus	AA	psi	chr16_86931437_86932098	chr16	86931437	86932098	58	58	0	0	0.0239635516726192	0.975932065139872	2.30775389159342	2.30775389159342	661	885	Promoter	2	Non-heritable	0.0364811110443105	0.973500534527012	0.00871508694560385	0	0	0	0.364811110443105	6.49375383985169	6.78671695060508	0	0.83627471453491
BA_only	hippocampus	AA	psi	chr16_86942479_86942940	chr16	86942479	86942940	58	58	0	0	0.0339174100529138	0.979164877002956	4.04911938975283	4.04911938975283	461	869	Genic/other	0	Non-heritable	0.065839418125651	0.972085183350688	0.00653767062519634	0	0	0	0.65839418125651	6.13339804299665	6.76849321164863	0	1.39849942531685
BA_only	hippocampus	AA	psi	chr16_87012946_87013327	chr16	87012946	87013327	21	21	0	0	0.085659975032763	0.988137148207548	0.823790665369296	0.823790665369296	381	808	Intergenic	0	Non-heritable	0.0781144605980249	0.974463158000625	0.00815159376145108	11005	0	0	0.781144605980249	5.9427993751267	6.69579891705849	9.3061958576197	-0.193838816090957
BA_only	hippocampus	AA	psi	chr16_87017064_87017584	chr16	87017064	87017584	20	20	0	0	0.0250598056061244	0.975932065139872	2.19587209995453	2.19587209995453	520	827	Intergenic	0	Non-heritable	0.0713987680814343	0.976212862813798	0.00669811563139954	15123	0	0	0.713987680814343	6.25382881157547	6.71901315438526	9.62403816501082	0.786579284225778
BA_only	hippocampus	AA	psi	chr16_87050053_87050676	chr16	87050053	87050676	41	41	0	0	0.0196297625042676	0.973631121108853	1.8255784632063	-1.8255784632063	623	811	Enhancer	0	Non-heritable	0.0960273650435725	0.968059978825001	0.00689910564144371	9684	0	0	0.960273650435725	6.43454651878745	6.69950034016168	9.1783335758411	0.601896908429454
BA_only	hippocampus	AA	psi	chr16_87062017_87062476	chr16	87062017	87062476	41	41	0	0	0.00572195170457834	0.914415614632656	2.53586159104595	-2.53586159104595	459	814	Genic/other	0	Heritable	0.143602847643354	0.956691248086019	0.00828649922898862	0	0	0	1.43602847643354	6.12905021006055	6.70318811324086	0	0.930533461365729
BA_only	hippocampus	AA	psi	chr16_87333098_87333434	chr16	87333098	87333434	27	27	0	0	0.0101184070572482	0.944902218841749	1.94318378649664	-1.94318378649664	336	770	Genic/other	0	Non-heritable	0.0643590385036597	0.967999707237692	0.00829574809729768	7840	0	0	0.643590385036597	5.8171111599632	6.64768837356333	8.96712165623092	0.664327760104077
BA_only	hippocampus	AA	psi	chr16_87334412_87334785	chr16	87334412	87334785	27	27	0	0	0.0206570695703858	0.975856666808667	1.94989954896022	-1.94989954896022	373	773	Promoter	0	Heritable	0.112321855727909	0.963419789917902	0.00736274367441887	9154	0	0	1.12321855727909	5.92157841964382	6.65157187358973	9.12205545710861	0.667777863023533
BA_only	hippocampus	AA	psi	chr16_8734157_8734692	chr16	8734157	8734692	73	73	0	0	0.00142881017911205	0.761222352305806	5.0838498102445	-5.0838498102445	535	734	Genic/other	0	Heritable	0.107235531095837	0.974433842945109	0.00780737963796583	0	0	0	1.07235531095837	6.28226674689601	6.59987049921284	0	1.6260688132065
BA_only	hippocampus	AA	psi	chr16_87477323_87477471	chr16	87477323	87477471	38	38	0	0	0.00720042704514676	0.931602204679102	2.30673413745593	2.30673413745593	148	794	Genic/other	1	Non-heritable	0.0688392829263896	0.972082426942826	0.00629516070793897	16763	0	0	0.688392829263896	4.99721227376412	6.67834211465433	9.72698900904496	0.835832735210985
BA_only	hippocampus	AA	psi	chr16_87507397_87507870	chr16	87507397	87507870	48	48	0	0	0.00926931312069994	0.939841915020693	1.85575144248357	1.85575144248357	473	769	Genic/other	0	Non-heritable	0.0902394365760641	0.967561404962131	0.00847341890376023	9907	0	0	0.902394365760641	6.15909538849193	6.64639051484773	9.20109779060925	0.618289709708771
BA_only	hippocampus	AA	psi	chr16_87648279_87648614	chr16	87648279	87648614	56	56	0	0	0.0315583853331008	0.977060807838727	1.48113442258237	-1.48113442258237	335	719	Genic/other	1	Non-heritable	0.0974175862927623	0.947942545891498	0.00967671148915134	52418	0	0	0.974175862927623	5.81413053182507	6.5792512120101	10.8670244000071	0.392808302660014
BA_only	hippocampus	AA	psi	chr16_87704846_87705729	chr16	87704846	87705729	73	73	0	0	0.00629166132472486	0.920376068783091	9.47450493325879	-9.47450493325879	883	711	Genic/other	2	Non-heritable	0.0857347533787219	0.954978387501985	0.0115012182283189	0	0	0	0.857347533787219	6.78332520060396	6.56807791141198	0	2.2486045008709
BA_only	hippocampus	AA	psi	chr16_87722671_87722954	chr16	87722671	87722954	73	73	0	0	0.0167953725248825	0.970581273335112	5.99895842725119	-5.99895842725119	283	690	Genic/other	2	Non-heritable	0.0968806940419252	0.959385470655152	0.00777623491257727	3969	0	0	0.968806940419252	5.64544689764324	6.53813982376767	8.28652137368124	1.79158586036744
BA_only	hippocampus	AA	psi	chr16_87725875_87726161	chr16	87725875	87726161	76	76	0	0	0.0287659690474902	0.975932065139872	3.36491918172693	3.36491918172693	286	692	Enhancer	2	Non-heritable	0.0872604848701618	0.965340193025932	0.0133603505910189	762	0	0	0.872604848701618	5.65599181081985	6.5410299991899	6.63725803128446	1.2134039484627
BA_only	hippocampus	AA	psi	chr16_87778218_87778668	chr16	87778218	87778668	82	82	0	0	0.00427867976674852	0.888539612676336	2.22980391078576	2.22980391078576	450	721	Promoter	1	Non-heritable	0.0551721937486861	0.958460706271403	0.0102249947525087	0	0	0	0.551721937486861	6.10924758276437	6.58202513889283	0	0.801913653707381
BA_only	hippocampus	AA	psi	chr16_87778910_87779090	chr16	87778910	87779090	82	82	0	0	0.0080085384141249	0.933559278800072	3.69018514147167	3.69018514147167	180	707	Promoter	1	Non-heritable	0.0782834262875651	0.95082462167288	0.00845969806403437	0	0	0	0.782834262875651	5.19295685089021	6.56244409369372	0	1.30567663334422
BA_only	hippocampus	AA	psi	chr16_87790982_87791753	chr16	87790982	87791753	84	84	0	0	0.00958494532753209	0.939841915020693	2.65045330197275	-2.65045330197275	771	709	Genic/other	0	Non-heritable	0.0961178559066042	0.96721993909923	0.0089278132851153	0	0	0	0.961178559066042	6.64768837356333	6.56526497003536	0	0.974730686490638
BA_only	hippocampus	AA	psi	chr16_87839244_87839338	chr16	87839244	87839338	90	90	0	0	0.0236403272986375	0.975932065139872	6.56220096077595	6.56220096077595	94	704	Genic/other	0	Heritable	0.101096093430097	0.933148113595563	0.00784695251704969	1830	0	0	1.01096093430097	4.54329478227	6.55819780281227	7.51261754467451	1.88132606052161
BA_only	hippocampus	AA	psi	chr16_87844466_87844600	chr16	87844466	87844600	92	92	0	0	0.0103346783382707	0.944902218841749	2.68500268491252	2.68500268491252	134	708	Genic/other	0	Heritable	0.27694627812461	0.909921726221673	0.00743190543311297	7052	0	0	2.7694627812461	4.89783979995091	6.56385552653213	8.86120833720818	0.987681731652138
BA_only	hippocampus	AA	psi	chr16_87874545_87875083	chr16	87874545	87875083	121	121	0	0	0.0133877700710325	0.964283399649536	6.0431496969053	-6.0431496969053	538	711	Intergenic	0	Heritable	0.413029028014429	0.934128909972083	0.00857988434855915	6855	0	0	4.13029028014429	6.28785856016178	6.56807791141198	8.83287946027762	1.79892535067926
BA_only	hippocampus	AA	psi	chr16_87881508_87881827	chr16	87881508	87881827	121	121	0	0	0.00422547818400627	0.886001170519241	2.70154754530547	2.70154754530547	319	720	Intergenic	1	Non-heritable	0.0863911824683226	0.928398530203365	0.00843387432020777	111	0	0	0.863911824683226	5.76519110278484	6.58063913728495	4.71849887129509	0.993824777443538
BA_only	hippocampus	AA	psi	chr16_87909021_87909296	chr16	87909021	87909296	121	121	0	0	0.00181329142261178	0.796279517383923	4.04847016250899	4.04847016250899	275	749	Genic/other	0	Heritable	0.126571879620397	0.974018272514459	0.00835282003507987	6595	0	0	1.26571879620397	5.61677109766657	6.62007320653036	8.79421868367949	1.39833907457558
BA_only	hippocampus	AA	psi	chr16_87911230_87911338	chr16	87911230	87911338	121	121	0	0	0.0231797605985559	0.975932065139872	2.11218812291731	2.11218812291731	108	729	Genic/other	1	Heritable	0.131079835297814	0.958918702260462	0.00676246492225622	8804	0	0	1.31079835297814	4.68213122712422	6.59304453414244	9.08307502093031	0.747724439962645
BA_only	hippocampus	AA	psi	chr16_88007210_88007736	chr16	88007210	88007736	149	149	0	0	0.000898776200758792	0.701697689573722	4.49836621938436	-4.49836621938436	526	789	Genic/other	1	Non-heritable	0.0626635075400695	0.967049694235583	0.00895690734638415	1119	0	0	0.626635075400695	6.26530121273771	6.67203294546107	7.02108396428914	1.50371427071718
BA_only	hippocampus	AA	psi	chr16_88019431_88019886	chr16	88019431	88019886	144	144	0	0	0.000312367765172342	0.54339566756082	2.64316460319593	-2.64316460319593	455	773	Genic/other	2	Heritable	0.159042194496167	0.962703695544123	0.0112496962787402	13340	0	0	1.59042194496167	6.12029741895095	6.65157187358973	9.49859727917881	0.971976916390168
BA_only	hippocampus	AA	psi	chr16_88039323_88039423	chr16	88039323	88039423	130	130	0	0	0.0024162756599556	0.824728302674626	1.77596145234427	1.77596145234427	100	801	Genic/other	0	Non-heritable	0.0864683752469585	0.957064600039264	0.0109118796616123	0	0	0	0.864683752469585	4.60517018598809	6.68710860786652	0	0.57434194520407
BA_only	hippocampus	AA	psi	chr16_88063349_88063729	chr16	88063349	88063729	127	127	0	0	0.00287644287382678	0.844808629760907	3.00911612398656	-3.00911612398656	380	825	Genic/other	0	Non-heritable	0.0793642059338905	0.968907101515666	0.00797601542296669	0	0	0	0.793642059338905	5.94017125272043	6.71659477352098	0	1.10164639244535
BA_only	hippocampus	AA	psi	chr16_88078313_88078718	chr16	88078313	88078718	125	125	0	0	0.0141787590580109	0.964826773227435	2.34857201554824	2.34857201554824	405	813	Intergenic	1	Non-heritable	0.0529900973795315	0.975159297017193	0.00794735934853385	6243	0	0	0.529900973795315	6.00388706710654	6.70196036600254	8.73937628163532	0.853807494759895
BA_only	hippocampus	AA	psi	chr16_88143908_88144027	chr16	88143908	88144027	124	124	0	0	0.00873908308298368	0.933559278800072	2.10183221243668	2.10183221243668	119	750	Intergenic	0	Non-heritable	0.0606753933548851	0.968708146220449	0.00631449134378766	0	0	0	0.606753933548851	4.77912349311153	6.62140565176413	0	0.742809451208558
BA_only	hippocampus	AA	psi	chr16_88159478_88159882	chr16	88159478	88159882	123	123	0	0	0.00573615939153406	0.915423903116267	2.78515001848688	2.78515001848688	404	768	Intergenic	0	Non-heritable	0.0442084127668653	0.969192442280788	0.00812532682685505	0	0	0	0.442084127668653	6.00141487796115	6.64509096950564	0	1.02430174212108
BA_only	hippocampus	AA	psi	chr16_88193853_88194276	chr16	88193853	88194276	123	123	0	0	0.0106520686840822	0.944902218841749	1.82593440027851	-1.82593440027851	423	797	Promoter	0	Non-heritable	0.047667020346374	0.970374053074235	0.00648239561350207	0	0	0	0.47667020346374	6.04737217904628	6.68210859744981	0	0.602091861636355
BA_only	hippocampus	AA	psi	chr16_88258447_88258865	chr16	88258447	88258865	99	99	0	0	0.0036201357222797	0.866906756094015	2.28502427092644	-2.28502427092644	418	829	Genic/other	1	Non-heritable	0.0585049747762877	0.977436729322621	0.00879933806123001	0	0	0	0.585049747762877	6.03548143252476	6.72142570079064	0	0.826376650515723
BA_only	hippocampus	AA	psi	chr16_88259685_88259829	chr16	88259685	88259829	99	99	0	0	0.0106261491113668	0.944902218841749	2.44645475930655	-2.44645475930655	144	838	Genic/other	1	Non-heritable	0.060501234392401	0.971593300345912	0.0082559064864276	0	0	0	0.60501234392401	4.969813299576	6.73221070646721	0	0.894639943657294
BA_only	hippocampus	AA	psi	chr16_88264988_88265178	chr16	88264988	88265178	99	99	0	0	0.00327887719885976	0.857599671675802	2.66798351471216	2.66798351471216	190	836	Genic/other	0	Heritable	0.185577988395735	0.968925021599583	0.0100315501797386	0	0	0	1.85577988395735	5.24702407216049	6.72982407048948	0	0.981322952888944
BA_only	hippocampus	AA	psi	chr16_88267140_88267814	chr16	88267140	88267814	99	99	0	0	0.00402920972500915	0.877181378423641	2.40775395275313	2.40775395275313	674	814	Genic/other	0	Non-heritable	0.084184614762231	0.976297298543731	0.00809379881077816	0	0	0	0.84184614762231	6.51323011091231	6.70318811324086	0	0.878694347289953
BA_only	hippocampus	AA	psi	chr16_88376363_88376759	chr16	88376363	88376759	97	97	0	0	0.0233385868486052	0.975932065139872	2.14935480401626	2.14935480401626	396	789	Intergenic	2	Non-heritable	0.0920954615855887	0.970736411231834	0.0064712428350375	5545	0	0	0.920954615855887	5.98141421125448	6.67203294546107	8.62083222617572	0.765167710600542
BA_only	hippocampus	AA	psi	chr16_88387987_88388818	chr16	88387987	88388818	97	97	0	0	0.0147524135352209	0.966089857218066	4.54253214432983	4.54253214432983	831	791	Genic/other	1	Heritable	0.121860753104688	0.977218971907701	0.00573103296366779	1319	0	0	1.21860753104688	6.72262979485545	6.67456139181443	7.18538701558042	1.51348459981676
BA_only	hippocampus	AA	psi	chr16_88422189_88422909	chr16	88422189	88422909	204	204	0	0	0.00521443446770614	0.910521893616427	2.06079782158587	-2.06079782158587	720	722	Genic/other	0	Heritable	0.558391323372738	0.912534068833452	0.0106225005767389	35521	0	0	5.58391323372738	6.5792512120101	6.58340922215877	10.4779075018273	0.723093204707754
BA_only	hippocampus	AA	psi	chr16_88593348_88594021	chr16	88593348	88594021	152	152	0	0	0.00033450378837169	0.556148969961787	3.12426640562214	-3.12426640562214	673	764	Genic/other	0	Non-heritable	0.0873202102391416	0.964612828265496	0.00903433381494357	0	0	0	0.873202102391416	6.51174532964473	6.63987583382654	0	1.13919950863006
BA_only	hippocampus	AA	psi	chr16_886062_887166	chr16	886062	887166	219	219	0	0	0.0078450559253747	0.933559278800072	4.12838545652641	4.12838545652641	1104	700	Promoter	0	Non-heritable	0.0580042456931791	0.921806062364917	0.00958458779856711	0	0	0	0.580042456931791	7.00669522683704	6.55250788703459	0	1.41788640233875
BA_only	hippocampus	AA	psi	chr16_88611231_88611403	chr16	88611231	88611403	163	163	0	0	0.00134809220055885	0.755643700753314	4.55610074328595	4.55610074328595	172	761	Genic/other	0	Heritable	0.109125791462255	0.961954080589983	0.00676726040306498	10984	0	0	1.09125791462255	5.14749447681345	6.63594655568665	9.30428598481871	1.51646715975788
BA_only	hippocampus	AA	psi	chr16_88661659_88662040	chr16	88661659	88662040	164	164	0	0	0.00203372297156469	0.808938271993761	2.9322966103017	2.9322966103017	381	759	Promoter	1	Non-heritable	0.0753455969177287	0.962780706186476	0.00663769247448986	0	0	0	0.753455969177287	5.9427993751267	6.63331843328038	0	1.07578594544961
BA_only	hippocampus	AA	psi	chr16_88730809_88731159	chr16	88730809	88731159	163	163	0	0	0.00954381527040955	0.939841915020693	2.86304818275631	-2.86304818275631	350	702	Promoter	1	Heritable	0.168305356080344	0.938426482638934	0.00798436391917661	11234	0	0	1.68305356080344	5.85793315448346	6.55535689181067	9.32678918461943	1.05188685893145
BA_only	hippocampus	AA	psi	chr16_88736901_88737193	chr16	88736901	88737193	163	163	0	0	0.00976368230997139	0.939841915020693	3.49329630565635	3.49329630565635	292	705	Genic/other	1	Non-heritable	0.0468478608904085	0.956968642052635	0.0121524642114586	17326	0	0	0.468478608904085	5.67675380226828	6.55961523749324	9.76002125751085	1.25084579350538
BA_only	hippocampus	AA	psi	chr16_88746664_88746931	chr16	88746664	88746931	163	163	0	0	5.69232553087135e-05	0.293220542823787	3.63976651494517	3.63976651494517	267	684	Genic/other	1	Heritable	0.127255847231173	0.93605535861914	0.00705094660957907	27089	0	0	1.27255847231173	5.58724865840025	6.52941883826223	10.2069199350791	1.29191953809292
BA_only	hippocampus	AA	psi	chr16_88755368_88755902	chr16	88755368	88755902	163	163	0	0	0.00483285428750552	0.903845859635741	1.90197172292811	1.90197172292811	534	709	Genic/other	1	Heritable	0.372645296255721	0.927524045212883	0.010861752843319	35793	0	0	3.72645296255721	6.2803958389602	6.56526497003536	10.4855355605774	0.642891102250464
BA_only	hippocampus	AA	psi	chr16_8880842_8881032	chr16	8880842	8881032	62	62	0	0	0.0058892907512052	0.91660165241749	1.55284098064798	1.55284098064798	190	660	Genic/other	0	Heritable	0.104308090015881	0.968907390255083	0.0160414290577673	1477	0	0	1.04308090015881	5.24702407216049	6.49375383985169	7.29844510150815	0.440086150417071
BA_only	hippocampus	AA	psi	chr16_88828764_88829121	chr16	88828764	88829121	159	159	0	0	0.00587906341529607	0.91660165241749	2.67622944751356	2.67622944751356	357	698	Genic/other	2	Non-heritable	0.0866127273360406	0.950804069458422	0.00723229032278509	7145	0	0	0.866127273360406	5.87773578177964	6.54965074223381	8.87430803858335	0.984408885044957
BA_only	hippocampus	AA	psi	chr16_88920852_88921109	chr16	88920852	88921109	147	147	0	0	0.0188610656302156	0.972503866121758	3.69879953674073	-3.69879953674073	257	642	Genic/other	0	Heritable	0.132920318203438	0.9449410299111	0.00886237508791132	19347	0	0	1.32920318203438	5.54907608489522	6.46614472423762	9.87034433394287	1.30800832017909
BA_only	hippocampus	AA	psi	chr16_88924747_88924935	chr16	88924747	88924935	115	115	0	0	0.014529480166264	0.966089857218066	4.07592130190581	4.07592130190581	188	652	Genic/other	1	Non-heritable	0.0885617272872965	0.955639877782942	0.00821534020455822	23242	0	0	0.885617272872965	5.23644196282995	6.48157712927643	10.0537592904144	1.40509680994984
BA_only	hippocampus	AA	psi	chr16_89049573_89049804	chr16	89049573	89049804	111	111	0	0	0.00588058459840381	0.91660165241749	5.21493542035613	-5.21493542035613	231	569	Genic/other	1	Non-heritable	0.0376864783737609	0.875115304647321	0.00901057738441489	38673	0	0	0.376864783737609	5.44241771052179	6.3456363608286	10.5629228186105	1.65152670685281
BA_only	hippocampus	AA	psi	chr16_89079864_89080270	chr16	89079864	89080270	126	126	0	0	0.00139021667902335	0.759071555562182	2.4715101545958	2.4715101545958	406	556	Intergenic	1	Heritable	0.101821622161055	0.925996374944941	0.00912201389748234	8207	0	0	1.01821622161055	6.00635315960173	6.32256523992728	9.01286456741055	0.904829366479786
BA_only	hippocampus	AA	psi	chr16_89125065_89125583	chr16	89125065	89125583	114	114	0	0	0.0167180441680655	0.970578191533636	4.01797285665126	4.01797285665126	518	601	Genic/other	0	Heritable	0.708065005708791	0.926366512695547	0.00804228383650249	0	0	0	7.08065005708791	6.24997524225948	6.40025744530882	0	1.39077751342103
BA_only	hippocampus	AA	psi	chr16_89230260_89230679	chr16	89230260	89230679	121	121	0	0	0.000735057553768409	0.676738315160382	8.5663199729628	8.5663199729628	419	574	Genic/other	1	Non-heritable	0.0785133942521525	0.934950382477073	0.00743308730042301	4704	0	0	0.785133942521525	6.03787091992214	6.35437004079735	8.45638105201948	2.14783823349933
BA_only	hippocampus	AA	psi	chr16_89261708_89261990	chr16	89261708	89261990	122	122	0	0	0.00436424785281933	0.889521220752069	5.06179820638687	5.06179820638687	282	505	Intergenic	0	Non-heritable	0.05449417319193	0.86455411614445	0.00855971291756689	4733	0	0	0.5449417319193	5.64190707093811	6.22653666928747	8.46252579007393	1.62172179889989
BA_only	hippocampus	AA	psi	chr16_89356397_89356911	chr16	89356397	89356911	172	172	0	0	0.0348422843918549	0.980327953711174	4.45187103412026	4.45187103412026	514	461	Genic/other	0	Heritable	0.219224483745206	0.902759088222184	0.00864091113171702	0	0	0	2.19224483745206	6.24222326545517	6.13556489108174	0	1.49332446716275
BA_only	hippocampus	AA	psi	chr16_89373202_89373485	chr16	89373202	89373485	174	174	0	0	0.000366938619651929	0.569477694536431	15.6847480307626	-15.6847480307626	283	452	Genic/other	0	Non-heritable	0.0963229529386851	0.923731391539125	0.00629766461151525	0	0	0	0.963229529386851	5.64544689764324	6.11589212548303	0	2.75268877780706
BA_only	hippocampus	AA	psi	chr16_89391389_89391540	chr16	89391389	89391540	175	175	0	0	0.00081897627134172	0.683148985370606	4.15434171026166	4.15434171026166	151	452	Genic/other	1	Non-heritable	0.0476258619987583	0.763208414025343	0.00915119470750797	0	0	0	0.476258619987583	5.01727983681492	6.11589212548303	0	1.42415398501265
BA_only	hippocampus	AA	psi	chr16_89394559_89394840	chr16	89394559	89394840	175	175	0	0	0.0111712857568132	0.948703871232836	6.87368175589005	-6.87368175589005	281	436	Genic/other	0	Non-heritable	0.0842554688357887	0.887305224510096	0.00912639909710921	0	0	0	0.842554688357887	5.63835466933375	6.07993319509559	0	1.9276998820243
BA_only	hippocampus	AA	psi	chr16_89537014_89537570	chr16	89537014	89537570	198	198	0	0	0.00308724667087622	0.84862690950741	4.18716350601038	4.18716350601038	556	448	Promoter	2	Non-heritable	0.0522596587796561	0.874496431627487	0.00942181165922844	0	0	0	0.522596587796561	6.32076829425058	6.10702288774226	0	1.43202353953702
BA_only	hippocampus	AA	psi	chr16_89556420_89557117	chr16	89556420	89557117	165	165	0	0	0.00514878894645418	0.909885926705608	4.25369485250087	4.25369485250087	697	433	Genic/other	1	Non-heritable	0.0465053475816646	0.882296653795004	0.0105145710024244	0	0	0	0.465053475816646	6.54678541076052	6.07304453410041	0	1.4477879846569
BA_only	hippocampus	AA	psi	chr16_89640775_89641660	chr16	89640775	89641660	162	162	0	0	0.00477546118376355	0.903845859635741	4.39434379176887	-4.39434379176887	885	420	Intergenic	0	Heritable	0.772966547879579	0.894584317465596	0.0185272604907359	0	0	0	7.72966547879579	6.78558764500793	6.04263283368238	0	1.48031821436284
BA_only	hippocampus	AA	psi	chr16_896569_897051	chr16	896569	897051	210	210	0	0	0.00514746779595959	0.909885926705608	4.70512676452311	4.70512676452311	482	718	Genic/other	1	Non-heritable	0.092864546288683	0.962748387177506	0.0101835786104509	3561	0	0	0.92864546288683	6.1779441140506	6.57786135772105	8.17807746384961	1.54865271731262
BA_only	hippocampus	AA	psi	chr16_89722954_89723526	chr16	89722954	89723526	207	207	0	0	0.0149043118689864	0.966089857218066	4.47727736726617	-4.47727736726617	572	380	Promoter	1	Non-heritable	0.0831207419510195	0.861150802513522	0.00898556253196268	0	0	0	0.831207419510195	6.3491389913798	5.9427993751267	0	1.4990151333964
BA_only	hippocampus	AA	psi	chr16_89727486_89727892	chr16	89727486	89727892	207	207	0	0	0.0124926478900292	0.961394807854409	4.83448089730813	-4.83448089730813	406	395	Genic/other	0	Non-heritable	0.0548172886864908	0.833069263624285	0.00751020049359492	0	0	0	0.548172886864908	6.00635315960173	5.98141421125448	0	1.57577376167483
BA_only	hippocampus	AA	psi	chr16_89752724_89752873	chr16	89752724	89752873	205	205	0	0	0.00237558842947595	0.823733955316953	3.60342136120409	-3.60342136120409	149	372	Promoter	0	Heritable	0.130923044287344	0.85557535999888	0.00715454205625358	0	0	0	1.30923044287344	5.00394630594546	5.92157841964382	0	1.2818837750261
BA_only	hippocampus	AA	psi	chr16_89779115_89779901	chr16	89779115	89779901	207	207	0	0	0.0261361129528747	0.975932065139872	5.42050340140694	-5.42050340140694	786	353	Genic/other	0	Non-heritable	0.064258691460577	0.76137732991091	0.009778122110061	171	0	0	0.64258691460577	6.66695679242921	5.86929691313377	5.14749447681345	1.69018869147183
BA_only	hippocampus	AA	psi	chr16_8983653_8984004	chr16	8983653	8984004	53	53	0	0	0.0083873889405801	0.933559278800072	2.7736117476056	-2.7736117476056	351	639	Intergenic	0	Heritable	0.242092780916047	0.930362026900545	0.00714036207616162	8558	0	0	2.42092780916047	5.86078622346587	6.46146817635372	9.05473863988161	1.02015035449333
BA_only	hippocampus	AA	psi	chr16_89903004_89903266	chr16	89903004	89903266	265	265	0	0	0.0150685456334336	0.966167725188189	3.67371284508027	3.67371284508027	262	318	Genic/other	0	Heritable	0.336548646471353	0.865296596857242	0.00961670346204231	938	0	0	3.36548646471353	5.5683445037611	5.76519110278484	6.84481547920826	1.30120282779964
BA_only	hippocampus	AA	psi	chr16_89949549_89950196	chr16	89949549	89950196	246	246	0	0	0.00348739127875515	0.866906756094015	3.06454986976068	-3.06454986976068	647	302	Genic/other	2	Heritable	0.122739635391246	0.835135017998678	0.0111220673219944	0	0	0	1.22739635391246	6.4723462945009	5.71373280550937	0	1.11990070045034
BA_only	hippocampus	AA	psi	chr16_89971793_89972164	chr16	89971793	89972164	252	252	0	0	0.000793584628379088	0.683148985370606	2.49605884932004	-2.49605884932004	371	315	Promoter	2	Heritable	0.502343905426406	0.82106687822623	0.0120108819709079	600	0	0	5.02343905426406	5.91620206260744	5.75574221358691	6.39859493453521	0.914713031687492
BA_only	hippocampus	AA	psi	chr16_90022054_90022226	chr16	90022054	90022226	235	235	0	0	0.00595651186208418	0.918414150018684	2.96084644804287	-2.96084644804287	172	291	Promoter	1	Heritable	0.170922521148104	0.821009981993443	0.0118261155279251	0	0	0	1.70922521148104	5.14749447681345	5.67675380226828	0	1.08547519301064
BA_only	hippocampus	AA	psi	chr16_90048101_90048197	chr16	90048101	90048197	234	234	0	0	0.00410302768175026	0.881659348954876	5.18503206279644	5.18503206279644	96	288	Promoter	1	Non-heritable	0.093371423035025	0.796966665565191	0.00816903549198594	357	0	0	0.93371423035025	4.56434819146784	5.66642668811243	5.8805329864007	1.64577602735116
BA_only	hippocampus	AA	psi	chr16_90077236_90078322	chr16	90077236	90078322	220	220	0	0	0.00260256608892145	0.833258918532135	2.64358514558002	-2.64358514558002	1086	266	Promoter	2	Heritable	0.195991280588134	0.837558394972287	0.0112999391648311	1393	0	0	1.95991280588134	6.99025650049388	5.58724865840025	7.23993259132047	0.97213600936917
BA_only	hippocampus	AA	psi	chr16_90082251_90082812	chr16	90082251	90082812	220	220	0	0	0.00187446317444567	0.801068396259596	1.87897204359893	1.87897204359893	561	261	Genic/other	2	Heritable	0.110866562595606	0.757328034579859	0.0198337481656316	6408	0	0	1.10866562595606	6.3297209055227	5.5683445037611	8.76545853150423	0.630724847302592
BA_only	hippocampus	AA	psi	chr16_90106059_90106806	chr16	90106059	90106806	220	220	0	0	0.0106477271354621	0.944902218841749	2.54653887701057	-2.54653887701057	747	231	Promoter	2	Non-heritable	0.0822261683926415	0.771762417636893	0.0116883291867362	0	0	0	0.822261683926415	6.61606518513282	5.44673737166631	0	0.934735137993869
BA_only	hippocampus	AA	psi	chr16_9012727_9012886	chr16	9012727	9012886	52	52	0	0	0.0157464495905569	0.967716068030647	7.92880623519466	7.92880623519466	159	638	Intergenic	0	Heritable	0.240705382802402	0.914965982543392	0.0068594233418367	784	0	0	2.40705382802402	5.06890420222023	6.45990445437754	6.66568371778241	2.07050248776955
BA_only	hippocampus	AA	psi	chr16_9013661_9013985	chr16	9013661	9013985	52	52	0	0	0.00709093749562723	0.931602204679102	1.39196980320237	1.39196980320237	324	612	Intergenic	0	Heritable	0.122644405567478	0.932379756891569	0.0193391366188947	0	0	0	1.22644405567478	5.78074351579233	6.41836493593621	0	0.330719875759247
BA_only	hippocampus	AA	psi	chr16_902056_902447	chr16	902056	902447	205	205	0	0	0.00199944426065649	0.806886144690754	4.49507913643352	4.49507913643352	391	699	Genic/other	1	Heritable	0.101468323592561	0.948884911696246	0.00862488807563966	8631	0	0	1.01468323592561	5.96870755998537	6.5510803350434	9.06323150693797	1.50298327542898
BA_only	hippocampus	AA	psi	chr16_907994_908082	chr16	907994	908082	200	200	0	0	0.0104210762771156	0.944902218841749	2.28029285721928	2.28029285721928	88	689	Genic/other	1	Non-heritable	0.0984093001832888	0.96313643295835	0.00770570311776067	2996	0	0	0.984093001832888	4.47733681447821	6.53669159759131	8.00536706731666	0.824303885252058
BA_only	hippocampus	AA	psi	chr16_912547_913447	chr16	912547	913447	198	198	0	0	0.00296440014978439	0.846261736290652	3.46212731502434	3.46212731502434	900	682	Genic/other	2	Heritable	0.101760118623938	0.961130221501703	0.00740289430242667	0	0	0	1.01760118623938	6.80239476332431	6.52649485957079	0	1.24188323395882
BA_only	hippocampus	AA	psi	chr16_920606_921518	chr16	920606	921518	176	176	0	0	0.00353231943201977	0.866906756094015	4.00556687949475	4.00556687949475	912	706	Promoter	2	Non-heritable	0.0732879220758059	0.947355318923619	0.00710796702055449	0	0	0	0.732879220758059	6.81563999007433	6.56103066589657	0	1.3876851159456
BA_only	hippocampus	AA	psi	chr16_937278_937615	chr16	937278	937615	130	130	0	0	0.0239305935277352	0.975932065139872	2.76583969198135	2.76583969198135	337	696	Genic/other	0	Heritable	0.635810925558784	0.893996030862663	0.00726518316247186	3033	0	0	6.35810925558784	5.82008293035236	6.54678541076052	8.01763715990848	1.01734427855576
BA_only	hippocampus	AA	psi	chr16_938066_938435	chr16	938066	938435	130	130	0	0	0.0232299365669751	0.975932065139872	2.18996547426748	-2.18996547426748	369	716	Genic/other	0	Heritable	0.15269620212506	0.911597155233212	0.00659701259361757	3821	0	0	1.5269620212506	5.91079664404053	6.57507584059962	8.24852912480022	0.783885783095753
BA_only	hippocampus	AA	psi	chr16_951195_951399	chr16	951195	951399	130	130	0	0	0.00984312316163462	0.941957120492611	1.92264999838561	-1.92264999838561	204	711	Genic/other	0	Non-heritable	0.0790714093161329	0.923280783512908	0.0123196815550649	3266	0	0	0.790714093161329	5.31811999384422	6.56807791141198	8.09162741160107	0.653704447122502
BA_only	hippocampus	AA	psi	chr16_964011_965268	chr16	964011	965268	138	138	0	0	0.00124693608544868	0.747845481188036	2.09863344417171	2.09863344417171	1257	723	Promoter	2	Heritable	0.10526108986811	0.948198487157383	0.00865582188445143	0	0	0	1.0526108986811	7.13648320859025	6.58479139238572	0	0.741286396800028
BA_only	hippocampus	AA	psi	chr16_972157_972633	chr16	972157	972633	150	150	0	0	0.00121698237606461	0.741782412295099	3.19995854464201	-3.19995854464201	476	734	Genic/other	1	Non-heritable	0.0758248542118092	0.954302257044095	0.00688201544064249	0	0	0	0.758248542118092	6.16541785423142	6.59987049921284	0	1.16313785804744
BA_only	hippocampus	AA	psi	chr16_974123_975205	chr16	974123	975205	140	140	0	0	0.0099352145961072	0.944143738365007	1.95072894210132	-1.95072894210132	1082	737	Genic/other	1	Non-heritable	0.0849480146733517	0.944738408098985	0.00942370160680023	0	0	0	0.849480146733517	6.98656645940643	6.60394382460047	0	0.668203124312193
BA_only	hippocampus	AA	psi	chr16_983692_985861	chr16	983692	985861	112	112	0	0	0.0155635124473986	0.967076513219291	1.83177482661195	-1.83177482661195	2169	748	Genic/other	2	Heritable	0.102550737187305	0.961535613996352	0.0087271660009133	0	0	0	1.02550737187305	7.68202151082688	6.61873898351722	0	0.605285352918901
BA_only	hippocampus	AA	psi	chr16_990861_991274	chr16	990861	991274	108	108	0	0	0.0399878444578102	0.980549382116533	2.78764710443673	-2.78764710443673	413	737	Intergenic	2	Heritable	0.103538081759586	0.967238064398952	0.00748925046719915	227	0	0	1.03538081759586	6.02344759296103	6.60394382460047	5.42934562895444	1.02519791187315
BA_only	hippocampus	AA	psi	chr16_992173_992255	chr16	992173	992255	109	109	0	0	0.00949626551831295	0.939841915020693	2.17863777109188	2.17863777109188	82	721	Promoter	1	Heritable	0.152103158870804	0.960288390725814	0.00559753768038433	307	0	0	1.52103158870804	4.40671924726425	6.58202513889283	5.73009978297357	0.778699810428939
BA_only	hippocampus	AA	psi	chr17_10036526_10037055	chr17	10036526	10037055	17	17	0	0	0.0513382091419706	0.984153364580922	3.41147308443997	3.41147308443997	529	693	Promoter	0	Heritable	0.103050289726821	0.96918710746199	0.00808901210969139	0	0	0	1.03050289726821	6.2709884318583	6.54247196050681	0	1.22714419051792
BA_only	hippocampus	AA	psi	chr17_10115746_10116048	chr17	10115746	10116048	16	16	0	0	0.0716017937917439	0.985907779499035	3.89873863148188	3.89873863148188	302	655	Genic/other	0	Non-heritable	0.0859040225475012	0.968029636632664	0.00741497410072074	0	0	0	0.859040225475012	5.71042701737487	6.48616078894409	0	1.36065307556131
BA_only	hippocampus	AA	psi	chr17_10123801_10124194	chr17	10123801	10124194	16	16	0	0	0.0343245767413686	0.979936488363342	6.17069329076997	6.17069329076997	393	672	Genic/other	0	Heritable	0.159482965231997	0.965646450263875	0.00767362372460806	0	0	0	1.59482965231997	5.97380961186926	6.51174532964473	0	1.81981119801795
BA_only	hippocampus	AA	psi	chr17_1061793_1062169	chr17	1061793	1062169	24	24	0	0	0.0743119343492256	0.986186896048602	1.26993305042914	-1.26993305042914	376	808	Genic/other	0	Non-heritable	0.0845767009723044	0.979584742542497	0.00826239782362128	3822	0	0	0.845767009723044	5.9295891433899	6.69579891705849	8.24879073369641	0.238964190757856
BA_only	hippocampus	AA	psi	chr17_10730543_10730838	chr17	10730543	10730838	99	99	0	0	0.00402723879947629	0.877181378423641	4.94183290701582	-4.94183290701582	295	512	Promoter	1	Heritable	0.116765714967057	0.935375085621093	0.00623793285049568	0	0	0	1.16765714967057	5.68697535633982	6.24027584517077	0	1.59773629821622
BA_only	hippocampus	AA	psi	chr17_10837380_10837900	chr17	10837380	10837900	93	93	0	0	0.00169929982748896	0.787408492976702	7.97685755519283	7.97685755519283	520	522	Genic/other	0	Non-heritable	0.079516603283195	0.942382190160684	0.0084993527287317	0	0	0	0.79516603283195	6.25382881157547	6.25958146406492	0	2.07654454508358
BA_only	hippocampus	AA	psi	chr17_11247008_11247412	chr17	11247008	11247412	2	2	0	0	0.792535141768907	0.997863618836419	0.0662591484717236	-0.0662591484717236	404	619	Genic/other	0	Heritable	0.156936438487664	0.971402239837843	0.00803648064672026	16113	0	0	1.56936438487664	6.00141487796115	6.42971947803914	9.68744373833714	-2.7141815825876
BA_only	hippocampus	AA	psi	chr17_11332182_11332731	chr17	11332182	11332731	2	2	0	0	0.655037884018586	0.99725367388771	0.0989038164071917	0.0989038164071917	549	622	Genic/other	0	Heritable	0.10494499651724	0.96934971669469	0.00859848386320574	0	0	0	1.0494499651724	6.30809844150953	6.43454651878745	0	-2.31360735144374
BA_only	hippocampus	AA	psi	chr17_11644624_11645246	chr17	11644624	11645246	4	4	0	0	0.258193962420725	0.992837608310815	0.289653728138859	-0.289653728138859	622	493	Genic/other	0	Heritable	0.108424644162131	0.951550352258729	0.00736243574508343	32048	0	0	1.08424644162131	6.43294009273918	6.20253551718792	10.375021260614	-1.23906907581293
BA_only	hippocampus	AA	psi	chr17_11853259_11853759	chr17	11853259	11853759	7	7	0	0	0.108698003568572	0.990898390030923	0.734766120706767	0.734766120706767	500	465	Promoter	0	Heritable	0.103215910966913	0.950035369343341	0.0080134174057549	15493	0	0	1.03215910966913	6.21460809842219	6.14418563412565	9.64820813119185	-0.308203019916928
BA_only	hippocampus	AA	psi	chr17_1216675_1217258	chr17	1216675	1217258	31	31	0	0	0.0384006994207994	0.980549382116533	1.4107125782386	1.4107125782386	583	915	Genic/other	0	Non-heritable	0.0784556455689849	0.980753223028362	0.00695627797762723	0	0	0	0.784556455689849	6.36818718635049	6.82001636467413	0	0.344094958457245
BA_only	hippocampus	AA	psi	chr17_1220621_1221137	chr17	1220621	1221137	32	32	0	0	0.0137391804241629	0.964441318501853	1.31479300199232	1.31479300199232	516	905	Genic/other	0	Non-heritable	0.0854177064980382	0.976123247967411	0.0105318834007299	0	0	0	0.854177064980382	6.24610676548156	6.80903930604298	0	0.273679247911175
BA_only	hippocampus	AA	psi	chr17_1242787_1243822	chr17	1242787	1243822	31	31	0	0	0.0045838497531997	0.897520405788695	1.68022845020611	-1.68022845020611	1035	930	Genic/other	0	Heritable	0.150865261842826	0.966125043446474	0.0155155655835946	0	0	0	1.50865261842826	6.94215670569947	6.83625927727707	0	0.518929772387531
BA_only	hippocampus	AA	psi	chr17_1284306_1284503	chr17	1284306	1284503	41	41	0	0	0.0244828602003371	0.975932065139872	1.24306993993609	-1.24306993993609	197	935	Genic/other	0	Heritable	0.101297089434224	0.979391313890879	0.0096495123128795	13958	0	0	1.01297089434224	5.28320372873799	6.84161547647759	9.54387974051276	0.217584086034563
BA_only	hippocampus	AA	psi	chr17_13974049_13974475	chr17	13974049	13974475	90	90	0	0	0.00864153442041467	0.933559278800072	1.83357579256068	1.83357579256068	426	703	Genic/other	0	Non-heritable	0.0802995165209724	0.965993197165176	0.00806958661145118	0	0	0	0.802995165209724	6.05443934626937	6.55677835615804	0	0.606268050767459
BA_only	hippocampus	AA	psi	chr17_1404975_1405433	chr17	1404975	1405433	51	51	0	0	0.0162515166642691	0.969104619306886	2.78044751782151	-2.78044751782151	458	879	Intergenic	0	Heritable	0.154147943651518	0.975985148679249	0.00910368326897039	4927	0	0	1.54147943651518	6.12686918411419	6.77992190747225	8.50268850521336	1.02261189597722
BA_only	hippocampus	AA	psi	chr17_1456912_1456971	chr17	1456912	1456971	51	51	0	0	0.0174961652514669	0.970581273335112	9.30206703173555	9.30206703173555	59	812	Promoter	1	Non-heritable	0.0988222653674717	0.972367124945266	0.00678114006397464	13717	0	0	0.988222653674717	4.07753744390572	6.70073110954781	9.52646411805927	2.23023663801476
BA_only	hippocampus	AA	psi	chr17_1469352_1469481	chr17	1469352	1469481	208	208	0	0	0.00315879847596137	0.853185837570312	5.62788827018468	-5.62788827018468	129	802	Promoter	1	Heritable	0.211149939548894	0.963742971951373	0.00805141541790072	1207	0	0	2.11149939548894	4.85981240436167	6.68835471394676	7.09672137849476	1.72773428834166
BA_only	hippocampus	AA	psi	chr17_15171619_15172052	chr17	15171619	15172052	38	38	0	0	0.00290126755250086	0.846222391562562	2.02707356169281	-2.02707356169281	433	632	Intergenic	0	Heritable	0.137376937128172	0.947051737187576	0.00740621676568766	59027	0	0	1.37376937128172	6.07073772800249	6.45047042214418	10.9857671865833	0.706593162663582
BA_only	hippocampus	AA	psi	chr17_15232086_15232776	chr17	15232086	15232776	35	35	0	0	0.084961957564666	0.988137148207548	2.19427792984088	2.19427792984088	690	586	Promoter	0	Non-heritable	0.0885670242233328	0.950248131315362	0.00835944063494971	0	0	0	0.885670242233328	6.53669159759131	6.3750248198281	0	0.785853035616671
BA_only	hippocampus	AA	psi	chr17_15256501_15256733	chr17	15256501	15256733	36	36	0	0	0.0435771286440928	0.980789550235948	1.24975006170343	-1.24975006170343	232	576	Genic/other	1	Heritable	0.107293748187693	0.955076367296668	0.00856993873718956	0	0	0	1.07293748187693	5.44673737166631	6.3578422665081	0	0.22294358868576
BA_only	hippocampus	AA	psi	chr17_15346391_15346583	chr17	15346391	15346583	45	45	0	0	0.00680069305467161	0.927297122675783	2.57167318482436	2.57167318482436	192	537	Genic/other	0	Heritable	0.267634097045518	0.917515014821532	0.00648738166135663	14813	0	0	2.67634097045518	5.25749537202778	6.28785856016178	9.60332795857324	0.944556735636739
BA_only	hippocampus	AA	psi	chr17_15384381_15384795	chr17	15384381	15384795	46	46	0	0	0.00488810196824157	0.903845859635741	2.26757393504575	2.26757393504575	414	531	Genic/other	0	Non-heritable	0.0836973911595092	0.946838267231542	0.00879454060492909	0	0	0	0.836973911595092	6.02586597382531	6.27664348934165	0	0.818710513300461
BA_only	hippocampus	AA	psi	chr17_15398587_15399254	chr17	15398587	15399254	46	46	0	0	0.00253244424513538	0.830598713704804	2.69685484020408	-2.69685484020408	667	537	Genic/other	0	Non-heritable	0.0886895873043602	0.92825866446637	0.00948966022927995	0	0	0	0.886895873043602	6.50279004591562	6.28785856016178	0	0.992086223726756
BA_only	hippocampus	AA	psi	chr17_15490750_15491593	chr17	15490750	15491593	82	82	0	0	0.00949991208834476	0.939841915020693	3.69310346741859	3.69310346741859	843	505	Enhancer	0	Non-heritable	0.0974787725386481	0.935316929593605	0.00962439496520599	0	0	0	0.974787725386481	6.73696695800186	6.22653666928747	0	1.30646715535835
BA_only	hippocampus	AA	psi	chr17_15512335_15513101	chr17	15512335	15513101	102	102	0	0	0.00049095859112142	0.608583868123677	4.41255181962637	4.41255181962637	766	490	Genic/other	0	Non-heritable	0.0804541057256623	0.935917175191587	0.0071007377425037	0	0	0	0.804541057256623	6.64118216974059	6.19644412779452	0	1.48445316828139
BA_only	hippocampus	AA	psi	chr17_15540494_15541459	chr17	15540494	15541459	86	86	0	0	0.000520037086838753	0.624491809779656	2.68063915702803	2.68063915702803	965	472	Promoter	0	Non-heritable	0.0901484262842686	0.915656999730508	0.010717380155812	0	0	0	0.901484262842686	6.87212810133899	6.15909538849193	0	0.986055261247028
BA_only	hippocampus	AA	psi	chr17_15564184_15564411	chr17	15564184	15564411	85	85	0	0	0.00118848603049802	0.737106190880273	1.74976981526289	-1.74976981526289	227	436	Promoter	1	Non-heritable	0.0726526082686436	0.867543140233673	0.0129477560982046	746	0	0	0.726526082686436	5.4249500174814	6.07993319509559	6.61606518513282	0.559484250863596
BA_only	hippocampus	AA	psi	chr17_15619111_15620196	chr17	15619111	15620196	90	90	0	0	0.0503740574978306	0.984077279506327	3.69169603312688	-3.69169603312688	1085	410	Promoter	0	Heritable	0.142583739796616	0.923687280388123	0.00811293133986976	5277	0	0	1.42583739796616	6.98933526597456	6.01859321449623	8.57130251706327	1.30608598473758
BA_only	hippocampus	AA	psi	chr17_15642382_15643959	chr17	15642382	15643959	90	90	0	0	0.0162540835038475	0.969104619306886	3.7658373533408	-3.7658373533408	1577	395	Promoter	0	Heritable	0.140246364434314	0.912323025977005	0.0128064531157872	0	0	0	1.40246364434314	7.36327958696304	5.98141421125448	0	1.32597024378486
BA_only	hippocampus	AA	psi	chr17_15749451_15750383	chr17	15749451	15750383	107	107	0	0	0.0130412006794809	0.964283399649536	3.47162946665614	3.47162946665614	932	347	Promoter	2	Heritable	0.198378965497454	0.87494189348664	0.0149147197695598	0	0	0	1.98378965497454	6.83733281468559	5.85220247977447	0	1.24462407355043
BA_only	hippocampus	AA	psi	chr17_15769392_15769639	chr17	15769392	15769639	107	107	0	0	0.00427240903705552	0.888539612676336	2.63928538167684	-2.63928538167684	247	340	Genic/other	0	Non-heritable	0.0766346704896858	0.824772512239948	0.0107008036879475	4283	0	0	0.766346704896858	5.50938833662798	5.83188247728352	8.36264243156764	0.970508195545542
BA_only	hippocampus	AA	psi	chr17_1640590_1641087	chr17	1640590	1641087	223	223	0	0	0.0109826187103093	0.946775224156087	5.99469453102376	-5.99469453102376	497	677	Promoter	2	Non-heritable	0.0902973828566871	0.963186503934189	0.00656161880838823	141	0	0	0.902973828566871	6.20859002609663	6.5191472879404	4.95582705760126	1.79087483489175
BA_only	hippocampus	AA	psi	chr17_16485247_16485711	chr17	16485247	16485711	211	211	0	0	0.00378241938004877	0.871232310780983	3.4979753850176	-3.4979753850176	464	314	Enhancer	0	Non-heritable	0.080291421342623	0.810376238942628	0.008422653124654	5124	0	0	0.80291421342623	6.13988455222626	5.75257263882563	8.54188580400661	1.25218434255726
BA_only	hippocampus	AA	psi	chr17_16666666_16666752	chr17	16666666	16666752	262	262	0	0	0.00525097508642311	0.910521893616427	2.45155927121022	-2.45155927121022	86	338	Genic/other	1	Heritable	0.125788020988619	0.839843180427272	0.00953905801560755	1031	0	0	1.25788020988619	4.45434729625351	5.82600010738045	6.93925394604151	0.89672426342405
BA_only	hippocampus	AA	psi	chr17_16682786_16683850	chr17	16682786	16683850	265	265	0	0	0.00482962193317042	0.903845859635741	2.03874280747011	2.03874280747011	1064	347	Promoter	0	Heritable	0.176555650729134	0.855330411343832	0.00974341070191693	6342	0	0	1.76555650729134	6.96979066990159	5.85220247977447	8.7551071216339	0.71233335194019
BA_only	hippocampus	AA	psi	chr17_16690181_16690468	chr17	16690181	16690468	236	236	0	0	0.000216835966862115	0.495202076754403	3.93830274883679	-3.93830274883679	287	338	Promoter	2	Heritable	0.139475361970392	0.875927131613962	0.00900498928570048	0	0	0	1.39475361970392	5.65948221575962	5.82600010738045	0	1.37074985863215
BA_only	hippocampus	AA	psi	chr17_16745932_16746579	chr17	16745932	16746579	90	90	0	0	0.00599242914200625	0.918975427356839	4.15900513238735	4.15900513238735	647	349	Genic/other	0	Heritable	0.141265783025426	0.860954965196019	0.00768630708740086	18404	0	0	1.41265783025426	6.4723462945009	5.85793315448346	9.82037764581312	1.42527589720804
BA_only	hippocampus	AA	psi	chr17_16997705_16998019	chr17	16997705	16998019	101	101	0	0	5.07017045070469e-05	0.27028390983384	3.85899786126624	-3.85899786126624	314	404	Intergenic	0	Heritable	0.413676686154749	0.897403629128237	0.00978013670831858	3423	0	0	4.13676686154749	5.74939298590825	6.00388706710654	8.13856473726163	1.35040753092699
BA_only	hippocampus	AA	psi	chr17_17205417_17205851	chr17	17205417	17205851	36	36	0	0	0.00882165152129858	0.934101276321172	1.63707184736395	-1.63707184736395	434	435	Genic/other	2	Non-heritable	0.0998877724707439	0.861147846307721	0.00832880276815776	20554	0	0	0.998877724707439	6.07304453410041	6.07764224334903	9.93085949933198	0.492909193188558
BA_only	hippocampus	AA	psi	chr17_17206446_17206713	chr17	17206446	17206713	36	36	0	0	0.0300544231765267	0.976893291659941	1.97249584515764	-1.97249584515764	267	411	Promoter	1	Non-heritable	0.0788214407029279	0.796606182093086	0.00754067856188574	21583	0	0	0.788214407029279	5.58724865840025	6.02102334934953	9.97970757844754	0.679299672421434
BA_only	hippocampus	AA	psi	chr17_17379699_17380041	chr17	17379699	17380041	24	24	0	0	0.0521343789202402	0.984308387733243	4.71631952210542	-4.71631952210542	342	385	Intergenic	1	Heritable	0.114279147527831	0.89379609821856	0.00534504149186249	32893	0	0	1.14279147527831	5.83481073706261	5.95583736946483	10.4010455493012	1.55102873527923
BA_only	hippocampus	AA	psi	chr17_17385598_17385929	chr17	17385598	17385929	24	24	0	0	0.0678288517581954	0.985907779499035	2.54732325653597	2.54732325653597	331	416	Genic/other	1	Non-heritable	0.0728585791857766	0.843632226239353	0.00851489787440081	38792	0	0	0.728585791857766	5.80211837537706	6.0330862217988	10.565995096964	0.935043108452416
BA_only	hippocampus	AA	psi	chr17_17501184_17501281	chr17	17501184	17501281	18	18	0	0	0.134170715333704	0.991064867102684	1.67953140671731	-1.67953140671731	97	323	Genic/other	0	Heritable	0.447657948054792	0.870249501209031	0.00766190100499499	5019	0	0	4.47657948054792	4.57471097850338	5.78074351579233	8.52118521268578	0.518514835889486
BA_only	hippocampus	AA	psi	chr17_17722258_17722613	chr17	17722258	17722613	22	22	0	0	0.099177857825767	0.990400450319684	6.52221827199757	-6.52221827199757	355	323	Genic/other	2	Non-heritable	0.052579834937035	0.840149379300314	0.00929476708054062	89442	0	0	0.52579834937035	5.87211778947542	5.78074351579233	11.4013568298658	1.87521454537462
BA_only	hippocampus	AA	psi	chr17_17740606_17741049	chr17	17740606	17741049	33	33	0	0	0.0150383878077882	0.966167725188189	3.3641204892659	-3.3641204892659	443	323	Genic/other	0	Heritable	0.111567490185283	0.863575372777357	0.00682725120702943	71006	0	0	1.11567490185283	6.09356977004514	5.78074351579233	11.1705337427129	1.21316656170279
BA_only	hippocampus	AA	psi	chr17_17831408_17831712	chr17	17831408	17831712	44	44	0	0	0.0168129749363362	0.970581273335112	8.03661954246321	-8.03661954246321	304	305	Genic/other	0	Non-heritable	0.0519890612913336	0.861102077150137	0.00775610062552747	0	0	0	0.519890612913336	5.71702770140622	5.72358510195238	0	2.08400854110172
BA_only	hippocampus	AA	psi	chr17_17900737_17901182	chr17	17900737	17901182	48	48	0	0	0.00253997422513161	0.830971100751158	5.87527191318362	5.87527191318362	445	259	Genic/other	0	Non-heritable	0.0810530819828014	0.804874713432833	0.0143815018129544	2140	0	0	0.810530819828014	6.09807428216624	5.56068163101553	7.66902828858968	1.77075234375633
BA_only	hippocampus	AA	psi	chr17_17981444_17981681	chr17	17981444	17981681	62	62	0	0	0.00916745343345515	0.939077729475158	6.26177660961205	-6.26177660961205	237	214	Promoter	0	Non-heritable	0.0872573381227128	0.772341295852978	0.00677923058380418	0	0	0	0.872573381227128	5.46806014113513	5.37063802812766	0	1.83446394989682
BA_only	hippocampus	AA	psi	chr17_18120800_18120902	chr17	18120800	18120902	107	107	0	0	0.0127516063387382	0.961717006536833	3.90666875562585	-3.90666875562585	102	170	Genic/other	1	Heritable	0.468258509937202	0.824428967087744	0.00793721147241758	13645	0	0	4.68258509937202	4.62497281328427	5.14166355650266	9.52120171737537	1.36268503275685
BA_only	hippocampus	AA	psi	chr17_18247457_18248127	chr17	18247457	18248127	143	143	0	0	0.0116297399676478	0.953167854320058	4.79804880692013	-4.79804880692013	670	181	Promoter	2	Non-heritable	0.0981444090594425	0.706146062870705	0.0104767136052623	1522	0	0	0.981444090594425	6.50727771238501	5.2040066870768	7.32843735289516	1.56820933879678
BA_only	hippocampus	AA	psi	chr17_18362259_18362423	chr17	18362259	18362423	206	206	0	0	0.0102772113055853	0.944902218841749	2.64825366080538	-2.64825366080538	164	194	Genic/other	1	Heritable	0.119164072805635	0.696864107725637	0.00745131131475457	0	0	0	1.19164072805635	5.0998664278242	5.27299955856375	0	0.973900430618451
BA_only	hippocampus	AA	psi	chr17_18383029_18383382	chr17	18383029	18383382	249	249	0	0	0.000458559031464105	0.604162640906295	3.48938745679138	3.48938745679138	353	189	Genic/other	1	Non-heritable	0.0865801951629474	0.743569603447442	0.00901236506169567	19656	0	0	0.865801951629474	5.8664680569333	5.24702407216049	9.8861887879578	1.24972620986246
BA_only	hippocampus	AA	psi	chr17_18459232_18459387	chr17	18459232	18459387	244	244	0	1	4.8165411319059e-06	0.062317525742981	2.90324450122234	-2.90324450122234	155	221	Genic/other	0	Heritable	0.137101533859568	0.807517329970584	0.00695770537759773	16586	0	1	1.37101533859568	5.04342511691925	5.40267738187228	9.71637453500604	1.06582890857873
BA_only	hippocampus	AA	psi	chr17_18490041_18490429	chr17	18490041	18490429	244	244	0	0	0.0105151166141315	0.944902218841749	3.50267421978186	-3.50267421978186	388	243	Genic/other	0	Heritable	0.101076439440366	0.749131277036105	0.00648994536518407	0	0	0	1.01076439440366	5.96100533962327	5.4971682252932	0	1.25352674239777
BA_only	hippocampus	AA	psi	chr17_18625363_18625667	chr17	18625363	18625667	203	203	0	0	0.00980839413815239	0.940589612897653	3.01715025794808	3.01715025794808	304	237	Promoter	1	Heritable	0.172612775242966	0.852353489226691	0.0144886688743559	107	0	0	1.72612775242966	5.71702770140622	5.47227067367148	4.68213122712422	1.10431276601252
BA_only	hippocampus	AA	psi	chr17_18670119_18670238	chr17	18670119	18670238	198	198	0	0	0.000836191698919716	0.687343646074426	2.30136012592215	-2.30136012592215	119	211	Genic/other	1	Heritable	0.111456900072445	0.735176576795927	0.0146438405647167	10590	0	0	1.11456900072445	4.77912349311153	5.35658627467201	9.26775986284367	0.83350031159306
BA_only	hippocampus	AA	psi	chr17_1880594_1881556	chr17	1880594	1881556	211	211	0	0	0.00105910259344054	0.721965237965727	4.76157218664622	4.76157218664622	962	512	Genic/other	0	Non-heritable	0.0858360695442496	0.940478213408171	0.00884282300235135	8159	0	0	0.858360695442496	6.86901445066571	6.24027584517077	9.00699944795815	1.56057790712154
BA_only	hippocampus	AA	psi	chr17_18817940_18818031	chr17	18817940	18818031	124	124	0	0	0.00205926603087219	0.811090501848299	4.19909541898354	4.19909541898354	91	219	Intergenic	0	Heritable	0.323857558717416	0.823638286168999	0.0090045078065159	16328	0	0	3.23857558717416	4.51085950651685	5.39362754635236	9.70069794710231	1.43486912804146
BA_only	hippocampus	AA	psi	chr17_19209855_19209952	chr17	19209855	19209952	134	134	0	0	0.0191712003741014	0.973092377667411	7.19543199551697	-7.19543199551697	97	246	Genic/other	0	Heritable	0.100575867561411	0.757563590234059	0.00533672559659951	0	0	0	1.00575867561411	4.57471097850338	5.50938833662798	0	1.97344638099926
BA_only	hippocampus	AA	psi	chr17_1941751_1941947	chr17	1941751	1941947	204	204	0	0	0.00238188973316173	0.824377460136404	5.63482699300433	-5.63482699300433	196	505	Genic/other	1	Heritable	0.118447806561114	0.938508424991807	0.00722198652824867	2316	0	0	1.18447806561114	5.27811465923052	6.22653666928747	7.74802852443238	1.72896644657758
BA_only	hippocampus	AA	psi	chr17_19506403_19506989	chr17	19506403	19506989	165	165	0	0	0.00153521748450217	0.776156527719819	3.66211750966043	3.66211750966043	586	195	Genic/other	1	Heritable	0.517671808174925	0.819961203743651	0.0183085299614733	11528	0	0	5.17671808174925	6.37331978957701	5.27811465923052	9.35262087923295	1.29804153739781
BA_only	hippocampus	AA	psi	chr17_19526003_19526961	chr17	19526003	19526961	165	165	0	0	0.00242740627447434	0.824728302674626	6.93739314646693	-6.93739314646693	958	183	Genic/other	0	Heritable	0.104186562800724	0.715149189569853	0.009524725912791	6609	0	0	1.04186562800724	6.86484777797086	5.21493575760899	8.79633893284573	1.93692607808433
BA_only	hippocampus	AA	psi	chr17_19724451_19724984	chr17	19724451	19724984	86	86	0	0	0.0311895264657567	0.976912992117679	2.26616496668053	-2.26616496668053	533	197	Enhancer	2	Non-heritable	0.0968454562307684	0.733034069177829	0.0108194589276943	6339	0	0	0.968454562307684	6.27852142416584	5.28826703069454	8.75463404743127	0.818088965198594
BA_only	hippocampus	AA	psi	chr17_19762517_19762741	chr17	19762517	19762741	67	67	0	0	0.0101709551702157	0.944902218841749	3.19809299600378	-3.19809299600378	224	197	Intergenic	0	Heritable	0.159570709989224	0.732240780546559	0.0088754067247646	14257	0	0	1.59570709989224	5.41164605185504	5.28826703069454	9.56507343167757	1.16255469654165
BA_only	hippocampus	AA	psi	chr17_20116163_20117875	chr17	20116163	20117875	20	20	0	0	0.122445814405549	0.991064867102684	0.770606487550332	-0.770606487550332	1712	177	Genic/other	0	Non-heritable	0.0953750922563665	0.683433670401064	0.00980895788080389	0	0	0	0.953750922563665	7.44541755670169	5.18178355029209	0	-0.260577415018812
BA_only	hippocampus	AA	psi	chr17_20155342_20155506	chr17	20155342	20155506	20	20	0	0	0.00213307821814999	0.815187053503819	2.17252659542857	-2.17252659542857	164	177	Promoter	1	Non-heritable	0.091181476701515	0.776535769952955	0.00660543372757974	0	0	0	0.91181476701515	5.0998664278242	5.18178355029209	0	0.775890824539762
BA_only	hippocampus	AA	psi	chr17_20157178_20158198	chr17	20157178	20158198	20	20	0	0	0.000409038869539876	0.591675681978673	1.24386309022264	1.24386309022264	1020	173	Genic/other	1	Non-heritable	0.0699758059453856	0.716491703167099	0.00616567675908394	0	0	0	0.699758059453856	6.92755790627832	5.15905529921453	0	0.218221940208716
BA_only	hippocampus	AA	psi	chr17_20320437_20321101	chr17	20320437	20321101	61	61	0	0	0.0273355052577826	0.975932065139872	3.61960983002347	3.61960983002347	664	219	Promoter	1	Heritable	0.340314915564963	0.799558634720556	0.00990891544845984	6	0	0	3.40314915564963	6.49828214947643	5.39362754635236	1.94591014905531	1.28636624103006
BA_only	hippocampus	AA	psi	chr17_20530940_20531357	chr17	20530940	20531357	59	59	0	0	0.026432594395258	0.975932065139872	2.7720401197904	2.7720401197904	417	233	Promoter	1	Heritable	0.255192134780433	0.795170720447396	0.0137902304736617	0	0	0	2.55192134780433	6.0330862217988	5.4553211153577	0	1.01958355805923
BA_only	hippocampus	AA	psi	chr17_20707716_20708483	chr17	20707716	20708483	192	192	0	0	0.00266481936472985	0.835655744705892	2.70777497582901	2.70777497582901	767	260	Intergenic	0	Heritable	0.249805525705407	0.822603567904595	0.00905903904443039	8883	0	0	2.49805525705407	6.64248680136726	5.56452040732269	9.09200718501432	0.996127259215468
BA_only	hippocampus	AA	psi	chr17_20896067_20896516	chr17	20896067	20896516	162	162	0	0	0.00241405516710704	0.824728302674626	2.08400096432981	-2.08400096432981	449	318	Promoter	1	Non-heritable	0.0766051626782226	0.837255566674693	0.00728038961048615	0	0	0	0.766051626782226	6.10702288774226	5.76519110278484	0	0.734289591419711
BA_only	hippocampus	AA	psi	chr17_20992666_20993371	chr17	20992666	20993371	174	174	0	0	0.00173943944041635	0.792373102657891	4.01829765003499	4.01829765003499	705	326	Genic/other	0	Heritable	0.104288222572884	0.876206527722607	0.00998990443714525	0	0	0	1.04288222572884	6.55819780281227	5.78996017089725	0	1.39085834529019
BA_only	hippocampus	AA	psi	chr17_21001710_21002004	chr17	21001710	21002004	174	174	0	0	0.0135880871208408	0.964283399649536	8.38208694515044	8.38208694515044	294	328	Genic/other	0	Non-heritable	0.0881660749525834	0.795191973670215	0.006390312976738	0	0	0	0.881660749525834	5.68357976733868	5.79605775076537	0	2.12609692348277
BA_only	hippocampus	AA	psi	chr17_21007683_21008023	chr17	21007683	21008023	173	173	0	0	0.00215555431447094	0.815187053503819	5.30021213909381	5.30021213909381	340	331	Genic/other	0	Non-heritable	0.0880481735155197	0.863829526992029	0.00822629148993497	3285	0	0	0.880481735155197	5.82894561761021	5.80513496891649	8.09742629859721	1.66774684788788
BA_only	hippocampus	AA	psi	chr17_21285882_21286231	chr17	21285882	21286231	72	72	0	0	0.0430344387570864	0.980549382116533	2.67255912201406	-2.67255912201406	349	287	Enhancer	1	Heritable	0.232624034840195	0.871701240675761	0.00748460360199395	0	0	0	2.32624034840195	5.85507192220243	5.66296048013595	0	0.983036489776704
BA_only	hippocampus	AA	psi	chr17_21288578_21289197	chr17	21288578	21289197	72	72	0	0	0.0103464150275341	0.944902218841749	3.87915657595185	3.87915657595185	619	292	Genic/other	1	Heritable	0.14708477061585	0.842868871651097	0.00824938508067854	0	0	0	1.4708477061585	6.4281052726846	5.68017260901707	0	1.35561775525119
BA_only	hippocampus	AA	psi	chr17_21317167_21317336	chr17	21317167	21317336	72	72	0	0	0.039298322978391	0.980549382116533	2.74646441488771	2.74646441488771	169	281	Intergenic	1	Non-heritable	0.0755635284684911	0.769539872182551	0.0078579074793318	16621	0	0	0.755635284684911	5.12989871492307	5.64190707093811	9.71848239811297	1.01031442082668
BA_only	hippocampus	AA	psi	chr17_21573694_21574824	chr17	21573694	21574824	71	71	0	0	0.00949997556185952	0.939841915020693	3.46700349151409	-3.46700349151409	1130	221	Promoter	0	Non-heritable	0.0681034530589916	0.707167529015765	0.00997355142965077	0	0	0	0.681034530589916	7.02997291170639	5.40267738187228	0	1.24329067665741
BA_only	hippocampus	AA	psi	chr17_21678690_21678941	chr17	21678690	21678941	70	70	0	0	0.0160945391926259	0.968106276565941	3.07931309281298	-3.07931309281298	251	217	Intergenic	0	Non-heritable	0.0796694899335643	0.732206711169987	0.00801756269888937	37515	0	0	0.796694899335643	5.52545293913178	5.38449506278909	10.5325227876288	1.12470655354593
BA_only	hippocampus	AA	psi	chr17_21760742_21761657	chr17	21760742	21761657	67	67	0	0	0.0251156929481233	0.975932065139872	8.09917329562875	8.09917329562875	915	201	Intergenic	0	Heritable	0.249410947603944	0.793391735982128	0.0071007790796803	119567	0	0	2.49410947603944	6.81892406527552	5.30826769740121	11.6916405261701	2.09176199543632
BA_only	hippocampus	AA	psi	chr17_21770623_21771594	chr17	21770623	21771594	67	67	0	0	0.0129261613307881	0.964283399649536	2.90739778435407	2.90739778435407	971	205	Intergenic	2	Non-heritable	0.0772413190192834	0.775679439065007	0.0102421052971186	129448	0	0	0.772413190192834	6.87832646829133	5.32787616878958	11.7710422601595	1.06725845237806
BA_only	hippocampus	AA	psi	chr17_21795569_21795747	chr17	21795569	21795747	44	44	0	0	0.0139670275144088	0.964529504141215	9.67088107374863	-9.67088107374863	178	188	Intergenic	0	Non-heritable	0.0724742659857105	0.689041572455656	0.00776999719992775	154394	0	0	0.724742659857105	5.18178355029209	5.24174701505964	11.9472695326288	2.26911942049013
BA_only	hippocampus	AA	psi	chr17_22118694_22119985	chr17	22118694	22119985	43	43	0	0	0.0317536148049655	0.977060807838727	2.51790213892307	2.51790213892307	1291	118	Genic/other	0	Non-heritable	0.0609480688433278	0.555781397617867	0.00900847974792482	0	0	0	0.609480688433278	7.16317239084664	4.77912349311153	0	0.923426074232856
BA_only	hippocampus	AA	psi	chr17_2382705_2383125	chr17	2382705	2383125	59	59	0	0	0.0274126041220399	0.975932065139872	3.15001555735047	3.15001555735047	420	544	Genic/other	0	Non-heritable	0.0988702435682461	0.946687181022022	0.00971486043953129	2439	0	0	0.988702435682461	6.04025471127741	6.30078579466324	7.79975331828725	1.14740739484135
BA_only	hippocampus	AA	psi	chr17_2580272_2580967	chr17	2580272	2580967	81	81	0	0	0.000483837161572519	0.604726246238535	6.22657232089538	6.22657232089538	695	575	Intergenic	0	Non-heritable	0.0644011069902507	0.933944628002399	0.00976702037226975	11356	0	0	0.644011069902507	6.54391184556479	6.35610766069589	9.33758957289165	1.82882599373335
BA_only	hippocampus	AA	psi	chr17_26783354_26783984	chr17	26783354	26783984	0	0	0	0					630	65	Intergenic	0	Heritable	0.101295987796351	0.448689950521737	0.00908450278216406	235622	0	0	1.01295987796351	6.44571981938558	4.18965474202643	12.3699883490847	
BA_only	hippocampus	AA	psi	chr17_26813101_26813921	chr17	26813101	26813921	0	0	0	0					820	66	Intergenic	0	Non-heritable	0.0861260796762024	0.421714672076646	0.00825915530970187	205685	0	0	0.861260796762024	6.7093043402583	4.20469261939097	12.2341060130429	
BA_only	hippocampus	AA	psi	chr17_26841905_26843984	chr17	26841905	26843984	1	1	0	0	0.98689655018188	0.999716813715913	0.0133572185972109	-0.0133572185972109	2079	72	Intergenic	0	Heritable	0.121768022327146	0.477575483659586	0.0156664793707764	175622	0	0	1.21768022327146	7.63964228785801	4.29045944114839	12.0760949311049	-4.31569757272088
BA_only	hippocampus	AA	psi	chr17_26866705_26867485	chr17	26866705	26867485	1	1	0	0	0.851478877354596	0.99871398729937	0.148893097596179	-0.148893097596179	780	77	Intergenic	0	Non-heritable	0.0403139087174072	0.348073792789813	0.0123592156226304	152121	0	0	0.403139087174072	6.65929391968364	4.35670882668959	11.9324381094709	-1.90452662917361
BA_only	hippocampus	AA	psi	chr17_2689544_2690191	chr17	2689544	2690191	75	75	0	0	0.0263197846003157	0.975932065139872	2.43355856377288	-2.43355856377288	647	613	Genic/other	2	Heritable	0.147806742563854	0.924815015610163	0.0117745222491307	3847	0	0	1.47806742563854	6.4723462945009	6.41999492814714	8.2553088117856	0.889354619766598
BA_only	hippocampus	AA	psi	chr17_26937569_26938988	chr17	26937569	26938988	1	1	0	0	0.758064344118264	0.997543272146997	0.286164814162655	0.286164814162655	1419	91	Intergenic	0	Non-heritable	0.0907473460838526	0.594913589014063	0.00976558919082686	80618	0	0	0.907473460838526	7.25770767716004	4.52178857704904	11.2974896327242	-1.25118732590308
BA_only	hippocampus	AA	psi	chr17_27295930_27296136	chr17	27295930	27296136	58	58	0	0	0.00862171980056348	0.933559278800072	3.58269090379905	-3.58269090379905	206	181	Genic/other	1	Non-heritable	0.0313221628414398	0.581539704084185	0.0111473505175965	0	0	0	0.313221628414398	5.32787616878958	5.2040066870768	0	1.27611416996297
BA_only	hippocampus	AA	psi	chr17_27502551_27502728	chr17	27502551	27502728	69	69	0	0	0.0255468188753779	0.975932065139872	2.59558768556592	-2.59558768556592	177	251	Genic/other	0	Non-heritable	0.0394327654717894	0.711402299502677	0.00553224453074509	0	0	0	0.394327654717894	5.17614973257383	5.52942908751142	0	0.953812963256614
BA_only	hippocampus	AA	psi	chr17_28575521_28576467	chr17	28575521	28576467	167	167	0	0	0.00207114259831427	0.811090501848299	1.63705309806444	-1.63705309806444	946	212	Promoter	1	Non-heritable	0.0695621545828537	0.652693921589732	0.0102353486617209	0	0	0	0.695621545828537	6.85224256905188	5.36129216570943	0	0.492897740174572
BA_only	hippocampus	AA	psi	chr17_29082933_29083589	chr17	29082933	29083589	67	67	0	0	0.00934760763421853	0.939841915020693	3.60475301672549	-3.60475301672549	656	173	Promoter	2	Heritable	0.458427191845308	0.843609743194812	0.0130538681903251	0	0	0	4.58427191845308	6.48616078894409	5.15905529921453	0	1.28225325985348
BA_only	hippocampus	AA	psi	chr17_2924265_2924535	chr17	2924265	2924535	51	51	0	0	0.00265946151401216	0.835655744705892	3.17538257560973	-3.17538257560973	270	588	Genic/other	0	Non-heritable	0.0431363050550767	0.890517572715277	0.0117083681235066	73840	0	0	0.431363050550767	5.59842195899838	6.37842618365159	11.2096694118803	1.15542812448982
BA_only	hippocampus	AA	psi	chr17_29534121_29534354	chr17	29534121	29534354	106	106	0	0	0.0113096196065482	0.950087699691719	6.26121298664373	-6.26121298664373	233	166	Genic/other	0	Non-heritable	0.0426753719104452	0.593829813220577	0.0135371698483797	34153	0	0	0.426753719104452	5.4510384535657	5.11799381241676	10.4386349884472	1.83437393577304
BA_only	hippocampus	AA	psi	chr17_29584542_29584719	chr17	29584542	29584719	108	108	0	0	0.000317907351079035	0.546468896011319	3.89377366995676	-3.89377366995676	177	146	Promoter	1	Non-heritable	0.0833837380476225	0.69714677390636	0.00666239382857046	0	0	0	0.833837380476225	5.17614973257383	4.99043258677874	0	1.35937878506496
BA_only	hippocampus	AA	psi	chr17_29614276_29615032	chr17	29614276	29615032	108	108	0	0	0.0263238012178155	0.975932065139872	2.05845176510405	-2.05845176510405	756	150	Genic/other	1	Heritable	0.100123566117291	0.791844639558688	0.00770706044492713	12	0	0	1.00123566117291	6.62804137617953	5.01727983681492	2.56494935746154	0.721954134751094
BA_only	hippocampus	AA	psi	chr17_2982810_2983398	chr17	2982810	2983398	30	30	0	0	0.0503463034791251	0.984077279506327	1.0309369402578	-1.0309369402578	588	581	Genic/other	0	Non-heritable	0.0740014525179535	0.954178200978409	0.00855025485901976	14977	0	0	0.740014525179535	6.37672694789863	6.36647044773144	9.61433773680931	0.0304680491956864
BA_only	hippocampus	AA	psi	chr17_30105278_30106190	chr17	30105278	30106190	23	23	0	0	0.00135251906848382	0.755643700753314	3.52737022326592	3.52737022326592	912	147	Genic/other	0	Heritable	0.119731714688353	0.689517386205445	0.0150924859124049	0	0	0	1.19731714688353	6.81563999007433	4.99721227376412	0	1.26055261690046
BA_only	hippocampus	AA	psi	chr17_30235068_30235202	chr17	30235068	30235202	14	14	0	0	0.007676394010778	0.933559278800072	1.44312129419524	1.44312129419524	134	150	Genic/other	1	Non-heritable	0.0421393751339919	0.719490858501482	0.00597585452408108	0	0	0	0.421393751339919	4.89783979995091	5.01727983681492	0	0.366808340149928
BA_only	hippocampus	AA	psi	chr17_30236406_30236592	chr17	30236406	30236592	14	14	0	0	0.0523803753429512	0.98435172557532	0.53139226650264	0.53139226650264	186	145	Promoter	1	Heritable	0.169825848898771	0.661264859062957	0.0147132238776868	792	0	0	1.69825848898771	5.2257466737132	4.98360662170834	6.67582322163485	-0.632254780006232
BA_only	hippocampus	AA	psi	chr17_30340423_30341965	chr17	30340423	30341965	58	58	0	0	0.0253412726665228	0.975932065139872	3.5812038419706	-3.5812038419706	1542	147	Intergenic	0	Non-heritable	0.0987604054490088	0.680136318890383	0.00767193313895671	15606	0	0	0.987604054490088	7.34083555412328	4.99721227376412	9.65547481054255	1.27569901538619
BA_only	hippocampus	AA	psi	chr17_30601973_30602214	chr17	30601973	30602214	206	206	0	0	0.00479539918231562	0.903845859635741	2.47454867659395	-2.47454867659395	241	183	Genic/other	1	Non-heritable	0.0671822158160542	0.720885413451023	0.0095265070830482	0	0	0	0.671822158160542	5.48479693349066	5.21493575760899	0	0.906058030542151
BA_only	hippocampus	AA	psi	chr17_30736563_30736863	chr17	30736563	30736863	212	212	0	0	0.0139051134867159	0.964441318501853	4.7534549652626	4.7534549652626	300	167	Genic/other	0	Heritable	0.217922176061791	0.780082608883801	0.00822082698754133	0	0	0	2.17922176061791	5.7037824746562	5.12396397940326	0	1.55887171685931
BA_only	hippocampus	AA	psi	chr17_30970026_30970462	chr17	30970026	30970462	259	259	0	0	0.00713229350412819	0.931602204679102	4.0137760395833	-4.0137760395833	436	190	Promoter	1	Heritable	0.393494356304125	0.839616031586645	0.0137751907421159	982	0	0	3.93494356304125	6.07764224334903	5.25227342804663	6.89060912014717	1.38973245648668
BA_only	hippocampus	AA	psi	chr17_31031889_31032621	chr17	31031889	31032621	246	246	0	0	0.00807802030049073	0.933559278800072	3.78785654010011	3.78785654010011	732	239	Genic/other	0	Heritable	0.109476590645509	0.794728999356246	0.0100580880900247	0	0	0	1.09476590645509	6.59578051396131	5.48063892334199	0	1.33180030504502
BA_only	hippocampus	AA	psi	chr17_31294504_31296036	chr17	31294504	31296036	116	116	0	0	0.00533820131283279	0.912035111152522	5.08124423484443	5.08124423484443	1532	361	Genic/other	0	Non-heritable	0.058810553088347	0.831174866017864	0.00832058993704231	9593	0	0	0.58810553088347	7.33432935030054	5.89164421182577	9.16889318206201	1.6255561616874
BA_only	hippocampus	AA	psi	chr17_31318443_31319005	chr17	31318443	31319005	102	102	0	0	0.0153491117223192	0.967076513219291	2.22718673504168	2.22718673504168	562	386	Promoter	0	Non-heritable	0.0753354887783511	0.889068662827364	0.0110036824654237	17	0	0	0.753354887783511	6.33150184989369	5.95842469302978	2.89037175789616	0.800739239740146
BA_only	hippocampus	AA	psi	chr17_31416748_31417054	chr17	31416748	31417054	11	11	0	0	0.0836095734785371	0.988137148207548	0.959564956495018	-0.959564956495018	306	389	Genic/other	0	Heritable	0.100823443162714	0.896322299581621	0.0064734699690456	42734	0	0	1.00823443162714	5.72358510195238	5.96614673912369	10.6627735356001	-0.0412752571292558
BA_only	hippocampus	AA	psi	chr17_31445671_31446746	chr17	31445671	31446746	11	11	0	0	0.11681951279204	0.990898390030923	0.501724741514092	0.501724741514092	1075	367	Genic/other	0	Non-heritable	0.0916171477126263	0.860748359688252	0.00746754304524242	41525	0	0	0.916171477126263	6.98007594056176	5.90808293816893	10.6340750160699	-0.689703613420671
BA_only	hippocampus	AA	psi	chr17_31471344_31472362	chr17	31471344	31472362	11	11	0	0	0.0767826364676777	0.987618919480254	0.521353999457976	0.521353999457976	1018	383	Genic/other	0	Heritable	0.136647156367621	0.904323329798271	0.00822690621955255	15909	0	0	1.36647156367621	6.92559519711047	5.95064255258773	9.67470312133183	-0.651325987245799
BA_only	hippocampus	AA	psi	chr17_3176094_3177013	chr17	3176094	3177013	30	30	0	0	0.0422738802711743	0.980549382116533	0.680447298273038	0.680447298273038	919	655	Promoter	0	Heritable	0.493970525671027	0.929359584183052	0.0137713444260105	0	0	0	4.93970525671027	6.82328612235569	6.48616078894409	0	-0.385004890787826
BA_only	hippocampus	AA	psi	chr17_32063484_32063756	chr17	32063484	32063756	298	298	0	0	0.00543818462240588	0.91376173169136	2.48797264792501	2.48797264792501	272	372	Intergenic	0	Heritable	0.103659867852102	0.902232885968731	0.0120627938578116	0	0	0	1.03659867852102	5.605802066296	5.92157841964382	0	0.911468185236567
BA_only	hippocampus	AA	psi	chr17_32126878_32127119	chr17	32126878	32127119	306	306	0	0	0.00648025489054023	0.922854781406953	5.25894779629448	-5.25894779629448	241	363	Promoter	0	Non-heritable	0.0763899748740599	0.86173660999078	0.0117559930779202	0	0	0	0.763899748740599	5.48479693349066	5.89715386763674	0	1.65993096991344
BA_only	hippocampus	AA	psi	chr17_32258972_32259559	chr17	32258972	32259559	316	316	0	0	0.00163657295529856	0.786661074605562	5.15411788021561	5.15411788021561	587	319	Genic/other	0	Heritable	0.100518958995151	0.872900711400063	0.00843961203210147	0	0	0	1.00518958995151	6.3750248198281	5.76832099579377	0	1.63979598550673
BA_only	hippocampus	AA	psi	chr17_32283623_32284177	chr17	32283623	32284177	316	316	0	0	0.000387008519652821	0.579438373379997	4.54600886794881	4.54600886794881	554	297	Promoter	0	Non-heritable	0.084793175351652	0.803898526144899	0.0105855920473222	0	0	0	0.84793175351652	6.31716468674728	5.69709348650541	0	1.51424967834283
BA_only	hippocampus	AA	psi	chr17_32286236_32286775	chr17	32286236	32286775	316	316	0	0	0.00928722225346777	0.939841915020693	4.27491427487198	4.27491427487198	539	286	Genic/other	0	Heritable	0.105399106949291	0.842870556897336	0.00752629959372414	0	0	0	1.05399106949291	6.289715570909	5.65948221575962	0	1.45276405186537
BA_only	hippocampus	AA	psi	chr17_32342622_32342710	chr17	32342622	32342710	303	303	0	0	0.00127594551417401	0.748685029382681	3.42339308246768	-3.42339308246768	88	274	Promoter	1	Non-heritable	0.066910426666102	0.842461805261613	0.00858946482990423	758	0	0	0.66910426666102	4.47733681447821	5.61677109766657	6.63200177739563	1.23063219153704
BA_only	hippocampus	AA	psi	chr17_32495864_32495999	chr17	32495864	32495999	37	37	0	0	0.0401047425859829	0.980549382116533	1.3030479295986	-1.3030479295986	135	292	Genic/other	2	Heritable	0.168112607357091	0.811033916158599	0.00601574956027516	0	0	0	1.68112607357091	4.90527477843843	5.68017260901707	0	0.26470608917627
BA_only	hippocampus	AA	psi	chr17_32822413_32823176	chr17	32822413	32823176	14	14	0	0	0.0024275196080131	0.824728302674626	2.70703409757466	2.70703409757466	763	433	Enhancer	2	Heritable	0.115793643038771	0.920026141298707	0.0119536945906422	53716	0	0	1.15793643038771	6.63725803128446	6.07304453410041	10.8914848039549	0.995853610321779
BA_only	hippocampus	AA	psi	chr17_32870737_32871786	chr17	32870737	32871786	12	12	0	0	0.010635600199992	0.944902218841749	3.85134064568702	-3.85134064568702	1049	455	Genic/other	0	Non-heritable	0.0798212929543468	0.929859841770211	0.0063331570347034	5106	0	0	0.798212929543468	6.9555926083963	6.12249280951439	8.53836742664764	1.34842130994076
BA_only	hippocampus	AA	psi	chr17_34852083_34852349	chr17	34852083	34852349	20	20	0	0	0.0474829139289345	0.982661996589092	1.45581638488533	-1.45581638488533	266	452	Genic/other	0	Non-heritable	0.0561358362305586	0.927003925678705	0.0110887730943419	86980	0	0	0.561358362305586	5.5834963087817	6.11589212548303	11.3734449829814	0.375566839408995
BA_only	hippocampus	AA	psi	chr17_35063605_35063835	chr17	35063605	35063835	68	68	0	0	0.0143245531151303	0.964996126829086	2.11133745605058	-2.11133745605058	230	413	Promoter	0	Non-heritable	0.0860933251528071	0.892598054395551	0.0129325269562007	0	0	0	0.860933251528071	5.4380793089232	6.02586597382531	0	0.747321616843287
BA_only	hippocampus	AA	psi	chr17_35074293_35075145	chr17	35074293	35075145	71	71	0	0	0.00980312895957043	0.940264776698602	2.33539305702756	-2.33539305702756	852	397	Promoter	0	Heritable	0.12337795689816	0.918029554801576	0.00721372454925853	0	0	0	1.2337795689816	6.74758652682932	5.98645200528444	0	0.848180214010539
BA_only	hippocampus	AA	psi	chr17_35086924_35087317	chr17	35086924	35087317	71	71	0	0	0.00415609212025946	0.883514193803372	2.01454112253011	2.01454112253011	393	390	Genic/other	2	Heritable	0.114741537502984	0.888695115795002	0.0101432603204158	0	0	0	1.14741537502984	5.97380961186926	5.96870755998537	0	0.700391443673682
BA_only	hippocampus	AA	psi	chr17_35118867_35119041	chr17	35118867	35119041	83	83	0	0	0.0019119048776113	0.801360789073658	2.98270140007477	-2.98270140007477	174	369	Genic/other	1	Non-heritable	0.0937799423536331	0.91410454599948	0.00779747564923066	0	0	0	0.937799423536331	5.15905529921453	5.91350300563827	0	1.09282940333005
BA_only	hippocampus	AA	psi	chr17_35235891_35236982	chr17	35235891	35236982	104	104	0	0	0.0115978381866212	0.95315577890577	2.11205089101551	2.11205089101551	1091	289	Genic/other	0	Heritable	0.731486909857605	0.900876884593183	0.00907078273828822	0	0	0	7.31486909857605	6.99484998583307	5.66988092298052	0	0.74765946641321
BA_only	hippocampus	AA	psi	chr17_35244237_35244835	chr17	35244237	35244835	101	101	0	0	0.0153168048506299	0.967076513219291	2.08459191645729	2.08459191645729	598	286	Genic/other	1	Heritable	0.110501954541441	0.802826883187186	0.00835040394635335	1314	0	0	1.10501954541441	6.39359075395063	5.65948221575962	7.18159194461187	0.734573117369835
BA_only	hippocampus	AA	psi	chr17_3529920_3530511	chr17	3529920	3530511	44	44	0	0	0.0364952019734354	0.980549382116533	1.67307725484755	1.67307725484755	591	554	Promoter	1	Heritable	0.381791469540663	0.90690708736242	0.00922350113448569	3065	0	0	3.81791469540663	6.3818160174061	6.31896811374643	8.02812905943176	0.514664604349832
BA_only	hippocampus	AA	psi	chr17_3531418_3532020	chr17	3531418	3532020	44	44	0	0	0.0137756056581144	0.964441318501853	2.08139149592602	2.08139149592602	602	544	Enhancer	1	Heritable	0.121144572890344	0.954312639758545	0.00752754813055192	3692	0	0	1.21144572890344	6.40025744530882	6.30078579466324	8.21419441485256	0.73303666327067
BA_only	hippocampus	AA	psi	chr17_35345362_35345602	chr17	35345362	35345602	104	104	0	0	0.0219482182202801	0.975932065139872	2.66053452130668	2.66053452130668	240	303	Intergenic	0	Non-heritable	0.0904507233182416	0.884330846235031	0.00702747146147345	14768	0	0	0.904507233182416	5.48063892334199	5.71702770140622	9.60028566842631	0.978527054224588
BA_only	hippocampus	AA	psi	chr17_35346966_35347134	chr17	35346966	35347134	104	104	0	0	0.00229637835050232	0.820192749465547	3.92104381157491	3.92104381157491	168	303	Intergenic	0	Heritable	0.114839527207318	0.872239414124475	0.00822114188391173	13236	0	0	1.14839527207318	5.12396397940326	5.71702770140622	9.49077121771377	1.36635789936988
BA_only	hippocampus	AA	psi	chr17_35431890_35433036	chr17	35431890	35433036	91	91	0	0	0.0299281131235534	0.976741514025636	1.65955003052552	1.65955003052552	1146	305	Promoter	0	Heritable	0.278040674749925	0.841695756952709	0.00807651183541154	0	0	0	2.78040674749925	7.04403289727469	5.72358510195238	0	0.506546505700685
BA_only	hippocampus	AA	psi	chr17_35450146_35450906	chr17	35450146	35450906	91	91	0	0	0.0187917970553361	0.972503866121758	3.52492435196252	-3.52492435196252	760	308	Genic/other	1	Non-heritable	0.078559390683107	0.842840813020352	0.0164205965444442	2877	0	0	0.78559390683107	6.63331843328038	5.73334127689775	7.96485088744731	1.25985897843473
BA_only	hippocampus	AA	psi	chr17_35461274_35461721	chr17	35461274	35461721	91	91	0	0	0.0041435863248045	0.883014356817342	4.29957251134731	4.29957251134731	447	319	Promoter	1	Non-heritable	0.0556439942794234	0.863240785529578	0.0106100397945334	2859	0	0	0.556439942794234	6.10255859461357	5.76832099579377	7.9585769038139	1.45851560411749
BA_only	hippocampus	AA	psi	chr17_35486471_35486960	chr17	35486471	35486960	91	91	0	0	0.0253507327352093	0.975932065139872	3.38299302228155	3.38299302228155	489	338	Genic/other	1	Non-heritable	0.0972358359586684	0.913670828199272	0.00679198780206098	8395	0	0	0.972358359586684	6.19236248947487	5.82600010738045	9.03551068094052	1.21876083016936
BA_only	hippocampus	AA	psi	chr17_35749144_35749451	chr17	35749144	35749451	75	75	0	0	0.0207064221391756	0.975856666808667	3.79301202581888	3.79301202581888	307	339	Genic/other	0	Heritable	0.107336483314529	0.893657052823836	0.00754228401588129	6967	0	0	1.07336483314529	5.7268477475872	5.82894561761021	8.84908351853234	1.33316043586779
BA_only	hippocampus	AA	psi	chr17_35749953_35750558	chr17	35749953	35750558	75	75	0	0	0.00123589000304687	0.746532311364875	3.68377668552577	-3.68377668552577	605	345	Genic/other	0	Heritable	0.111510378133079	0.864753511045277	0.0085654421763744	5860	0	0	1.11510378133079	6.40522845803084	5.84643877505773	8.67607551647643	1.30393850187779
BA_only	hippocampus	AA	psi	chr17_35929863_35930344	chr17	35929863	35930344	101	101	0	0	0.000820921111206582	0.683148985370606	1.20258350935092	-1.20258350935092	481	266	Promoter	1	Heritable	0.113927101893085	0.814165557130494	0.0109726839741182	0	0	0	1.13927101893085	6.17586727010576	5.58724865840025	0	0.184472175347589
BA_only	hippocampus	AA	psi	chr17_3685427_3685608	chr17	3685427	3685608	56	56	0	0	0.00928076186798693	0.939841915020693	3.65007676956398	3.65007676956398	181	505	Genic/other	0	Non-heritable	0.0818460090791792	0.914115153189227	0.009420858635726	4018	0	0	0.818460090791792	5.19849703126583	6.22653666928747	8.2987883944492	1.29474820287014
BA_only	hippocampus	AA	psi	chr17_3688029_3688202	chr17	3688029	3688202	56	56	0	0	0.0322184933568695	0.978102631507603	2.15008421506232	-2.15008421506232	173	496	Promoter	0	Non-heritable	0.0805964355279256	0.911083993514281	0.0080471264365224	1424	0	0	0.805964355279256	5.15329159449778	6.20859002609663	7.26192709270275	0.765507015819864
BA_only	hippocampus	AA	psi	chr17_37047700_37047901	chr17	37047700	37047901	33	33	0	0	0.00233919081182964	0.822334049093026	1.03918706631751	-1.03918706631751	201	472	Genic/other	0	Heritable	0.123677938456113	0.919391520910249	0.0091667316461881	0	0	0	1.23677938456113	5.30330490805908	6.15909538849193	0	0.0384387501128484
BA_only	hippocampus	AA	psi	chr17_37252033_37252484	chr17	37252033	37252484	24	24	0	0	0.0190206812187253	0.97294422691241	0.700304378845817	0.700304378845817	451	481	Genic/other	0	Non-heritable	0.0402395511437407	0.924781419293197	0.0113804820472984	32485	0	0	0.402395511437407	6.11146733950268	6.1779441140506	10.3885645062793	-0.356240197246462
BA_only	hippocampus	AA	psi	chr17_37373492_37373750	chr17	37373492	37373750	26	26	0	0	0.043827891866379	0.980789550235948	1.49637182797498	1.49637182797498	258	433	Genic/other	0	Non-heritable	0.0784543191834731	0.879181228957025	0.00876143525883506	0	0	0	0.784543191834731	5.55295958492162	6.07304453410041	0	0.403043403463769
BA_only	hippocampus	AA	psi	chr17_3818010_3818908	chr17	3818010	3818908	25	25	0	0	0.175568392448031	0.991064867102684	1.51703001329508	1.51703001329508	898	479	Genic/other	0	Heritable	0.153219691813804	0.946241595085986	0.0137036165707283	3143	0	0	1.53219691813804	6.8001700683022	6.17378610390194	8.0532511535491	0.416754491400004
BA_only	hippocampus	AA	psi	chr17_38349139_38350144	chr17	38349139	38350144	52	52	0	0	0.0046382705293104	0.900464468238672	2.05459804964464	2.05459804964464	1005	278	Genic/other	2	Heritable	0.155284499448515	0.780416638120136	0.00758478219616109	11630	0	0	1.55284499448515	6.91274282049318	5.63121178182137	9.36142922633904	0.720080237403902
BA_only	hippocampus	AA	psi	chr17_38429827_38431876	chr17	38429827	38431876	54	54	0	0	0.0145301925445064	0.966089857218066	2.03149143058425	2.03149143058425	2049	337	Genic/other	2	Non-heritable	0.0649273924284537	0.833463797166631	0.00707728367214752	0	0	0	0.649273924284537	7.6251071482389	5.82304589548302	0	0.708770223089119
BA_only	hippocampus	AA	psi	chr17_38434249_38434825	chr17	38434249	38434825	55	55	0	0	0.0308346769324018	0.976893291659941	2.88567975867887	2.88567975867887	576	333	Genic/other	0	Non-heritable	0.0626261257727016	0.864260036675204	0.00808498493873741	0	0	0	0.626261257727016	6.35610766069589	5.8111409929767	0	1.0597604939314
BA_only	hippocampus	AA	psi	chr17_38445069_38445400	chr17	38445069	38445400	54	54	0	0	0.0110509869380883	0.948447257389615	4.62506093837817	4.62506093837817	331	326	Genic/other	0	Non-heritable	0.064944670236371	0.794285761787545	0.00659092920054879	0	0	0	0.64944670236371	5.80211837537706	5.78996017089725	0	1.53148954890527
BA_only	hippocampus	AA	psi	chr17_38469860_38470125	chr17	38469860	38470125	48	48	0	0	0.0347744085199223	0.980327953711174	1.6142768820903	-1.6142768820903	265	332	Genic/other	0	Heritable	0.16649367354582	0.879228225910757	0.00721908771150227	303	0	0	1.6649367354582	5.57972982598622	5.80814248998044	5.71702770140622	0.478887111571243
BA_only	hippocampus	AA	psi	chr17_38482523_38483041	chr17	38482523	38483041	48	48	0	0	0.0204199690852565	0.975856666808667	3.05006522798502	-3.05006522798502	518	331	Genic/other	0	Heritable	0.112473077101454	0.903077965819705	0.00782601333275581	4694	0	0	1.12473077101454	6.24997524225948	5.80513496891649	8.45425339164236	1.11516297989385
BA_only	hippocampus	AA	psi	chr17_38484057_38484348	chr17	38484057	38484348	48	48	0	0	0.0145838234218058	0.966089857218066	1.12495689557635	1.12495689557635	291	346	Genic/other	0	Heritable	0.167811223513496	0.877381607709147	0.00586916329075501	6228	0	0	1.67811223513496	5.67332326717149	5.84932477994686	8.73697108525415	0.117744728768328
BA_only	hippocampus	AA	psi	chr17_38486790_38487043	chr17	38486790	38487043	48	48	0	0	0.00824599482490812	0.933559278800072	4.93158111058176	-4.93158111058176	253	345	Genic/other	0	Non-heritable	0.0541904609820874	0.822930977187526	0.00600140062776613	8057	0	0	0.541904609820874	5.53338948872752	5.84643877505773	8.99442066575129	1.59565965075077
BA_only	hippocampus	AA	psi	chr17_38510860_38511092	chr17	38510860	38511092	54	54	0	0	0.00565311009992115	0.914301706404424	1.16917594784568	1.16917594784568	232	324	Genic/other	2	Non-heritable	0.0915860585090061	0.829004166369986	0.00639099297504034	10711	0	0	0.915860585090061	5.44673737166631	5.78382518232974	9.27911988737101	0.156299191133579
BA_only	hippocampus	AA	psi	chr17_38656945_38657881	chr17	38656945	38657881	99	99	0	0	0.0112713963825358	0.950081225852059	3.49547647878254	-3.49547647878254	936	407	Enhancer	0	Non-heritable	0.0828905093134311	0.904143785899627	0.00695837283662132	23749	0	0	0.828905093134311	6.84161547647759	6.01126717440416	10.0753378094628	1.25146970080869
BA_only	hippocampus	AA	psi	chr17_38840768_38841407	chr17	38840768	38841407	82	82	0	0	0.0462113310879515	0.981789757189854	3.57852907400483	3.57852907400483	639	456	Genic/other	2	Non-heritable	0.091129511152242	0.907008228769048	0.00788977494180815	6649	0	0	0.91129511152242	6.45990445437754	6.12468339089421	8.8023721336499	1.27495184559253
BA_only	hippocampus	AA	psi	chr17_38967349_38967418	chr17	38967349	38967418	103	103	0	0	0.0591153208626678	0.98577631996496	2.44394865601322	2.44394865601322	69	408	Promoter	0	Heritable	0.10043391728877	0.927044661082916	0.00810969455365478	36300	0	0	1.0043391728877	4.23410650459726	6.0137151560428	10.4996005680829	0.893615037002516
BA_only	hippocampus	AA	psi	chr17_39057497_39058062	chr17	39057497	39058062	93	93	0	0	0.009675451021142	0.939841915020693	2.19750591165806	2.19750591165806	565	364	Genic/other	0	Heritable	0.155702175631433	0.8811039120355	0.00853928607484152	4626	0	0	1.55702175631433	6.33682573114644	5.89989735358249	8.439663988907	0.787323045298506
BA_only	hippocampus	AA	psi	chr17_3913107_3913744	chr17	3913107	3913744	20	20	0	0	0.0561050933514784	0.98577631996496	1.32103149313176	-1.32103149313176	637	487	Genic/other	0	Non-heritable	0.0891558385769768	0.942471620916555	0.00800091885379723	9178	0	0	0.891558385769768	6.45676965557216	6.19031540585315	9.12467354521909	0.278412873198117
BA_only	hippocampus	AA	psi	chr17_39154897_39154997	chr17	39154897	39154997	50	50	0	0	0.00124505574822787	0.747738399837652	1.50052822049625	1.50052822049625	100	333	Promoter	1	Heritable	0.151351856255364	0.889618199332151	0.00742379726412042	629	0	0	1.51351856255364	4.60517018598809	5.8111409929767	6.44571981938558	0.405817199780783
BA_only	hippocampus	AA	psi	chr17_39357650_39358119	chr17	39357650	39358119	34	34	0	0	0.00810502140111765	0.933559278800072	1.41071656790926	1.41071656790926	469	295	Genic/other	0	Heritable	0.327056769720092	0.830519580405895	0.0079594086312428	43778	0	0	3.27056769720092	6.15060276844628	5.69035945432406	10.6869095293359	0.344097786577622
BA_only	hippocampus	AA	psi	chr17_39451707_39451799	chr17	39451707	39451799	86	86	0	0	0.00600425999337789	0.919417785088414	2.29965253564707	-2.29965253564707	92	256	Promoter	1	Heritable	0.164251016336666	0.807132137762793	0.0072572533713766	11317	0	0	1.64251016336666	4.52178857704904	5.54907608489522	9.33414965770247	0.832758044413349
BA_only	hippocampus	AA	psi	chr17_39622813_39623019	chr17	39622813	39623019	91	91	0	0	0.00918560459701725	0.939585238273321	1.94956218801057	-1.94956218801057	206	270	Genic/other	0	Heritable	0.10901506754314	0.84754870785866	0.0110437090078257	0	0	0	1.0901506754314	5.32787616878958	5.6021188208797	0	0.667604833527917
BA_only	hippocampus	AA	psi	chr17_39812191_39812836	chr17	39812191	39812836	128	128	0	0	0.0341022606854525	0.979346259483413	3.31349732214314	-3.31349732214314	645	200	Genic/other	0	Heritable	0.151156251073188	0.736386281765338	0.0102300058643989	0	0	0	1.51156251073188	6.46925031679577	5.30330490805908	0	1.19800422739813
BA_only	hippocampus	AA	psi	chr17_40038973_40039675	chr17	40038973	40039675	72	72	0	0	0.0111766333940391	0.948703871232836	7.5831007214946	-7.5831007214946	702	240	Genic/other	0	Heritable	0.157800769896131	0.853794910137353	0.0105581928857202	0	0	0	1.57800769896131	6.55393340402581	5.48479693349066	0	2.02592218348849
BA_only	hippocampus	AA	psi	chr17_40224492_40225012	chr17	40224492	40225012	63	63	0	0	0.0259066079380998	0.975932065139872	5.41250853401786	-5.41250853401786	520	277	Genic/other	0	Heritable	0.110516946386861	0.856413724504816	0.00704841240635857	0	0	0	1.10516946386861	6.25382881157547	5.62762111369064	0	1.68871267189879
BA_only	hippocampus	AA	psi	chr17_40303392_40304011	chr17	40303392	40304011	72	72	0	0	0.00259384231117925	0.833258918532135	4.6722209601976	4.6722209601976	619	292	Genic/other	0	Non-heritable	0.0819876427043126	0.888938366317151	0.0082366794410073	5274	0	0	0.819876427043126	6.4281052726846	5.68017260901707	8.57073395834427	1.54163454111073
BA_only	hippocampus	AA	psi	chr17_40350877_40351641	chr17	40350877	40351641	58	58	0	0	0.0297990398872289	0.976741514025636	1.83700367410675	1.83700367410675	764	302	Promoter	0	Non-heritable	0.0874923704142505	0.884961800055672	0.00819528393043085	2560	0	0	0.874923704142505	6.63856778916652	5.71373280550937	7.84815308619953	0.608135811732747
BA_only	hippocampus	AA	psi	chr17_40361733_40362506	chr17	40361733	40362506	58	58	0	0	0.00792104716993661	0.933559278800072	1.87114757918135	-1.87114757918135	773	308	Genic/other	1	Heritable	0.502514060887336	0.830300329117539	0.00749042155503356	13416	0	0	5.02514060887336	6.65027904858742	5.73334127689775	9.50427783859047	0.626551926693638
BA_only	hippocampus	AA	psi	chr17_40553635_40554403	chr17	40553635	40554403	94	94	0	0	0.00977352426852354	0.939841915020693	3.9966622327809	3.9966622327809	768	333	Intergenic	0	Non-heritable	0.0926888980503209	0.880635335667385	0.00752464046767187	616	0	0	0.926888980503209	6.64378973314767	5.8111409929767	6.42486902390539	1.38545957347685
BA_only	hippocampus	AA	psi	chr17_40779260_40779807	chr17	40779260	40779807	145	145	0	0	0.0112550638986969	0.950081225852059	5.06993124580785	-5.06993124580785	547	316	Genic/other	2	Heritable	0.222406648946586	0.839316135142977	0.00950281589548689	21756	0	0	2.22406648946586	6.30444880242198	5.75890177387728	9.9876908238182	1.62332725849891
BA_only	hippocampus	AA	psi	chr17_41077541_41079136	chr17	41077541	41079136	73	73	0	0	0.0561219048268557	0.98577631996496	2.24472693361871	-2.24472693361871	1595	318	Intergenic	0	Heritable	0.239440219957087	0.867840951279537	0.00799335368503141	17241	0	0	2.39440219957087	7.37462901521895	5.76519110278484	9.75510354676987	0.808583885119215
BA_only	hippocampus	AA	psi	chr17_4109134_4109586	chr17	4109134	4109586	17	17	0	0	0.0604015386607356	0.98577631996496	0.987643531230183	0.987643531230183	452	568	Genic/other	0	Heritable	0.124255481190215	0.954693967054937	0.00936729619288136	23463	0	0	1.24255481190215	6.11368217983223	6.34388043412633	10.0632226106573	-0.0124334345625605
BA_only	hippocampus	AA	psi	chr17_41775620_41776107	chr17	41775620	41776107	137	137	0	0	0.0133727627291847	0.964283399649536	4.39973631833964	4.39973631833964	487	346	Genic/other	0	Heritable	0.108253554319007	0.902080898226222	0.00645807331199635	0	0	0	1.08253554319007	6.18826412308259	5.84932477994686	0	1.48154461375126
BA_only	hippocampus	AA	psi	chr17_41777731_41777951	chr17	41777731	41777951	138	138	0	0	0.0262126492514059	0.975932065139872	3.35336759372777	3.35336759372777	220	351	Genic/other	0	Heritable	0.123005925820231	0.894506765327141	0.00737847378883783	0	0	0	1.23005925820231	5.39362754635236	5.8636311755981	0	1.2099650957508
BA_only	hippocampus	AA	psi	chr17_41784879_41785369	chr17	41784879	41785369	137	137	0	0	0.00739544376310116	0.933559278800072	8.36481957066097	8.36481957066097	490	342	Promoter	1	Heritable	0.105734931714128	0.846039977497193	0.00870651301338446	0	0	0	1.05734931714128	6.19440539110467	5.83773044716594	0	2.12403476584527
BA_only	hippocampus	AA	psi	chr17_41967864_41975404	chr17	41967864	41975404	141	141	0	0	0.010197393464538	0.944902218841749	5.16960976870007	5.16960976870007	7540	348	Promoter	3	Non-heritable	0.0700744711903381	0.881535972167239	0.00823473065615679	0	0	0	0.700744711903381	8.927977461002	5.85507192220243	0	1.64279720766401
BA_only	hippocampus	AA	psi	chr17_41992202_41993230	chr17	41992202	41993230	170	170	0	0	0.0100178392339837	0.944902218841749	10.1298604065194	10.1298604065194	1028	343	Promoter	0	Non-heritable	0.0654956553520421	0.884185408486934	0.00755945247807245	1713	0	0	0.654956553520421	6.93537044601511	5.8406416573734	7.44658509915773	2.31548753894744
BA_only	hippocampus	AA	psi	chr17_42039782_42040405	chr17	42039782	42040405	165	165	0	0	0.0166026425255857	0.969892390754483	4.83830020811195	4.83830020811195	623	330	Genic/other	1	Heritable	0.139645956721833	0.875566838323821	0.0115604982282305	8162	0	0	1.39645956721833	6.43454651878745	5.80211837537706	9.00736702745136	1.5765634644403
BA_only	hippocampus	AA	psi	chr17_42056740_42058035	chr17	42056740	42058035	166	166	0	0	0.0025666527493669	0.833167185490902	3.53913335719996	-3.53913335719996	1295	311	Genic/other	0	Heritable	0.501691209265369	0.886873483497175	0.0152725708334821	5022	0	0	5.01691209265369	7.16626597413364	5.74300318780948	8.52178264375005	1.26388188564901
BA_only	hippocampus	AA	psi	chr17_42212062_42212623	chr17	42212062	42212623	204	204	0	0	0.00559325093261232	0.914301706404424	17.0656486302032	17.0656486302032	561	256	Genic/other	0	Heritable	0.136834676102215	0.856470827600309	0.0069104095168597	0	0	0	1.36834676102215	6.3297209055227	5.54907608489522	0	2.83706759161013
BA_only	hippocampus	AA	psi	chr17_42287703_42288075	chr17	42287703	42288075	141	141	0	0	0.00121485727379543	0.741782412295099	7.87044402019799	-7.87044402019799	372	210	Promoter	1	Heritable	0.114774065655893	0.802103400477038	0.0065227291582737	0	0	0	1.14774065655893	5.91889385427315	5.35185813347607	0	2.06311448144738
BA_only	hippocampus	AA	psi	chr17_42311629_42311970	chr17	42311629	42311970	151	151	0	0	0.00598017453045882	0.918975427356839	6.39100103725348	-6.39100103725348	341	197	Intergenic	1	Non-heritable	0.0815484922736338	0.672262303679229	0.00791480027349393	4880	0	0	0.815484922736338	5.83188247728352	5.28826703069454	8.49310539588715	1.85489091453192
BA_only	hippocampus	AA	psi	chr17_42543794_42543920	chr17	42543794	42543920	199	199	0	0	0.00162571832411816	0.786209776683368	8.41848972968765	8.41848972968765	126	214	Genic/other	0	Non-heritable	0.0782973766396906	0.799173241980942	0.0070082554320453	709	0	0	0.782973766396906	4.83628190695148	5.37063802812766	6.56526497003536	2.13043044633344
BA_only	hippocampus	AA	psi	chr17_42782915_42783307	chr17	42782915	42783307	185	185	0	0	0.00440355921495258	0.889933594720522	2.88949432353042	2.88949432353042	392	178	Promoter	1	Heritable	0.109106753608797	0.726061499554526	0.00569856928795725	1271	0	0	1.09106753608797	5.97126183979046	5.18738580584076	7.14834574390007	1.06108151571837
BA_only	hippocampus	AA	psi	chr17_43006679_43006940	chr17	43006679	43006940	186	186	0	0	0.000387766320030813	0.579438373379997	2.99370538524023	2.99370538524023	261	185	Promoter	0	Non-heritable	0.0633723897886534	0.736672808383531	0.00689568617849896	4005	0	0	0.633723897886534	5.56452040732269	5.2257466737132	8.29554851622576	1.09651188277264
BA_only	hippocampus	AA	psi	chr17_43035683_43036468	chr17	43035683	43036468	147	147	0	0	0.0128920597595497	0.964059403720961	3.13467043282494	-3.13467043282494	785	182	Intergenic	0	Non-heritable	0.0664632330706862	0.753631088403637	0.00711760490591461	11234	0	0	0.664632330706862	6.66568371778241	5.20948615284142	9.32678918461943	1.14252404665327
BA_only	hippocampus	AA	psi	chr17_43126118_43126393	chr17	43126118	43126393	159	159	0	0	0.00199359842959773	0.80651122630121	3.64605089357869	3.64605089357869	275	210	Promoter	1	Heritable	0.133850245659929	0.768459057999077	0.00889636921499559	0	0	0	1.33850245659929	5.61677109766657	5.35185813347607	0	1.29364463764521
BA_only	hippocampus	AA	psi	chr17_43231434_43232493	chr17	43231434	43232493	163	163	0	0	0.000221809703666294	0.495575257149439	3.78708273233295	3.78708273233295	1059	241	Genic/other	2	Heritable	0.106203225721857	0.770194443722763	0.00882317776203121	0	0	0	1.06203225721857	6.96508034560141	5.48893772615669	0	1.33159599772585
BA_only	hippocampus	AA	psi	chr17_4331714_4331851	chr17	4331714	4331851	21	21	0	0	0.0241017635213715	0.975932065139872	3.19929040138623	3.19929040138623	137	602	Genic/other	0	Non-heritable	0.0488372197322194	0.950340086951136	0.0079906009348926	0	0	0	0.488372197322194	4.91998092582813	6.40191719672719	0	1.1629290387745
BA_only	hippocampus	AA	psi	chr17_43360035_43362430	chr17	43360035	43362430	162	162	0	0	0.000176175270923101	0.463741243004846	4.17225228936279	-4.17225228936279	2395	272	Promoter	2	Heritable	0.274064158357814	0.835842212542987	0.032575661926887	0	0	0	2.74064158357814	7.78113850984502	5.60947179518496	0	1.42845600974981
BA_only	hippocampus	AA	psi	chr17_43528637_43528852	chr17	43528637	43528852	94	94	0	0	0.0159048267662252	0.967716068030647	1.5637757964359	-1.5637757964359	215	261	Genic/other	0	Non-heritable	0.0767647753955465	0.817389454327544	0.00713127777582906	0	0	0	0.767647753955465	5.37063802812766	5.5683445037611	0	0.447103285579455
BA_only	hippocampus	AA	psi	chr17_43530395_43530880	chr17	43530395	43530880	94	94	0	0	0.013050114172985	0.964283399649536	2.96260405968916	2.96260405968916	485	264	Promoter	0	Heritable	0.112102423947762	0.841569478766573	0.00972397109219091	0	0	0	1.12102423947762	6.18414889093748	5.57972982598622	0	1.08606863485324
BA_only	hippocampus	AA	psi	chr17_43678676_43679189	chr17	43678676	43679189	62	62	0	0	0.000485484212875306	0.605033395230762	2.29013986139072	-2.29013986139072	513	281	Promoter	0	Heritable	0.170038514322318	0.87856018267759	0.00727018936528506	0	0	0	1.70038514322318	6.24027584517077	5.64190707093811	0	0.828612894910811
BA_only	hippocampus	AA	psi	chr17_43822135_43822968	chr17	43822135	43822968	63	63	0	0	0.034342538213138	0.980046048798969	1.52797598798843	-1.52797598798843	833	320	Genic/other	0	Heritable	0.435502014313558	0.883986170012354	0.00878116757604289	1272	0	0	4.35502014313558	6.72503364216684	5.77144112313002	7.14913159855741	0.4239439824982
BA_only	hippocampus	AA	psi	chr17_43937745_43937845	chr17	43937745	43937845	150	150	0	0	0.00384574410375027	0.872048104414303	4.67892575261981	4.67892575261981	100	323	Promoter	1	Heritable	0.182012861629071	0.85170511365395	0.00634981870596562	0	0	0	1.82012861629071	4.60517018598809	5.78074351579233	0	1.54306854567995
BA_only	hippocampus	AA	psi	chr17_44095074_44095729	chr17	44095074	44095729	276	276	0	0	0.00492468193937165	0.903851486872121	4.51690656375416	4.51690656375416	655	330	Enhancer	0	Non-heritable	0.0482954591075013	0.889619135598899	0.00653004440895601	2397	0	0	0.482954591075013	6.48463523563525	5.80211837537706	7.78239033558746	1.50782737320733
BA_only	hippocampus	AA	psi	chr17_44326037_44326267	chr17	44326037	44326267	240	240	0	0	0.00132318773628027	0.753688014176758	4.66838809712867	-4.66838809712867	230	272	Genic/other	1	Heritable	0.110268992723948	0.851040865974879	0.00676668805916881	0	0	0	1.10268992723948	5.4380793089232	5.60947179518496	0	1.54081385302661
BA_only	hippocampus	AA	psi	chr17_44540143_44541133	chr17	44540143	44541133	138	138	0	0	0.00115674911004992	0.72939557362483	2.69044710397672	2.69044710397672	990	292	Intergenic	0	Heritable	0.110931568388327	0.869802366645108	0.00815504231177349	2317	0	0	1.10931568388327	6.89770494312864	5.68017260901707	7.7484600238997	0.989707393176081
BA_only	hippocampus	AA	psi	chr17_44569241_44569694	chr17	44569241	44569694	71	71	0	0	0.00164606163835479	0.786661074605562	1.01637241304486	1.01637241304486	453	283	Intergenic	0	Heritable	0.2269415895256	0.860230785598678	0.0111025167812391	31415	0	0	2.269415895256	6.11589212548303	5.64897423816121	10.3550725962578	0.0162398401052969
BA_only	hippocampus	AA	psi	chr17_44794281_44794760	chr17	44794281	44794760	202	202	0	0	0.0180046166689878	0.971197196579887	2.41888790788264	2.41888790788264	479	311	Intergenic	0	Non-heritable	0.0995429217581573	0.885575463983639	0.0115203484643729	76	0	0	0.995429217581573	6.17170059741092	5.74300318780948	4.34380542185368	0.883307896483595
BA_only	hippocampus	AA	psi	chr17_44987489_44987864	chr17	44987489	44987864	273	273	0	0	0.00179362498689315	0.796268588634543	3.34004689773095	3.34004689773095	375	337	Genic/other	1	Heritable	0.363461847697259	0.836757787105298	0.00736065007210642	0	0	0	3.63461847697259	5.92692602597041	5.82304589548302	0	1.20598485112081
BA_only	hippocampus	AA	psi	chr17_45021229_45021681	chr17	45021229	45021681	317	317	0	0	0.00308572661736683	0.84862690950741	3.34115213835083	-3.34115213835083	452	319	Genic/other	1	Heritable	0.166062026239798	0.909908677005555	0.00987956222027302	3042	0	0	1.66062026239798	6.11368217983223	5.76832099579377	8.02059914989697	1.20631570210151
BA_only	hippocampus	AA	psi	chr17_45173002_45173482	chr17	45173002	45173482	277	277	0	0	0.0023151535666254	0.82151890861217	4.07487715602225	-4.07487715602225	480	283	Genic/other	1	Heritable	0.113956538998449	0.836645050461359	0.00620093099759382	0	0	0	1.13956538998449	6.17378610390194	5.64897423816121	0	1.40484060293108
BA_only	hippocampus	AA	psi	chr17_4534328_4535028	chr17	4534328	4535028	44	44	0	0	0.0332336261299199	0.979164877002956	1.20917644045603	-1.20917644045603	700	503	Promoter	1	Non-heritable	0.0900338904824865	0.930979857351277	0.00729469169553934	1145	0	0	0.900338904824865	6.5510803350434	6.22257626807137	7.04403289727469	0.189939508424249
BA_only	hippocampus	AA	psi	chr17_4536094_4536614	chr17	4536094	4536614	47	47	0	0	0.0456483369055767	0.981775354873194	4.41120412275953	4.41120412275953	520	518	Promoter	2	Non-heritable	0.0937399514256935	0.920051432872656	0.00848076736447203	0	0	0	0.937399514256935	6.25382881157547	6.25190388316589	0	1.4841476981657
BA_only	hippocampus	AA	psi	chr17_45385672_45386383	chr17	45385672	45386383	316	316	0	1	6.58964363075979e-06	0.0745118328242625	4.70733075713728	-4.70733075713728	711	337	Intergenic	0	Heritable	0.11317792229439	0.900533433443275	0.0066007779467556	9900	0	1	1.1317792229439	6.56667242980324	5.82304589548302	9.20039104112251	1.54912103127732
BA_only	hippocampus	AA	psi	chr17_45500380_45501975	chr17	45500380	45501975	246	246	0	0	0.0155721104284682	0.967150202033568	1.96361527155179	1.96361527155179	1595	322	Intergenic	0	Heritable	0.623761857048406	0.894109121679272	0.0474922961509623	0	0	0	6.23761857048406	7.37462901521895	5.77765232322266	0	0.674787305587341
BA_only	hippocampus	AA	psi	chr17_45583428_45583892	chr17	45583428	45583892	220	220	0	0	0.0016019321932869	0.783886688546869	2.75146616806773	2.75146616806773	464	316	Enhancer	1	Heritable	0.124792439302294	0.884866400435908	0.0138293280746328	0	0	0	1.24792439302294	6.13988455222626	5.75890177387728	0	1.01213392526249
BA_only	hippocampus	AA	psi	chr17_45861118_45861334	chr17	45861118	45861334	64	64	0	0	0.00883153487287019	0.934101276321172	6.1991330999335	-6.1991330999335	216	214	Genic/other	0	Heritable	0.230515992666055	0.805012898018036	0.00735874729801648	0	0	0	2.30515992666055	5.37527840768417	5.37063802812766	0	1.82440946129671
BA_only	hippocampus	AA	psi	chr17_45948075_45948907	chr17	45948075	45948907	65	65	0	0	0.0201857810470064	0.975856666808667	3.58606875946059	-3.58606875946059	832	199	Genic/other	1	Heritable	0.11021637614512	0.767360217542607	0.0105007937099871	0	0	0	1.1021637614512	6.72383244082121	5.29831736654804	0	1.27705655220503
BA_only	hippocampus	AA	psi	chr17_45949573_45951484	chr17	45949573	45951484	65	65	0	0	0.0046841761798167	0.900895908545546	6.0621528095292	6.0621528095292	1911	201	Genic/other	2	Heritable	0.17456981388053	0.695364476907877	0.00410325829856696	0	0	0	1.7456981388053	7.55538194424027	5.30826769740121	0	1.80206498774201
BA_only	hippocampus	AA	psi	chr17_46118509_46119393	chr17	46118509	46119393	75	75	0	0	0.000160769707633235	0.451718057803627	5.34442816933994	5.34442816933994	884	190	Genic/other	0	Non-heritable	0.0726468016185466	0.648270480473439	0.00782342985343737	0	0	0	0.726468016185466	6.78445706263764	5.25227342804663	0	1.67605455640412
BA_only	hippocampus	AA	psi	chr17_46194658_46194829	chr17	46194658	46194829	55	55	0	0	0.0130623064993312	0.964283399649536	4.419508814632	-4.419508814632	171	175	Promoter	1	Non-heritable	0.0753493617955035	0.679206963000558	0.00721125872423293	0	0	0	0.753493617955035	5.14166355650266	5.17048399503815	0	1.48602856426583
BA_only	hippocampus	AA	psi	chr17_46243668_46243775	chr17	46243668	46243775	48	48	0	0	0.0284560303983313	0.975932065139872	3.54021400741578	-3.54021400741578	107	177	Genic/other	1	Non-heritable	0.0831010228953486	0.596877907218207	0.00732072884191576	18326	0	0	0.831010228953486	4.67282883446191	5.18178355029209	9.81613066131788	1.26418718221535
BA_only	hippocampus	AA	psi	chr17_4626554_4627207	chr17	4626554	4627207	53	53	0	0	0.0709604390197453	0.985907779499035	2.98822130777271	2.98822130777271	653	525	Intergenic	0	Heritable	0.178818341632631	0.946294207751069	0.00743018606098077	11169	0	0	1.78818341632631	6.48157712927643	6.26530121273771	9.32098689206325	1.09467833339398
BA_only	hippocampus	AA	psi	chr17_4656773_4657216	chr17	4656773	4657216	62	62	0	0	9.69055956297567e-05	0.375948299216215	2.60687621376508	2.60687621376508	443	531	Intergenic	0	Heritable	0.132109258779326	0.927202038559506	0.00825465138940334	14665	0	0	1.32109258779326	6.09356977004514	6.27664348934165	9.59328716865375	0.958152655406538
BA_only	hippocampus	AA	psi	chr17_46835904_46836641	chr17	46835904	46836641	527	527	0	0	0.00445320444666562	0.892380978730048	4.34386872541263	-4.34386872541263	737	208	Genic/other	0	Non-heritable	0.0842005728402276	0.727903122208472	0.0077467323998161	0	0	0	0.842005728402276	6.60258789218934	5.34233425196481	0	1.46876536472863
BA_only	hippocampus	AA	psi	chr17_4708953_4709617	chr17	4708953	4709617	70	70	0	0	0.000298550402630996	0.537579539290605	1.96679076323832	1.96679076323832	664	534	Promoter	1	Heritable	0.651358265719231	0.946977233017678	0.042322298656328	1126	0	0	6.51358265719231	6.49828214947643	6.28226674689601	7.02731451403978	0.676403165288959
BA_only	hippocampus	AA	psi	chr17_47324330_47325059	chr17	47324330	47325059	268	268	0	0	0.0154098440563307	0.967076513219291	1.75717234322636	1.75717234322636	729	245	Promoter	1	Heritable	0.171578428935396	0.8723461386115	0.0194459060751632	0	0	0	1.71578428935396	6.59167373200866	5.50533153593236	0	0.563705899571154
BA_only	hippocampus	AA	psi	chr17_47707744_47708740	chr17	47707744	47708740	141	141	0	0	0.0137900770569673	0.964441318501853	3.11432829506345	-3.11432829506345	996	226	Genic/other	2	Non-heritable	0.0571822893410915	0.696402757904409	0.0106728836852369	0	0	0	0.571822893410915	6.9037472575846	5.4249500174814	0	1.13601349658402
BA_only	hippocampus	AA	psi	chr17_47811493_47811990	chr17	47811493	47811990	278	278	0	0	0.00113362207445626	0.726904188390347	4.80921598969552	-4.80921598969552	497	170	Genic/other	2	Heritable	0.514294504224857	0.824729713786615	0.00647219682403529	1828	0	0	5.14294504224857	6.20859002609663	5.14166355650266	7.51152464839087	1.57053407700644
BA_only	hippocampus	AA	psi	chr17_47850575_47850640	chr17	47850575	47850640	262	262	0	0	0.00791119715614084	0.933559278800072	9.65857608900465	9.65857608900465	65	166	Genic/other	1	Non-heritable	0.0984847552438531	0.64775845022996	0.00677727255880721	0	0	0	0.984847552438531	4.17438726989564	5.11799381241676	0	2.26784623560037
BA_only	hippocampus	AA	psi	chr17_48122096_48123369	chr17	48122096	48123369	230	230	0	0	0.00436665049814677	0.889521220752069	5.71616852096837	-5.71616852096837	1273	234	Genic/other	0	Non-heritable	0.0461668004774717	0.757630722901685	0.00835266577663302	3391	0	0	0.461668004774717	7.14913159855741	5.45958551414416	8.12917499691179	1.74329874370722
BA_only	hippocampus	AA	psi	chr17_48528466_48528989	chr17	48528466	48528989	103	103	0	0	0.00635234912052352	0.920376068783091	3.39719631961674	3.39719631961674	523	227	Enhancer	1	Heritable	0.142513146761803	0.803601326177181	0.00672819526803478	1203	0	0	1.42513146761803	6.25958146406492	5.42934562895444	7.09340462586877	1.22295048250889
BA_only	hippocampus	AA	psi	chr17_4856546_4857095	chr17	4856546	4857095	86	86	0	0	0.00286224968962158	0.844808629760907	2.67692175132112	2.67692175132112	549	545	Genic/other	0	Non-heritable	0.0289869017409645	0.84934989669856	0.00680723488521203	23944	0	0	0.289869017409645	6.30809844150953	6.30261897574491	10.0835148127767	0.98466753785827
BA_only	hippocampus	AA	psi	chr17_48817481_48817739	chr17	48817481	48817739	160	160	0	0	0.00209959102668648	0.815187053503819	3.10436582713332	-3.10436582713332	258	321	Promoter	1	Non-heritable	0.0991746373310541	0.909273237291874	0.0128522812779711	510	0	0	0.991746373310541	5.55295958492162	5.77455154554441	6.2363695902037	1.13280945527724
BA_only	hippocampus	AA	psi	chr17_48828526_48829250	chr17	48828526	48829250	158	158	1	1	1.23310175331656e-06	0.024855256749764	8.25799827393312	-8.25799827393312	724	317	Genic/other	2	Heritable	0.101210506403735	0.733857875964872	0.0153395085322962	1827	1	1	1.01210506403735	6.58479139238572	5.76205138278018	7.5109777520141	2.11118221965728
BA_only	hippocampus	AA	psi	chr17_48943794_48944031	chr17	48943794	48944031	91	91	0	0	0.0117217012545618	0.954158905547066	1.74024478634501	1.74024478634501	237	360	Promoter	1	Heritable	0.12079702315588	0.883599177584526	0.00883441690381653	0	0	0	1.2079702315588	5.46806014113513	5.88887795833288	0	0.554025790885475
BA_only	hippocampus	AA	psi	chr17_4901606_4902106	chr17	4901606	4902106	105	105	0	0	0.007758457511527	0.933559278800072	2.76361811709845	2.76361811709845	500	541	Promoter	1	Heritable	0.199151010024317	0.94248782743577	0.00834562287702484	0	0	0	1.99151010024317	6.21460809842219	6.29526600143965	0	1.01654073684476
BA_only	hippocampus	AA	psi	chr17_49249433_49249705	chr17	49249433	49249705	150	150	0	0	0.00331188036381836	0.860891464921694	2.24216487523197	2.24216487523197	272	404	Genic/other	0	Non-heritable	0.0906582300541357	0.925773790200511	0.00771622565885964	0	0	0	0.906582300541357	5.605802066296	6.00388706710654	0	0.807441865760192
BA_only	hippocampus	AA	psi	chr17_49339055_49339685	chr17	49339055	49339685	134	134	0	0	0.000777641318233452	0.681447094882683	3.12307080646211	3.12307080646211	630	371	Genic/other	0	Non-heritable	0.0934880094255909	0.898702393698427	0.00881731574621356	0	0	0	0.934880094255909	6.44571981938558	5.91889385427315	0	1.13881675382422
BA_only	hippocampus	AA	psi	chr17_49471379_49471669	chr17	49471379	49471669	142	142	0	0	0.0006002825573309	0.652505028625638	3.18530716557368	-3.18530716557368	290	456	Genic/other	1	Heritable	0.193997954387487	0.898328521774593	0.00728820360056859	9034	0	0	1.93997954387487	5.66988092298052	6.12468339089421	9.10886120302633	1.15854872882379
BA_only	hippocampus	AA	psi	chr17_49574628_49574779	chr17	49574628	49574779	66	66	0	0	0.0176404160877275	0.970931943606436	2.61500432971311	-2.61500432971311	151	502	Promoter	1	Non-heritable	0.0895123411681487	0.925850127118823	0.00621256640753275	0	0	0	0.895123411681487	5.01727983681492	6.22059017009974	0	0.961265757061632
BA_only	hippocampus	AA	psi	chr17_49798376_49798498	chr17	49798376	49798498	57	57	0	0	0.0112250399102073	0.948807906521081	5.4511203027149	-5.4511203027149	122	564	Genic/other	0	Non-heritable	0.0618214395953288	0.953937000838899	0.00822858946629178	0	0	0	0.618214395953288	4.80402104473326	6.33682573114644	0	1.69582114951622
BA_only	hippocampus	AA	psi	chr17_49973192_49973459	chr17	49973192	49973459	128	128	0	0	0.00266149090635269	0.835655744705892	2.96271867828869	2.96271867828869	267	537	Genic/other	2	Non-heritable	0.0579004159739086	0.934506700218548	0.0089486410103037	35121	0	0	0.579004159739086	5.58724865840025	6.28785856016178	10.4665829937358	1.0861073225684
BA_only	hippocampus	AA	psi	chr17_502897_503518	chr17	502897	503518	59	59	0	0	0.0242260194999221	0.975932065139872	4.7595125214145	-4.7595125214145	621	569	Promoter	2	Heritable	0.363712714841436	0.90802626861993	0.00898692879652609	0	0	0	3.63712714841436	6.43133108193348	6.3456363608286	0	1.56014525363243
BA_only	hippocampus	AA	psi	chr17_5032054_5032250	chr17	5032054	5032250	106	106	0	0	0.00637901385420149	0.920396876547655	1.53316312377007	-1.53316312377007	196	460	Intergenic	0	Non-heritable	0.0996451913191722	0.926963449847007	0.011530376010039	918	0	0	0.996451913191722	5.27811465923052	6.13339804299665	6.82328612235569	0.427333008950844
BA_only	hippocampus	AA	psi	chr17_50475951_50476585	chr17	50475951	50476585	91	91	0	0	0.00201884333997508	0.808078177358965	1.42892517618573	-1.42892517618573	634	557	Genic/other	2	Non-heritable	0.088806905700397	0.948962937067473	0.0158836958653338	2285	0	0	0.88806905700397	6.45204895443723	6.32435896238131	7.73455884435476	0.356922543613414
BA_only	hippocampus	AA	psi	chr17_5062022_5063115	chr17	5062022	5063115	97	97	0	0	0.0146219449754191	0.966089857218066	2.66102628412837	-2.66102628412837	1093	431	Intergenic	0	Heritable	0.660111287349238	0.882936500142077	0.0116471230332722	11316	0	0	6.60111287349238	6.99668148817654	6.06842558824411	9.33406129896594	0.978711873242625
BA_only	hippocampus	AA	psi	chr17_50781301_50781576	chr17	50781301	50781576	98	98	0	0	0.0109128970917789	0.946344095230339	2.74467359148177	2.74467359148177	275	414	Promoter	1	Heritable	0.111103026606972	0.886137722286839	0.00981319564065731	30	0	0	1.11103026606972	5.61677109766657	6.0282785202307	3.43398720448515	1.00966216132753
BA_only	hippocampus	AA	psi	chr17_50838163_50838797	chr17	50838163	50838797	49	49	0	0	0.0316589270570575	0.977060807838727	3.11897105790436	3.11897105790436	634	372	Genic/other	2	Heritable	0.149549639952795	0.877374104287626	0.00874796709557115	0	0	0	1.49549639952795	6.45204895443723	5.92157841964382	0	1.13750316150196
BA_only	hippocampus	AA	psi	chr17_50944233_50944900	chr17	50944233	50944900	43	43	0	0	0.000269003002191149	0.515334164577792	6.31448054939681	6.31448054939681	667	388	Promoter	2	Non-heritable	0.0898053118904954	0.909006098369011	0.00663585368457111	0	0	0	0.898053118904954	6.50279004591562	5.96357934361845	0	1.84284549737527
BA_only	hippocampus	AA	psi	chr17_5112687_5112837	chr17	5112687	5112837	96	96	0	0	0.00126423272910397	0.748685029382681	3.23742384291461	-3.23742384291461	150	380	Promoter	1	Non-heritable	0.0790213593935875	0.875194297088329	0.00856614679619045	0	0	0	0.790213593935875	5.01063529409626	5.9427993751267	0	1.17477790641379
BA_only	hippocampus	AA	psi	chr17_52884250_52884560	chr17	52884250	52884560	1	1	0	0	0.80202635765591	0.997905235866788	0.000726179176916268	0.000726179176916268	310	223	Genic/other	0	Heritable	0.10721473035552	0.811393768753123	0.00968489700777667	0	0	0	1.0721473035552	5.73657229747919	5.41164605185504	0	-7.22770000281822
BA_only	hippocampus	AA	psi	chr17_5305542_5306559	chr17	5305542	5306559	168	168	0	0	0.00767762178138809	0.933559278800072	5.92764001209269	5.92764001209269	1017	364	Genic/other	0	Heritable	0.232574205323625	0.863702439048123	0.00915840136079435	0	0	0	2.32574205323625	6.92461239604856	5.89989735358249	0	1.77962616113185
BA_only	hippocampus	AA	psi	chr17_5446665_5447076	chr17	5446665	5447076	148	148	0	0	0.0077052971268374	0.933559278800072	4.47714369384393	4.47714369384393	411	446	Genic/other	1	Non-heritable	0.0985144483484097	0.910084793286981	0.00923639548665491	6903	0	0	0.985144483484097	6.01859321449623	6.10255859461357	8.83985623276326	1.49898527698893
BA_only	hippocampus	AA	psi	chr17_54965387_54966651	chr17	54965387	54966651	28	28	0	0	0.00279577921752764	0.842320220530838	2.42373714685156	2.42373714685156	1264	417	Genic/other	2	Heritable	0.175736195482235	0.926484489353178	0.0195302589054772	2080	0	0	1.75736195482235	7.1420365747068	6.03548143252476	7.64060382639363	0.88531062868562
BA_only	hippocampus	AA	psi	chr17_55576855_55577725	chr17	55576855	55577725	72	72	0	0	0.0287291570991433	0.975932065139872	1.54528598349635	-1.54528598349635	870	412	Enhancer	0	Heritable	0.102903259432009	0.87034750212005	0.00957672964893046	3459	0	0	1.02903259432009	6.76849321164863	6.02344759296103	8.14902386805177	0.435209002278267
BA_only	hippocampus	AA	psi	chr17_55774808_55775786	chr17	55774808	55775786	70	70	0	0	0.0106321445186909	0.944902218841749	2.77949352503505	2.77949352503505	978	389	Genic/other	0	Heritable	0.202267141083114	0.908437340594609	0.0107549198209519	0	0	0	2.02267141083114	6.88550967003482	5.96614673912369	0	1.02226872946339
BA_only	hippocampus	AA	psi	chr17_55844815_55844979	chr17	55844815	55844979	66	66	0	0	0.00659651375922198	0.924347635787439	2.5980814490636	-2.5980814490636	164	371	Genic/other	1	Heritable	0.112931505856706	0.878571470716489	0.00695194983626366	22053	0	0	1.12931505856706	5.0998664278242	5.91889385427315	10.0012492703186	0.954773272284809
BA_only	hippocampus	AA	psi	chr17_5665225_5665424	chr17	5665225	5665424	110	110	0	0	0.0040025357736047	0.876526751905212	3.46490125167273	3.46490125167273	199	600	Intergenic	0	Non-heritable	0.091187138821074	0.957117879250562	0.00664614213599073	35120	0	0	0.91187138821074	5.29330482472449	6.39859493453521	10.4665545211478	1.2426841363261
BA_only	hippocampus	AA	psi	chr17_57406979_57407482	chr17	57406979	57407482	18	18	0	0	0.0490505733577463	0.983041848537514	4.27980243570905	4.27980243570905	503	671	Genic/other	0	Non-heritable	0.085684462205762	0.956926814330621	0.00820005862232097	5599	0	0	0.85684462205762	6.22059017009974	6.51025834052315	8.63052187672324	1.4539068509838
BA_only	hippocampus	AA	psi	chr17_5769992_5771648	chr17	5769992	5771648	32	32	0	0	0.0485774080053138	0.982844443292717	0.446523199710121	-0.446523199710121	1656	638	Promoter	0	Heritable	0.549114632142469	0.956977991860227	0.0408218036273341	0	0	0	5.49114632142469	7.41216033494521	6.45990445437754	0	-0.80626389858293
BA_only	hippocampus	AA	psi	chr17_57861025_57861731	chr17	57861025	57861731	13	13	0	0	0.103153025994769	0.990610842832516	2.11625549128214	2.11625549128214	706	630	Enhancer	2	Heritable	0.119386289606995	0.956447883143729	0.00935542598339722	1553	0	0	1.19386289606995	6.55961523749324	6.44730586254121	7.34858753092759	0.749648254004483
BA_only	hippocampus	AA	psi	chr17_57862868_57863247	chr17	57862868	57863247	13	13	0	0	0.263427775949444	0.992867443944815	1.04056890246261	-1.04056890246261	379	657	Genic/other	1	Non-heritable	0.0658908032410703	0.953154190663055	0.00745051862252201	37	0	0	0.658908032410703	5.93753620508243	6.48920493132532	3.63758615972639	0.0397675948002974
BA_only	hippocampus	AA	psi	chr17_57928483_57929336	chr17	57928483	57929336	13	13	0	0	0.0637359179750987	0.985907779499035	2.22791802776715	-2.22791802776715	853	603	Genic/other	0	Non-heritable	0.0694798485326574	0.945826598778327	0.00823023617666778	6086	0	0	0.694798485326574	6.74875954749168	6.40357419793482	8.71391062849392	0.801067534030714
BA_only	hippocampus	AA	psi	chr17_58219950_58220154	chr17	58219950	58220154	80	80	0	0	0.0228161347545355	0.975932065139872	2.48710267036839	2.48710267036839	204	389	Promoter	1	Non-heritable	0.0747579983707382	0.885648370125567	0.0129400790301831	487	0	0	0.747579983707382	5.31811999384422	5.96614673912369	6.19031540585315	0.911118450807908
BA_only	hippocampus	AA	psi	chr17_58526791_58528107	chr17	58526791	58528107	166	166	0	0	0.000252814371197172	0.503902674622265	4.39374227921942	-4.39374227921942	1316	240	Promoter	1	Heritable	0.10307667934891	0.832827334576597	0.00642042939265959	0	0	0	1.0307667934891	7.18235211188526	5.48479693349066	0	1.48018132163235
BA_only	hippocampus	AA	psi	chr17_58529481_58531072	chr17	58529481	58531072	165	165	0	0	0.00105749048450105	0.721965237965727	1.60402499035059	-1.60402499035059	1591	235	Promoter	2	Heritable	0.142742936900515	0.821584128227156	0.00794091402424353	0	0	0	1.42742936900515	7.37211802833779	5.46383180502561	0	0.472516095576343
BA_only	hippocampus	AA	psi	chr17_58533577_58534134	chr17	58533577	58534134	165	165	0	0	0.000589554706899886	0.646911054053526	4.37824967141223	-4.37824967141223	557	233	Genic/other	1	Heritable	0.200389326419779	0.792600048977602	0.0072042901611995	0	0	0	2.00389326419779	6.32256523992728	5.4553211153577	0	1.47664902840463
BA_only	hippocampus	AA	psi	chr17_58632471_58632757	chr17	58632471	58632757	126	126	0	0	0.000646332320575505	0.660423394083112	2.60270307632018	2.60270307632018	286	199	Promoter	0	Non-heritable	0.0707642414412227	0.744409988688881	0.0105697328646678	0	0	0	0.707642414412227	5.65599181081985	5.29831736654804	0	0.956550553551814
BA_only	hippocampus	AA	psi	chr17_58693403_58693581	chr17	58693403	58693581	124	124	0	0	0.000999027368023351	0.718066796783097	5.80499767800011	-5.80499767800011	178	174	Genic/other	1	Non-heritable	0.0145289771259842	0.526294956082561	0.0100064196628004	0	0	0	0.145289771259842	5.18178355029209	5.16478597392351	0	1.75871921687245
BA_only	hippocampus	AA	psi	chr17_5893227_5893868	chr17	5893227	5893868	4	4	0	0	0.189305898146107	0.991064867102684	0.554886069357242	-0.554886069357242	641	701	Genic/other	0	Heritable	0.122262078255348	0.947340055121569	0.00627109632480096	120556	0	0	1.22262078255348	6.46302945692067	6.55393340402581	11.6998779491155	-0.5889924487243
BA_only	hippocampus	AA	psi	chr17_59209467_59209650	chr17	59209467	59209650	33	33	0	0	0.0324050812496387	0.978660772153819	1.85595716269524	-1.85595716269524	183	185	Promoter	1	Heritable	0.152491843568137	0.785149151943276	0.00911078136437738	610	0	0	1.52491843568137	5.20948615284142	5.2257466737132	6.4150969591716	0.618400559041332
BA_only	hippocampus	AA	psi	chr17_59234113_59234307	chr17	59234113	59234307	33	33	0	0	0.0136992180158368	0.964283399649536	1.30495775256188	-1.30495775256188	194	189	Genic/other	0	Non-heritable	0.0807877565012579	0.64120447900399	0.0107610511478058	14477	0	0	0.807877565012579	5.26785815906333	5.24702407216049	9.58038553485309	0.266170674397906
BA_only	hippocampus	AA	psi	chr17_5931750_5932431	chr17	5931750	5932431	6	6	0	0	0.0517188007524549	0.984153364580922	0.613118892226285	-0.613118892226285	681	715	Genic/other	0	Heritable	0.187194110587144	0.946584200537882	0.0081092532755728	136775	0	0	1.87194110587144	6.52356230614951	6.57368016696065	11.8260998301829	-0.48919639411252
BA_only	hippocampus	AA	psi	chr17_59333326_59334607	chr17	59333326	59334607	35	35	0	0	0.000135046556979833	0.427037609173052	3.25527824703526	-3.25527824703526	1281	177	Genic/other	1	Heritable	0.129987823800213	0.738081605903324	0.00733548235785619	0	0	0	1.29987823800213	7.15539630189673	5.18178355029209	0	1.18027775803915
BA_only	hippocampus	AA	psi	chr17_59395210_59395585	chr17	59395210	59395585	33	33	0	0	0.00659637307296508	0.924347635787439	1.43135769308156	-1.43135769308156	375	188	Genic/other	0	Non-heritable	0.0715732358670314	0.782318713076362	0.0103662607158471	5045	0	0	0.715732358670314	5.92692602597041	5.24174701505964	8.526351129201	0.358623436550546
BA_only	hippocampus	AA	psi	chr17_59547537_59548182	chr17	59547537	59548182	41	41	0	0	0.01636195042586	0.969245141301252	1.89545180152339	1.89545180152339	645	194	Intergenic	0	Heritable	0.148486940792269	0.80799347141281	0.00796583955851155	17540	0	0	1.48486940792269	6.46925031679577	5.27299955856375	9.77229627684378	0.639457233083639
BA_only	hippocampus	AA	psi	chr17_60102151_60102770	chr17	60102151	60102770	142	142	0	0	0.00428921528377735	0.888539612676336	4.32829435322655	4.32829435322655	619	156	Promoter	0	Heritable	0.104668342034112	0.707626984098503	0.00802790875629008	10349	0	0	1.04668342034112	6.4281052726846	5.05624580534831	9.24474179869351	1.46517355291586
BA_only	hippocampus	AA	psi	chr17_60141805_60142624	chr17	60141805	60142624	141	141	0	0	0.00635277127538182	0.920376068783091	1.30536828069605	1.30536828069605	819	145	Genic/other	1	Heritable	0.332321855285526	0.832602900096928	0.0188207465122581	6264	0	0	3.32321855285526	6.70808408385307	4.98360662170834	8.74273386733017	0.266485216052227
BA_only	hippocampus	AA	psi	chr17_60326908_60327626	chr17	60326908	60327626	120	120	0	0	0.00458106148150906	0.897520405788695	6.65195891895676	6.65195891895676	718	151	Genic/other	0	Non-heritable	0.0851474019931883	0.585969454206487	0.00813974295053326	17981	0	0	0.851474019931883	6.57646956904822	5.02388052084628	9.79712653654472	1.89491138707181
BA_only	hippocampus	AA	psi	chr17_60545485_60546384	chr17	60545485	60546384	30	30	0	0	0.0085731179171128	0.933559278800072	4.55215801048113	-4.55215801048113	899	138	Genic/other	0	Non-heritable	0.0469354640468543	0.543259037488517	0.00819988876883462	2181	0	0	0.469354640468543	6.80128303447162	4.93447393313069	7.68799716639302	1.51560141073844
BA_only	hippocampus	AA	psi	chr17_60746286_60747624	chr17	60746286	60747624	25	25	0	0	0.0103422547636532	0.944902218841749	4.49233253221023	-4.49233253221023	1338	162	Genic/other	0	Heritable	0.116855226545011	0.512327496343098	0.00749234286931499	56599	0	0	1.16855226545011	7.19893124068817	5.09375020080676	10.9437642641913	1.50237206401373
BA_only	hippocampus	AA	psi	chr17_60761654_60763883	chr17	60761654	60763883	25	25	0	0	0.00367618314768235	0.867953489674172	2.17186115203648	-2.17186115203648	2229	176	Genic/other	0	Heritable	0.621466041096702	0.857278260052857	0.00808044727768177	71967	0	0	6.21466041096702	7.70930833338587	5.17614973257383	11.183976854759	0.775584478314281
BA_only	hippocampus	AA	psi	chr17_6079046_6079849	chr17	6079046	6079849	12	12	0	0	0.145788050492465	0.991064867102684	1.3138587683138	-1.3138587683138	803	780	Promoter	0	Heritable	0.115037405964063	0.96922041059202	0.00754019560919476	0	0	0	1.15037405964063	6.68835471394676	6.66057514983969	0	0.272968439639573
BA_only	hippocampus	AA	psi	chr17_6084072_6085271	chr17	6084072	6085271	12	12	0	0	0.243858885394374	0.992251400764981	1.38990786446623	-1.38990786446623	1199	806	Genic/other	0	Non-heritable	0.0824861787822009	0.973876664226496	0.00850718885708161	0	0	0	0.824861787822009	7.08924315502751	6.69332366826995	0	0.329237467583734
BA_only	hippocampus	AA	psi	chr17_60851341_60852320	chr17	60851341	60852320	27	27	0	0	0.0112831795273125	0.950081225852059	3.61919565614046	3.61919565614046	979	247	Promoter	0	Non-heritable	0.0970968723798402	0.782703863388762	0.00698365280047131	34162	0	0	0.970968723798402	6.88653164253051	5.51342874616498	10.4388984660604	1.28625180947555
BA_only	hippocampus	AA	psi	chr17_60857713_60858301	chr17	60857713	60858301	27	27	0	0	0.058183828135675	0.98577631996496	2.31510394917673	-2.31510394917673	588	256	Genic/other	0	Non-heritable	0.0224569741787804	0.686622126014274	0.0106114145575919	28181	0	0	0.224569741787804	6.37672694789863	5.54907608489522	10.2464387552551	0.839454593301724
BA_only	hippocampus	AA	psi	chr17_61381277_61381592	chr17	61381277	61381592	299	299	0	0	0.00959777268556859	0.939841915020693	5.31602371490754	-5.31602371490754	315	346	Genic/other	0	Non-heritable	0.02278159886335	0.750891991330669	0.00878527061470981	0	0	0	0.2278159886335	5.75257263882563	5.84932477994686	0	1.67072560376571
BA_only	hippocampus	AA	psi	chr17_61461030_61461679	chr17	61461030	61461679	299	299	0	0	0.000277417776154946	0.524232027890775	3.38911398630585	-3.38911398630585	649	352	Genic/other	1	Non-heritable	0.0526525583028194	0.814069261625339	0.00611598333787941	16734	0	0	0.526525583028194	6.47543271670409	5.8664680569333	9.72525761364543	1.22056852921053
BA_only	hippocampus	AA	psi	chr17_61884716_61885885	chr17	61884716	61885885	15	15	0	0	0.0330755466311484	0.979164877002956	1.64556698012769	-1.64556698012769	1169	354	Promoter	0	Non-heritable	0.0781285886632778	0.851100722468161	0.0122474786980029	21431	0	0	0.781285886632778	7.06390396147207	5.87211778947542	9.97264041122444	0.498084999680264
BA_only	hippocampus	AA	psi	chr17_62478901_62479077	chr17	62478901	62479077	69	69	0	0	0.015050860279214	0.966167725188189	10.1658101840939	10.1658101840939	176	368	Promoter	1	Non-heritable	0.0531148867178182	0.869353661674948	0.00941977399139067	0	0	0	0.531148867178182	5.17048399503815	5.91079664404053	0	2.31903014819272
BA_only	hippocampus	AA	psi	chr17_62674829_62675541	chr17	62674829	62675541	59	59	0	0	0.0261755834982717	0.975932065139872	5.54501626030334	5.54501626030334	712	329	Promoter	0	Heritable	0.118724603886036	0.782643619868017	0.00797069669667841	3075	0	0	1.18724603886036	6.56807791141198	5.79909265446053	8.03138533062553	1.71289955502766
BA_only	hippocampus	AA	psi	chr17_62680728_62680831	chr17	62680728	62680831	59	59	0	0	0.0203965878350548	0.975856666808667	4.91182886743334	4.91182886743334	103	321	Promoter	1	Non-heritable	0.0653041172813358	0.848660245927535	0.00716809379979991	927	0	0	0.653041172813358	4.63472898822964	5.77455154554441	6.8330317327862	1.59164635258192
BA_only	hippocampus	AA	psi	chr17_62705231_62705664	chr17	62705231	62705664	60	60	0	0	0.0185173146315501	0.972503866121758	3.2345193876536	-3.2345193876536	433	312	Promoter	1	Non-heritable	0.0825594743928012	0.857533247677032	0.00789147524658891	0	0	0	0.825594743928012	6.07073772800249	5.74620319054015	0	1.17388035359432
BA_only	hippocampus	AA	psi	chr17_62808718_62808842	chr17	62808718	62808842	17	17	0	0	0.070444553478088	0.985907779499035	0.701540098733095	0.701540098733095	124	263	Promoter	1	Non-heritable	0.0706935269807076	0.816299107565703	0.0085042524764927	640	0	0	0.706935269807076	4.82028156560504	5.57594910314632	6.46302945692067	-0.354477205403247
BA_only	hippocampus	AA	psi	chr17_63437795_63438045	chr17	63437795	63438045	43	43	0	0	0.0424458269783176	0.980549382116533	4.10290981922365	-4.10290981922365	250	183	Promoter	2	Heritable	0.167490493785564	0.757796741859435	0.00469869547614841	0	0	0	1.67490493785564	5.52146091786225	5.21493575760899	0	1.41169643642685
BA_only	hippocampus	AA	psi	chr17_63742698_63742909	chr17	63742698	63742909	164	164	0	0	0.000799747358183248	0.683148985370606	5.02545162791343	5.02545162791343	211	264	Promoter	1	Heritable	0.214242136703755	0.854565481157792	0.0092050429920727	956	0	0	2.14242136703755	5.35185813347607	5.57972982598622	6.86380339145295	1.61451532809806
BA_only	hippocampus	AA	psi	chr17_6374832_6375345	chr17	6374832	6375345	36	36	0	0	0.0225072175164661	0.975932065139872	1.80353284015128	1.80353284015128	513	799	Promoter	0	Non-heritable	0.0652561550871927	0.975743402026514	0.00931854648287699	0	0	0	0.652561550871927	6.24027584517077	6.68461172766793	0	0.589747435862209
BA_only	hippocampus	AA	psi	chr17_64118515_64118999	chr17	64118515	64118999	45	45	0	0	0.028527123475877	0.975932065139872	8.45158641361238	8.45158641361238	484	253	Enhancer	0	Heritable	0.163998026374467	0.859251724560145	0.0084490146000147	26284	0	0	1.63998026374467	6.18208490671663	5.53733426701854	10.1767537132535	2.13435416618701
BA_only	hippocampus	AA	psi	chr17_6422099_6422641	chr17	6422099	6422641	45	45	0	0	0.075476525891661	0.987023137100836	2.70385683357904	-2.70385683357904	542	773	Genic/other	0	Heritable	0.113599018037546	0.974203301515682	0.00976829677107811	4042	0	0	1.13599018037546	6.29526600143965	6.65157187358973	8.30474226964077	0.994679214315843
BA_only	hippocampus	AA	psi	chr17_64263873_64263996	chr17	64263873	64263996	59	59	0	0	0.00356594252864725	0.866906756094015	2.85962279268833	2.85962279268833	123	270	Promoter	1	Heritable	0.148846447456798	0.832933414073022	0.00971600296123969	70313	0	0	1.48846447456798	4.81218435537242	5.6021188208797	11.1607262044867	1.05068972896197
BA_only	hippocampus	AA	psi	chr17_64720396_64720653	chr17	64720396	64720653	115	115	0	0	0.0100177622299148	0.944902218841749	2.42535440735098	-2.42535440735098	257	313	Intergenic	0	Non-heritable	0.0857413044721595	0.87426590202021	0.0138003674001343	29354	0	0	0.857413044721595	5.54907608489522	5.74939298590825	10.2872181684983	0.885977665195299
BA_only	hippocampus	AA	psi	chr17_6473138_6473430	chr17	6473138	6473430	52	52	0	0	0.0133559949104784	0.964283399649536	3.73250290878003	3.73250290878003	292	776	Promoter	0	Heritable	0.109886737402885	0.966540377183094	0.00887114276664824	480	0	0	1.09886737402885	5.67675380226828	6.65544035036765	6.17586727010576	1.31707903242153
BA_only	hippocampus	AA	psi	chr17_64777699_64778149	chr17	64777699	64778149	106	106	0	0	0.00715244991598035	0.931602204679102	4.16725880703268	4.16725880703268	450	318	Genic/other	1	Non-heritable	0.0737886896178399	0.685290289045711	0.00768847258934167	3758	0	0	0.737886896178399	6.10924758276437	5.76519110278484	8.23190824356418	1.42725846163045
BA_only	hippocampus	AA	psi	chr17_64779372_64779917	chr17	64779372	64779917	106	106	0	0	0.0296998263163559	0.976741514025636	4.44305689306988	4.44305689306988	545	326	Promoter	1	Heritable	0.100005556217479	0.875235964652364	0.00894577390337992	1990	0	0	1.00005556217479	6.30078579466324	5.78996017089725	7.5963923040642	1.49134263122487
BA_only	hippocampus	AA	psi	chr17_64780472_64781251	chr17	64780472	64781251	106	106	0	0	0.0215472846298981	0.975932065139872	4.13820623473198	4.13820623473198	779	330	Promoter	1	Non-heritable	0.098208433522927	0.867684041670177	0.00915640445019408	656	0	0	0.98208433522927	6.65801104587075	5.80211837537706	6.48768401848461	1.4202624197275
BA_only	hippocampus	AA	psi	chr17_65277627_65277880	chr17	65277627	65277880	5	5	0	0	0.502636237108359	0.994974150114652	1.77178664615343	1.77178664615343	253	479	Intergenic	0	Non-heritable	0.0329443388738649	0.841797976203237	0.00741039374734564	67138	0	0	0.329443388738649	5.53338948872752	6.17378610390194	11.1145203761723	0.571988447729953
BA_only	hippocampus	AA	psi	chr17_65594262_65594868	chr17	65594262	65594868	3	3	0	0	0.625576726865396	0.99722229822956	0.248880121995002	-0.248880121995002	606	466	Genic/other	0	Non-heritable	0.0756625171568055	0.834645431420804	0.00881410743505694	46196	0	0	0.756625171568055	6.40687998606931	6.1463292576689	10.7406701398965	-1.39078389603689
BA_only	hippocampus	AA	psi	chr17_65902208_65902381	chr17	65902208	65902381	2	2	0	0	0.660165902529276	0.99725367388771	0.359115636266976	0.359115636266976	173	397	Genic/other	0	Heritable	0.125550734607896	0.904755130614406	0.00845034015519295	55	0	0	1.25550734607896	5.15329159449778	5.98645200528444	4.02535169073515	-1.02411080791962
BA_only	hippocampus	AA	psi	chr17_66190889_66191125	chr17	66190889	66191125	30	30	0	0	0.00542299655151759	0.9135930038698	1.42055399611344	1.42055399611344	236	297	Genic/other	1	Non-heritable	0.0783919949974423	0.844416282206732	0.00900035276621713	15844	0	0	0.783919949974423	5.46383180502561	5.69709348650541	9.67060927212502	0.351046940676649
BA_only	hippocampus	AA	psi	chr17_66199986_66200898	chr17	66199986	66200898	30	30	0	0	0.0746307195045479	0.986193384461941	0.650669082072255	0.650669082072255	912	298	Intergenic	0	Heritable	0.116903235974611	0.889082395982318	0.00517603185828522	24941	0	0	1.16903235974611	6.81563999007433	5.70044357339069	10.1243084084807	-0.429754073114092
BA_only	hippocampus	AA	psi	chr17_66540252_66540676	chr17	66540252	66540676	29	29	0	0	0.175416701816842	0.991064867102684	1.00073525816944	-1.00073525816944	424	455	Enhancer	0	Heritable	0.131878273782125	0.921090858539033	0.00774751948921917	77199	0	0	1.31878273782125	6.04973345523196	6.12249280951439	11.2541547360129	0.000734997992226447
BA_only	hippocampus	AA	psi	chr17_6654745_6655677	chr17	6654745	6655677	65	65	0	0	0.0257303212486208	0.975932065139872	2.74528204093498	2.74528204093498	932	752	Promoter	2	Heritable	0.445611929410263	0.940563072459861	0.0125595178356254	0	0	0	4.45611929410263	6.83733281468559	6.62406522779989	0	1.00988382047898
BA_only	hippocampus	AA	psi	chr17_6657205_6657412	chr17	6657205	6657412	65	65	0	0	0.00126611928031167	0.748685029382681	2.68116783167156	2.68116783167156	207	737	Promoter	1	Non-heritable	0.0991032283989384	0.942698002656934	0.00930136798454271	0	0	0	0.991032283989384	5.33271879326537	6.60394382460047	0	0.986252461423904
BA_only	hippocampus	AA	psi	chr17_66603975_66604373	chr17	66603975	66604373	4	4	0	0	0.10126540617387	0.990428070812969	0.861926798959121	-0.861926798959121	398	474	Genic/other	0	Non-heritable	0.0580186863217493	0.83207538678691	0.00903608117775548	140922	0	0	0.580186863217493	5.98645200528444	6.16331480403464	11.855968920903	-0.148584920323458
BA_only	hippocampus	AA	psi	chr17_66777215_66778081	chr17	66777215	66778081	4	4	0	0	0.0919334294342451	0.989446665475032	0.480174727768406	-0.480174727768406	866	426	Genic/other	0	Heritable	0.102818983792136	0.916028744794459	0.00928725415608596	182783	0	0	1.02818983792136	6.76388490856244	6.05678401322863	12.1160604068191	-0.733605204308086
BA_only	hippocampus	AA	psi	chr17_67022098_67022781	chr17	67022098	67022781	184	184	0	0	0.0126636677302221	0.961717006536833	3.79685300690671	-3.79685300690671	683	492	Promoter	0	Non-heritable	0.092492934062377	0.950591770509232	0.00965345320022817	57914	0	0	0.92492934062377	6.52649485957079	6.20050917404269	10.9667316973664	1.33417257017823
BA_only	hippocampus	AA	psi	chr17_67374708_67375083	chr17	67374708	67375083	185	185	0	0	0.00719963872152724	0.931602204679102	4.65917032761361	-4.65917032761361	375	507	Genic/other	1	Heritable	0.118889682509032	0.950990955370149	0.00938671993438016	8295	0	0	1.18889682509032	5.92692602597041	6.23048144757848	9.02352874990936	1.538837393148
BA_only	hippocampus	AA	psi	chr17_67376336_67376506	chr17	67376336	67376506	185	185	0	0	0.0215287570004797	0.975932065139872	4.09848106519911	-4.09848106519911	170	514	Promoter	1	Heritable	0.141524727631643	0.956737638479383	0.00880414823585589	8643	0	0	1.41524727631643	5.13579843705026	6.24416690066374	9.06462071762678	1.41061643560587
BA_only	hippocampus	AA	psi	chr17_67637034_67637507	chr17	67637034	67637507	18	18	0	0	0.057611840147402	0.98577631996496	1.25696611723491	1.25696611723491	473	405	Promoter	0	Non-heritable	0.0995184889357028	0.930514151729255	0.00974530351932124	20592	0	0	0.995184889357028	6.15909538849193	6.00635315960173	9.93270649120535	0.228700981937873
BA_only	hippocampus	AA	psi	chr17_676595_677267	chr17	676595	677267	62	62	0	0	0.0124048357464565	0.959960915993227	2.22982778203188	-2.22982778203188	672	789	Promoter	0	Heritable	0.114862172209239	0.971557233928185	0.00768885762004555	0	0	0	1.14862172209239	6.51025834052315	6.67203294546107	0	0.801924359186065
BA_only	hippocampus	AA	psi	chr17_67851103_67851453	chr17	67851103	67851453	53	53	0	0	0.0201053166648213	0.975836315032209	2.70293069989725	-2.70293069989725	350	497	Enhancer	0	Heritable	0.132637468092104	0.933342746869466	0.00976308534381864	23566	0	0	1.32637468092104	5.85793315448346	6.21060007702465	10.0676027073881	0.99433663244752
BA_only	hippocampus	AA	psi	chr17_67982184_67983382	chr17	67982184	67983382	49	49	0	0	0.00623872722937585	0.920376068783091	1.68986443073481	-1.68986443073481	1198	477	Genic/other	0	Heritable	0.122563291382157	0.93498693334452	0.00777032598710379	0	0	0	1.22563291382157	7.0884087786754	6.16961073249146	0	0.524648313134828
BA_only	hippocampus	AA	psi	chr17_68011053_68011367	chr17	68011053	68011367	67	67	0	0	0.0338067196982784	0.979164877002956	4.01812488645406	4.01812488645406	314	471	Intergenic	0	Heritable	0.12674277117472	0.902378148202169	0.00669729419201118	18008	0	0	1.2674277117472	5.74939298590825	6.15697898558556	9.79862691191995	1.3908153501441
BA_only	hippocampus	AA	psi	chr17_68207660_68207842	chr17	68207660	68207842	64	64	0	0	0.0326235349850617	0.978767274759071	2.37834185279726	2.37834185279726	182	426	Genic/other	1	Heritable	0.138391355588601	0.915346342127383	0.00925722468176325	1204	0	0	1.38391355588601	5.2040066870768	6.05678401322863	7.09423484592476	0.86640354857406
BA_only	hippocampus	AA	psi	chr17_68258743_68259414	chr17	68258743	68259414	57	57	0	0	0.0300669023604041	0.976893291659941	2.94513662690524	-2.94513662690524	671	438	Promoter	2	Non-heritable	0.0996369108377468	0.921287277711838	0.00761515599157601	11	0	0	0.996369108377468	6.50876913697168	6.08449941307517	2.484906649788	1.08015521225996
BA_only	hippocampus	AA	psi	chr17_6830262_6830909	chr17	6830262	6830909	144	144	0	0	0.00453007588881921	0.895415716423085	3.13960712251671	-3.13960712251671	647	711	Genic/other	0	Heritable	0.124201230556368	0.965219369145977	0.0134735658318665	74	0	0	1.24201230556368	6.4723462945009	6.56807791141198	4.31748811353631	1.14409767505948
BA_only	hippocampus	AA	psi	chr17_68413770_68414227	chr17	68413770	68414227	71	71	0	0	0.00115959741154201	0.72939557362483	3.826628247613	-3.826628247613	457	463	Genic/other	0	Non-heritable	0.0946409696856397	0.917106621842983	0.00750580751853413	0	0	0	0.946409696856397	6.12468339089421	6.13988455222626	0	1.34198406496379
BA_only	hippocampus	AA	psi	chr17_6903584_6904208	chr17	6903584	6904208	144	144	0	0	0.0103724989292231	0.944902218841749	3.82572550061312	-3.82572550061312	624	717	Genic/other	0	Heritable	0.155259771791232	0.967954997726968	0.0086277455568764	0	0	0	1.55259771791232	6.43615036836943	6.57646956904822	0	1.34174812526957
BA_only	hippocampus	AA	psi	chr17_69414092_69414401	chr17	69414092	69414401	286	286	0	0	0.00896457435390525	0.937915179400488	5.0504011709364	5.0504011709364	309	318	Promoter	0	Non-heritable	0.0912956019633489	0.879656579054103	0.0103193851669608	598	0	0	0.912956019633489	5.73334127689775	5.76519110278484	6.39526159811545	1.61946768190152
BA_only	hippocampus	AA	psi	chr17_6995888_6995978	chr17	6995888	6995978	183	183	0	0	0.000472174768404265	0.604162640906295	2.98998589878111	-2.98998589878111	90	646	Promoter	1	Heritable	0.152897753290758	0.952586197981382	0.00786236707078651	0	0	0	1.52897753290758	4.49980967033027	6.4723462945009	0	1.09526867460925
BA_only	hippocampus	AA	psi	chr17_70167353_70167891	chr17	70167353	70167891	25	25	0	0	0.0185181736623095	0.972503866121758	1.82056328914851	1.82056328914851	538	352	Promoter	1	Non-heritable	0.0850853315466901	0.884078083889205	0.00877570396379243	965	0	0	0.850853315466901	6.28785856016178	5.8664680569333	6.87316383421252	0.599145958228558
BA_only	hippocampus	AA	psi	chr17_70170689_70174132	chr17	70170689	70174132	25	25	0	0	0.0148541629556484	0.966089857218066	2.60758330112916	2.60758330112916	3443	364	Genic/other	2	Non-heritable	0.0957635404494481	0.833912122517704	0.00829340260212672	0	0	0	0.957635404494481	8.14409846333852	5.89989735358249	0	0.958423857959241
BA_only	hippocampus	AA	psi	chr17_70177643_70179642	chr17	70177643	70179642	25	25	0	0	0.0843783360532988	0.988137148207548	1.32956820669459	1.32956820669459	1999	367	Genic/other	0	Non-heritable	0.0376519227106686	0.834348034216275	0.00713178236746943	2818	0	0	0.376519227106686	7.6004023345004	5.90808293816893	7.94413749111411	0.284854240421922
BA_only	hippocampus	AA	psi	chr17_7018904_7019215	chr17	7018904	7019215	199	199	0	0	0.00500009934029125	0.909249789297999	5.45386402846561	5.45386402846561	311	628	Promoter	1	Non-heritable	0.0984258974307033	0.961808663328824	0.00806225951227426	0	0	0	0.984258974307033	5.73979291217923	6.44413125670044	0	1.69632435533849
BA_only	hippocampus	AA	psi	chr17_70313202_70313788	chr17	70313202	70313788	3	3	0	0	0.708856205242249	0.997543272146997	0.298533425665525	0.298533425665525	586	387	Enhancer	0	Non-heritable	0.064793095470339	0.890971442602149	0.00704602645546929	138377	0	0	0.64793095470339	6.37331978957701	5.96100533962327	11.8377443499927	-1.20887334014257
BA_only	hippocampus	AA	psi	chr17_70622552_70623135	chr17	70622552	70623135	9	9	0	0	0.123875550377292	0.991064867102684	1.92982331907285	-1.92982331907285	583	426	Intergenic	0	Heritable	0.106142969682048	0.902259573799447	0.0058787103703854	66	0	0	1.06142969682048	6.36818718635049	6.05678401322863	4.20469261939097	0.657428459386321
BA_only	hippocampus	AA	psi	chr17_7145945_7146731	chr17	7145945	7146731	267	267	0	0	0.00236928490985271	0.823087269649574	2.2662452352341	-2.2662452352341	786	599	Enhancer	0	Non-heritable	0.0777016488731151	0.954280279253273	0.0110273463564018	0	0	0	0.777016488731151	6.66695679242921	6.39692965521615	0	0.818124385008209
BA_only	hippocampus	AA	psi	chr17_71472860_71473416	chr17	71472860	71473416	1	1	0	0	0.16074894416604	0.991064867102684	0.360157322305968	-0.360157322305968	556	430	Intergenic	0	Non-heritable	0.0867380083406702	0.92668196813006	0.00846490614784423	123149	0	0	0.867380083406702	6.32076829425058	6.06610809010375	11.7211584035487	-1.02121430882036
BA_only	hippocampus	AA	psi	chr17_72119243_72119765	chr17	72119243	72119765	116	116	0	0	0.0108009391668134	0.944902218841749	4.50089999171502	-4.50089999171502	522	524	Promoter	1	Heritable	0.118816638322993	0.955961479140251	0.00575826737730878	0	0	0	1.18816638322993	6.25766758788264	6.26339826259162	0	1.50427737715998
BA_only	hippocampus	AA	psi	chr17_72124655_72126334	chr17	72124655	72126334	113	113	0	0	0.00752432795445292	0.933559278800072	3.72778175692664	-3.72778175692664	1679	531	Genic/other	2	Heritable	0.117215202584159	0.950452952646228	0.00771784425809526	3891	0	0	1.17215202584159	7.42595365707754	6.27664348934165	8.2666784433059	1.31581335619535
BA_only	hippocampus	AA	psi	chr17_72579311_72579633	chr17	72579311	72579633	147	147	0	0	0.00947632367175247	0.939841915020693	9.09218253650875	9.09218253650875	322	704	Genic/other	0	Non-heritable	0.0605692334151507	0.969901701296462	0.0087330792642881	0	0	0	0.605692334151507	5.77455154554441	6.55819780281227	0	2.20741498349538
BA_only	hippocampus	AA	psi	chr17_72587762_72588465	chr17	72587762	72588465	147	147	0	0	0.010086317120412	0.944902218841749	4.30147331555629	4.30147331555629	703	724	Promoter	1	Non-heritable	0.0937409581629503	0.966991718129275	0.00833181872827601	0	0	0	0.937409581629503	6.55535689181067	6.58617165485468	0	1.45895759786424
BA_only	hippocampus	AA	psi	chr17_72589897_72590605	chr17	72589897	72590605	143	143	0	0	0.00541462566718929	0.9135930038698	7.08713801140303	-7.08713801140303	708	738	Promoter	1	Heritable	0.116838784829689	0.97720012600939	0.00618539524961631	0	0	0	1.16838784829689	6.56244409369372	6.6052979209482	0	1.9582815949317
BA_only	hippocampus	AA	psi	chr17_72617209_72617774	chr17	72617209	72617774	141	141	0	0	0.0025026754765463	0.827739280566027	5.20144330205244	-5.20144330205244	565	729	Genic/other	0	Heritable	0.384601780234229	0.953689888144833	0.00777628879300983	0	0	0	3.84601780234229	6.33682573114644	6.59304453414244	0	1.64893614708481
BA_only	hippocampus	AA	psi	chr17_72697557_72698324	chr17	72697557	72698324	84	84	0	0	0.00109847492058076	0.726050490461723	5.13860738040426	5.13860738040426	767	750	Genic/other	0	Heritable	0.111033958335845	0.969008196231203	0.00935132749074608	38394	0	0	1.11033958335845	6.64248680136726	6.62140565176413	10.5556825217646	1.63678210703835
BA_only	hippocampus	AA	psi	chr17_72716454_72716829	chr17	72716454	72716829	83	83	0	0	0.0121179794585237	0.956571385814645	1.94599276228362	1.94599276228362	375	739	Enhancer	0	Non-heritable	0.0902591290740067	0.976525127850173	0.00857797932881046	19889	0	0	0.902591290740067	5.92692602597041	6.60665018619822	9.89797237184802	0.665772269616947
BA_only	hippocampus	AA	psi	chr17_72911768_72912270	chr17	72911768	72912270	10	10	0	0	0.096176557839381	0.990400450319684	2.81863770560222	-2.81863770560222	502	767	Genic/other	0	Heritable	0.684009619899124	0.956380166138886	0.00733948989345614	0	0	0	6.84009619899124	6.21860011969173	6.64378973314767	0	1.03625368865581
BA_only	hippocampus	AA	psi	chr17_73262378_73262514	chr17	73262378	73262514	35	35	0	0	0.00977590857101361	0.939841915020693	3.68138964276709	3.68138964276709	136	759	Promoter	0	Non-heritable	0.047286856656732	0.948579131857229	0.00801214121903627	8446	0	0	0.47286856656732	4.91265488573605	6.63331843328038	9.0415666277275	1.30329030393374
BA_only	hippocampus	AA	psi	chr17_73272996_73273096	chr17	73272996	73273096	37	37	0	0	0.126823943164655	0.991064867102684	2.1829570578174	-2.1829570578174	100	718	Intergenic	0	Heritable	0.101266557468175	0.969898129778013	0.00678141957870351	13515	0	0	1.01266557468175	4.60517018598809	6.57786135772105	9.51162944783418	0.780680410776799
BA_only	hippocampus	AA	psi	chr17_73356997_73357141	chr17	73356997	73357141	31	31	0	0	0.0680154059085007	0.985907779499035	3.78440543870609	-3.78440543870609	144	752	Genic/other	0	Non-heritable	0.0669433894454906	0.966507669389783	0.00829369820348332	22407	0	0	0.669433894454906	4.969813299576	6.62406522779989	10.0171733169399	1.33088879362782
BA_only	hippocampus	AA	psi	chr17_73511058_73511226	chr17	73511058	73511226	14	14	0	0	0.0211190153360662	0.975932065139872	1.08969704935329	1.08969704935329	168	764	Genic/other	0	Non-heritable	0.0897469535941763	0.975584574041608	0.00848559383993958	2563	0	0	0.897469535941763	5.12396397940326	6.63987583382654	7.84932381804056	0.0858997304133144
BA_only	hippocampus	AA	psi	chr17_73513502_73514095	chr17	73513502	73514095	14	14	0	0	0.0703586364228808	0.985907779499035	0.656575174714451	0.656575174714451	593	755	Promoter	0	Heritable	0.119727304029828	0.972812554806029	0.00907788942436026	0	0	0	1.19727304029828	6.38519439899773	6.62804137617953	0	-0.420718068240704
BA_only	hippocampus	AA	psi	chr17_73552049_73552615	chr17	73552049	73552615	21	21	0	0	0.002180008377653	0.815187053503819	3.70839340165592	-3.70839340165592	566	756	Genic/other	0	Heritable	0.121820010369943	0.947173035443524	0.00646258483722483	32986	0	0	1.21820010369943	6.33859407820318	6.62936325343745	10.4038688234402	1.31059874014894
BA_only	hippocampus	AA	psi	chr17_73719384_73720023	chr17	73719384	73720023	23	23	0	0	0.044245817924895	0.981065346180348	1.34484689418445	-1.34484689418445	639	813	Intergenic	0	Non-heritable	0.0918473413444606	0.973852040146926	0.00906046606528908	14063	0	0	0.918473413444606	6.45990445437754	6.70196036600254	9.55137361992496	0.296280180689977
BA_only	hippocampus	AA	psi	chr17_73821348_73821593	chr17	73821348	73821593	62	62	0	0	0.00766571920274964	0.933559278800072	3.17597234184207	-3.17597234184207	245	818	Genic/other	0	Non-heritable	0.0918960122437171	0.972005888207443	0.00722647113561616	20743	0	0	0.918960122437171	5.50125821054473	6.70808408385307	9.9400123272185	1.1556138380076
BA_only	hippocampus	AA	psi	chr17_74235825_74236196	chr17	74235825	74236196	91	91	0	0	0.00645121200976642	0.922803977962281	3.88886768035073	3.88886768035073	371	753	Genic/other	0	Non-heritable	0.0656433688698317	0.965879231952271	0.00794896597734959	13831	0	0	0.656433688698317	5.91620206260744	6.62539236800796	9.53474002736313	1.35811803308567
BA_only	hippocampus	AA	psi	chr17_74351786_74351882	chr17	74351786	74351882	48	48	0	0	0.0159196457018212	0.967716068030647	3.79900866018845	-3.79900866018845	96	708	Genic/other	1	Heritable	0.119462235042136	0.972365349746233	0.00835382200996951	7024	0	0	1.19462235042136	4.56434819146784	6.56385552653213	8.85723049420195	1.33474015643201
BA_only	hippocampus	AA	psi	chr17_7456333_7456513	chr17	7456333	7456513	311	311	0	0	0.00381377617002903	0.871592970243331	4.97268358566626	-4.97268358566626	180	501	Genic/other	0	Heritable	0.128278936184153	0.904275965452416	0.00987623964348906	1888	0	0	1.28278936184153	5.19295685089021	6.21860011969173	7.54380286750151	1.60395965326976
BA_only	hippocampus	AA	psi	chr17_7466526_7466693	chr17	7466526	7466693	310	310	0	0	0.000597844865179603	0.652148872651117	2.91053451206595	2.91053451206595	167	482	Genic/other	1	Non-heritable	0.0965428664459031	0.943634152006119	0.00731924729101387	12081	0	0	0.965428664459031	5.11799381241676	6.18001665365257	9.39947202069869	1.0683367488742
BA_only	hippocampus	AA	psi	chr17_74781695_74781958	chr17	74781695	74781958	71	71	0	0	0.00356424880498446	0.866906756094015	2.44797578208078	2.44797578208078	263	492	Genic/other	0	Heritable	0.122837082665626	0.924531469755009	0.00890347306717409	0	0	0	1.22837082665626	5.57215403217777	6.20050917404269	0	0.895261475745294
BA_only	hippocampus	AA	psi	chr17_74821966_74822698	chr17	74821966	74822698	73	73	0	0	0.0144391018121512	0.966012740036302	9.699358143811	9.699358143811	732	473	Genic/other	0	Non-heritable	0.0975771780992357	0.936382183557413	0.0078159161489729	0	0	0	0.975771780992357	6.59578051396131	6.16120732169508	0	2.27205971360982
BA_only	hippocampus	AA	psi	chr17_74919808_74920334	chr17	74919808	74920334	95	95	0	0	0.00371412557302361	0.867953489674172	4.16574661494065	-4.16574661494065	526	413	Genic/other	1	Non-heritable	0.0679153955262395	0.902743879504096	0.00811793454496116	283	0	0	0.679153955262395	6.26530121273771	6.02586597382531	5.64897423816121	1.42689552124378
BA_only	hippocampus	AA	psi	chr17_74971318_74971696	chr17	74971318	74971696	94	94	0	0	0.0118123979439762	0.954470577153663	2.28438166268555	2.28438166268555	378	405	Genic/other	1	Non-heritable	0.0716813695912347	0.850762400172914	0.00829626934235856	0	0	0	0.716813695912347	5.93489419561959	6.00635315960173	0	0.826095384963199
BA_only	hippocampus	AA	psi	chr17_75019322_75021417	chr17	75019322	75021417	133	133	0	0	0.0133862840260272	0.964283399649536	5.2846152356987	-5.2846152356987	2095	368	Promoter	0	Non-heritable	0.0978299218260595	0.886996549683622	0.00695563859299185	0	0	0	0.978299218260595	7.64730883235624	5.91079664404053	0	1.66479981547977
BA_only	hippocampus	AA	psi	chr17_75272206_75272388	chr17	75272206	75272388	141	141	0	0	0.00168097742493494	0.786661074605562	7.91033423385677	7.91033423385677	182	380	Promoter	1	Heritable	0.109343590386718	0.87605171918016	0.00829605892647249	1061	0	0	1.09343590386718	5.2040066870768	5.9427993751267	6.96790920180188	2.06817003674734
BA_only	hippocampus	AA	psi	chr17_753007_753102	chr17	753007	753102	62	62	0	0	0.00866169782966898	0.933559278800072	2.75565416687501	2.75565416687501	95	831	Promoter	1	Non-heritable	0.0832207759088766	0.968095650046079	0.010934817017714	0	0	0	0.832207759088766	4.55387689160054	6.72383244082121	0	1.01365486518923
BA_only	hippocampus	AA	psi	chr17_75323290_75323687	chr17	75323290	75323687	150	150	0	0	0.00158827542529888	0.782082676866982	3.74249105349516	3.74249105349516	397	375	Enhancer	0	Heritable	0.10778423279819	0.883964821982094	0.00772256367793843	0	0	0	1.0778423279819	5.98393628068719	5.9295891433899	0	1.31975144946515
BA_only	hippocampus	AA	psi	chr17_75489291_75489389	chr17	75489291	75489389	123	123	0	0	0.0231784671411389	0.975932065139872	3.14487783503848	3.14487783503848	98	313	Promoter	0	Non-heritable	0.0759907632680075	0.821506662861892	0.00589061283597801	2065	0	0	0.759907632680075	4.58496747867057	5.74939298590825	7.63336964967958	1.14577504839282
BA_only	hippocampus	AA	psi	chr17_75507038_75508256	chr17	75507038	75508256	115	115	0	0	0.012261125401056	0.958193242578116	2.56780265638927	2.56780265638927	1218	332	Promoter	2	Non-heritable	0.0554050757716765	0.814224073880735	0.0082018275850909	3378	0	0	0.554050757716765	7.10496544826984	5.80814248998044	8.12533508671429	0.943050539568758
BA_only	hippocampus	AA	psi	chr17_75558938_75559049	chr17	75558938	75559049	104	104	0	0	0.000904333048153701	0.703443655127933	2.67783058765256	-2.67783058765256	111	337	Promoter	2	Heritable	0.113538742626216	0.781378205552432	0.00744055421791056	2891	0	0	1.13538742626216	4.70953020131233	5.82304589548302	7.96970358327866	0.985006988230291
BA_only	hippocampus	AA	psi	chr17_75634886_75636048	chr17	75634886	75636048	128	128	0	0	0.00843370811374964	0.933559278800072	2.66150619413561	2.66150619413561	1162	338	Promoter	1	Non-heritable	0.0919025807004168	0.807373223347188	0.00871347306931597	0	0	0	0.919025807004168	7.05789793741186	5.82600010738045	0	0.978892204695255
BA_only	hippocampus	AA	psi	chr17_75646527_75646951	chr17	75646527	75646951	128	128	0	0	0.00767278257335366	0.933559278800072	3.71331462582381	3.71331462582381	424	331	Genic/other	0	Non-heritable	0.0720281090270073	0.827522819463798	0.00755556641252796	0	0	0	0.720281090270073	6.04973345523196	5.80513496891649	0	1.31192491058239
BA_only	hippocampus	AA	psi	chr17_75649564_75649967	chr17	75649564	75649967	129	129	0	0	0.00799047176432867	0.933559278800072	22.5466320261606	22.5466320261606	403	328	Genic/other	0	Heritable	0.112705485867691	0.869424184882139	0.00741013838721351	0	0	0	1.12705485867691	5.99893656194668	5.79605775076537	0	3.11558569941316
BA_only	hippocampus	AA	psi	chr17_75695257_75695825	chr17	75695257	75695825	142	142	0	0	0.00429554942151523	0.888539612676336	3.74254639664303	-3.74254639664303	568	342	Genic/other	0	Non-heritable	0.0911988474117387	0.844098367606094	0.00770618587063775	1816	0	0	0.911988474117387	6.34212141872115	5.83773044716594	7.50494206839617	1.31976623713939
BA_only	hippocampus	AA	psi	chr17_76182069_76182441	chr17	76182069	76182441	50	50	0	0	0.0166060643326901	0.969892390754483	4.00245276722936	-4.00245276722936	372	442	Genic/other	0	Heritable	0.131648226103362	0.94096417947662	0.00851949342794161	23675	0	0	1.31648226103362	5.91889385427315	6.09356977004514	10.0722171558106	1.38690736750042
BA_only	hippocampus	AA	psi	chr17_76183586_76184499	chr17	76183586	76184499	50	50	0	0	0.0206062205120922	0.975856666808667	3.51290093726891	3.51290093726891	913	434	Genic/other	0	Non-heritable	0.0933858324221024	0.920958160800966	0.00754468228382407	25192	0	0	0.933858324221024	6.81673588059497	6.07534603108868	10.1343214571343	1.25644217683406
BA_only	hippocampus	AA	psi	chr17_7634780_7635171	chr17	7634780	7635171	186	186	0	0	0.000780468491784598	0.681457250102356	3.40185873029122	-3.40185873029122	391	526	Intergenic	0	Non-heritable	0.088760418805148	0.943020384706262	0.00792009503827518	1575	0	0	0.88760418805148	5.96870755998537	6.26720054854136	7.36264527041783	1.22432197056344
BA_only	hippocampus	AA	psi	chr17_76366077_76367547	chr17	76366077	76367547	195	195	0	0	0.000760795387621146	0.680174427388751	5.13202237023597	5.13202237023597	1470	448	Genic/other	0	Heritable	0.149071540954783	0.84169811824081	0.0107934564892576	0	0	0	1.49071540954783	7.29301767977278	6.10702288774226	0	1.63549980766282
BA_only	hippocampus	AA	psi	chr17_76480605_76480883	chr17	76480605	76480883	209	209	0	0	0.00031791738646925	0.546468896011319	3.44871907997032	-3.44871907997032	278	538	Enhancer	0	Non-heritable	0.0414331227616901	0.860851998698948	0.00683545109689252	0	0	0	0.414331227616901	5.62762111369064	6.289715570909	0	1.23800288383295
BA_only	hippocampus	AA	psi	chr17_76506909_76507271	chr17	76506909	76507271	230	230	0	0	0.00186078230506692	0.800632140208814	4.38517485140269	-4.38517485140269	362	563	Intergenic	0	Heritable	0.127832846187734	0.936827020397993	0.0106081452499227	5555	0	0	1.27832846187734	5.89164421182577	6.33505425149806	8.62263370387423	1.47822950220186
BA_only	hippocampus	AA	psi	chr17_76543611_76544031	chr17	76543611	76544031	234	234	0	0	0.000588143465865943	0.646127164334868	8.69070007004543	-8.69070007004543	420	595	Promoter	0	Non-heritable	0.069627091870989	0.943574411725028	0.00730315747408145	0	0	0	0.69627091870989	6.04025471127741	6.39024066706535	0	2.16225349760264
BA_only	hippocampus	AA	psi	chr17_76586745_76587048	chr17	76586745	76587048	234	234	0	0	0.00632248014616268	0.920376068783091	3.60568458014341	3.60568458014341	303	620	Promoter	1	Heritable	0.114410282062869	0.923265350422154	0.00848650470578079	0	0	0	1.14410282062869	5.71373280550937	6.43133108193348	0	1.28251165288663
BA_only	hippocampus	AA	psi	chr17_76597790_76598371	chr17	76597790	76598371	234	234	0	0	0.000560366132179759	0.636920160415722	5.61814163312544	-5.61814163312544	581	631	Enhancer	0	Heritable	0.103647571419368	0.961029278218386	0.0106690444299352	0	0	0	1.03647571419368	6.36475075685191	6.44888939414686	0	1.7260009407397
BA_only	hippocampus	AA	psi	chr17_76709467_76709732	chr17	76709467	76709732	225	225	0	0	0.00338581153702523	0.86593481253084	3.72218994730696	-3.72218994730696	265	627	Promoter	1	Heritable	0.278078290289853	0.931148155475666	0.00804609154051569	0	0	0	2.78078290289853	5.57972982598622	6.4425401664682	0	1.31431219327104
BA_only	hippocampus	AA	psi	chr17_77070462_77070665	chr17	77070462	77070665	53	53	0	0	0.0171204783655572	0.970581273335112	19.0495741441355	-19.0495741441355	203	752	Intergenic	0	Heritable	0.122279882604807	0.969242551512849	0.00728671820648895	16197	0	0	1.22279882604807	5.31320597904179	6.62406522779989	9.69264305680893	2.94704474720923
BA_only	hippocampus	AA	psi	chr17_77212689_77212925	chr17	77212689	77212925	75	75	0	0	0.0219352096661463	0.975932065139872	4.33080096903115	-4.33080096903115	236	811	Promoter	1	Non-heritable	0.0889637217897592	0.972502356961862	0.00871821623995539	1093	0	0	0.889637217897592	5.46383180502561	6.69950034016168	6.99759598298193	1.46575250851701
BA_only	hippocampus	AA	psi	chr17_77235614_77235902	chr17	77235614	77235902	71	71	0	0	0.0188220473253681	0.972503866121758	3.08825281159162	3.08825281159162	288	821	Intergenic	0	Non-heritable	0.0855016158715322	0.973740354867007	0.00862524935290777	19064	0	0	0.855016158715322	5.66296048013595	6.71174039505618	9.85560947229166	1.12760550108826
BA_only	hippocampus	AA	psi	chr17_77409610_77410022	chr17	77409610	77410022	148	148	0	0	0.00359151348916058	0.866906756094015	13.4048598571548	13.4048598571548	412	842	Enhancer	0	Heritable	0.100822483685105	0.976231334935119	0.00907915749508873	0	0	0	1.00822483685105	6.02102334934953	6.73696695800186	0	2.59561731785893
BA_only	hippocampus	AA	psi	chr17_77416610_77416859	chr17	77416610	77416859	148	148	0	0	0.0040894197128257	0.881593601077023	4.24894528627697	-4.24894528627697	249	844	Genic/other	0	Heritable	0.647285055470536	0.96132334411984	0.00738343538707035	0	0	0	6.47285055470536	5.51745289646471	6.73933662735717	0	1.44667078655626
BA_only	hippocampus	AA	psi	chr17_77489714_77490191	chr17	77489714	77490191	186	186	0	0	0.00284879580667282	0.844808629760907	3.56628363222685	3.56628363222685	477	769	Promoter	0	Heritable	0.19452361873818	0.930066035666919	0.00808605419326542	2884	0	0	1.9452361873818	6.16751649088834	6.64639051484773	7.9672801789422	1.27152405700317
BA_only	hippocampus	AA	psi	chr17_77527014_77527316	chr17	77527014	77527316	196	196	0	0	0.0040694522606164	0.880626276698998	3.62068746215199	3.62068746215199	302	712	Promoter	1	Heritable	0.126630710216416	0.962004442592406	0.00730261752092406	0	0	0	1.26630710216416	5.71042701737487	6.5694814204143	0	1.28666391724142
BA_only	hippocampus	AA	psi	chr17_77541757_77542614	chr17	77541757	77542614	197	197	0	0	0.00716360584717608	0.931602204679102	4.97302854409282	4.97302854409282	857	704	Intergenic	0	Heritable	0.15971620312784	0.955685204330726	0.00771465810274969	4455	0	0	1.5971620312784	6.75343791859778	6.55819780281227	8.40200678160712	1.60402902154053
BA_only	hippocampus	AA	psi	chr17_78127309_78127512	chr17	78127309	78127512	229	229	0	0	0.00352646523633509	0.866906756094015	5.75339416745238	5.75339416745238	203	752	Promoter	1	Non-heritable	0.0638104661800168	0.973979693205445	0.00745923727371361	0	0	0	0.638104661800168	5.31320597904179	6.62406522779989	0	1.74978997238648
BA_only	hippocampus	AA	psi	chr17_78230838_78231441	chr17	78230838	78231441	229	229	0	0	0.000333302306968415	0.556148969961787	4.04738044467345	4.04738044467345	603	744	Promoter	1	Non-heritable	0.0626445985504527	0.970277283455403	0.0101350750321155	771	0	0	0.626445985504527	6.40191719672719	6.61338421837956	6.64898455002478	1.39806987053704
BA_only	hippocampus	AA	psi	chr17_78237533_78238479	chr17	78237533	78238479	230	230	0	0	0.000160552149127072	0.451718057803627	4.54627801048724	4.54627801048724	946	757	Enhancer	0	Non-heritable	0.0558931254792997	0.964402254303094	0.00708576880593552	0	0	0	0.558931254792997	6.85224256905188	6.63068338564237	0	1.51430888072866
BA_only	hippocampus	AA	psi	chr17_78241817_78242035	chr17	78241817	78242035	230	230	0	0	0.0012548297135534	0.748685029382681	5.98399435534859	5.98399435534859	218	754	Enhancer	0	Non-heritable	0.043368009163835	0.973045271216249	0.00711577528182887	2036	0	0	0.43368009163835	5.38449506278909	6.62671774924903	7.61923341622681	1.78908829905218
BA_only	hippocampus	AA	psi	chr17_78253867_78253978	chr17	78253867	78253978	230	230	0	0	0.00978611796406	0.939841915020693	4.61477052227783	4.61477052227783	111	735	Genic/other	1	Heritable	0.105431003131775	0.970903645591658	0.00726553758522589	4870	0	0	1.05431003131775	4.70953020131233	6.60123011872888	8.49105453380654	1.52926214456865
BA_only	hippocampus	AA	psi	chr17_78396686_78397082	chr17	78396686	78397082	230	230	0	0	0.00674254137265935	0.92655656508175	3.16886721560238	-3.16886721560238	396	667	Genic/other	1	Non-heritable	0.0648564852681143	0.960384327910216	0.00832180294915736	0	0	0	0.648564852681143	5.98141421125448	6.50428817353665	0	1.15337418194603
BA_only	hippocampus	AA	psi	chr17_78458249_78459262	chr17	78458249	78459262	220	220	0	0	0.0026303006601104	0.835655744705892	4.39019163428921	4.39019163428921	1013	695	Promoter	2	Non-heritable	0.0592685476890691	0.961335490288723	0.00861064591410352	13644	0	0	0.592685476890691	6.92067150424868	6.54534966033442	9.52112843314244	1.47937288086982
BA_only	hippocampus	AA	psi	chr17_78692368_78692775	chr17	78692368	78692775	121	121	0	0	0.0179731365685727	0.971147928542982	4.85675083176861	4.85675083176861	407	796	Promoter	0	Non-heritable	0.0836095523766203	0.972562457023654	0.00809276181463957	0	0	0	0.836095523766203	6.0088131854426	6.68085467879022	0	1.58036966325606
BA_only	hippocampus	AA	psi	chr17_78718918_78719443	chr17	78718918	78719443	121	121	0	0	0.0163610594567027	0.969245141301252	3.96468427862201	3.96468427862201	525	804	Genic/other	0	Heritable	0.109954168119397	0.977039084548799	0.00813077996499078	0	0	0	1.09954168119397	6.26339826259162	6.69084227741856	0	1.37742622735722
BA_only	hippocampus	AA	psi	chr17_78789285_78789951	chr17	78789285	78789951	141	141	0	0	0.00511838010517413	0.909885926705608	4.31497769318987	-4.31497769318987	666	838	Genic/other	0	Heritable	0.102631655001562	0.979068733507787	0.010569517824371	0	0	0	1.02631655001562	6.50128967054039	6.73221070646721	0	1.46209215724275
BA_only	hippocampus	AA	psi	chr17_78879462_78880409	chr17	78879462	78880409	110	110	0	0	0.00101837181989574	0.720795800291521	5.04426502173324	5.04426502173324	947	847	Enhancer	0	Heritable	0.111505491799386	0.978433785209209	0.00742590614452873	8563	0	0	1.11505491799386	6.85329909318608	6.7428806357919	9.05532264970957	1.61825196068209
BA_only	hippocampus	AA	psi	chr17_78896634_78896841	chr17	78896634	78896841	99	99	0	0	0.00374352535221533	0.869495655004226	2.16471763580006	2.16471763580006	207	866	Promoter	0	Non-heritable	0.0781910992465039	0.979010040696866	0.0075849200185612	0	0	0	0.781910992465039	5.33271879326537	6.76503897678054	0	0.772289935305019
BA_only	hippocampus	AA	psi	chr17_78899867_78900021	chr17	78899867	78900021	99	99	0	0	0.0200666677798106	0.975813476900289	4.82348746647718	4.82348746647718	154	870	Genic/other	1	Heritable	0.127635802983401	0.979894387396089	0.00748868494012255	0	0	0	1.27635802983401	5.03695260241363	6.7696419768525	0	1.57349720926917
BA_only	hippocampus	AA	psi	chr17_79090268_79090730	chr17	79090268	79090730	84	84	0	0	0.00108666465274867	0.725388163675873	4.04105437246509	4.04105437246509	462	762	Genic/other	0	Heritable	0.336010165748553	0.944178104790355	0.00743526245406242	154	0	0	3.36010165748553	6.13556489108174	6.63725803128446	5.04342511691925	1.39650564368089
BA_only	hippocampus	AA	psi	chr17_79151945_79152497	chr17	79151945	79152497	33	33	0	0	0.10643260087661	0.990610842832516	3.83786212790382	3.83786212790382	552	686	Genic/other	0	Heritable	0.524671001549323	0.932735437926105	0.00818044016469362	36450	0	0	5.24671001549323	6.3135480462771	6.53233429222235	10.5037241719027	1.34491547664432
BA_only	hippocampus	AA	psi	chr17_79392568_79393014	chr17	79392568	79393014	3	3	0	0	0.048922383958359	0.98297236624834	2.40846861313603	2.40846861313603	446	755	Genic/other	0	Non-heritable	0.0818310987026537	0.977133307476109	0.0083498613981452	0	0	0	0.818310987026537	6.10031895202006	6.62804137617953	0	0.878991119449212
BA_only	hippocampus	AA	psi	chr17_79400617_79400729	chr17	79400617	79400729	4	4	0	0	0.104402997487846	0.990610842832516	1.25087680399449	-1.25087680399449	112	751	Genic/other	0	Heritable	0.129171554884224	0.977502760579765	0.00846813634438929	0	0	0	1.29171554884224	4.71849887129509	6.62273632394984	0	0.223844756607897
BA_only	hippocampus	AA	psi	chr17_79665209_79665423	chr17	79665209	79665423	22	22	0	0	0.0425043090546134	0.980549382116533	8.94635244789628	-8.94635244789628	214	743	Intergenic	0	Non-heritable	0.0984955927589615	0.96955081234115	0.00681473963802761	0	0	0	0.984955927589615	5.36597601502185	6.61204103483309	0	2.19124590261331
BA_only	hippocampus	AA	psi	chr17_79707065_79707282	chr17	79707065	79707282	38	38	0	0	0.0879997668603747	0.988886294316429	2.09860318343135	2.09860318343135	217	721	Promoter	0	Heritable	0.130508612859693	0.977830051288287	0.00727107969556782	356	0	0	1.30508612859693	5.37989735354046	6.58202513889283	5.87773578177964	0.741271977436575
BA_only	hippocampus	AA	psi	chr17_79792949_79793059	chr17	79792949	79793059	41	41	0	0	0.00400935406049885	0.876976919020291	8.32507958312594	-8.32507958312594	110	619	Genic/other	1	Non-heritable	0.0975019328822761	0.952034355637775	0.00813225233338489	3255	0	0	0.975019328822761	4.70048036579242	6.42971947803914	8.08825472712243	2.11927259655665
BA_only	hippocampus	AA	psi	chr17_7989575_7989759	chr17	7989575	7989759	111	111	0	0	0.0334153538890033	0.979164877002956	4.19899832093729	-4.19899832093729	184	425	Intergenic	1	Heritable	0.123437676423892	0.941938131858586	0.00751832006176117	27959	0	0	1.23437676423892	5.21493575760899	6.05443934626937	10.2385301963477	1.43484600421145
BA_only	hippocampus	AA	psi	chr17_79926175_79926614	chr17	79926175	79926614	65	65	0	0	0.0149947342107019	0.966167725188189	3.25447831189771	-3.25447831189771	439	522	Genic/other	1	Non-heritable	0.0488504102247892	0.943172722684728	0.00866641205680621	158	0	0	0.488504102247892	6.08449941307517	6.25958146406492	5.06890420222023	1.18003199304567
BA_only	hippocampus	AA	psi	chr17_79929822_79929937	chr17	79929822	79929937	65	65	0	0	0.0704968219762538	0.985907779499035	5.30729654815991	-5.30729654815991	115	506	Genic/other	1	Heritable	0.208763357632109	0.891500016742241	0.00826181743930558	3805	0	0	2.08763357632109	4.74493212836325	6.22851100359118	8.24433404785609	1.66908258284977
BA_only	hippocampus	AA	psi	chr17_79950395_79950584	chr17	79950395	79950584	67	67	0	0	0.0206112846310603	0.975856666808667	1.90679947419911	1.90679947419911	189	508	Genic/other	1	Heritable	0.126411113699173	0.928377749907559	0.00826109273408079	0	0	0	1.26411113699173	5.24174701505964	6.23244801655052	0	0.645426173842471
BA_only	hippocampus	AA	psi	chr17_79950694_79951192	chr17	79950694	79951192	67	67	0	0	0.0172605665735946	0.970581273335112	2.06854436367265	-2.06854436367265	498	515	Promoter	1	Non-heritable	0.0736857386452848	0.885279469552645	0.00866115620809792	0	0	0	0.736857386452848	6.21060007702465	6.24610676548156	0	0.726845158791073
BA_only	hippocampus	AA	psi	chr17_79970450_79970833	chr17	79970450	79970833	79	79	0	0	0.00546888289877718	0.914301706404424	3.38425275666574	3.38425275666574	383	509	Genic/other	0	Non-heritable	0.0458650422588196	0.867496361511018	0.00790902096984141	17792	0	0	0.458650422588196	5.94803498918065	6.23441072571837	9.78656040050684	1.21913313359565
BA_only	hippocampus	AA	psi	chr17_79978047_79978491	chr17	79978047	79978491	86	86	0	0	0.0060995160661512	0.920376068783091	3.13554523662631	3.13554523662631	444	516	Genic/other	1	Non-heritable	0.0504858527505904	0.897039657669497	0.00858128341887414	25389	0	0	0.504858527505904	6.09582456243223	6.24804287450843	10.1421106746987	1.14280308133098
BA_only	hippocampus	AA	psi	chr17_80023471_80024972	chr17	80023471	80024972	86	86	0	0	0.00140947974187294	0.760188330071088	3.88186763983622	-3.88186763983622	1501	528	Promoter	2	Non-heritable	0.0911880576850065	0.936927570034303	0.0117635073590777	0	0	0	0.911880576850065	7.31388683163346	6.2709884318583	0	1.35631639087254
BA_only	hippocampus	AA	psi	chr17_80164396_80164658	chr17	80164396	80164658	76	76	0	0	0.00665283522531147	0.925548995875172	1.98028390995191	-1.98028390995191	262	584	Intergenic	0	Heritable	0.116224045322538	0.957036484161084	0.00839598539688051	4318	0	0	1.16224045322538	5.5683445037611	6.37161184723186	8.3707791729607	0.683240228341625
BA_only	hippocampus	AA	psi	chr17_80184564_80184889	chr17	80184564	80184889	113	113	0	0	0.0234947020514301	0.975932065139872	2.80707618130491	2.80707618130491	325	576	Genic/other	1	Heritable	0.115810861765507	0.961690897752745	0.00766016286952678	0	0	0	1.15810861765507	5.78382518232974	6.3578422665081	0	1.03214344033339
BA_only	hippocampus	AA	psi	chr17_80192059_80192691	chr17	80192059	80192691	113	113	0	0	0.0307053175830694	0.976893291659941	3.34055693684551	-3.34055693684551	632	579	Promoter	1	Non-heritable	0.0650892681944743	0.948092378992171	0.00728968372309514	1216	0	0	0.650892681944743	6.44888939414686	6.36302810354047	7.10414409298753	1.20613754363983
BA_only	hippocampus	AA	psi	chr17_80277678_80278696	chr17	80277678	80278696	119	119	0	0	0.00323975332638608	0.856251275349336	3.54458194153089	3.54458194153089	1018	551	Genic/other	0	Heritable	0.348442285992255	0.911680570852838	0.0093933341950517	0	0	0	3.48442285992255	6.92559519711047	6.3135480462771	0	1.26542022680483
BA_only	hippocampus	AA	psi	chr17_80280113_80280312	chr17	80280113	80280312	117	117	0	0	0.00991812118576626	0.944143738365007	2.24429603789618	-2.24429603789618	199	561	Genic/other	0	Heritable	0.273549900334541	0.936556947080991	0.00821001929262142	0	0	0	2.73549900334541	5.29330482472449	6.33150184989369	0	0.808391907611117
BA_only	hippocampus	AA	psi	chr17_804641_805119	chr17	804641	805119	56	56	0	0	0.0167535595795829	0.970581273335112	3.03026253434488	-3.03026253434488	478	861	Promoter	2	Non-heritable	0.0431094487169621	0.977146657147226	0.00908425635978206	20958	0	0	0.431094487169621	6.16961073249146	6.75925527066369	9.95032342737316	1.10864926406617
BA_only	hippocampus	AA	psi	chr17_80751129_80752631	chr17	80751129	80752631	16	16	0	0	0.0067164493652143	0.92655656508175	0.845064970276571	0.845064970276571	1502	596	Enhancer	0	Heritable	0.107377761664207	0.936927400600142	0.0082086108990328	43287	0	0	1.07377761664207	7.31455283232408	6.3919171133926	10.6756307393226	-0.168341754846009
BA_only	hippocampus	AA	psi	chr17_80800326_80800957	chr17	80800326	80800957	17	17	0	0	0.0275262403882357	0.975932065139872	0.914552931544088	0.914552931544088	631	547	Genic/other	1	Heritable	0.121296561718655	0.938907146268505	0.00854410283450435	92484	0	0	1.21296561718655	6.44730586254121	6.30627528694802	11.4348017481887	-0.0893199215812645
BA_only	hippocampus	AA	psi	chr17_80834422_80834951	chr17	80834422	80834951	24	24	0	0	0.0960002995408423	0.990400450319684	1.2732536328117	1.2732536328117	529	547	Genic/other	0	Non-heritable	0.0615096284085386	0.885031139942157	0.00824986556155367	126580	0	0	0.615096284085386	6.2709884318583	6.30627528694802	11.7486376984403	0.241575547812609
BA_only	hippocampus	AA	psi	chr17_80836323_80836547	chr17	80836323	80836547	25	25	0	0	0.039658888646586	0.980549382116533	0.904608109228372	-0.904608109228372	224	546	Enhancer	1	Heritable	0.119791008802894	0.930030996138222	0.00932770715146382	128481	0	0	1.19791008802894	5.41164605185504	6.30444880242198	11.7635440956846	-0.100253446488543
BA_only	hippocampus	AA	psi	chr17_80873396_80873964	chr17	80873396	80873964	38	38	0	0	0.0224179861709098	0.975932065139872	1.62378683309496	-1.62378683309496	568	592	Enhancer	2	Heritable	0.107273212841118	0.95487604797539	0.00916868640020333	94980	0	0	1.07273212841118	6.34212141872115	6.38519439899773	11.46143215058	0.484760978873021
BA_only	hippocampus	AA	psi	chr17_81017327_81017764	chr17	81017327	81017764	54	54	0	0	0.0102619211430718	0.944902218841749	1.08380957702133	-1.08380957702133	437	567	Intergenic	0	Heritable	0.128427692042786	0.964924762863403	0.00734382219849752	824	0	0	1.28427692042786	6.07993319509559	6.34212141872115	6.71538338633468	0.0804822298584283
BA_only	hippocampus	AA	psi	chr17_81025280_81025987	chr17	81025280	81025987	55	55	0	0	0.00554861110121668	0.914301706404424	2.11420481900893	2.11420481900893	707	598	Promoter	0	Heritable	0.130080722773043	0.949225716231438	0.0066090700875509	0	0	0	1.30080722773043	6.56103066589657	6.39526159811545	0	0.748678774433125
BA_only	hippocampus	AA	psi	chr17_81115328_81115698	chr17	81115328	81115698	83	83	0	0	0.0114250198277594	0.951715111774742	4.21518906365241	4.21518906365241	370	594	Genic/other	1	Non-heritable	0.034393202621029	0.947460316451133	0.00767530867431898	0	0	0	0.34393202621029	5.91350300563827	6.38856140554563	0	1.43869444777929
BA_only	hippocampus	AA	psi	chr17_81119065_81119810	chr17	81119065	81119810	91	91	0	0	0.00266901952932501	0.835655744705892	2.04081717289921	-2.04081717289921	745	577	Genic/other	2	Heritable	0.19613249777663	0.943143369075507	0.0092756230484388	0	0	0	1.9613249777663	6.61338421837956	6.35957386867238	0	0.71335030749799
BA_only	hippocampus	AA	psi	chr17_81123156_81130923	chr17	81123156	81130923	96	96	0	0	0.010605221271971	0.944902218841749	3.2760877871802	3.2760877871802	7767	586	Promoter	3	Non-heritable	0.0836152459489391	0.954588566405119	0.00695118282359606	0	0	0	0.836152459489391	8.95763926841965	6.3750248198281	0	1.18664996574776
BA_only	hippocampus	AA	psi	chr17_81139441_81139852	chr17	81139441	81139852	105	105	0	0	0.0157204023412736	0.967716068030647	3.80928961862913	-3.80928961862913	411	584	Genic/other	1	Heritable	0.262385322781623	0.925340504857595	0.0102383625355754	0	0	0	2.62385322781623	6.01859321449623	6.37161184723186	0	1.33744272257609
BA_only	hippocampus	AA	psi	chr17_81153425_81154252	chr17	81153425	81154252	105	105	0	0	0.0119598126780075	0.955606011044194	4.52762216254349	4.52762216254349	827	579	Enhancer	1	Non-heritable	0.0601996500743759	0.91283747504299	0.0083357832606476	0	0	0	0.601996500743759	6.71780469502369	6.36302810354047	0	1.51019689495989
BA_only	hippocampus	AA	psi	chr17_81309938_81310180	chr17	81309938	81310180	118	118	0	0	0.0174087853214949	0.970581273335112	3.98612634155069	-3.98612634155069	242	564	Promoter	2	Heritable	0.107653372535874	0.935719110200722	0.0070240813340328	0	0	0	1.07653372535874	5.48893772615669	6.33682573114644	0	1.3828199201218
BA_only	hippocampus	AA	psi	chr17_81315219_81315600	chr17	81315219	81315600	118	118	0	0	0.002060936347579	0.811090501848299	3.32948317732427	3.32948317732427	381	559	Genic/other	0	Non-heritable	0.0577817480898788	0.939820790874015	0.00918312073138984	810	0	0	0.577817480898788	5.9427993751267	6.3279367837292	6.69826805411541	1.20281709294602
BA_only	hippocampus	AA	psi	chr17_81340950_81341310	chr17	81340950	81341310	117	117	0	0	0.000451295434684449	0.604162640906295	3.30896359921055	-3.30896359921055	360	561	Genic/other	2	Heritable	0.155615316517198	0.951583809443194	0.00811150232909862	0	0	0	1.55615316517198	5.88610403145016	6.33150184989369	0	1.19663503136028
BA_only	hippocampus	AA	psi	chr17_81341910_81342942	chr17	81341910	81342942	117	117	0	0	0.0132670322115548	0.964283399649536	2.79794209742305	-2.79794209742305	1032	557	Enhancer	1	Heritable	0.162669340837132	0.954100346940633	0.00919616434695345	0	0	0	1.62669340837132	6.93925394604151	6.32435896238131	0	1.02888418532982
BA_only	hippocampus	AA	psi	chr17_81372339_81372794	chr17	81372339	81372794	109	109	0	0	0.0104677310769084	0.944902218841749	3.63062318298916	3.63062318298916	455	554	Genic/other	0	Non-heritable	0.0980488116666864	0.934024955226015	0.0081717850761098	0	0	0	0.980488116666864	6.12029741895095	6.31896811374643	0	1.2894043120511
BA_only	hippocampus	AA	psi	chr17_81381255_81381726	chr17	81381255	81381726	110	110	0	0	0.00387423035034025	0.874255436242899	4.02402987851189	4.02402987851189	471	554	Genic/other	0	Non-heritable	0.0887438309620225	0.944399581058039	0.00771406404415494	0	0	0	0.887438309620225	6.15485809401642	6.31896811374643	0	1.39228386033245
BA_only	hippocampus	AA	psi	chr17_81383305_81386231	chr17	81383305	81386231	110	110	0	0	0.0104270495810853	0.944902218841749	2.81673073272427	2.81673073272427	2926	554	Promoter	2	Heritable	0.106973233250068	0.942285341585785	0.00977661816360803	0	0	0	1.06973233250068	7.98139158158007	6.31896811374643	0	1.03557690133841
BA_only	hippocampus	AA	psi	chr17_81388094_81389105	chr17	81388094	81389105	111	111	0	0	0.00989327174958764	0.943543274135227	2.6708230260856	-2.6708230260856	1011	551	Enhancer	1	Heritable	0.127566270512773	0.939213432624524	0.00834240687858138	0	0	0	1.27566270512773	6.91869521902047	6.3135480462771	0	0.982386678127477
BA_only	hippocampus	AA	psi	chr17_81400715_81401786	chr17	81400715	81401786	114	114	0	0	0.00345835899714095	0.866906756094015	5.21466945711028	5.21466945711028	1071	526	Promoter	2	Non-heritable	0.0828677669997616	0.9276072587118	0.00674397941123719	10824	0	0	0.828677669997616	6.97634807044775	6.26720054854136	9.28961355287069	1.65147570525716
BA_only	hippocampus	AA	psi	chr17_81402098_81402650	chr17	81402098	81402650	114	114	0	0	0.0230260913297727	0.975932065139872	3.20964844250149	-3.20964844250149	552	536	Enhancer	1	Heritable	0.140422106567469	0.926231960767426	0.00876992468935356	12207	0	0	1.40422106567469	6.3135480462771	6.28599809450887	9.40984675352424	1.16616141478989
BA_only	hippocampus	AA	psi	chr17_81468351_81469025	chr17	81468351	81469025	208	208	0	0	0.0185533203765241	0.972503866121758	7.60223534014057	-7.60223534014057	674	517	Intergenic	0	Heritable	0.117384402193551	0.898494206533319	0.00730936095151004	7460	0	0	1.17384402193551	6.51323011091231	6.24997524225948	8.91744473247151	2.0284423290645
BA_only	hippocampus	AA	psi	chr17_82094110_82094246	chr17	82094110	82094246	404	404	0	0	0.00266322202730002	0.835655744705892	3.89191943589284	3.89191943589284	136	350	Genic/other	1	Heritable	0.132600975425413	0.884172423023377	0.00883603627179812	0	0	0	1.32600975425413	4.91265488573605	5.86078622346587	0	1.35890246675418
BA_only	hippocampus	AA	psi	chr17_82118841_82119154	chr17	82118841	82119154	322	322	0	0	0.00121484660771797	0.741782412295099	3.57984723336765	-3.57984723336765	313	360	Genic/other	0	Heritable	0.172507639629887	0.887264681110348	0.00755988444650005	0	0	0	1.72507639629887	5.74620319054015	5.88887795833288	0	1.27532013005187
BA_only	hippocampus	AA	psi	chr17_82171072_82171594	chr17	82171072	82171594	304	304	0	0	0.00207540300519063	0.811090501848299	4.27201544837504	-4.27201544837504	522	367	Genic/other	0	Heritable	0.144893198020796	0.904725794329523	0.00783897033507069	0	0	0	1.44893198020796	6.25766758788264	5.90808293816893	0	1.45208572018483
BA_only	hippocampus	AA	psi	chr17_82376857_82377004	chr17	82376857	82377004	342	342	0	0	0.00255757086840109	0.831486683702107	5.45306837378716	5.45306837378716	147	365	Genic/other	1	Heritable	0.303478711382464	0.872850527043199	0.00863323325168361	4225	0	0	3.03478711382464	4.99043258677874	5.90263333340137	8.349011198176	1.6961784564461
BA_only	hippocampus	AA	psi	chr17_82384779_82385144	chr17	82384779	82385144	340	340	0	0	0.000517546572493666	0.624022525863078	9.97983888190092	-9.97983888190092	365	353	Enhancer	1	Heritable	0.332851953565803	0.884454404223238	0.00782781391511239	0	0	0	3.32851953565803	5.89989735358249	5.86929691313377	0	2.30056694709697
BA_only	hippocampus	AA	psi	chr17_82559249_82559606	chr17	82559249	82559606	232	232	0	0	0.00113033482317132	0.726050490461723	3.90484626049244	-3.90484626049244	357	417	Promoter	0	Non-heritable	0.0921328628281641	0.902656467112577	0.00760437801164455	0	0	0	0.921328628281641	5.87773578177964	6.03548143252476	0	1.36221841516525
BA_only	hippocampus	AA	psi	chr17_82674708_82675369	chr17	82674708	82675369	221	221	0	0	0.00542782067999861	0.9135930038698	4.69156605674676	4.69156605674676	661	429	Genic/other	0	Non-heritable	0.096575743902161	0.912338846668077	0.00855027844596651	0	0	0	0.96575743902161	6.49375383985169	6.06378520868761	0	1.54576644287129
BA_only	hippocampus	AA	psi	chr17_82678558_82678727	chr17	82678558	82678727	221	221	0	0	0.00258601679260341	0.833258918532135	8.58101772657952	8.58101772657952	169	431	Genic/other	0	Non-heritable	0.0680778085353195	0.904568243029143	0.00797399478220523	0	0	0	0.680778085353195	5.12989871492307	6.06842558824411	0	2.14955252378235
BA_only	hippocampus	AA	psi	chr17_82690651_82691107	chr17	82690651	82691107	224	224	0	0	0.00468477873286938	0.900895908545546	3.23920155483335	3.23920155483335	456	425	Genic/other	1	Heritable	0.15554115990506	0.919829186381871	0.00810256203249154	0	0	0	1.5554115990506	6.12249280951439	6.05443934626937	0	1.17532686882824
BA_only	hippocampus	AA	psi	chr17_82708334_82708627	chr17	82708334	82708627	87	87	0	0	0.00715561191799318	0.931602204679102	2.20039035133927	2.20039035133927	293	422	Intergenic	0	Non-heritable	0.0817987202335714	0.883144022081493	0.00780532792422842	8268	0	0	0.817987202335714	5.68017260901707	6.04737217904628	9.02026886172217	0.788634781596588
BA_only	hippocampus	AA	psi	chr17_82738153_82739016	chr17	82738153	82739016	65	65	0	0	0.0127510575428674	0.961717006536833	3.41179804438544	-3.41179804438544	863	398	Genic/other	1	Heritable	0.101233221807826	0.863118335370257	0.00906565322082471	13360	0	0	1.01233221807826	6.76041469108343	5.98896141688986	9.50009529458889	1.22723944100368
BA_only	hippocampus	AA	psi	chr17_82750551_82750796	chr17	82750551	82750796	65	65	0	0	0.0110286537816642	0.94780387576136	2.63452667719039	-2.63452667719039	245	402	Genic/other	2	Heritable	0.452915351904463	0.895479883188551	0.0134451017757665	1580	0	0	4.52915351904463	5.50125821054473	5.99893656194668	7.36581283720947	0.968703540504069
BA_only	hippocampus	AA	psi	chr17_82765438_82765707	chr17	82765438	82765707	66	66	0	0	0.00909386370211308	0.938585776116121	2.56427832995773	2.56427832995773	269	380	Genic/other	0	Heritable	0.17043189603651	0.877276864545137	0.00798680488506482	0	0	0	1.7043189603651	5.59471137960184	5.9427993751267	0	0.941677090092339
BA_only	hippocampus	AA	psi	chr17_8280857_8280983	chr17	8280857	8280983	120	120	0	0	0.00769256590674966	0.933559278800072	4.8314007271532	-4.8314007271532	126	417	Intergenic	0	Heritable	0.222956780699165	0.887581034062693	0.00662102089790445	7448	0	0	2.22956780699165	4.83628190695148	6.03548143252476	8.91583507417628	1.57513643331255
BA_only	hippocampus	AA	psi	chr17_82830152_82830501	chr17	82830152	82830501	67	67	0	0	0.0195030459008642	0.973631121108853	2.75334430896483	-2.75334430896483	349	364	Promoter	2	Non-heritable	0.0905331378439995	0.840936481360077	0.0120571699169748	0	0	0	0.905331378439995	5.85507192220243	5.89989735358249	0	1.01281628879562
BA_only	hippocampus	AA	psi	chr17_82854751_82855032	chr17	82854751	82855032	66	66	0	0	0.03545898221113	0.980327953711174	3.48054889891908	3.48054889891908	281	345	Genic/other	1	Non-heritable	0.0802118764401062	0.888343871269705	0.00763474459238056	0	0	0	0.802118764401062	5.63835466933375	5.84643877505773	0	1.24719001379594
BA_only	hippocampus	AA	psi	chr17_82860155_82860318	chr17	82860155	82860318	66	66	0	0	0.0206345468720891	0.975856666808667	2.92446584852419	2.92446584852419	163	362	Promoter	1	Heritable	0.117576439824613	0.878496570127607	0.00772636901558619	0	0	0	1.17576439824613	5.09375020080676	5.89440283426485	0	1.07311185153777
BA_only	hippocampus	AA	psi	chr17_82900031_82900470	chr17	82900031	82900470	74	74	0	0	0.0148704341218709	0.966089857218066	2.34617547262089	-2.34617547262089	439	357	Promoter	1	Heritable	0.118906301782531	0.893395715256798	0.00859968097190828	0	0	0	1.18906301782531	6.08449941307517	5.8805329864007	0	0.852786548210013
BA_only	hippocampus	AA	psi	chr17_82962948_82963752	chr17	82962948	82963752	81	81	0	0	0.00167117258598509	0.786661074605562	2.17255880323674	2.17255880323674	804	326	Genic/other	1	Heritable	0.145677191263465	0.859478332396847	0.0106143107109008	1890	0	0	1.45677191263465	6.68959926917897	5.78996017089725	7.54486106865846	0.775905649476475
BA_only	hippocampus	AA	psi	chr17_8300655_8301046	chr17	8300655	8301046	120	120	0	0	0.00405424423260598	0.880626276698998	2.59725338351331	2.59725338351331	391	429	Genic/other	0	Heritable	0.116076207626232	0.932387250458667	0.00822520718946401	9296	0	0	1.16076207626232	5.96870755998537	6.06378520868761	9.13744704645586	0.954454499547036
BA_only	hippocampus	AA	psi	chr17_83100834_83101018	chr17	83100834	83101018	71	71	0	0	0.000811804170495915	0.683148985370606	1.85364786786746	1.85364786786746	184	250	Enhancer	1	Heritable	0.152161615346593	0.802312329267789	0.00846100740834748	7666	0	0	1.52161615346593	5.21493575760899	5.52545293913178	8.9446806835589	0.617155523467674
BA_only	hippocampus	AA	psi	chr17_83103203_83103400	chr17	83103203	83103400	71	71	0	0	0.0173751509400714	0.970581273335112	2.63513487830122	2.63513487830122	197	248	Promoter	2	Heritable	0.105519520761218	0.743579519834873	0.0147893364844694	10035	0	0	1.05519520761218	5.28320372873799	5.51745289646471	9.21393390748631	0.968934371689267
BA_only	hippocampus	AA	psi	chr17_83120264_83120760	chr17	83120264	83120760	53	53	0	0	0.00563362562684256	0.914301706404424	2.92393636245871	2.92393636245871	496	242	Intergenic	1	Non-heritable	0.0958128103841401	0.720913694128192	0.00977846825262398	23441	0	0	0.958128103841401	6.20657592672493	5.49306144334055	10.0622845642831	1.07293078120573
BA_only	hippocampus	AA	psi	chr17_83153396_83153495	chr17	83153396	83153495	52	52	0	0	0.00337845972160197	0.86593481253084	2.52720221726585	2.52720221726585	99	234	Enhancer	2	Non-heritable	0.0535974058843679	0.700629806600129	0.00874168986026849	0	0	0	0.535974058843679	4.59511985013459	5.45958551414416	0	0.927112851822955
BA_only	hippocampus	AA	psi	chr17_83205505_83206138	chr17	83205505	83206138	41	41	0	0	0.00160963220723675	0.78532874593472	1.46798279962187	-1.46798279962187	633	226	Genic/other	0	Non-heritable	0.0910036304799883	0.707978456198528	0.0064824469609793	0	0	0	0.910036304799883	6.45047042214418	5.4249500174814	0	0.383889220056914
BA_only	hippocampus	AA	psi	chr17_8347238_8347636	chr17	8347238	8347636	119	119	0	0	0.0115208143048215	0.95315577890577	6.26495528182771	-6.26495528182771	398	439	Intergenic	0	Heritable	0.123542808442895	0.932596594011335	0.0100362649436801	1894	0	0	1.23542808442895	5.98645200528444	6.08677472691231	7.54697411751653	1.83497145214184
BA_only	hippocampus	AA	psi	chr17_846394_847139	chr17	846394	847139	56	56	0	0	0.00517079211386249	0.910521893616427	5.36956742702326	-5.36956742702326	745	837	Genic/other	0	Heritable	0.100647896487039	0.979244300914704	0.00864535614835537	0	0	0	1.00647896487039	6.61338421837956	6.73101810048208	0	1.68074735351155
BA_only	hippocampus	AA	psi	chr17_8479519_8480254	chr17	8479519	8480254	70	70	0	0	0.000372175470001801	0.571397027852789	2.6972478750009	-2.6972478750009	735	506	Genic/other	1	Heritable	0.16422424703008	0.937722657395578	0.00828431164286536	0	0	0	1.6422424703008	6.59987049921284	6.22851100359118	0	0.992231951317352
BA_only	hippocampus	AA	psi	chr17_879576_880265	chr17	879576	880265	58	58	0	0	0.0147738263655317	0.966089857218066	4.68102764790698	4.68102764790698	689	824	Genic/other	0	Heritable	0.102329078570768	0.968088155186958	0.00888275659465613	0	0	0	1.02329078570768	6.53524127101366	6.71538338633468	0	1.54351767084715
BA_only	hippocampus	AA	psi	chr17_886227_886514	chr17	886227	886514	58	58	0	0	0.0168372019937168	0.970581273335112	3.38522611203369	3.38522611203369	287	831	Genic/other	0	Heritable	0.111036274084458	0.975979061884162	0.00880516030685008	0	0	0	1.11036274084458	5.65948221575962	6.72383244082121	0	1.21942070532477
BA_only	hippocampus	AA	psi	chr17_8888669_8889128	chr17	8888669	8889128	27	27	0	0	0.0332815550093316	0.979164877002956	2.52384982912946	-2.52384982912946	459	634	Promoter	2	Non-heritable	0.0915341476905199	0.952281505764081	0.00653753794345533	0	0	0	0.915341476905199	6.12905021006055	6.45362499889269	0	0.925785449695807
BA_only	hippocampus	AA	psi	chr17_896860_897800	chr17	896860	897800	58	58	0	0	0.00941080596901631	0.939841915020693	1.82982350387018	-1.82982350387018	940	807	Promoter	0	Heritable	0.155791871869499	0.965057384691733	0.0093700510466576	0	0	0	1.55791871869499	6.84587987526405	6.6945620585211	0	0.604219521694546
BA_only	hippocampus	AA	psi	chr17_9054362_9054773	chr17	9054362	9054773	14	14	0	0	0.0860471723870917	0.988137148207548	0.476504561771214	0.476504561771214	411	677	Enhancer	0	Non-heritable	0.0915053973615069	0.967050180478164	0.00743685637153081	87594	0	0	0.915053973615069	6.01859321449623	6.5191472879404	11.3804791976699	-0.741277961450772
BA_only	hippocampus	AA	psi	chr17_9116019_9116202	chr17	9116019	9116202	11	11	0	0	0.158561675734399	0.991064867102684	0.587550260738021	-0.587550260738021	183	697	Genic/other	1	Heritable	0.139409670345929	0.975460787747197	0.00730951879900741	149251	0	0	1.39409670345929	5.20948615284142	6.54821910276237	11.9133914315001	-0.531793469410835
BA_only	hippocampus	AA	psi	chr17_9247549_9247814	chr17	9247549	9247814	1	1	0	0	0.992179367138043	0.999760364871524	0.000507719435431034	0.000507719435431034	265	700	Genic/other	0	Non-heritable	0.0936885983947418	0.967288006053824	0.00901712254288012	130838	0	0	0.936885983947418	5.57972982598622	6.55250788703459	11.7817228387005	-7.58556185969073
BA_only	hippocampus	AA	psi	chr17_9271918_9272585	chr17	9271918	9272585	1	1	0	0	0.69196984276938	0.997398934041968	0.0181902818083116	-0.0181902818083116	667	702	Genic/other	0	Heritable	0.123288664850313	0.965070650667185	0.00999344296893971	106067	0	0	1.23288664850313	6.50279004591562	6.55535689181067	11.571835676849	-4.00686724434265
BA_only	hippocampus	AA	psi	chr17_933198_933777	chr17	933198	933777	52	52	0	0	0.0225897416212827	0.975932065139872	3.53909937167979	3.53909937167979	579	810	Promoter	0	Heritable	0.105635103422082	0.959713345525961	0.00835815081797799	0	0	0	1.05635103422082	6.361302477573	6.69826805411541	0	1.26387228282261
BA_only	hippocampus	AA	psi	chr17_935583_936006	chr17	935583	936006	51	51	0	0	0.0138319163515622	0.964441318501853	2.50480149966272	-2.50480149966272	423	811	Genic/other	0	Non-heritable	0.0909922300077323	0.97077690938603	0.00852626021253715	0	0	0	0.909922300077323	6.04737217904628	6.69950034016168	0	0.918209493737766
BA_only	hippocampus	AA	psi	chr17_951628_951833	chr17	951628	951833	50	50	0	0	0.00961154706804866	0.939841915020693	1.44953483524824	1.44953483524824	205	773	Genic/other	0	Non-heritable	0.0765500838907589	0.969474417388667	0.00803147575523114	0	0	0	0.765500838907589	5.32300997913841	6.65157187358973	0	0.371242708585793
BA_only	hippocampus	AA	psi	chr17_9725760_9726143	chr17	9725760	9726143	12	12	0	0	0.143749950041842	0.991064867102684	2.3767917109374	2.3767917109374	383	788	Genic/other	0	Non-heritable	0.0554412417749666	0.97975854370203	0.00682689479745945	15803	0	0	0.554412417749666	5.94803498918065	6.67076632084587	9.66801835153128	0.86575156187906
BA_only	hippocampus	AA	psi	chr17_9748712_9748955	chr17	9748712	9748955	12	12	0	0	0.0115578156405767	0.95315577890577	2.1505512811313	-2.1505512811313	243	751	Intergenic	0	Heritable	0.135193157438192	0.949797333906235	0.00871090457963205	31079	0	0	1.35193157438192	5.49306144334055	6.62273632394984	10.3443198044816	0.765724223750672
BA_only	hippocampus	AA	psi	chr17_980699_980810	chr17	980699	980810	39	39	0	0	0.00344263469047498	0.866906756094015	2.08754395193131	2.08754395193131	111	818	Promoter	1	Heritable	0.104774939553251	0.977776953194384	0.00796006456583481	1379	0	0	1.04774939553251	4.70953020131233	6.70808408385307	7.22983877815125	0.735988237128936
BA_only	hippocampus	AA	psi	chr18_10032969_10033244	chr18	10032969	10033244	52	52	0	0	0.00190054961044119	0.801360789073658	2.05146243628692	-2.05146243628692	275	874	Intergenic	1	Non-heritable	0.0822884775769512	0.984581342200279	0.00636637760781039	12406	0	0	0.822884775769512	5.61677109766657	6.77422388635761	9.42601610844287	0.718552927242388
BA_only	hippocampus	AA	psi	chr18_10035509_10035957	chr18	10035509	10035957	52	52	0	0	0.0287547432022233	0.975932065139872	1.80148191760036	-1.80148191760036	448	850	Intergenic	1	Heritable	0.254759448694977	0.962895642039645	0.00864318735361605	14946	0	0	2.54759448694977	6.10479323241499	6.74641212857337	9.61226588978581	0.588609619293554
BA_only	hippocampus	AA	psi	chr18_10044262_10045555	chr18	10044262	10045555	52	52	0	0	0.0123222615918401	0.958949015439713	1.00935299521299	-1.00935299521299	1293	862	Intergenic	0	Heritable	0.103765208875081	0.98524223318513	0.00704164083401974	23699	0	0	1.03765208875081	7.16472037877186	6.76041469108343	10.0732303271232	0.00930953669040534
BA_only	hippocampus	AA	psi	chr18_10119809_10121264	chr18	10119809	10121264	50	50	0	0	0.054348707666251	0.985750602253658	1.18652647661306	1.18652647661306	1455	850	Genic/other	0	Heritable	0.34315445606332	0.953750454336345	0.0109853325762549	0	0	0	3.4315445606332	7.28276117960559	6.74641212857337	0	0.171030119959362
BA_only	hippocampus	AA	psi	chr18_10456815_10458148	chr18	10456815	10458148	90	90	0	0	0.00403655587799706	0.878574390264296	1.95762841239602	1.95762841239602	1333	742	Genic/other	2	Heritable	0.125388737957741	0.973228947784144	0.00824241204181827	0	0	0	1.25388737957741	7.19518732017871	6.61069604471776	0	0.671733752041753
BA_only	hippocampus	AA	psi	chr18_10469696_10470642	chr18	10469696	10470642	90	90	0	0	0.00137069534421294	0.758185047287174	3.07998675113913	-3.07998675113913	946	754	Genic/other	1	Heritable	0.103906968844426	0.969250691964194	0.00744388818686487	0	0	0	1.03906968844426	6.85224256905188	6.62671774924903	0	1.12492529864479
BA_only	hippocampus	AA	psi	chr18_10726324_10726525	chr18	10726324	10726525	52	52	0	0	0.029287925124871	0.976321847132651	3.22228584139451	-3.22228584139451	201	710	Promoter	1	Non-heritable	0.0778901130146218	0.95397549553551	0.00729802589616964	4995	0	0	0.778901130146218	5.30330490805908	6.56667242980324	8.51639287124547	1.17009099943979
BA_only	hippocampus	AA	psi	chr18_11537360_11538424	chr18	11537360	11538424	163	163	0	0	0.00480896387851102	0.903845859635741	6.24443789029467	-6.24443789029467	1064	674	Intergenic	0	Heritable	0.201112661197924	0.937174178198512	0.0109289495675388	0	0	0	2.01112661197924	6.96979066990159	6.51471269087253	0	1.83169113156736
BA_only	hippocampus	AA	psi	chr18_12076293_12077148	chr18	12076293	12077148	621	621	0	0	0.000769545529084607	0.680199019000458	2.67528685472864	2.67528685472864	855	527	Promoter	0	Heritable	0.100879048318233	0.938022254893802	0.0205064015102984	1086	0	0	1.00879048318233	6.75110146893676	6.26909628370626	6.99117688712121	0.984056613749157
BA_only	hippocampus	AA	psi	chr18_12455572_12455822	chr18	12455572	12455822	99	99	0	0	0.0042998696745641	0.888539612676336	4.20918603238925	4.20918603238925	250	386	Enhancer	0	Non-heritable	0.0632393614333259	0.834662336309697	0.00866110653955771	12178	0	0	0.632393614333259	5.52146091786225	5.95842469302978	9.40746843608711	1.43726928990194
BA_only	hippocampus	AA	psi	chr18_12656023_12656188	chr18	12656023	12656188	89	89	0	0	4.83778801419215e-05	0.270243597084104	2.80510044418776	2.80510044418776	165	325	Genic/other	1	Non-heritable	0.073233377669379	0.878809719320621	0.00743156145424915	0	0	0	0.73233377669379	5.10594547390058	5.78689738136671	0	1.03143935087806
BA_only	hippocampus	AA	psi	chr18_12777194_12777828	chr18	12777194	12777828	81	81	0	0	0.0093877565709767	0.939841915020693	5.41074022571195	-5.41074022571195	634	336	Enhancer	2	Non-heritable	0.0887262454237625	0.810189089986903	0.00531087510703448	1281	0	0	0.887262454237625	6.45204895443723	5.82008293035236	7.15617663748062	1.68838591080189
BA_only	hippocampus	AA	psi	chr18_12896950_12897307	chr18	12896950	12897307	83	83	0	0	0.00913976677469572	0.939077729475158	3.81396426687325	3.81396426687325	357	338	Genic/other	2	Non-heritable	0.0503162651073188	0.758000124409427	0.00961152344408553	0	0	0	0.503162651073188	5.87773578177964	5.82600010738045	0	1.33866914081901
BA_only	hippocampus	AA	psi	chr18_12912229_12912339	chr18	12912229	12912339	71	71	0	0	0.00197999880722632	0.80614848610333	2.64177870106756	-2.64177870106756	110	358	Promoter	1	Non-heritable	0.0635377652095522	0.845379614543734	0.00817244239557494	0	0	0	0.635377652095522	4.70048036579242	5.88332238848828	0	0.971452444480024
BA_only	hippocampus	AA	psi	chr18_13220371_13222234	chr18	13220371	13222234	15	15	0	0	0.0115457172159926	0.95315577890577	1.8990994387222	1.8990994387222	1863	537	Enhancer	2	Non-heritable	0.0685048036226916	0.932341079055285	0.00730942013396093	0	0	0	0.685048036226916	7.52994337060159	6.28785856016178	0	0.641379799454307
BA_only	hippocampus	AA	psi	chr18_13448213_13448537	chr18	13448213	13448537	18	18	0	0	0.169113557419304	0.991064867102684	0.638797683249205	0.638797683249205	324	517	Promoter	0	Heritable	0.112417086838766	0.94229753025006	0.00565492386091956	0	0	0	1.12417086838766	5.78074351579233	6.24997524225948	0	-0.448167473716671
BA_only	hippocampus	AA	psi	chr18_13453850_13454127	chr18	13453850	13454127	18	18	0	0	0.118568442519132	0.990898390030923	0.89580062972646	-0.89580062972646	277	508	Genic/other	0	Heritable	0.168802567584973	0.929195020791464	0.00804285103476411	0	0	0	1.68802567584973	5.62401750618734	6.23244801655052	0	-0.110037391069362
BA_only	hippocampus	AA	psi	chr18_13494823_13494985	chr18	13494823	13494985	12	12	0	0	0.107455807862668	0.990610842832516	0.887108678052205	0.887108678052205	162	528	Genic/other	1	Heritable	0.101332810913612	0.930022911111218	0.00785635782426251	0	0	0	1.01332810913612	5.08759633523238	6.2709884318583	0	-0.119787769734864
BA_only	hippocampus	AA	psi	chr18_13500237_13500418	chr18	13500237	13500418	13	13	0	0	0.0731746916535902	0.985907779499035	0.919695562585626	0.919695562585626	181	533	Genic/other	1	Non-heritable	0.0882888359249234	0.947783431934576	0.00791635934728738	0	0	0	0.882888359249234	5.19849703126583	6.2803958389602	0	-0.0837125630617756
BA_only	hippocampus	AA	psi	chr18_13565396_13566188	chr18	13565396	13566188	17	17	0	0	0.0940618621903704	0.98989315440863	1.9792415074772	1.9792415074772	792	536	Promoter	0	Non-heritable	0.0903859452421442	0.945160971561957	0.00627291352276914	0	0	0	0.903859452421442	6.67456139181443	6.28599809450887	0	0.682713699334417
BA_only	hippocampus	AA	psi	chr18_13612631_13618895	chr18	13612631	13618895	17	17	0	0	0.0079079637060068	0.933559278800072	2.28994266660838	2.28994266660838	6264	517	Enhancer	0	Heritable	0.124868802885907	0.935822980095098	0.00770007623984291	0	0	0	1.24868802885907	8.74257423767064	6.24997524225948	0	0.828526785204099
BA_only	hippocampus	AA	psi	chr18_13623833_13624581	chr18	13623833	13624581	17	17	0	0	0.0745782087137344	0.986186896048602	1.4036638080325	1.4036638080325	748	538	Genic/other	0	Non-heritable	0.0926456006896505	0.93483347915525	0.00810652214916584	0	0	0	0.926456006896505	6.61740297797448	6.289715570909	0	0.339085831086088
BA_only	hippocampus	AA	psi	chr18_13842983_13844524	chr18	13842983	13844524	16	16	0	0	0.0534942950570677	0.985016765603212	0.859730737738079	0.859730737738079	1541	515	Intergenic	0	Heritable	0.442532490762059	0.903684347597235	0.00930144457481015	80943	0	0	4.42532490762059	7.34018683532012	6.24610676548156	11.3015128365317	-0.151136022781109
BA_only	hippocampus	AA	psi	chr18_14178645_14178917	chr18	14178645	14178917	42	42	0	0	0.00396452706065617	0.876132919298309	2.40807815722363	-2.40807815722363	272	321	Promoter	1	Non-heritable	0.0571479469152582	0.797695728295125	0.00738166964728067	220	0	0	0.571479469152582	5.605802066296	5.77455154554441	5.39816270151775	0.87882898839132
BA_only	hippocampus	AA	psi	chr18_14179199_14179943	chr18	14179199	14179943	42	42	0	0	0.00417226646517712	0.88413881341503	2.82082681326989	2.82082681326989	744	313	Promoter	2	Non-heritable	0.0724890764640925	0.841157515506859	0.0112637317911407	0	0	0	0.724890764640925	6.61204103483309	5.74939298590825	0	1.03703004171647
BA_only	hippocampus	AA	psi	chr18_1429430_1430944	chr18	1429430	1430944	176	176	0	0	0.010510767129622	0.944902218841749	3.11014607218232	-3.11014607218232	1514	493	Intergenic	0	Heritable	0.140091701581417	0.936160778262363	0.00791493458475352	21182	0	0	1.40091701581417	7.32251043399739	6.20253551718792	9.96095425218446	1.13466969685081
BA_only	hippocampus	AA	psi	chr18_14399184_14399838	chr18	14399184	14399838	42	42	0	0	0.00208732377191078	0.813528078985225	1.85568921438198	1.85568921438198	654	282	Intergenic	0	Heritable	0.413986543126973	0.842976307575425	0.00806857408488761	56958	0	0	4.13986543126973	6.4831073514572	5.64544689764324	10.950086989752	0.618256176584028
BA_only	hippocampus	AA	psi	chr18_14458084_14458297	chr18	14458084	14458297	27	27	0	0	0.00389010454085425	0.874620768941898	1.56791929669856	1.56791929669856	213	268	Intergenic	1	Non-heritable	0.0909203775773015	0.817587229844909	0.0121525373029888	65209	0	0	0.909203775773015	5.36129216570943	5.59471137960184	11.0853681103872	0.449749458039279
BA_only	hippocampus	AA	psi	chr18_14458907_14459045	chr18	14458907	14459045	27	27	0	0	0.00892809831244784	0.937023353748535	2.40859405567882	2.40859405567882	138	269	Intergenic	1	Heritable	0.132691362771245	0.80620950456702	0.00925820061042995	64461	0	0	1.32691362771245	4.92725368515721	5.59842195899838	11.0738311818816	0.879043202036018
BA_only	hippocampus	AA	psi	chr18_14640833_14641589	chr18	14640833	14641589	4	4	0	0	0.249428075606038	0.99258796918521	0.380481495710391	-0.380481495710391	756	237	Intergenic	0	Non-heritable	0.0996048808568237	0.78090815440725	0.00731297747379697	0	0	0	0.996048808568237	6.62804137617953	5.47227067367148	0	-0.966317708090602
BA_only	hippocampus	AA	psi	chr18_15000096_15000296	chr18	15000096	15000296	18	18	0	0	0.134587803376809	0.991064867102684	1.31978355220852	1.31978355220852	200	100	Intergenic	1	Heritable	0.145086619081845	0.584161096483796	0.00895593215115605	30419	0	0	1.45086619081845	5.29831736654804	4.61512051684126	10.3228555658133	0.277467755130205
BA_only	hippocampus	AA	psi	chr18_1585898_1586127	chr18	1585898	1586127	173	173	0	0	0.00720507462908207	0.931602204679102	5.89365168375237	-5.89365168375237	229	520	Genic/other	0	Non-heritable	0.0445138182612528	0.883978882424688	0.0103410428609148	0	0	0	0.445138182612528	5.43372200355424	6.25575004175337	0	1.77387578751543
BA_only	hippocampus	AA	psi	chr18_21682330_21682971	chr18	21682330	21682971	6	6	0	0	0.0820149261952851	0.988137148207548	1.00580881728206	-1.00580881728206	641	139	Promoter	0	Heritable	0.121601136096954	0.667082678261056	0.00918261071612711	0	0	0	1.21601136096954	6.46302945692067	4.9416424226093	0	0.00579202109627659
BA_only	hippocampus	AA	psi	chr18_22051167_22051597	chr18	22051167	22051597	49	49	0	0	0.0510396373738942	0.984153364580922	1.1765045078943	-1.1765045078943	430	308	Intergenic	0	Heritable	0.183893619358568	0.845735878557989	0.00595888873230233	0	0	0	1.83893619358568	6.06378520868761	5.73334127689775	0	0.162547769292059
BA_only	hippocampus	AA	psi	chr18_22177376_22178480	chr18	22177376	22178480	49	49	0	0	0.0349814023289178	0.980327953711174	1.24956212324257	-1.24956212324257	1104	317	Promoter	1	Non-heritable	0.0985084985760126	0.880246554139734	0.00680406658596578	7966	0	0	0.985084985760126	7.00669522683704	5.76205138278018	8.98306328938037	0.222793196541199
BA_only	hippocampus	AA	psi	chr18_23134464_23134580	chr18	23134464	23134580	62	62	0	0	0.012203043815631	0.95809323095415	5.49864530337762	5.49864530337762	116	276	Promoter	1	Heritable	0.121870297414727	0.827932751389971	0.0071767821463877	70	0	0	1.21870297414727	4.75359019110636	5.62401750618734	4.26267987704132	1.70450175524134
BA_only	hippocampus	AA	psi	chr18_23223940_23224435	chr18	23223940	23224435	10	10	0	0	0.0790257809624054	0.987720536119146	0.574132439208109	0.574132439208109	495	273	Genic/other	0	Non-heritable	0.0786111794728072	0.787470261563961	0.00678659250253722	29491	0	0	0.786111794728072	6.20455776256869	5.61312810638807	10.2918743191095	-0.554895161531419
BA_only	hippocampus	AA	psi	chr18_25019172_25019729	chr18	25019172	25019729	56	56	0	0	0.0281513090806422	0.975932065139872	3.66946355509089	-3.66946355509089	557	483	Genic/other	0	Heritable	0.103350142462203	0.885986903358172	0.00802088827252248	220	0	0	1.03350142462203	6.32256523992728	6.18208490671663	5.39816270151775	1.3000454838328
BA_only	hippocampus	AA	psi	chr18_25348834_25348969	chr18	25348834	25348969	10	10	0	0	0.0663929722002195	0.985907779499035	0.955084025868885	0.955084025868885	135	474	Genic/other	1	Heritable	0.147901638279972	0.898322485903112	0.0110156313103114	0	0	0	1.47901638279972	4.90527477843843	6.16331480403464	0	-0.0459559466985739
BA_only	hippocampus	AA	psi	chr18_26255527_26257042	chr18	26255527	26257042	46	46	0	0	0.0267413274451195	0.975932065139872	3.28839708874967	3.28839708874967	1515	424	Promoter	0	Heritable	0.105849606654123	0.865989395413439	0.0102368528851763	29456	0	0	1.05849606654123	7.32317071794347	6.05208916892442	10.2906868518374	1.19040024202738
BA_only	hippocampus	AA	psi	chr18_26576177_26576601	chr18	26576177	26576601	44	44	0	0	0.00654526553158628	0.923561800805115	2.67496220149356	-2.67496220149356	424	450	Promoter	0	Heritable	0.138784896951894	0.882415032276582	0.0130948088581157	0	0	0	1.38784896951894	6.04973345523196	6.11146733950268	0	0.983935253703726
BA_only	hippocampus	AA	psi	chr18_2792793_2793445	chr18	2792793	2793445	36	36	0	0	0.000636441242177133	0.657105411686211	1.90609298299967	1.90609298299967	652	740	Genic/other	0	Heritable	0.111544021097824	0.975417659993491	0.00672046869044439	0	0	0	1.11544021097824	6.48004456192665	6.60800062529609	0	0.645055593653415
BA_only	hippocampus	AA	psi	chr18_3013771_3014103	chr18	3013771	3014103	50	50	0	0	0.0655897282091995	0.985907779499035	4.06018143257398	4.06018143257398	332	737	Promoter	1	Heritable	0.256363110978733	0.942252509095133	0.00689545691655622	683	0	0	2.56363110978733	5.80513496891649	6.60394382460047	6.52795791762255	1.40122766290422
BA_only	hippocampus	AA	psi	chr18_31683318_31683842	chr18	31683318	31683842	45	45	0	0	0.00316971223749064	0.853185837570312	6.05166768280255	-6.05166768280255	524	469	Genic/other	1	Non-heritable	0.066856175397076	0.864051926745139	0.00854078350474017	0	0	0	0.66856175397076	6.26149168432104	6.1527326947041	0	1.8003338857607
BA_only	hippocampus	AA	psi	chr18_32468078_32469116	chr18	32468078	32469116	5	5	0	0	0.263520314263867	0.992872575554855	0.688980165779958	-0.688980165779958	1038	372	Genic/other	2	Non-heritable	0.0840850619217082	0.829757600371726	0.00805901689054672	1221	0	0	0.840850619217082	6.94505106372583	5.92157841964382	7.10824413973154	-0.372542780835305
BA_only	hippocampus	AA	psi	chr18_32721793_32722992	chr18	32721793	32722992	40	40	0	0	0.00880183915942102	0.934101276321172	1.53445444079963	-1.53445444079963	1199	272	Genic/other	0	Heritable	0.385482470614043	0.901954092049791	0.00891183909401707	110530	0	0	3.85482470614043	7.08924315502751	5.60947179518496	11.6130513035815	0.428174911222058
BA_only	hippocampus	AA	psi	chr18_32772947_32773326	chr18	32772947	32773326	40	40	0	0	0.0200580531674582	0.975786171931522	2.97627382068334	2.97627382068334	379	254	Promoter	1	Heritable	0.132040420268823	0.838259600679844	0.0102478954273227	60196	0	0	1.32040420268823	5.93753620508243	5.54126354515843	11.0053777961681	1.09067212573634
BA_only	hippocampus	AA	psi	chr18_3282575_3283030	chr18	3282575	3283030	89	89	0	0	0.01452805398268	0.966089857218066	3.85449861528608	3.85449861528608	455	893	Genic/other	0	Non-heritable	0.0880391781969341	0.95413650595838	0.00684605836573775	1228	0	0	0.880391781969341	6.12029741895095	6.79570577517351	7.11395610956603	1.34924094026543
BA_only	hippocampus	AA	psi	chr18_33200929_33202639	chr18	33200929	33202639	9	9	0	0	0.0518310339950852	0.984153364580922	2.73930157380529	-2.73930157380529	1710	200	Genic/other	0	Heritable	0.159882589553074	0.71611207673752	0.00828645363289522	226381	0	0	1.59882589553074	7.44424864949671	5.30330490805908	12.3299791168501	1.00770299148694
BA_only	hippocampus	AA	psi	chr18_33339664_33340785	chr18	33339664	33340785	16	16	0	0	0.137782242806313	0.991064867102684	4.55440491073351	-4.55440491073351	1121	189	Genic/other	0	Heritable	0.404047357229827	0.873850894922116	0.00688967562778953	99295	0	0	4.04047357229827	7.02197642307216	5.24702407216049	11.5058605672481	1.51609487908923
BA_only	hippocampus	AA	psi	chr18_3359971_3360529	chr18	3359971	3360529	117	117	0	0	0.0269676816223551	0.975932065139872	5.20445612533436	-5.20445612533436	558	882	Genic/other	0	Non-heritable	0.085568262899733	0.972483835809091	0.00706393724773567	0	0	0	0.85568262899733	6.32435896238131	6.78332520060396	0	1.6495152077189
BA_only	hippocampus	AA	psi	chr18_33819526_33821337	chr18	33819526	33821337	27	27	0	0	0.0280824331324549	0.975932065139872	3.87982738331259	3.87982738331259	1811	229	Intergenic	0	Heritable	0.312161302146755	0.849095896394142	0.0449898703622827	87557	0	0	3.12161302146755	7.50163445788341	5.4380793089232	11.3800567098958	1.355790666386
BA_only	hippocampus	AA	psi	chr18_34219793_34220432	chr18	34219793	34220432	12	12	0	0	0.0189958922865828	0.97294422691241	1.23205359449807	-1.23205359449807	639	237	Genic/other	2	Heritable	0.129805697303139	0.804797113914069	0.0119826709657966	0	0	0	1.29805697303139	6.45990445437754	5.47227067367148	0	0.208682374309326
BA_only	hippocampus	AA	psi	chr18_34322724_34323413	chr18	34322724	34323413	14	14	0	0	0.0300143350140199	0.976891416474381	2.96327916931751	2.96327916931751	689	230	Intergenic	0	Heritable	0.161450166518694	0.773628154629358	0.00651493579835094	0	0	0	1.61450166518694	6.53524127101366	5.44241771052179	0	1.08629648599472
BA_only	hippocampus	AA	psi	chr18_34494956_34496455	chr18	34494956	34496455	9	9	0	0	0.00372330007709656	0.868236155887141	0.834951421004458	0.834951421004458	1499	242	Promoter	2	Heritable	0.11361764433819	0.824087518824885	0.00805221235203488	0	0	0	1.1361764433819	7.3125534981026	5.49306144334055	0	-0.180381722284743
BA_only	hippocampus	AA	psi	chr18_3452676_3452904	chr18	3452676	3452904	133	133	0	0	0.018083028387589	0.971452676751561	3.78234663089607	-3.78234663089607	228	846	Promoter	1	Non-heritable	0.0460418623863755	0.939224789820384	0.007199307462011	0	0	0	0.460418623863755	5.42934562895444	6.74170069465206	0	1.33034462148198
BA_only	hippocampus	AA	psi	chr18_35345116_35345722	chr18	35345116	35345722	39	39	0	0	0.00554083289565315	0.914301706404424	3.30088814206746	-3.30088814206746	606	315	Promoter	1	Non-heritable	0.0812250382952786	0.86545272774129	0.00659261792884627	745	0	0	0.812250382952786	6.40687998606931	5.75574221358691	6.61472560020376	1.19419156925171
BA_only	hippocampus	AA	psi	chr18_3602366_3602589	chr18	3602366	3602589	111	111	0	0	0.00397651463860873	0.876132919298309	7.00612088236017	7.00612088236017	223	828	Promoter	0	Heritable	0.117321249032076	0.976571638268964	0.00685119185367769	0	0	0	1.17321249032076	5.40717177146012	6.7202201551353	0	1.94678418017312
BA_only	hippocampus	AA	psi	chr18_37780022_37780500	chr18	37780022	37780500	24	24	0	0	0.0252740858855354	0.975932065139872	2.11205237908212	2.11205237908212	478	352	Intergenic	0	Non-heritable	0.0986602494765038	0.903896065929679	0.00831460144322157	110298	0	0	0.986602494765038	6.16961073249146	5.8664680569333	11.6109501390174	0.747660170972975
BA_only	hippocampus	AA	psi	chr18_39798784_39800367	chr18	39798784	39800367	395	395	0	0	0.000614919513004118	0.656556947226755	2.37383969273946	2.37383969273946	1583	238	Promoter	0	Heritable	0.221827488576978	0.824141574436296	0.0103701027231529	0	0	0	2.21827488576978	7.36707705988101	5.47646355193151	0	0.864508771894056
BA_only	hippocampus	AA	psi	chr18_42296368_42297942	chr18	42296368	42297942	44	44	0	0	0.0161508911746959	0.968106276565941	2.81592603380805	2.81592603380805	1574	243	Genic/other	0	Non-heritable	0.0553949809161084	0.805198962567423	0.00999397733706815	0	0	0	0.553949809161084	7.36137542897735	5.4971682252932	0	1.03529117509867
BA_only	hippocampus	AA	psi	chr18_42605325_42606304	chr18	42605325	42606304	53	53	0	0	0.0125335370345486	0.961394807854409	1.68711832121348	-1.68711832121348	979	239	Genic/other	0	Heritable	0.60480200094523	0.852818166153747	0.00821637764316736	0	0	0	6.0480200094523	6.88653164253051	5.48063892334199	0	0.523021944087614
BA_only	hippocampus	AA	psi	chr18_43353911_43355285	chr18	43353911	43355285	3	3	0	0	0.14261242934523	0.991064867102684	0.513756963509411	-0.513756963509411	1374	231	Intergenic	0	Heritable	0.611929241010992	0.825376531525624	0.00862018794484833	76567	0	0	6.11929241010992	7.22548147278229	5.44673737166631	11.2459345138757	-0.666004939522869
BA_only	hippocampus	AA	psi	chr18_44744827_44745130	chr18	44744827	44745130	26	26	0	0	0.0072484384624394	0.931791869604965	2.39125799804929	2.39125799804929	303	242	Enhancer	2	Heritable	0.122549504419137	0.81373539823784	0.00747495646575744	43651	0	0	1.22549504419137	5.71373280550937	5.49306144334055	10.684004379233	0.871819590663441
BA_only	hippocampus	AA	psi	chr18_45766960_45768041	chr18	45766960	45768041	28	28	0	0	0.0167375370526141	0.970581273335112	2.53425645649495	2.53425645649495	1081	358	Intergenic	0	Heritable	0.503757784084535	0.907266373531191	0.0070861836613772	0	0	0	5.03757784084535	6.98564181763921	5.88332238848828	0	0.929900286917622
BA_only	hippocampus	AA	psi	chr18_46918319_46918454	chr18	46918319	46918454	28	28	0	0	0.0137722741542719	0.964441318501853	2.3342135086633	-2.3342135086633	135	288	Promoter	1	Heritable	0.100139664669998	0.841667923971186	0.00696923483589792	0	0	0	1.00139664669998	4.90527477843843	5.66642668811243	0	0.847675011541037
BA_only	hippocampus	AA	psi	chr18_47077227_47077458	chr18	47077227	47077458	29	29	0	0	0.0166644377360819	0.970177563875914	3.27641219500353	-3.27641219500353	231	263	Genic/other	0	Non-heritable	0.0397755203583141	0.704851102435293	0.00728223869561676	2	0	0	0.397755203583141	5.44241771052179	5.57594910314632	1.09861228866811	1.18674898377859
BA_only	hippocampus	AA	psi	chr18_48592606_48592906	chr18	48592606	48592906	7	7	0	0	0.185906103535307	0.991064867102684	1.85490482007522	1.85490482007522	300	645	Genic/other	0	Non-heritable	0.0891926317080843	0.954939441617408	0.00696738716153507	53650	0	0	0.891926317080843	5.7037824746562	6.4707995037826	10.8902553872141	0.617833390201615
BA_only	hippocampus	AA	psi	chr18_48663868_48664182	chr18	48663868	48664182	5	5	0	0	0.131253447079052	0.991064867102684	0.973550756914909	0.973550756914909	314	589	Genic/other	0	Non-heritable	0.0880293054535113	0.935323244441182	0.0121755696824488	94222	0	0	0.880293054535113	5.74939298590825	6.38012253689977	11.4534195921207	-0.0268053066698963
BA_only	hippocampus	AA	psi	chr18_48782120_48782596	chr18	48782120	48782596	20	20	0	0	0.0390154632699272	0.980549382116533	13.1079201659375	-13.1079201659375	476	533	Enhancer	0	Non-heritable	0.0951576835912495	0.942703802047576	0.00683111770934314	20729	0	0	0.951576835912495	6.16541785423142	6.2803958389602	9.93933720542983	2.57321664109705
BA_only	hippocampus	AA	psi	chr18_48827786_48828213	chr18	48827786	48828213	21	21	0	0	0.0271730715893026	0.975932065139872	5.05206257539893	-5.05206257539893	427	481	Enhancer	0	Heritable	0.161954579819502	0.933421245947975	0.00726607260216376	0	0	0	1.61954579819502	6.05678401322863	6.1779441140506	0	1.61979659265358
BA_only	hippocampus	AA	psi	chr18_48840444_48841344	chr18	48840444	48841344	21	21	0	0	0.0868772442024811	0.988137148207548	7.88860817483743	7.88860817483743	900	483	Genic/other	0	Heritable	0.132465347808414	0.91959598902213	0.00847968362240845	5751	0	0	1.32465347808414	6.80239476332431	6.18208490671663	8.65730289940088	2.06541971686833
BA_only	hippocampus	AA	psi	chr18_48859310_48860137	chr18	48859310	48860137	21	21	0	0	0.106136507745183	0.990610842832516	8.47816384856397	8.47816384856397	827	477	Promoter	2	Heritable	0.190892538822349	0.919267057675517	0.00709036792768896	24617	0	0	1.90892538822349	6.71780469502369	6.16961073249146	10.1112331616702	2.13749390024591
BA_only	hippocampus	AA	psi	chr18_48920718_48921227	chr18	48920718	48921227	21	21	0	0	0.0277417658608614	0.975932065139872	8.17913141885097	8.17913141885097	509	419	Genic/other	1	Heritable	0.157011666566196	0.906681660631433	0.00664363227823331	682	0	0	1.57011666566196	6.23244801655052	6.04025471127741	6.52649485957079	2.10158596268486
BA_only	hippocampus	AA	psi	chr18_49493214_49494075	chr18	49493214	49494075	53	53	0	0	0.0125715597702103	0.961461717209863	0.830422352880877	0.830422352880877	861	343	Promoter	1	Heritable	0.378346286111377	0.871755792516222	0.0144454280442211	755	0	0	3.78346286111377	6.75809450442773	5.8406416573734	6.62804137617953	-0.185820836681588
BA_only	hippocampus	AA	psi	chr18_5003217_5004506	chr18	5003217	5004506	130	130	0	0	0.0625469505427968	0.985907779499035	2.4263970522056	2.4263970522056	1289	546	Promoter	0	Heritable	0.102896619157003	0.936184935935491	0.00731175125667856	0	0	0	1.02896619157003	7.16162200293919	6.30444880242198	0	0.88640746662889
BA_only	hippocampus	AA	psi	chr18_50306626_50307069	chr18	50306626	50307069	35	35	0	0	0.0416803812544082	0.980549382116533	0.863437742321404	-0.863437742321404	443	396	Genic/other	0	Non-heritable	0.094576689745831	0.880199158705969	0.0159011919199414	0	0	0	0.94576689745831	6.09356977004514	5.98393628068719	0	-0.146833471635529
BA_only	hippocampus	AA	psi	chr18_51399646_51399994	chr18	51399646	51399994	35	35	0	0	0.000839115375334792	0.687917320011867	4.2223542815794	-4.2223542815794	348	304	Genic/other	0	Non-heritable	0.0760874060233628	0.878937716171741	0.00585344275003231	0	0	0	0.760874060233628	5.85220247977447	5.72031177660741	0	1.44039286148557
BA_only	hippocampus	AA	psi	chr18_51886763_51888906	chr18	51886763	51888906	1	1	0	0	0.324722404521947	0.993828622005322	0.0864494772635586	-0.0864494772635586	2143	344	Intergenic	0	Non-heritable	0.0846458621573982	0.858804040182065	0.0654396632617461	246563	0	0	0.846458621573982	7.66996199547358	5.84354441703136	12.415376873654	-2.44819499788768
BA_only	hippocampus	AA	psi	chr18_5284995_5285911	chr18	5284995	5285911	141	141	0	0	3.66616262244477e-05	0.229159501037493	2.49322363417247	2.49322363417247	916	599	Genic/other	0	Non-heritable	0.064798094268336	0.953739721763866	0.00719674237382764	0	0	0	0.64798094268336	6.82001636467413	6.39692965521615	0	0.913576509371601
BA_only	hippocampus	AA	psi	chr18_5418448_5420275	chr18	5418448	5420275	132	132	0	0	0.00065284013416302	0.660644830675263	1.87642057399329	-1.87642057399329	1827	639	Promoter	0	Heritable	0.133194352755692	0.971032104200442	0.00707090025448612	0	0	0	1.33194352755692	7.51043055637801	6.46146817635372	0	0.629366017350864
BA_only	hippocampus	AA	psi	chr18_54267843_54268183	chr18	54267843	54268183	23	23	0	0	0.0572808434910194	0.98577631996496	2.0346157085086	2.0346157085086	340	176	Genic/other	1	Heritable	0.148351754369165	0.71495630728306	0.00913799821484875	1477	0	0	1.48351754369165	5.82894561761021	5.17614973257383	7.29844510150815	0.710306964949064
BA_only	hippocampus	AA	psi	chr18_55054714_55054913	chr18	55054714	55054913	44	44	0	0	0.00586771260633502	0.91660165241749	4.65620615334911	4.65620615334911	199	255	Intergenic	0	Heritable	0.129488808886325	0.842458392850929	0.00835389018144801	0	0	0	1.29488808886325	5.29330482472449	5.54517744447956	0	1.53820098851867
BA_only	hippocampus	AA	psi	chr18_55301562_55302787	chr18	55301562	55302787	101	101	0	0	0.00243269082747281	0.824728302674626	3.46780923744264	-3.46780923744264	1225	271	Promoter	0	Heritable	0.112333742814733	0.853007059742167	0.00748473346474602	0	0	0	1.12333742814733	7.11069612297883	5.605802066296	0	1.24352305378462
BA_only	hippocampus	AA	psi	chr18_55323120_55324709	chr18	55323120	55324709	101	101	0	0	0.00221171965927319	0.817446144573316	2.7329768944502	2.7329768944502	1589	261	Promoter	0	Heritable	0.105798421929823	0.848045621892277	0.0177868813480046	0	0	0	1.05798421929823	7.37086016653672	5.5683445037611	0	1.00539145628827
BA_only	hippocampus	AA	psi	chr18_55347407_55347728	chr18	55347407	55347728	154	154	0	0	0.0034750186476657	0.866906756094015	3.92046288355722	3.92046288355722	321	267	Genic/other	0	Heritable	0.163480730739666	0.808671979600975	0.00789569818164049	0	0	0	1.63480730739666	5.77144112313002	5.59098698051086	0	1.366209731922
BA_only	hippocampus	AA	psi	chr18_55398025_55398895	chr18	55398025	55398895	138	138	0	0	0.00328229121862076	0.857599671675802	2.47924049671552	2.47924049671552	870	254	Genic/other	0	Non-heritable	0.0883453011353323	0.83749802295949	0.00732344097933359	0	0	0	0.883453011353323	6.76849321164863	5.54126354515843	0	0.907952265981484
BA_only	hippocampus	AA	psi	chr18_55404238_55406079	chr18	55404238	55406079	138	138	0	0	0.00659015410421614	0.924347635787439	3.75983357279577	-3.75983357279577	1841	256	Promoter	0	Non-heritable	0.0432257138592063	0.669614963311953	0.00812106607076705	0	0	0	0.432257138592063	7.51806418123308	5.54907608489522	0	1.32437469652756
BA_only	hippocampus	AA	psi	chr18_55422169_55422289	chr18	55422169	55422289	142	142	0	0	0.00200370381022626	0.807059167016623	2.94239322231669	2.94239322231669	120	257	Promoter	0	Non-heritable	0.0797617585464604	0.844767503991349	0.00741866694694255	0	0	0	0.797617585464604	4.78749174278205	5.55295958492162	0	1.07922327480977
BA_only	hippocampus	AA	psi	chr18_55423693_55424163	chr18	55423693	55424163	142	142	0	0	0.0058985837385246	0.916790754704813	3.32535214984719	-3.32535214984719	470	264	Promoter	0	Non-heritable	0.053914688854794	0.808402569610599	0.00760162067248854	0	0	0	0.53914688854794	6.1527326947041	5.57972982598622	0	1.20157558123546
BA_only	hippocampus	AA	psi	chr18_55780958_55781707	chr18	55780958	55781707	147	147	0	0	0.002687465213669	0.837193558318007	2.5374233591709	2.5374233591709	749	284	Promoter	1	Non-heritable	0.0776482160552632	0.873467708016422	0.00827846775574342	0	0	0	0.776482160552632	6.61873898351722	5.65248918026865	0	0.931149144570379
BA_only	hippocampus	AA	psi	chr18_56576267_56577196	chr18	56576267	56577196	2	2	0	0	0.10181654289715	0.990428070812969	0.146239063274768	-0.146239063274768	929	320	Intergenic	0	Non-heritable	0.0865194104932019	0.880437303106624	0.00694139200221163	47264	0	0	0.865194104932019	6.83410873881384	5.77144112313002	10.7635253428595	-1.92251250831246
BA_only	hippocampus	AA	psi	chr18_57801504_57801630	chr18	57801504	57801630	100	100	0	0	0.00155714465054641	0.777132814755397	3.73543408635932	-3.73543408635932	126	579	Genic/other	1	Non-heritable	0.0897570002426005	0.954700109408224	0.00706385497682386	0	0	0	0.897570002426005	4.83628190695148	6.36302810354047	0	1.31786403575615
BA_only	hippocampus	AA	psi	chr18_58046170_58047312	chr18	58046170	58047312	87	87	0	0	0.0260411562735807	0.975932065139872	2.31451120227613	-2.31451120227613	1142	535	Promoter	2	Heritable	0.104374540537576	0.950150005473726	0.00881905288475379	0	0	0	1.04374540537576	7.04053639021596	6.2841341610708	0	0.839198525839576
BA_only	hippocampus	AA	psi	chr18_58058872_58059857	chr18	58058872	58059857	85	85	0	0	0.000463347290162162	0.604162640906295	2.80657889568855	2.80657889568855	985	544	Genic/other	0	Heritable	0.669427963118968	0.924893795361796	0.00926679752199264	0	0	0	6.69427963118968	6.89264164117209	6.30078579466324	0	1.0319662703402
BA_only	hippocampus	AA	psi	chr18_58133926_58134290	chr18	58133926	58134290	89	89	0	0	0.00617014831678949	0.920376068783091	2.52408754678124	-2.52408754678124	364	554	Genic/other	0	Heritable	0.150651980433203	0.935016899142405	0.00689292378612047	0	0	0	1.50651980433203	5.89715386763674	6.31896811374643	0	0.925879633768751
BA_only	hippocampus	AA	psi	chr18_58135726_58136795	chr18	58135726	58136795	89	89	0	0	0.0109336225664455	0.946344095230339	6.05954223553228	6.05954223553228	1069	543	Enhancer	0	Heritable	0.143558629963266	0.934760732453971	0.011642814382817	0	0	0	1.43558629963266	6.97447891102505	6.29894924685594	0	1.80163426018728
BA_only	hippocampus	AA	psi	chr18_58401975_58402725	chr18	58401975	58402725	95	95	0	0	0.0566942226302527	0.98577631996496	3.2446610172241	-3.2446610172241	750	513	Genic/other	0	Heritable	0.677897993522998	0.920896182887181	0.0109188981024015	1977	0	0	6.77897993522998	6.62007320653036	6.24222326545517	7.58984151218266	1.17701088467634
BA_only	hippocampus	AA	psi	chr18_58476473_58477220	chr18	58476473	58477220	61	61	0	0	0.0247345458114624	0.975932065139872	4.60273863454465	-4.60273863454465	747	490	Genic/other	0	Heritable	0.203269294563055	0.921475573493041	0.00884013876307925	25491	0	0	2.03269294563055	6.61606518513282	6.19644412779452	10.1461199564342	1.52665148384978
BA_only	hippocampus	AA	psi	chr18_58769411_58769794	chr18	58769411	58769794	43	43	0	0	0.0398596454429207	0.980549382116533	1.12000070337496	-1.12000070337496	383	501	Intergenic	1	Heritable	0.290864248171278	0.91073404731295	0.0129836066699054	0	0	0	2.90864248171278	5.94803498918065	6.21860011969173	0	0.113329322248729
BA_only	hippocampus	AA	psi	chr18_58862230_58862620	chr18	58862230	58862620	58	58	0	0	0.0165058900923126	0.969611176334819	4.26252260115361	-4.26252260115361	390	519	Promoter	1	Non-heritable	0.0541838270518754	0.925993657206523	0.00815893351920803	1065	0	0	0.541838270518754	5.96614673912369	6.25382881157547	6.97166860472579	1.44986114726503
BA_only	hippocampus	AA	psi	chr18_58880443_58881324	chr18	58880443	58881324	58	58	0	0	0.0376977102259521	0.980549382116533	2.47717783535833	-2.47717783535833	881	532	Genic/other	0	Heritable	0.296008530176993	0.912244042658185	0.0103925328114239	0	0	0	2.96008530176993	6.78105762593618	6.27852142416584	0	0.907119946621112
BA_only	hippocampus	AA	psi	chr18_59141136_59142520	chr18	59141136	59142520	41	41	0	0	0.00693524268261377	0.930056768478586	2.36218578559615	-2.36218578559615	1384	514	Genic/other	2	Heritable	0.122587629867927	0.938666278708723	0.00846950987698526	10091	0	0	1.22587629867927	7.23273313617762	6.24416690066374	9.21949830976095	0.859587374967874
BA_only	hippocampus	AA	psi	chr18_59269594_59270435	chr18	59269594	59270435	38	38	0	0	0.0485459732439284	0.982820907870398	2.35538688053203	-2.35538688053203	841	578	Genic/other	2	Heritable	0.200505008856368	0.927120657067653	0.00767337211930224	6298	0	0	2.00505008856368	6.73459165997295	6.361302477573	8.74814616962193	0.8567049987021
BA_only	hippocampus	AA	psi	chr18_59274445_59274943	chr18	59274445	59274943	38	38	0	0	0.0693805357310093	0.985907779499035	3.01797836006798	-3.01797836006798	498	559	Promoter	1	Non-heritable	0.0908372741357628	0.939186283801808	0.00918172673423022	1790	0	0	0.908372741357628	6.21060007702465	6.3279367837292	7.49052940206071	1.10458719334449
BA_only	hippocampus	AA	psi	chr18_59898124_59898702	chr18	59898124	59898702	7	7	0	0	0.058173922920033	0.98577631996496	1.84751752756752	1.84751752756752	578	563	Genic/other	1	Heritable	0.114702945155873	0.949026391357819	0.00699743884769936	1532	0	0	1.14702945155873	6.35957386867238	6.33505425149806	7.33498187887181	0.613842866389222
BA_only	hippocampus	AA	psi	chr18_59969330_59969940	chr18	59969330	59969940	6	6	0	0	0.0156075048429461	0.967605562340161	1.04033951115347	1.04033951115347	610	535	Promoter	2	Heritable	0.123682565409469	0.940789706202212	0.014176654835137	23569	0	0	1.23682565409469	6.41345895716736	6.2841341610708	10.0677299959302	0.0395471225235134
BA_only	hippocampus	AA	psi	chr18_61336758_61337665	chr18	61336758	61337665	19	19	0	0	0.0417193392915391	0.980549382116533	2.01629675925479	2.01629675925479	907	447	Genic/other	1	Heritable	0.163897030009984	0.937775421254969	0.00871861990316836	208532	0	0	1.63897030009984	6.81014245011514	6.10479323241499	12.2478525810784	0.701262546346861
BA_only	hippocampus	AA	psi	chr18_61413385_61414961	chr18	61413385	61414961	46	46	0	0	0.0280916080421626	0.975932065139872	4.42016301746715	4.42016301746715	1576	450	Genic/other	0	Non-heritable	0.0447376145382335	0.931336679555546	0.00660492929069431	131236	0	0	0.447376145382335	7.36264527041783	6.11146733950268	11.7847601279293	1.48617657945175
BA_only	hippocampus	AA	psi	chr18_61582963_61583980	chr18	61582963	61583980	50	50	0	0	0.000143499599664817	0.431795965327074	3.23716664084668	-3.23716664084668	1017	480	Genic/other	0	Non-heritable	0.0972321169194129	0.929763005132167	0.00810533171570245	0	0	0	0.972321169194129	6.92461239604856	6.17586727010576	0	1.17469845673496
BA_only	hippocampus	AA	psi	chr18_61876823_61877628	chr18	61876823	61877628	39	39	0	0	0.00220828579372578	0.817446144573316	1.96107987567835	1.96107987567835	805	421	Genic/other	0	Non-heritable	0.0868312532469077	0.916724729033979	0.00703180291721634	0	0	0	0.868312532469077	6.69084227741856	6.04500531403601	0	0.673495283599336
BA_only	hippocampus	AA	psi	chr18_62186033_62186153	chr18	62186033	62186153	40	40	0	0	0.0283193873859421	0.975932065139872	4.1171454415417	-4.1171454415417	120	409	Genic/other	1	Heritable	0.141487407899831	0.899686746552432	0.0112352894710778	0	0	0	1.41487407899831	4.78749174278205	6.01615715969835	0	1.41516007166132
BA_only	hippocampus	AA	psi	chr18_62682008_62682601	chr18	62682008	62682601	5	5	0	0	0.0768021729251625	0.987618919480254	0.707187232376818	0.707187232376818	593	366	Intergenic	0	Non-heritable	0.0629508881332718	0.906316306756434	0.00674869922094921	47063	0	0	0.629508881332718	6.38519439899773	5.90536184805457	10.7592636565443	-0.346459807446959
BA_only	hippocampus	AA	psi	chr18_62719268_62722614	chr18	62719268	62722614	5	5	0	0	0.280700162023358	0.99349167699349	0.527134454795901	-0.527134454795901	3346	384	Genic/other	1	Non-heritable	0.0677568765637618	0.916903226876808	0.0084592045011729	84323	0	0	0.677568765637618	8.11552088154677	5.95324333428779	11.3424218009802	-0.640299611570989
BA_only	hippocampus	AA	psi	chr18_62790283_62791144	chr18	62790283	62791144	38	38	0	0	0.0385302873163613	0.980549382116533	2.42453544919015	-2.42453544919015	861	427	Genic/other	0	Non-heritable	0.0965961161071679	0.927389956732205	0.0068701563641352	69456	0	0	0.965961161071679	6.75809450442773	6.0591231955818	11.14846313504	0.885639942818312
BA_only	hippocampus	AA	psi	chr18_62963375_62964869	chr18	62963375	62964869	51	51	0	0	0.0093446099822302	0.939841915020693	3.1922026181307	-3.1922026181307	1494	389	Genic/other	0	Non-heritable	0.0986557019827518	0.91049598691205	0.00923090412691318	27178	0	0	0.986557019827518	7.30921236569276	5.96614673912369	10.2101998952697	1.16071115756361
BA_only	hippocampus	AA	psi	chr18_62975127_62976270	chr18	62975127	62976270	51	51	0	0	0.00393181063311522	0.876132919298309	3.1473277332325	-3.1473277332325	1143	397	Genic/other	0	Non-heritable	0.0838506431489518	0.866078001553676	0.00794829399093305	15777	0	0	0.838506431489518	7.04141166379481	5.98645200528444	9.66637184365504	1.14655375731561
BA_only	hippocampus	AA	psi	chr18_62979135_62980187	chr18	62979135	62980187	51	51	0	0	0.00554288367073576	0.914301706404424	5.03057600625387	-5.03057600625387	1052	396	Genic/other	0	Non-heritable	0.0664163239735422	0.895484827890819	0.00624655294621648	11860	0	0	0.664163239735422	6.95844839329766	5.98393628068719	9.38101098602928	1.61553449370902
BA_only	hippocampus	AA	psi	chr18_63258289_63258873	chr18	63258289	63258873	61	61	0	0	0.00634195616447602	0.920376068783091	3.0605299035968	3.0605299035968	584	395	Genic/other	0	Heritable	0.152701524228468	0.920303494331175	0.00615660692209446	0	0	0	1.52701524228468	6.36990098282823	5.98141421125448	0	1.11858807534938
BA_only	hippocampus	AA	psi	chr18_66173166_66173824	chr18	66173166	66173824	1	1	0	0	0.869107925316663	0.999100225123066	0.00385696572473917	0.00385696572473917	658	332	Intergenic	0	Heritable	0.420896176833576	0.888617606767313	0.00767592078967263	68500	0	0	4.20896176833576	6.48920493132532	5.80814248998044	11.1346036226839	-5.5578718935951
BA_only	hippocampus	AA	psi	chr18_66604004_66604266	chr18	66604004	66604266	1	1	0	0	0.596373815439257	0.996668758934316	0.218184483906868	-0.218184483906868	262	273	Promoter	0	Non-heritable	0.072148183763929	0.737043861300966	0.0127927730237201	92435	0	0	0.72148183763929	5.5683445037611	5.61312810638807	11.434271792141	-1.52241427177986
BA_only	hippocampus	AA	psi	chr18_67510574_67511680	chr18	67510574	67511680	5	5	0	0	0.00970235249649326	0.939841915020693	5.28808417969587	5.28808417969587	1106	482	Genic/other	0	Non-heritable	0.0985143063563034	0.907928244498903	0.00700095942342307	160931	0	0	0.985143063563034	7.00850518208228	6.18001665365257	11.9887371944989	1.66545602331824
BA_only	hippocampus	AA	psi	chr18_677944_678299	chr18	677944	678299	66	66	0	0	0.00348506838953969	0.866906756094015	1.42332023334584	-1.42332023334584	355	793	Promoter	0	Non-heritable	0.0991342766768344	0.973469346678025	0.00682138667823439	5080	0	0	0.991342766768344	5.87211778947542	6.67708346124714	8.53326337159373	0.352992341817609
BA_only	hippocampus	AA	psi	chr18_67952979_67953729	chr18	67952979	67953729	4	4	0	0	0.0204150424013291	0.975856666808667	1.66009374544246	1.66009374544246	750	474	Genic/other	0	Heritable	0.655854467430981	0.919402391192098	0.00609504584133935	185970	0	0	6.55854467430981	6.62007320653036	6.16331480403464	12.133346026561	0.506874079955768
BA_only	hippocampus	AA	psi	chr18_7038660_7039062	chr18	7038660	7039062	93	93	0	0	0.00418988902439026	0.88413881341503	3.22979000567199	-3.22979000567199	402	878	Genic/other	0	Non-heritable	0.0679282675366398	0.972611358309247	0.00805816673763724	3187	0	0	0.679282675366398	5.99645208861902	6.77878489768518	8.06714903991011	1.17241712449342
BA_only	hippocampus	AA	psi	chr18_70469287_70470479	chr18	70469287	70470479	19	19	0	0	0.0559728717622712	0.98577631996496	2.0748482544682	-2.0748482544682	1192	383	Genic/other	0	Heritable	0.142874811817497	0.908559832213982	0.0113812763736058	0	0	0	1.42874811817497	7.0833878476253	5.95064255258773	0	0.729888025451364
BA_only	hippocampus	AA	psi	chr18_70929855_70930698	chr18	70929855	70930698	3	3	0	0	0.343611077510858	0.993832821375533	0.11061291730521	-0.11061291730521	843	385	Intergenic	0	Non-heritable	0.0944709682139981	0.894802177754103	0.00775686939890677	146192	0	0	0.944709682139981	6.73696695800186	5.95583736946483	11.8926829455346	-2.20171831331366
BA_only	hippocampus	AA	psi	chr18_712945_713085	chr18	712945	713085	66	66	0	0	0.00978753130363286	0.939841915020693	1.53999184560143	1.53999184560143	140	804	Promoter	1	Non-heritable	0.0954785214575101	0.969620257892186	0.00920224066624988	440	0	0	0.954785214575101	4.9416424226093	6.69084227741856	6.08904487544685	0.431777127841053
BA_only	hippocampus	AA	psi	chr18_72335940_72338695	chr18	72335940	72338695	1	1	0	0	0.555292128967698	0.996372748468176	0.0230474217628174	-0.0230474217628174	2755	488	Intergenic	0	Heritable	0.609909395253563	0.918048864783627	0.00958282128457865	200076	0	0	6.09909395253563	7.92117272158701	6.19236248947487	12.2064575714367	-3.7702009360154
BA_only	hippocampus	AA	psi	chr18_74454424_74455062	chr18	74454424	74455062	63	63	0	0	0.000586474419669968	0.645823959279515	1.89288239294734	1.89288239294734	638	534	Genic/other	1	Heritable	0.105130911611306	0.953691346728327	0.00800626035822875	1329	0	0	1.05130911611306	6.45833828334479	6.28226674689601	7.1929342212158	0.638100748241187
BA_only	hippocampus	AA	psi	chr18_74458259_74458658	chr18	74458259	74458658	63	63	0	0	0.0111600110244322	0.948703871232836	1.70252810099404	1.70252810099404	399	542	Promoter	1	Non-heritable	0.0710933199475957	0.897195504373556	0.00826552513851568	0	0	0	0.710933199475957	5.98896141688986	6.29710931993394	0	0.532114270502302
BA_only	hippocampus	AA	psi	chr18_74499345_74501027	chr18	74499345	74501027	61	61	0	0	0.0100724118245678	0.944902218841749	2.04848569918981	2.04848569918981	1682	489	Promoter	1	Heritable	0.389299751370568	0.8969964679473	0.00844553821121417	0	0	0	3.89299751370568	7.42773884053289	6.19440539110467	0	0.717100841748973
BA_only	hippocampus	AA	psi	chr18_74512227_74513135	chr18	74512227	74513135	60	60	0	0	0.0129239318148462	0.964283399649536	2.50886921734647	2.50886921734647	908	480	Promoter	0	Non-heritable	0.0564643661415324	0.871383884897139	0.00917789158987572	0	0	0	0.564643661415324	6.81124437860129	6.17586727010576	0	0.919832144601632
BA_only	hippocampus	AA	psi	chr18_74534269_74535411	chr18	74534269	74535411	59	59	0	0	0.00365786274377236	0.867953489674172	2.02523457002025	2.02523457002025	1142	473	Promoter	0	Non-heritable	0.0658074547678786	0.884475678286293	0.00908970091819604	14116	0	0	0.658074547678786	7.04053639021596	6.16120732169508	9.5551350238842	0.705685535834646
BA_only	hippocampus	AA	psi	chr18_74541698_74541977	chr18	74541698	74541977	59	59	0	0	0.0336573937289628	0.979164877002956	1.44664069199163	-1.44664069199163	279	480	Enhancer	0	Non-heritable	0.0641703293595257	0.870922822902726	0.00852763240055392	19033	0	0	0.641703293595257	5.63121178182137	6.17586727010576	9.85398213263229	0.369244111351085
BA_only	hippocampus	AA	psi	chr18_7459570_7460085	chr18	7459570	7460085	5	5	0	0	0.0391199852399032	0.980549382116533	1.22574274547693	1.22574274547693	515	746	Genic/other	0	Non-heritable	0.0734315087634314	0.967867204854215	0.00713097171848927	0	0	0	0.734315087634314	6.24416690066374	6.61606518513282	0	0.203546991253894
BA_only	hippocampus	AA	psi	chr18_74616733_74617299	chr18	74616733	74617299	54	54	0	0	0.00822069557956484	0.933559278800072	1.48964625004962	1.48964625004962	566	527	Genic/other	0	Non-heritable	0.0773291879284456	0.942548681482947	0.00719150442369248	17972	0	0	0.773291879284456	6.33859407820318	6.26909628370626	9.79662591075203	0.398538682408633
BA_only	hippocampus	AA	psi	chr18_74940976_74941293	chr18	74940976	74941293	61	61	0	0	0.0310253718263156	0.976893291659941	1.56963435891848	-1.56963435891848	317	543	Genic/other	0	Non-heritable	0.0823958087572711	0.943245987380933	0.00733686250977056	20461	0	0	0.823958087572711	5.75890177387728	6.29894924685594	9.92632478643888	0.450842706198867
BA_only	hippocampus	AA	psi	chr18_75010117_75010779	chr18	75010117	75010779	62	62	0	0	0.00831203907872742	0.933559278800072	2.49820082415768	2.49820082415768	662	491	Genic/other	0	Heritable	0.397890469408794	0.930676433991845	0.00906673327051022	47688	0	0	3.97890469408794	6.49526555593701	6.19847871649231	10.7724560423159	0.915570806453099
BA_only	hippocampus	AA	psi	chr18_75036961_75037605	chr18	75036961	75037605	62	62	0	0	0.00370409384037853	0.867953489674172	1.72660693975842	-1.72660693975842	644	511	Genic/other	0	Non-heritable	0.0583138847932804	0.912349440041544	0.00703735500208941	20862	0	0	0.583138847932804	6.46769872610435	6.23832462503951	9.94573253412987	0.546158181923208
BA_only	hippocampus	AA	psi	chr18_75065661_75065895	chr18	75065661	75065895	62	62	0	0	0.031289296214023	0.977016055735487	1.26038437467028	1.26038437467028	234	478	Intergenic	0	Heritable	0.115843109894113	0.940986195015099	0.00806035030700704	0	0	0	1.15843109894113	5.4553211153577	6.17170059741092	0	0.231416741638485
BA_only	hippocampus	AA	psi	chr18_75167994_75168922	chr18	75167994	75168922	62	62	0	0	0.00935060061302505	0.939841915020693	1.59495467845795	-1.59495467845795	928	472	Intergenic	0	Heritable	0.190352988726054	0.912087535427888	0.00726310050321814	0	0	0	1.90352988726054	6.8330317327862	6.15909538849193	0	0.466845327342966
BA_only	hippocampus	AA	psi	chr18_75212707_75213113	chr18	75212707	75213113	65	65	0	0	0.042042923740699	0.980549382116533	1.87037357454821	1.87037357454821	406	463	Genic/other	1	Non-heritable	0.0167687396063392	0.825188874423827	0.00917182707133623	0	0	0	0.167687396063392	6.00635315960173	6.13988455222626	0	0.626138188746829
BA_only	hippocampus	AA	psi	chr18_75248274_75248944	chr18	75248274	75248944	70	70	0	0	0.0171288927660317	0.970581273335112	4.69073164637589	-4.69073164637589	670	483	Genic/other	0	Heritable	0.146653000434751	0.918396973420774	0.0073492586976004	0	0	0	1.46653000434751	6.50727771238501	6.18208490671663	0	1.54558857378257
BA_only	hippocampus	AA	psi	chr18_75340192_75340334	chr18	75340192	75340334	19	19	0	0	0.0244756021895838	0.975932065139872	3.32292576501676	-3.32292576501676	142	538	Intergenic	0	Heritable	0.11222096361735	0.933597891970362	0.006772899316317	54743	0	0	1.1222096361735	4.95582705760126	6.289715570909	10.9104230526323	1.20084565238413
BA_only	hippocampus	AA	psi	chr18_75456444_75456650	chr18	75456444	75456650	12	12	0	0	0.0179885276297223	0.971197196579887	3.19422594084231	3.19422594084231	206	584	Genic/other	1	Heritable	0.121193607909027	0.927659921792302	0.0072907529543805	1355	0	0	1.21193607909027	5.32787616878958	6.37161184723186	7.21229446850034	1.1613447895707
BA_only	hippocampus	AA	psi	chr18_75809195_75810686	chr18	75809195	75810686	4	4	0	0	0.0339350192320973	0.979164877002956	2.03759040898874	-2.03759040898874	1491	501	Intergenic	0	Heritable	0.137251902271558	0.913959933188505	0.0084385582476489	154008	0	0	1.37251902271558	7.30720231476474	6.21860011969173	11.9447663212466	0.711767942566019
BA_only	hippocampus	AA	psi	chr18_76265965_76266192	chr18	76265965	76266192	45	45	0	0	0.0408614368064388	0.980549382116533	2.45946633871891	-2.45946633871891	227	756	Intergenic	0	Heritable	0.18155264589263	0.974494057057001	0.0103593502362581	9140	0	0	1.8155264589263	5.4249500174814	6.62936325343745	9.12052506765382	0.899944394996171
BA_only	hippocampus	AA	psi	chr18_76357832_76358527	chr18	76357832	76358527	184	184	0	0	0.000257294459752144	0.503902674622265	1.88134865849481	-1.88134865849481	695	717	Genic/other	1	Heritable	0.109229584544903	0.965173595037185	0.00674183933069263	4029	0	0	1.09229584544903	6.54391184556479	6.57646956904822	8.30152165494073	0.631988896509015
BA_only	hippocampus	AA	psi	chr18_76451980_76452184	chr18	76451980	76452184	374	374	0	0	0.0015337558630397	0.776156527719819	2.41368085634304	2.41368085634304	204	681	Genic/other	0	Non-heritable	0.0870413604006814	0.932760287559592	0.00767185554155655	38877	0	0	0.870413604006814	5.31811999384422	6.52502965784346	10.5681838169221	0.881152912752497
BA_only	hippocampus	AA	psi	chr18_76489924_76490455	chr18	76489924	76490455	372	372	0	0	0.000310231831178147	0.543093927512436	5.39396029578986	-5.39396029578986	531	661	Genic/other	1	Non-heritable	0.0339526683265473	0.904983040523882	0.00803208587437468	606	0	0	0.339526683265473	6.27476202124194	6.49526555593701	6.4085287910595	1.68527986573419
BA_only	hippocampus	AA	psi	chr18_76519300_76519505	chr18	76519300	76519505	343	343	0	0	0.00306252678656791	0.847839017107502	6.65241300325844	-6.65241300325844	205	727	Intergenic	0	Heritable	0.11146021867463	0.968798877914657	0.0100026167231818	0	0	0	1.1146021867463	5.32300997913841	6.59030104819669	0	1.89497964798692
BA_only	hippocampus	AA	psi	chr18_76538984_76539141	chr18	76538984	76539141	343	343	0	0	0.00118266359158745	0.736316472211681	4.20743596070449	-4.20743596070449	157	722	Genic/other	0	Non-heritable	0.0825378342858927	0.976105097645483	0.0072830684725566	0	0	0	0.825378342858927	5.05624580534831	6.58340922215877	0	1.43685342907148
BA_only	hippocampus	AA	psi	chr18_76578908_76579363	chr18	76578908	76579363	348	348	0	0	0.000136022791343527	0.427037609173052	4.9296256852149	4.9296256852149	455	731	Genic/other	0	Heritable	0.101016488892772	0.949731011271005	0.00594442995606849	0	0	0	1.01016488892772	6.12029741895095	6.59578051396131	0	1.59526306128073
BA_only	hippocampus	AA	psi	chr18_76621039_76622028	chr18	76621039	76622028	349	349	0	0	0.000687019022618615	0.66356279177562	8.45598091549433	-8.45598091549433	989	786	Promoter	0	Non-heritable	0.0882573314097194	0.966639317994801	0.00797221453806691	0	0	0	0.882573314097194	6.89669433162271	6.6682282484174	0	2.13487399282915
BA_only	hippocampus	AA	psi	chr18_76670846_76671397	chr18	76670846	76671397	347	347	0	0	0.000898391483017085	0.701697689573722	3.23383364731546	3.23383364731546	551	798	Intergenic	0	Non-heritable	0.0939101275975471	0.961451327465453	0.00785435928545614	0	0	0	0.939101275975471	6.31173480915292	6.68336094576628	0	1.17366832424624
BA_only	hippocampus	AA	psi	chr18_76736053_76736524	chr18	76736053	76736524	369	369	0	0	0.000169071966064989	0.460176143709593	4.0033028925013	-4.0033028925013	471	833	Intergenic	0	Non-heritable	0.0764734179002293	0.964010051401786	0.00795408492189533	42808	0	0	0.764734179002293	6.15485809401642	6.72623340235875	10.6645036398379	1.38711974602136
BA_only	hippocampus	AA	psi	chr18_76787382_76787961	chr18	76787382	76787961	341	341	0	0	0.00402048595471917	0.877181378423641	4.08978591566232	4.08978591566232	579	867	Intergenic	2	Non-heritable	0.0975469476976658	0.96447654557213	0.0110991209987008	0	0	0	0.975469476976658	6.361302477573	6.76619171466035	0	1.40849262777102
BA_only	hippocampus	AA	psi	chr18_76893792_76894375	chr18	76893792	76894375	65	65	0	0	0.0036534418724923	0.867953489674172	2.63016971218567	-2.63016971218567	583	866	Genic/other	1	Heritable	0.207002361346465	0.946732134074671	0.00835615318448966	18299	0	0	2.07002361346465	6.36818718635049	6.76503897678054	9.81465633882951	0.967048377257944
BA_only	hippocampus	AA	psi	chr18_76977231_76977525	chr18	76977231	76977525	52	52	0	0	0.00449361886958125	0.894604930613054	2.55379846606035	-2.55379846606035	294	936	Genic/other	2	Non-heritable	0.0408368647443468	0.958255878716606	0.00579008049873205	2945	0	0	0.408368647443468	5.68357976733868	6.84268328223842	7.98820359702258	0.937581849274124
BA_only	hippocampus	AA	psi	chr18_76978929_76980189	chr18	76978929	76980189	52	52	0	0	0.000798171353527189	0.683148985370606	1.73928546936398	1.73928546936398	1260	905	Promoter	2	Non-heritable	0.0825003741032725	0.974092833740257	0.00930389651573202	281	0	0	0.825003741032725	7.13886699994552	6.80903930604298	5.64190707093811	0.553474384845393
BA_only	hippocampus	AA	psi	chr18_76980814_76982259	chr18	76980814	76982259	52	52	0	0	0.0103709971076419	0.944902218841749	1.89076726017053	1.89076726017053	1445	923	Promoter	2	Non-heritable	0.0628790178929529	0.96840804255731	0.00683442973713421	0	0	0	0.628790178929529	7.27586460054653	6.82871207164168	0	0.636982709744036
BA_only	hippocampus	AA	psi	chr18_76985578_76986144	chr18	76985578	76986144	52	52	0	0	0.00450161735736119	0.89486574837001	1.92915956527599	1.92915956527599	566	909	Promoter	0	Non-heritable	0.079128926027548	0.962901004658355	0.00703974624901735	0	0	0	0.79128926027548	6.33859407820318	6.8134445995109	0	0.657084454854631
BA_only	hippocampus	AA	psi	chr18_76987126_76988646	chr18	76987126	76988646	52	52	0	0	0.00377663733018336	0.871031337525248	1.57739339969999	1.57739339969999	1520	917	Promoter	0	Non-heritable	0.080898289427729	0.976772217833486	0.00763835956903105	0	0	0	0.80898289427729	7.32646561384032	6.82219739062049	0	0.455773744021961
BA_only	hippocampus	AA	psi	chr18_76988886_76999989	chr18	76988886	76999989	53	53	0	0	0.00335383554872033	0.86482750106968	1.98314888473954	1.98314888473954	11103	919	Promoter	0	Heritable	0.104236067401704	0.968953255326638	0.00768137532938738	0	0	0	1.04236067401704	9.31497062105427	6.82437367004309	0	0.684685932316224
BA_only	hippocampus	AA	psi	chr18_77001201_77017595	chr18	77001201	77017595	53	53	0	0	0.00352790039239228	0.866906756094015	1.85810725350689	1.85810725350689	16394	910	Promoter	0	Non-heritable	0.0411057996292199	0.956047113957018	0.00860161194708144	0	0	0	0.411057996292199	9.70467069321298	6.81454289725996	0	0.619558369353334
BA_only	hippocampus	AA	psi	chr18_77022058_77023436	chr18	77022058	77023436	53	53	0	0	0.00120464442763813	0.741782412295099	1.8614465185028	1.8614465185028	1378	892	Enhancer	0	Non-heritable	0.0579050458807308	0.975921068792263	0.0102860309779031	5077	0	0	0.579050458807308	7.2283884515736	6.7945865808765	8.53267276226463	0.621353888966574
BA_only	hippocampus	AA	psi	chr18_77037290_77039936	chr18	77037290	77039936	53	53	0	0	0.0180865608896862	0.971452676751561	1.41861545776561	1.41861545776561	2646	919	Genic/other	0	Non-heritable	0.0703879848489751	0.98233451507269	0.00746227249876949	3241	0	0	0.703879848489751	7.8808043446749	6.82437367004309	8.08394570229562	0.349681373269061
BA_only	hippocampus	AA	psi	chr18_77042190_77042804	chr18	77042190	77042804	53	53	0	0	0.00337496404154605	0.86593481253084	2.03590652655715	2.03590652655715	614	909	Promoter	0	Non-heritable	0.0477363687336891	0.972018494417192	0.0059287555769985	373	0	0	0.477363687336891	6.41999492814714	6.8134445995109	5.92425579741453	0.710941192210794
BA_only	hippocampus	AA	psi	chr18_77051800_77054055	chr18	77051800	77054055	51	51	0	0	0.0144949138492599	0.966089857218066	1.5657188651266	1.5657188651266	2255	911	Enhancer	0	Non-heritable	0.0760056414349942	0.977213951530455	0.00672228939887306	8384	0	0	0.760056414349942	7.72090525193678	6.81563999007433	9.03419967425731	0.448345063654257
BA_only	hippocampus	AA	psi	chr18_77056820_77057730	chr18	77056820	77057730	51	51	0	0	0.00711121137433872	0.931602204679102	1.56626863320238	1.56626863320238	910	932	Enhancer	1	Non-heritable	0.0794861167066117	0.964622707231779	0.00775575087966528	8654	0	0	0.794861167066117	6.8134445995109	6.83840520084734	9.06589246761031	0.448696130239426
BA_only	hippocampus	AA	psi	chr18_77058215_77058521	chr18	77058215	77058521	51	51	0	0	0.0777371550617556	0.987720536119146	1.73567838564605	-1.73567838564605	306	905	Genic/other	2	Heritable	0.267590013889263	0.957398488466603	0.00677229588593461	7863	0	0	2.67590013889263	5.72358510195238	6.80903930604298	8.970050661827	0.551398343111896
BA_only	hippocampus	AA	psi	chr18_77092671_77092967	chr18	77092671	77092967	50	50	0	0	0.0275955542624085	0.975932065139872	1.37308513288414	-1.37308513288414	296	861	Promoter	1	Heritable	0.110197586659983	0.9785944458687	0.00850080668115904	0	0	0	1.10197586659983	5.69035945432406	6.75925527066369	0	0.317060137160412
BA_only	hippocampus	AA	psi	chr18_77287515_77289753	chr18	77287515	77289753	15	15	0	0	0.0689692570125675	0.985907779499035	0.591366467417521	-0.591366467417521	2238	778	Intergenic	0	Heritable	0.433754352042168	0.927701838889059	0.00695170427108691	31356	0	0	4.33754352042168	7.71333788887187	6.65801104587075	10.353192806623	-0.52531935660367
BA_only	hippocampus	AA	psi	chr18_77376044_77376448	chr18	77376044	77376448	14	14	0	0	0.0791218889114264	0.987720536119146	1.56160608558518	-1.56160608558518	404	787	Intergenic	0	Heritable	0.240207969134698	0.952884636439533	0.0092677236295792	45575	0	0	2.40207969134698	6.00141487796115	6.66949808985788	10.7271365411602	0.445714840091959
BA_only	hippocampus	AA	psi	chr18_77765526_77765820	chr18	77765526	77765820	52	52	0	0	0.0018823124702525	0.801360789073658	3.57792945451874	3.57792945451874	294	737	Intergenic	0	Heritable	0.109104257286814	0.967949110022071	0.00734804497993241	114673	0	0	1.09104257286814	5.68357976733868	6.60394382460047	11.6498485991309	1.2747842712306
BA_only	hippocampus	AA	psi	chr18_77851818_77852025	chr18	77851818	77852025	50	50	0	0	0.000831762729145922	0.686906302042197	1.47115501101251	-1.47115501101251	207	768	Intergenic	0	Heritable	0.170054066749736	0.951207499821375	0.00698261468745174	72711	0	0	1.70054066749736	5.33271879326537	6.64509096950564	11.1942617117986	0.386047820847483
BA_only	hippocampus	AA	psi	chr18_78228792_78229360	chr18	78228792	78229360	48	48	0	0	0.0142511494690065	0.964826773227435	1.32828430088796	-1.32828430088796	568	685	Intergenic	0	Heritable	0.175939936949325	0.970888757330929	0.0100836270502655	21343	0	0	1.75939936949325	6.34212141872115	6.53087762772589	9.96852594871535	0.283888117664417
BA_only	hippocampus	AA	psi	chr18_78430599_78430861	chr18	78430599	78430861	3	3	0	0	0.313148810182836	0.993663620961428	0.145302085563166	0.145302085563166	262	644	Intergenic	1	Heritable	0.126133267750419	0.960605344857403	0.0104842500628953	121280	0	0	1.26133267750419	5.5683445037611	6.46925031679577	11.7058654462248	-1.92894028618942
BA_only	hippocampus	AA	psi	chr18_78506026_78506554	chr18	78506026	78506554	2	2	0	0	0.884795457913925	0.999100225123066	0.0228983313150712	0.0228983313150712	528	662	Enhancer	1	Heritable	0.114614316115893	0.961384939107078	0.00743461518881203	131525	0	0	1.14614316115893	6.26909628370626	6.49677499018586	11.7869598296874	-3.77669080270152
BA_only	hippocampus	AA	psi	chr18_78627741_78627958	chr18	78627741	78627958	3	3	0	0	0.208683818886098	0.991109148328494	0.0397080080473931	0.0397080080473931	217	566	Intergenic	0	Non-heritable	0.0931304672297907	0.942389755033118	0.00719225799128554	10121	0	0	0.931304672297907	5.37989735354046	6.34035930372775	9.22246655177402	-3.22620214575207
BA_only	hippocampus	AA	psi	chr18_78722137_78723325	chr18	78722137	78723325	3	3	0	0	0.10138396291929	0.990428070812969	0.698742548518977	-0.698742548518977	1188	541	Intergenic	1	Non-heritable	0.0858066211002449	0.949239612740496	0.00924502067177392	72491	0	0	0.858066211002449	7.08002649992259	6.29526600143965	11.1912314899267	-0.358472904274042
BA_only	hippocampus	AA	psi	chr18_78734073_78734579	chr18	78734073	78734579	28	28	0	0	0.00838997025798258	0.933559278800072	1.4671947597513	-1.4671947597513	506	546	Intergenic	0	Non-heritable	0.0582025671950027	0.941510604001465	0.00706653003433801	61237	0	0	0.582025671950027	6.22653666928747	6.30444880242198	11.0225231908451	0.383352257731335
BA_only	hippocampus	AA	psi	chr18_78741160_78741892	chr18	78741160	78741892	28	28	0	0	0.00130049028906724	0.750357809549132	1.74537112544718	-1.74537112544718	732	508	Intergenic	0	Heritable	0.105842890644716	0.936069750647477	0.00727761988240718	53924	0	0	1.05842890644716	6.59578051396131	6.23244801655052	10.8953494712574	0.556967218110145
BA_only	hippocampus	AA	psi	chr18_78977006_78977670	chr18	78977006	78977670	33	33	0	0	0.019101067900932	0.97294422691241	2.05418600066703	2.05418600066703	664	434	Enhancer	1	Heritable	0.104025556555597	0.931865379602895	0.00868725131097354	0	0	0	1.04025556555597	6.49828214947643	6.07534603108868	0	0.71987966761394
BA_only	hippocampus	AA	psi	chr18_78990289_78990974	chr18	78990289	78990974	33	33	0	0	0.00284660747344761	0.844808629760907	2.18055284290436	2.18055284290436	685	435	Promoter	1	Non-heritable	0.0611128004537711	0.91231629521588	0.00601542565301119	0	0	0	0.611128004537711	6.52941883826223	6.07764224334903	0	0.779578446899089
BA_only	hippocampus	AA	psi	chr18_79014161_79014384	chr18	79014161	79014384	34	34	0	0	0.0932428472959822	0.989446665475032	1.91388762138794	-1.91388762138794	223	435	Intergenic	0	Heritable	0.143813676452954	0.904516709223198	0.00987836682856205	0	0	0	1.43813676452954	5.40717177146012	6.07764224334903	0	0.649136582523604
BA_only	hippocampus	AA	psi	chr18_79218086_79218657	chr18	79218086	79218657	40	40	0	0	0.0233955074933184	0.975932065139872	2.11940991893466	-2.11940991893466	571	482	Genic/other	0	Heritable	0.110751386460227	0.947859164940241	0.00699165651680569	35147	0	0	1.10751386460227	6.34738920965601	6.18001665365257	10.4673229966157	0.751137714533253
BA_only	hippocampus	AA	psi	chr18_79245848_79246010	chr18	79245848	79246010	16	16	0	0	0.0135796986126098	0.964283399649536	1.45112457201347	-1.45112457201347	162	456	Genic/other	0	Heritable	0.150355344823147	0.919708162541077	0.00870609638641945	7794	0	0	1.50355344823147	5.08759633523238	6.12468339089421	8.96123778149188	0.372338829632931
BA_only	hippocampus	AA	psi	chr18_79248666_79248960	chr18	79248666	79248960	16	16	0	0	0.0330864466424489	0.979164877002956	1.6780490259735	1.6780490259735	294	456	Genic/other	0	Heritable	0.155279864003787	0.944885673193662	0.00925146181143359	4844	0	0	1.55279864003787	5.68357976733868	6.12468339089421	8.48570252432487	0.517631830486628
BA_only	hippocampus	AA	psi	chr18_79300294_79301360	chr18	79300294	79301360	11	11	0	0	0.109631015901924	0.990898390030923	1.51157936801846	1.51157936801846	1066	464	Enhancer	0	Heritable	0.161473867416203	0.943916264972512	0.00649518346109185	28743	0	0	1.61473867416203	6.97166860472579	6.14203740558736	10.2661843287934	0.413155049914334
BA_only	hippocampus	AA	psi	chr18_79323459_79324080	chr18	79323459	79324080	11	11	0	0	0.0507761819339456	0.984153364580922	1.39521186980316	1.39521186980316	621	468	Genic/other	1	Heritable	0.116620757357133	0.943191774166401	0.0106123327000167	6023	0	0	1.16620757357133	6.43133108193348	6.15060276844628	8.70350676947973	0.333046288903501
BA_only	hippocampus	AA	psi	chr18_79352936_79353386	chr18	79352936	79353386	13	13	0	0	0.0286297636389101	0.975932065139872	1.53938601438863	-1.53938601438863	450	466	Genic/other	0	Heritable	0.156134490615146	0.937462763544287	0.00775849525206891	0	0	0	1.56134490615146	6.10924758276437	6.1463292576689	0	0.43138365146743
BA_only	hippocampus	AA	psi	chr18_79366154_79366679	chr18	79366154	79366679	14	14	0	0	0.036338995197362	0.980549382116533	1.59461711317101	1.59461711317101	525	452	Genic/other	1	Heritable	0.155894420239976	0.93841901130749	0.00779910132503157	0	0	0	1.55894420239976	6.26339826259162	6.11589212548303	0	0.466633659251989
BA_only	hippocampus	AA	psi	chr18_79398267_79398471	chr18	79398267	79398471	15	15	0	0	0.0206706159824254	0.975856666808667	1.64964120131333	1.64964120131333	204	444	Genic/other	1	Non-heritable	0.0528953910664519	0.913162219243848	0.00738353439112766	0	0	0	0.528953910664519	5.31811999384422	6.09807428216624	0	0.500557816578422
BA_only	hippocampus	AA	psi	chr18_79458691_79458834	chr18	79458691	79458834	17	17	0	0	0.00319700686890095	0.853185837570312	2.71827679838315	2.71827679838315	143	440	Enhancer	1	Heritable	0.142997657135873	0.927301803256053	0.00640529681452564	7014	0	0	1.42997657135873	4.96284463025991	6.08904487544685	8.85580599253656	0.99999815321558
BA_only	hippocampus	AA	psi	chr18_79465516_79466097	chr18	79465516	79466097	17	17	0	0	0.0195990086155238	0.973631121108853	1.13396435859816	-1.13396435859816	581	430	Promoter	1	Heritable	0.385959944300371	0.907527591325945	0.0100552579476621	13839	0	0	3.85959944300371	6.36475075685191	6.06610809010375	9.53531822917166	0.125719783822634
BA_only	hippocampus	AA	psi	chr18_79491974_79492040	chr18	79491974	79492040	20	20	0	0	0.0142043756743818	0.964826773227435	3.93398254280108	-3.93398254280108	66	436	Genic/other	1	Heritable	0.100921150388258	0.92477577411898	0.0068562902920566	0	0	0	1.00921150388258	4.18965474202643	6.07993319509559	0	1.36965228498019
BA_only	hippocampus	AA	psi	chr18_79520295_79520976	chr18	79520295	79520976	19	19	0	0	0.0195706822634552	0.973631121108853	1.35629756299301	1.35629756299301	681	421	Genic/other	2	Non-heritable	0.0483079512727003	0.914592122436151	0.00600958573184899	0	0	0	0.483079512727003	6.52356230614951	6.04500531403601	0	0.304758614552659
BA_only	hippocampus	AA	psi	chr18_79525913_79526308	chr18	79525913	79526308	19	19	0	0	0.0170763161705042	0.970581273335112	2.35690594468084	-2.35690594468084	395	422	Promoter	2	Heritable	0.118491865668531	0.932757189654776	0.00734624725436637	0	0	0	1.18491865668531	5.97888576490112	6.04737217904628	0	0.857349722725554
BA_only	hippocampus	AA	psi	chr18_79531529_79532954	chr18	79531529	79532954	19	19	0	0	0.0298920301576217	0.976741514025636	1.12916818579129	1.12916818579129	1425	421	Intergenic	2	Non-heritable	0.0951340810602062	0.92001548735867	0.0146217781565821	4000	0	0	0.951340810602062	7.26192709270275	6.04500531403601	8.29429960885724	0.121481251743101
BA_only	hippocampus	AA	psi	chr18_79546974_79547944	chr18	79546974	79547944	22	22	0	0	0.123026101703652	0.991064867102684	1.63423576564149	1.63423576564149	970	430	Intergenic	1	Heritable	0.393495957117088	0.876694137088527	0.0102888879247368	19445	0	0	3.93495957117088	6.87729607149743	6.06610809010375	9.8753966723696	0.491175279566743
BA_only	hippocampus	AA	psi	chr18_79590873_79591341	chr18	79590873	79591341	23	23	0	0	0.0244348630555316	0.975932065139872	3.54974944799214	3.54974944799214	468	421	Intergenic	0	Non-heritable	0.0528430217425098	0.851118085939657	0.00944028356863802	6616	0	0	0.528430217425098	6.14846829591765	6.04500531403601	8.79739737401206	1.2668770257833
BA_only	hippocampus	AA	psi	chr18_79616689_79617733	chr18	79616689	79617733	22	22	0	0	0.0490804405833793	0.983041848537514	2.26486270325031	-2.26486270325031	1044	426	Intergenic	1	Non-heritable	0.0879359592627855	0.927618141494833	0.0142522808331034	4517	0	0	0.879359592627855	6.95081476844258	6.05678401322863	8.41582469702795	0.817514144846482
BA_only	hippocampus	AA	psi	chr18_79637281_79637432	chr18	79637281	79637432	19	19	0	0	0.0550596102571544	0.98577631996496	4.01546369313062	4.01546369313062	151	428	Intergenic	1	Heritable	0.125001626144409	0.934640977945245	0.0082792255963476	2517	0	0	1.25001626144409	5.01727983681492	6.06145691892802	7.83122021460429	1.39015283341504
BA_only	hippocampus	AA	psi	chr18_79638128_79638429	chr18	79638128	79638429	19	19	0	0	0.0513286266192414	0.984153364580922	1.91179428105995	1.91179428105995	301	430	Intergenic	1	Non-heritable	0.0506546056176692	0.926263740669948	0.00871649337060485	3364	0	0	0.506546056176692	5.70711026474888	6.06610809010375	8.12118324207883	0.6480422204834
BA_only	hippocampus	AA	psi	chr18_79771344_79771686	chr18	79771344	79771686	26	26	0	0	0.0717618747045948	0.985907779499035	2.42471485999334	-2.42471485999334	342	436	Intergenic	2	Heritable	0.540063071343581	0.887209775206253	0.00652325775501903	7685	0	0	5.40063071343581	5.83481073706261	6.07993319509559	8.94715577112479	0.885713938092259
BA_only	hippocampus	AA	psi	chr18_79890534_79890850	chr18	79890534	79890850	28	28	0	0	0.0403430283257005	0.980549382116533	1.03340189021747	1.03340189021747	316	400	Genic/other	0	Non-heritable	0.0576181484854365	0.863805574572967	0.0106473423983787	13332	0	0	0.576181484854365	5.75574221358691	5.99396142730657	9.49799744411546	0.0328561756707564
BA_only	hippocampus	AA	psi	chr18_80147168_80148523	chr18	80147168	80148523	25	25	0	0	0.00881678466976211	0.934101276321172	1.52919434851921	-1.52919434851921	1355	207	Promoter	2	Heritable	0.107737895532166	0.797366625844141	0.00843511797487219	0	0	0	1.07737895532166	7.2115567333138	5.33753807970132	0	0.424741033661991
BA_only	hippocampus	AA	psi	chr18_80159832_80160218	chr18	80159832	80160218	25	25	0	0	0.00202690564869417	0.808328229124485	1.00509458976048	1.00509458976048	386	197	Genic/other	1	Non-heritable	0.0986585444311246	0.763303905407906	0.00872954565977817	0	0	0	0.986585444311246	5.95583736946483	5.28826703069454	0	0.00508166619607727
BA_only	hippocampus	AA	psi	chr18_808138_808510	chr18	808138	808510	105	105	0	0	0.00901981680768779	0.938585776116121	2.2894726031429	2.2894726031429	372	812	Genic/other	1	Non-heritable	0.053477702488029	0.973808840188114	0.00812644023796598	0	0	0	0.53477702488029	5.91889385427315	6.70073110954781	0	0.828321491105447
BA_only	hippocampus	AA	psi	chr18_838676_838997	chr18	838676	838997	105	105	0	0	0.0200407190677564	0.97573605073121	2.79937937295687	-2.79937937295687	321	758	Intergenic	0	Heritable	0.227958865380139	0.957300406759364	0.0080526019917526	25665	0	0	2.27958865380139	5.77144112313002	6.63200177739563	10.1529224378044	1.02939774366943
BA_only	hippocampus	AA	psi	chr18_8730220_8730626	chr18	8730220	8730626	7	7	0	0	0.0430268421103323	0.980549382116533	0.260230280582661	0.260230280582661	406	779	Enhancer	0	Heritable	0.124456894003323	0.978346926651306	0.0091715892114682	11795	0	0	1.24456894003323	6.00635315960173	6.65929391968364	9.37551576993517	-1.34618830698639
BA_only	hippocampus	AA	psi	chr18_8766285_8766734	chr18	8766285	8766734	11	11	0	0	0.0652196024269346	0.985907779499035	1.51604526774497	1.51604526774497	449	742	Genic/other	0	Non-heritable	0.0855815360806849	0.970842134957301	0.00996438907006539	18108	0	0	0.855815360806849	6.10702288774226	6.61069604471776	9.80416433124134	0.416105153360574
BA_only	hippocampus	AA	psi	chr18_8787542_8788161	chr18	8787542	8788161	11	11	0	0	0.00961095747176307	0.939841915020693	2.7111708463509	2.7111708463509	619	741	Genic/other	2	Heritable	0.11738533636881	0.971403510585544	0.00724524450102263	0	0	0	1.1738533636881	6.4281052726846	6.60934924316738	0	0.997380591898732
BA_only	hippocampus	AA	psi	chr18_9073749_9073975	chr18	9073749	9073975	39	39	0	0	0.0210167146248161	0.975856666808667	6.28558556439433	6.28558556439433	226	566	Intergenic	0	Heritable	0.124380220559887	0.933658334880389	0.00779553584991946	10089	0	0	1.24380220559887	5.42053499927229	6.34035930372775	9.21930011334766	1.83825900785239
BA_only	hippocampus	AA	psi	chr18_9102680_9102924	chr18	9102680	9102924	39	39	0	0	0.000251660948119531	0.503902674622265	7.47203315047505	7.47203315047505	244	575	Promoter	1	Heritable	0.13106685537504	0.947885290091155	0.012334168033909	0	0	0	1.3106685537504	5.4971682252932	6.35610766069589	0	2.01116713888177
BA_only	hippocampus	AA	psi	chr18_911548_911899	chr18	911548	911899	107	107	0	0	0.000339119022748159	0.556164410623813	2.82554521178615	2.82554521178615	351	684	Genic/other	2	Non-heritable	0.0764941012383919	0.963279456795197	0.00488819825849893	3956	0	0	0.764941012383919	5.86078622346587	6.52941883826223	8.28324144138543	1.03870134483887
BA_only	hippocampus	AA	psi	chr18_9135382_9135574	chr18	9135382	9135574	39	39	0	0	0.00898690657281994	0.937974720665503	6.88548097551349	6.88548097551349	192	538	Promoter	1	Non-heritable	0.0808799690084652	0.93993466864194	0.00598103366131795	0	0	0	0.808799690084652	5.25749537202778	6.289715570909	0	1.92941498965534
BA_only	hippocampus	AA	psi	chr18_9535419_9536021	chr18	9535419	9536021	62	62	0	0	0.0339377024611979	0.979164877002956	5.10139707012592	5.10139707012592	602	566	Genic/other	0	Heritable	0.122785551680342	0.960846801679981	0.00960237537777495	22427	0	0	1.22785551680342	6.40025744530882	6.34035930372775	10.0180654572436	1.62951443949591
BA_only	hippocampus	AA	psi	chr18_9574617_9575817	chr18	9574617	9575817	40	40	0	0	0.0141293822544428	0.964826773227435	1.97215811789143	-1.97215811789143	1200	583	Genic/other	0	Heritable	0.121226436660034	0.963041100038059	0.00629138152996273	1373	0	0	1.21226436660034	7.09007683577609	6.36990098282823	7.22548147278229	0.679128439523194
BA_only	hippocampus	AA	psi	chr18_9797188_9797735	chr18	9797188	9797735	46	46	0	0	0.0848949571792524	0.988137148207548	2.36656252494832	-2.36656252494832	547	752	Promoter	0	Non-heritable	0.0998096922879521	0.974489145724945	0.00833453596846038	0	0	0	0.998096922879521	6.30444880242198	6.62406522779989	0	0.86143849509355
BA_only	hippocampus	AA	psi	chr18_9912898_9913078	chr18	9912898	9913078	50	50	0	0	0.000308357396381805	0.542820600032501	1.62228746625644	1.62228746625644	180	843	Promoter	1	Heritable	0.129033059523916	0.982686854551256	0.00860186624563033	254	0	0	1.29033059523916	5.19295685089021	6.73815249459596	5.54126354515843	0.48383717565865
BA_only	hippocampus	AA	psi	chr18_9987851_9988154	chr18	9987851	9988154	51	51	0	0	0.0535717865754619	0.985016765603212	1.37167565277935	-1.37167565277935	303	851	Intergenic	0	Non-heritable	0.0827151761337983	0.977278393317436	0.00743857442664588	24196	0	0	0.827151761337983	5.71373280550937	6.74758652682932	10.0939839375181	0.316033103966282
BA_only	hippocampus	AA	psi	chr18_9994842_9996132	chr18	9994842	9996132	51	51	0	0	0.0331110117601818	0.979164877002956	2.63024390763119	-2.63024390763119	1290	850	Intergenic	0	Heritable	0.636040123948453	0.965945292606693	0.00682678693381786	16218	0	0	6.36040123948453	7.16239749735572	6.74641212857337	9.69393867348769	0.967076586235642
BA_only	hippocampus	AA	psi	chr19_1001492_1002066	chr19	1001492	1002066	197	197	0	0	0.00485973480173078	0.903845859635741	8.85138383549774	8.85138383549774	574	930	Genic/other	1	Heritable	0.110961855784796	0.980102455907698	0.00847801702476111	8828	0	0	1.10961855784796	6.35262939631957	6.83625927727707	9.08579703690158	2.18057381351875
BA_only	hippocampus	AA	psi	chr19_10138315_10138479	chr19	10138315	10138479	140	140	0	0	0.000563117211031877	0.636920160415722	4.09670346849958	-4.09670346849958	164	410	Promoter	1	Heritable	0.161093846953499	0.827731835127933	0.00734202075233076	125	0	0	1.61093846953499	5.0998664278242	6.01859321449623	4.83628190695148	1.41018262067082
BA_only	hippocampus	AA	psi	chr19_10227126_10227520	chr19	10227126	10227520	149	149	0	0	0.00299519910146985	0.846513053928579	2.37966845801542	-2.37966845801542	394	395	Genic/other	1	Non-heritable	0.0652162977549804	0.81974127511157	0.00676410287824636	0	0	0	0.652162977549804	5.97635090929793	5.98141421125448	0	0.86696117882717
BA_only	hippocampus	AA	psi	chr19_10453175_10453575	chr19	10453175	10453575	124	124	0	0	0.00565675740267108	0.914301706404424	7.29945388780065	-7.29945388780065	400	366	Promoter	0	Heritable	0.100886124745159	0.878013214393952	0.00729472333874671	0	0	0	1.00886124745159	5.99146454710798	5.90536184805457	0	1.98779953683559
BA_only	hippocampus	AA	psi	chr19_10486095_10486485	chr19	10486095	10486485	123	123	0	0	0.00048625573795852	0.605181490310125	3.30576252062809	3.30576252062809	390	343	Intergenic	0	Non-heritable	0.0699349616476162	0.791938195254498	0.00798986036870999	332	0	0	0.699349616476162	5.96614673912369	5.8406416573734	5.80814248998044	1.19566716700288
BA_only	hippocampus	AA	psi	chr19_10515645_10516966	chr19	10515645	10516966	116	116	0	0	4.73079892662621e-05	0.270243597084104	4.18430618790801	-4.18430618790801	1321	323	Enhancer	1	Non-heritable	0.0921806393819227	0.827694764637935	0.00732661448214524	12403	0	0	0.921806393819227	7.18614430452233	5.78074351579233	9.42577428022034	1.43134090714128
BA_only	hippocampus	AA	psi	chr19_1064410_1064648	chr19	1064410	1064648	187	187	0	0	0.00562899493659375	0.914301706404424	2.85821919600588	2.85821919600588	238	882	Promoter	1	Non-heritable	0.0364017315143203	0.976460427846976	0.00871927104730709	0	0	0	0.364017315143203	5.47227067367148	6.78332520060396	0	1.05019877565878
BA_only	hippocampus	AA	psi	chr19_10731064_10731292	chr19	10731064	10731292	108	108	0	0	0.00520170059268344	0.910521893616427	7.17554772210135	-7.17554772210135	228	309	Genic/other	0	Non-heritable	0.0613989271644866	0.827964188755722	0.00813980460027811	17939	0	0	0.613989271644866	5.42934562895444	5.73657229747919	9.79478813561279	1.97067909770084
BA_only	hippocampus	AA	psi	chr19_1074862_1075026	chr19	1074862	1075026	183	183	0	0	9.1431014884825e-05	0.366274893193011	3.53399671865407	3.53399671865407	164	881	Genic/other	1	Heritable	0.160792107470341	0.972878000378612	0.00783465349800081	1712	0	0	1.60792107470341	5.0998664278242	6.78219205600679	7.44600149832412	1.26242944821911
BA_only	hippocampus	AA	psi	chr19_10755111_10755438	chr19	10755111	10755438	103	103	0	0	0.00732410337603558	0.933276309404323	3.20052621959539	-3.20052621959539	327	329	Promoter	0	Heritable	0.224766413360841	0.838894460995878	0.00745052194466439	40000	0	0	2.24766413360841	5.78996017089725	5.79909265446053	10.5966597327836	1.16331524303436
BA_only	hippocampus	AA	psi	chr19_10796648_10796947	chr19	10796648	10796947	115	115	0	0	0.00017607524262311	0.463741243004846	4.40978494656989	4.40978494656989	299	312	Genic/other	0	Non-heritable	0.0700027684470389	0.852695693926242	0.00688577862903926	0	0	0	0.700027684470389	5.70044357339069	5.74620319054015	0	1.48382592558725
BA_only	hippocampus	AA	psi	chr19_1082208_1082677	chr19	1082208	1082677	182	182	0	0	0.00330245829264392	0.859969426803329	3.91370308599908	3.91370308599908	469	879	Promoter	1	Heritable	0.113902414184579	0.961336743725584	0.00837201635274879	388	0	0	1.13902414184579	6.15060276844628	6.77992190747225	5.96357934361845	1.3644840091725
BA_only	hippocampus	AA	psi	chr19_11088267_11088819	chr19	11088267	11088819	111	111	0	0	0.00893398666594456	0.937023353748535	2.65017231310118	2.65017231310118	552	332	Promoter	1	Non-heritable	0.0772725920575403	0.879168872727701	0.0101784754624675	795	0	0	0.772725920575403	6.3135480462771	5.80814248998044	6.67959918584438	0.97462466546928
BA_only	hippocampus	AA	psi	chr19_11203288_11203733	chr19	11203288	11203733	151	151	0	0	0.00302801852761224	0.846513053928579	4.47745199463178	-4.47745199463178	445	329	Promoter	1	Non-heritable	0.079683252365314	0.884751769856025	0.0124894066802856	0	0	0	0.79683252365314	6.09807428216624	5.79909265446053	0	1.49905413566173
BA_only	hippocampus	AA	psi	chr19_1131749_1132203	chr19	1131749	1132203	180	180	0	0	0.00335420814213989	0.86482750106968	3.76214156825232	3.76214156825232	454	854	Genic/other	0	Heritable	0.101759777436589	0.950382192356431	0.0084157184731608	12737	0	0	1.01759777436589	6.11809719804135	6.75110146893676	9.45234493093131	1.32498836394325
BA_only	hippocampus	AA	psi	chr19_11446925_11447785	chr19	11446925	11447785	207	207	0	0	0.00482359219925417	0.903845859635741	5.97642558996646	-5.97642558996646	860	359	Promoter	2	Heritable	0.107496462044084	0.897842860156001	0.00716834055852457	0	0	0	1.07496462044084	6.75693238924755	5.88610403145016	0	1.78782266349517
BA_only	hippocampus	AA	psi	chr19_11539157_11539580	chr19	11539157	11539580	200	200	0	0	0.00142283275993148	0.760861501502567	2.02519413729853	-2.02519413729853	423	366	Promoter	1	Heritable	0.103167093215746	0.872172308995585	0.00981691273179393	0	0	0	1.03167093215746	6.04737217904628	5.90536184805457	0	0.705665571171919
BA_only	hippocampus	AA	psi	chr19_11540241_11540601	chr19	11540241	11540601	200	200	0	0	0.00908184339387007	0.938585776116121	2.68693499923546	-2.68693499923546	360	365	Promoter	1	Heritable	0.112240990910608	0.885197815494558	0.00969234446712183	0	0	0	1.12240990910608	5.88610403145016	5.90263333340137	0	0.988401142230853
BA_only	hippocampus	AA	psi	chr19_11598259_11598313	chr19	11598259	11598313	174	174	0	0	0.00516666998290095	0.910237077998409	3.95004278426473	-3.95004278426473	54	328	Genic/other	1	Heritable	0.116595826996147	0.869044962297079	0.00862503157048946	0	0	0	1.16595826996147	3.98898404656427	5.79605775076537	0	1.37372641284541
BA_only	hippocampus	AA	psi	chr19_11623881_11624112	chr19	11623881	11624112	162	162	0	0	0.0255813899350526	0.975932065139872	3.47682799866931	-3.47682799866931	231	337	Intergenic	0	Heritable	0.140546090926189	0.884152487198434	0.00704203843508324	7174	0	0	1.40546090926189	5.44241771052179	5.82304589548302	8.87835804062782	1.24612038636347
BA_only	hippocampus	AA	psi	chr19_11640679_11640810	chr19	11640679	11640810	153	153	0	0	0.00801997838027555	0.933559278800072	2.59691868214397	2.59691868214397	131	316	Genic/other	1	Heritable	0.230338159572847	0.86461603798952	0.0110972019207315	0	0	0	2.30338159572847	4.87519732320115	5.75890177387728	0	0.954325623813124
BA_only	hippocampus	AA	psi	chr19_11930158_11932932	chr19	11930158	11932932	90	90	0	1	8.26696250236451e-06	0.0861257726729483	4.55538774134188	-4.55538774134188	2774	247	Genic/other	0	Non-heritable	0.0544598643963937	0.62559435488541	0.00897471214683759	0	0	1	0.544598643963937	7.92804560087478	5.51342874616498	0	1.51631065361837
BA_only	hippocampus	AA	psi	chr19_1195035_1195179	chr19	1195035	1195179	210	210	0	0	0.0161946349001987	0.968106276565941	3.35186987020448	3.35186987020448	144	826	Genic/other	1	Heritable	0.135156751256592	0.965364390053146	0.00973339996120204	12023	0	0	1.35156751256592	4.969813299576	6.71780469502369	9.39465993143281	1.20951836331163
BA_only	hippocampus	AA	psi	chr19_12051539_12051831	chr19	12051539	12051831	42	42	0	0	0.00515863786497884	0.909885926705608	5.07579213776547	-5.07579213776547	292	256	Genic/other	1	Heritable	0.309038628009783	0.800970151050078	0.00889477463930263	15984	0	0	3.09038628009783	5.67675380226828	5.54907608489522	9.67940606149394	1.624482600977
BA_only	hippocampus	AA	psi	chr19_1207324_1208039	chr19	1207324	1208039	221	221	0	0	0.00023916480375391	0.503902674622265	6.11724969305021	6.11724969305021	715	841	Enhancer	2	Heritable	0.110269284671088	0.96500839853898	0.0076758325047137	0	0	0	1.10269284671088	6.57228254269401	6.73578001424233	0	1.81111260058964
BA_only	hippocampus	AA	psi	chr19_1213932_1214319	chr19	1213932	1214319	225	225	0	0	0.000345731953928193	0.557627972728277	8.59284539509188	8.59284539509188	387	829	Enhancer	0	Non-heritable	0.0718644037277153	0.964562046317335	0.00805819712024214	0	0	0	0.718644037277153	5.95842469302978	6.72142570079064	0	2.15092992737347
BA_only	hippocampus	AA	psi	chr19_12496208_12496693	chr19	12496208	12496693	64	64	0	0	0.182297268501446	0.991064867102684	6.05551372682952	-6.05551372682952	485	226	Genic/other	1	Heritable	0.232267846967527	0.747301778297873	0.0138846925058484	0	0	0	2.32267846967527	6.18414889093748	5.4249500174814	0	1.80096921846447
BA_only	hippocampus	AA	psi	chr19_12497728_12500043	chr19	12497728	12500043	64	64	0	0	0.0306154559457592	0.976893291659941	22.0067424500477	-22.0067424500477	2315	226	Genic/other	2	Non-heritable	0.0638725486016345	0.784925451786543	0.0142125384872648	0	0	0	0.638725486016345	7.74716496652034	5.4249500174814	0	3.09134888186102
BA_only	hippocampus	AA	psi	chr19_1253863_1254531	chr19	1253863	1254531	249	249	0	0	0.00171641764608602	0.787994014818457	3.28155542812729	-3.28155542812729	668	817	Genic/other	2	Non-heritable	0.0538611285836528	0.977079917894928	0.00736529434176513	4333	0	0	0.538611285836528	6.50428817353665	6.70686233660275	8.3742461820963	1.18831752893103
BA_only	hippocampus	AA	psi	chr19_1255091_1256164	chr19	1255091	1256164	249	249	0	0	0.000451109987369217	0.604162640906295	4.09608883608777	-4.09608883608777	1073	839	Genic/other	2	Heritable	0.10945312769878	0.973772200312511	0.00934451783488161	3473	0	0	1.0945312769878	6.9782137426307	6.73340189183736	8.15306194680105	1.41003257844136
BA_only	hippocampus	AA	psi	chr19_12621450_12621738	chr19	12621450	12621738	123	123	0	0	0.00487296958097758	0.903845859635741	4.42758606714059	-4.42758606714059	288	242	Genic/other	0	Heritable	0.333707116870188	0.859663153822038	0.012093693450394	0	0	0	3.33707116870188	5.66296048013595	5.49306144334055	0	1.48785453196313
BA_only	hippocampus	AA	psi	chr19_12647551_12648517	chr19	12647551	12648517	146	146	0	0	0.00100266458218534	0.718185739473938	9.73706386680054	9.73706386680054	966	233	Promoter	2	Non-heritable	0.0783962762295714	0.80190367194076	0.00884259910604618	3911	0	0	0.783962762295714	6.87316383421252	5.4553211153577	8.27180403115471	2.27593962218878
BA_only	hippocampus	AA	psi	chr19_12660828_12661505	chr19	12660828	12661505	147	147	0	0	0.00216549347843735	0.815187053503819	6.20269733120834	6.20269733120834	677	247	Genic/other	1	Non-heritable	0.0919035410218827	0.843234277288984	0.00890944796396879	0	0	0	0.919035410218827	6.51767127291228	5.51342874616498	0	1.82498425247565
BA_only	hippocampus	AA	psi	chr19_12711802_12712308	chr19	12711802	12712308	158	158	0	0	0.00227489698141002	0.820192749465547	6.04134397894254	6.04134397894254	506	298	Genic/other	0	Non-heritable	0.0948569080751061	0.822397458883093	0.00729896893206105	3401	0	0	0.948569080751061	6.22653666928747	5.70044357339069	8.13211877295581	1.79862650191958
BA_only	hippocampus	AA	psi	chr19_12765662_12766622	chr19	12765662	12766622	176	176	0	0	0.002024053836235	0.808078177358965	3.66562495574418	-3.66562495574418	960	325	Promoter	2	Heritable	0.806240532376694	0.837393111178691	0.027883494835019	0	0	0	8.06240532376694	6.86693328446188	5.78689738136671	0	1.29899884351455
BA_only	hippocampus	AA	psi	chr19_12828224_12828497	chr19	12828224	12828497	188	188	0	0	0.00180167032995089	0.796268588634543	5.8457451282388	-5.8457451282388	273	371	Genic/other	1	Heritable	0.158487403941139	0.889977258965742	0.0105555295457633	437	0	0	1.58487403941139	5.60947179518496	5.91889385427315	6.08221891037645	1.76571406981652
BA_only	hippocampus	AA	psi	chr19_12983991_12984264	chr19	12983991	12984264	170	170	0	0	0.00236802134133331	0.823087269649574	8.25433851385111	-8.25433851385111	273	444	Intergenic	0	Non-heritable	0.0973974556897766	0.919197167837311	0.00870107885770124	10601	0	0	0.973974556897766	5.60947179518496	6.09807428216624	9.26879794154775	2.1107389437982
BA_only	hippocampus	AA	psi	chr19_12985618_12986259	chr19	12985618	12986259	167	167	0	0	0.0017700823684193	0.795401023180755	4.41117742387574	-4.41117742387574	641	442	Enhancer	0	Non-heritable	0.0788889022183769	0.900288646746943	0.00719428968002703	9604	0	0	0.788889022183769	6.46302945692067	6.09356977004514	9.17003907520266	1.48414164563134
BA_only	hippocampus	AA	psi	chr19_13001256_13001460	chr19	13001256	13001460	167	167	0	0	0.0115746510472376	0.95315577890577	13.2284705829913	13.2284705829913	204	441	Genic/other	2	Heritable	0.108366902256618	0.929108269679808	0.00738614132685069	0	0	0	1.08366902256618	5.31811999384422	6.0913098820777	0	2.58237137000772
BA_only	hippocampus	AA	psi	chr19_13097205_13097267	chr19	13097205	13097267	111	111	0	0	0.0245287615215647	0.975932065139872	5.42457389862677	5.42457389862677	62	471	Genic/other	1	Heritable	0.13908656680131	0.935151766351114	0.00597337333580535	3780	0	0	1.3908656680131	4.12713438504509	6.15697898558556	8.23774380389093	1.69093935415331
BA_only	hippocampus	AA	psi	chr19_13186126_13186340	chr19	13186126	13186340	84	84	0	0	0.00139517212063179	0.759071555562182	2.51696599887585	2.51696599887585	214	500	Intergenic	0	Non-heritable	0.0927331685881457	0.935243590311431	0.00721640989429668	21704	0	0	0.927331685881457	5.36597601502185	6.21660610108487	9.98529792773369	0.923054211443735
BA_only	hippocampus	AA	psi	chr19_13207750_13207992	chr19	13207750	13207992	74	74	0	0	0.0210064422009051	0.975856666808667	5.74093452813048	5.74093452813048	242	516	Genic/other	1	Non-heritable	0.0765996417793383	0.874705364094515	0.00515626094303822	52	0	0	0.765996417793383	5.48893772615669	6.24804287450843	3.97029191355212	1.74762200860011
BA_only	hippocampus	AA	psi	chr19_13208349_13208655	chr19	13208349	13208655	74	74	0	0	0.057523271942255	0.98577631996496	2.70559040679263	2.70559040679263	306	511	Genic/other	2	Non-heritable	0.0678778756010332	0.890074674301543	0.00832011058727504	0	0	0	0.678778756010332	5.72358510195238	6.23832462503951	0	0.995320157166192
BA_only	hippocampus	AA	psi	chr19_13234485_13234739	chr19	13234485	13234739	73	73	0	0	0.00332812228025906	0.861731807661112	2.83997316167509	2.83997316167509	254	502	Genic/other	0	Heritable	0.102143037741223	0.923772871089914	0.00691465939310414	296	0	0	1.02143037741223	5.53733426701854	6.22059017009974	5.6937321388027	1.04379460553522
BA_only	hippocampus	AA	psi	chr19_13633143_13634005	chr19	13633143	13634005	15	15	0	0	0.00720896564938504	0.931602204679102	8.14749348417496	8.14749348417496	862	588	Enhancer	0	Heritable	0.321528853843155	0.923354714872276	0.00720804831625664	33811	0	0	3.21528853843155	6.75925527066369	6.37842618365159	10.4285710480488	2.09771033322358
BA_only	hippocampus	AA	psi	chr19_13702305_13702749	chr19	13702305	13702749	35	35	0	0	0.0540934851104142	0.985304736230933	1.22448043929013	-1.22448043929013	444	539	Intergenic	2	Non-heritable	0.0400301056585936	0.934931296178957	0.00593818734980737	29181	0	0	0.400301056585936	6.09582456243223	6.29156913955832	10.281307359824	0.202516631002615
BA_only	hippocampus	AA	psi	chr19_13763964_13764408	chr19	13763964	13764408	39	39	0	0	0.00761623260636594	0.933559278800072	5.23862123669154	-5.23862123669154	444	577	Promoter	2	Heritable	0.276625100704887	0.915947814993884	0.0236160980046498	700	0	0	2.76625100704887	6.09582456243223	6.35957386867238	6.55250788703459	1.65605834285019
BA_only	hippocampus	AA	psi	chr19_13765626_13765819	chr19	13765626	13765819	39	39	0	0	0.00632338646613809	0.920376068783091	3.68515115703444	-3.68515115703444	193	581	Genic/other	1	Heritable	0.139706319846821	0.931274302628919	0.0079813864476294	0	0	0	1.39706319846821	5.26269018890489	6.36647044773144	0	1.30431154706163
BA_only	hippocampus	AA	psi	chr19_13880942_13881524	chr19	13880942	13881524	64	64	0	0	0.00206414392501089	0.811090501848299	7.38973991420389	-7.38973991420389	582	538	Intergenic	1	Non-heritable	0.0731744504068168	0.930739295013883	0.0070033361507222	1427	0	0	0.731744504068168	6.36647044773144	6.289715570909	7.26403014289953	2.00009254140495
BA_only	hippocampus	AA	psi	chr19_1389344_1389942	chr19	1389344	1389942	246	246	0	0	0.00412717750998902	0.882277433336612	3.93426446955111	-3.93426446955111	598	762	Promoter	1	Non-heritable	0.0893396702502423	0.974997351008666	0.007558893955946	0	0	0	0.893396702502423	6.39359075395063	6.63725803128446	0	1.36972394687616
BA_only	hippocampus	AA	psi	chr19_1414128_1414667	chr19	1414128	1414667	249	249	0	0	0.00170024829531324	0.787454456244154	3.7910552788336	-3.7910552788336	539	720	Genic/other	0	Heritable	0.109478645004205	0.977299014166648	0.00674480351651819	0	0	0	1.09478645004205	6.289715570909	6.58063913728495	0	1.33264442066251
BA_only	hippocampus	AA	psi	chr19_14332952_14333171	chr19	14332952	14333171	194	194	0	0	0.00232624690154548	0.821900074869887	2.48918580747929	2.48918580747929	219	562	Promoter	1	Heritable	0.297579691316055	0.925277401887545	0.00904693029981704	0	0	0	2.97579691316055	5.3890717298165	6.33327962813969	0	0.911955676074683
BA_only	hippocampus	AA	psi	chr19_14475964_14476281	chr19	14475964	14476281	166	166	0	0	0.00295516630428632	0.846261736290652	2.45627851771812	-2.45627851771812	317	582	Promoter	1	Heritable	0.115371048207474	0.949583483175635	0.00792268320476726	3242	0	0	1.15371048207474	5.75890177387728	6.36818718635049	8.08425410630732	0.898647410906154
BA_only	hippocampus	AA	psi	chr19_14561691_14561916	chr19	14561691	14561916	138	138	0	0	0.0108843367166568	0.945833559360625	1.95689585343965	1.95689585343965	225	608	Promoter	1	Non-heritable	0.0512083419696983	0.957139119698489	0.00764336117083114	0	0	0	0.512083419696983	5.41610040220442	6.4118182677099	0	0.671359474652506
BA_only	hippocampus	AA	psi	chr19_1465638_1465994	chr19	1465638	1465994	245	245	0	0	0.00580546137976802	0.91658260669542	4.05412811921281	-4.05412811921281	356	726	Genic/other	1	Heritable	0.118124523959552	0.969815786444923	0.00718053602174029	0	0	0	1.18124523959552	5.87493073085203	6.58892647753352	0	1.3997356531576
BA_only	hippocampus	AA	psi	chr19_1468834_1469880	chr19	1468834	1469880	245	245	0	0	0.00475524074148248	0.903845859635741	3.54709660229687	3.54709660229687	1046	688	Genic/other	1	Heritable	0.126984866789857	0.961083930103582	0.00885387200781016	0	0	0	1.26984866789857	6.95272864462487	6.53524127101366	0	1.26612941316987
BA_only	hippocampus	AA	psi	chr19_14695076_14695646	chr19	14695076	14695646	92	92	0	0	0.000926102624656966	0.704421462184525	2.33440545381183	-2.33440545381183	570	622	Genic/other	0	Non-heritable	0.0326278760691837	0.952401506081332	0.00783098241861617	1624	0	0	0.326278760691837	6.3456363608286	6.43454651878745	7.39326309476384	0.847757239347315
BA_only	hippocampus	AA	psi	chr19_1473628_1473830	chr19	1473628	1473830	243	243	0	0	0.000566442696273372	0.636920160415722	4.25370785161524	4.25370785161524	202	708	Genic/other	1	Non-heritable	0.0777345820381069	0.967154855769535	0.00680311383841522	0	0	0	0.777345820381069	5.30826769740121	6.56385552653213	0	1.44779104061059
BA_only	hippocampus	AA	psi	chr19_14786818_14786983	chr19	14786818	14786983	49	49	0	0	0.0226252374607433	0.975932065139872	2.59050247104455	-2.59050247104455	165	566	Intergenic	0	Heritable	0.106227344158887	0.951032246901737	0.00853714302989143	0	0	0	1.06227344158887	5.10594547390058	6.34035930372775	0	0.951851865019613
BA_only	hippocampus	AA	psi	chr19_1510632_1510976	chr19	1510632	1510976	240	240	0	0	0.00821319307509078	0.933559278800072	3.13233939615386	3.13233939615386	344	700	Genic/other	2	Heritable	0.151929668093123	0.953733151358992	0.00823167749841105	0	0	0	1.51929668093123	5.8406416573734	6.55250788703459	0	1.1417801394839
BA_only	hippocampus	AA	psi	chr19_15126765_15127038	chr19	15126765	15127038	14	14	0	0	0.141579092887524	0.991064867102684	1.40226566834862	1.40226566834862	273	503	Promoter	1	Heritable	0.126734774363419	0.938596027383709	0.00901117945807886	1102	0	0	1.26734774363419	5.60947179518496	6.22257626807137	7.0057890192535	0.338089270195022
BA_only	hippocampus	AA	psi	chr19_15289832_15290405	chr19	15289832	15290405	69	69	0	0	0.0243723015788468	0.975932065139872	2.23611318579459	2.23611318579459	573	445	Genic/other	0	Heritable	0.134988974899289	0.909376578596224	0.00781478686348973	20926	0	0	1.34988974899289	6.35088571671474	6.10031895202006	9.94879547024067	0.804739178248784
BA_only	hippocampus	AA	psi	chr19_1538991_1539257	chr19	1538991	1539257	187	187	0	0	0.00927109386697308	0.939841915020693	2.50565082776598	2.50565082776598	266	724	Intergenic	0	Non-heritable	0.0502449131277668	0.967626012651177	0.00806804754645322	10092	0	0	0.502449131277668	5.5834963087817	6.58617165485468	9.21959739323886	0.918548516266074
BA_only	hippocampus	AA	psi	chr19_1540503_1540528	chr19	1540503	1540528	187	187	0	0	0.0104523058403479	0.944902218841749	2.62536423048214	-2.62536423048214	25	699	Intergenic	0	Heritable	0.128125340793779	0.970546971316233	0.00775453206020331	11604	0	0	1.28125340793779	3.2188758248682	6.5510803350434	9.35919131870854	0.965219644696458
BA_only	hippocampus	AA	psi	chr19_1541009_1541167	chr19	1541009	1541167	187	187	0	0	0.0168627202734148	0.970581273335112	4.09550793806157	-4.09550793806157	158	683	Intergenic	0	Non-heritable	0.0959751042779532	0.964997230977217	0.00772203825332038	12110	0	0	0.959751042779532	5.06259503302697	6.52795791762255	9.40186940952105	1.40989075065326
BA_only	hippocampus	AA	psi	chr19_15471795_15472093	chr19	15471795	15472093	74	74	0	0	0.0494714085802208	0.983382963027712	3.92806954790107	3.92806954790107	298	402	Genic/other	1	Heritable	0.125907824581278	0.903878217117334	0.00718584061361246	2162	0	0	1.25907824581278	5.69709348650541	5.99893656194668	7.67925142595306	1.36814809855872
BA_only	hippocampus	AA	psi	chr19_15555515_15555590	chr19	15555515	15555590	74	74	0	0	0.00497477524538605	0.907466339902401	5.69242324971362	5.69242324971362	75	407	Intergenic	1	Heritable	0.100052898157871	0.882998540101991	0.00844973466601631	59689	0	0	1.00052898157871	4.31748811353631	6.01126717440416	10.9969197811627	1.73913603791867
BA_only	hippocampus	AA	psi	chr19_15674508_15675287	chr19	15674508	15675287	284	284	0	0	0.00379878797771602	0.871232310780983	3.13689075493523	3.13689075493523	779	419	Genic/other	0	Heritable	0.513210606490896	0.913119101124707	0.0070926803346121	0	0	0	5.13210606490896	6.65801104587075	6.04025471127741	0	1.14323210709612
BA_only	hippocampus	AA	psi	chr19_15933921_15934422	chr19	15933921	15934422	509	509	0	0	0.00138511729232193	0.759037727174488	8.83253699920958	8.83253699920958	501	481	Promoter	0	Heritable	0.271776891797123	0.883751224308996	0.00930839831086857	35894	0	0	2.71776891797123	6.21660610108487	6.1779441140506	10.4883532890106	2.17844229035952
BA_only	hippocampus	AA	psi	chr19_16895713_16895971	chr19	16895713	16895971	42	42	0	0	0.0187729542759134	0.972503866121758	2.99017434558825	2.99017434558825	258	431	Genic/other	1	Heritable	0.241988968396246	0.912350266868938	0.0105337277520697	0	0	0	2.41988968396246	5.55295958492162	6.06842558824411	0	1.09533169860823
BA_only	hippocampus	AA	psi	chr19_16957578_16958012	chr19	16957578	16958012	27	27	0	0	0.0267957235905942	0.975932065139872	1.85516171413	1.85516171413	434	451	Genic/other	0	Non-heritable	0.0730121047754777	0.939269133425005	0.00886371335226699	0	0	0	0.730121047754777	6.07304453410041	6.11368217983223	0	0.617971875078604
BA_only	hippocampus	AA	psi	chr19_17085374_17086659	chr19	17085374	17086659	71	71	0	0	0.0330215238004255	0.979164877002956	4.95190325195611	-4.95190325195611	1285	505	Genic/other	0	Non-heritable	0.080293049601569	0.932188786205021	0.00817179403635333	12099	0	0	0.80293049601569	7.15851399732932	6.22653666928747	9.40096073158483	1.5997720000453
BA_only	hippocampus	AA	psi	chr19_17125741_17125929	chr19	17125741	17125929	81	81	0	0	0.00395587203205699	0.876132919298309	3.5527027219913	-3.5527027219913	188	547	Enhancer	0	Non-heritable	0.0945058828853549	0.901725478769797	0.0066373450511153	26832	0	0	0.945058828853549	5.23644196282995	6.30627528694802	10.1973877523011	1.2677086467757
BA_only	hippocampus	AA	psi	chr19_17323303_17324076	chr19	17323303	17324076	121	121	0	0	7.62831607614245e-05	0.341692545523086	4.33329655733375	-4.33329655733375	773	600	Genic/other	2	Non-heritable	0.0917469476868445	0.958357314391386	0.0106802456472205	4906	0	0	0.917469476868445	6.65027904858742	6.39859493453521	8.4984180360899	1.46632858429599
BA_only	hippocampus	AA	psi	chr19_17345616_17346457	chr19	17345616	17346457	121	121	0	0	0.0107338834804818	0.944902218841749	3.58779339949098	3.58779339949098	841	647	Intergenic	0	Heritable	0.119913849989759	0.959172247471641	0.00590120992103979	4508	0	0	1.19913849989759	6.73459165997295	6.47389069635227	8.41383067842108	1.27753736435909
BA_only	hippocampus	AA	psi	chr19_17393738_17394552	chr19	17393738	17394552	121	121	0	0	0.00324138917748355	0.856251275349336	5.99156081279996	5.99156081279996	814	641	Promoter	2	Heritable	0.286914930695354	0.91570493288436	0.0101521480137152	9636	0	0	2.86914930695354	6.70196036600254	6.46458830368996	9.17336513585129	1.79035194960355
BA_only	hippocampus	AA	psi	chr19_17394700_17395391	chr19	17394700	17395391	121	121	0	0	0.00381824640934742	0.871592970243331	5.6781291003743	-5.6781291003743	691	632	Promoter	1	Heritable	0.37553326891373	0.917135549989413	0.0109446351259546	8797	0	0	3.7553326891373	6.53813982376767	6.45047042214418	9.08227970190866	1.73662179649855
BA_only	hippocampus	AA	psi	chr19_1768326_1769149	chr19	1768326	1769149	116	116	0	0	0.00163112552324343	0.786487079885734	1.34542185013667	1.34542185013667	823	639	Genic/other	2	Non-heritable	0.0311975728067591	0.924203526800565	0.00749423307198005	19812	0	0	0.311975728067591	6.71295620067707	6.46146817635372	9.89409356689426	0.296707614534951
BA_only	hippocampus	AA	psi	chr19_17794612_17794742	chr19	17794612	17794742	107	107	0	0	0.0237567375712157	0.975932065139872	2.82173105825985	-2.82173105825985	130	608	Promoter	1	Heritable	0.176279144290823	0.934943067117603	0.00808424882559818	430	0	0	1.76279144290823	4.86753445045558	6.4118182677099	6.06610809010375	1.03735055061158
BA_only	hippocampus	AA	psi	chr19_17854968_17855295	chr19	17854968	17855295	97	97	0	0	0.000653416005328095	0.660644830675263	2.12460147875923	2.12460147875923	327	621	Genic/other	0	Heritable	0.117862036154957	0.966500265572273	0.00977040121442488	6011	0	0	1.17862036154957	5.78996017089725	6.43294009273918	8.70151275087287	0.75358425008801
BA_only	hippocampus	AA	psi	chr19_1789566_1789619	chr19	1789566	1789619	117	117	0	0	0.00869128736924355	0.933559278800072	1.36949549851054	1.36949549851054	53	644	Genic/other	1	Heritable	0.107787035363445	0.915011078085874	0.00870633728518647	0	0	0	1.07787035363445	3.97029191355212	6.46925031679577	0	0.314442430059203
BA_only	hippocampus	AA	psi	chr19_18021593_18021984	chr19	18021593	18021984	56	56	0	0	0.0403302104501903	0.980549382116533	2.1579423201345	2.1579423201345	391	578	Promoter	0	Heritable	0.132984415571628	0.96075313681132	0.00703474775717127	0	0	0	1.32984415571628	5.96870755998537	6.361302477573	0	0.769155142722833
BA_only	hippocampus	AA	psi	chr19_18089485_18089976	chr19	18089485	18089976	48	48	0	0	0.0335934901605137	0.979164877002956	4.53246097025683	4.53246097025683	491	567	Genic/other	0	Non-heritable	0.0970342517747646	0.957814188522204	0.00596539923773288	0	0	0	0.970342517747646	6.19644412779452	6.34212141872115	0	1.51126505473101
BA_only	hippocampus	AA	psi	chr19_18590110_18590998	chr19	18590110	18590998	68	68	0	0	0.00234947835633388	0.822334049093026	2.31931602544343	-2.31931602544343	888	369	Genic/other	1	Heritable	0.102280763818372	0.890501335776736	0.00764302309351483	0	0	0	1.02280763818372	6.78897174299217	5.91350300563827	0	0.841272329903661
BA_only	hippocampus	AA	psi	chr19_18777223_18777844	chr19	18777223	18777844	93	93	0	0	0.0504735222985174	0.984077279506327	6.94586714344349	-6.94586714344349	621	353	Genic/other	1	Heritable	0.122736682453026	0.865753518704078	0.0103543485012055	13090	0	0	1.22736682453026	6.43133108193348	5.86929691313377	9.4796802501801	1.93814682851899
BA_only	hippocampus	AA	psi	chr19_1881552_1882156	chr19	1881552	1882156	123	123	0	0	0.000173435089536235	0.462584505778846	2.16049412329121	-2.16049412329121	604	608	Promoter	1	Non-heritable	0.0558842159941791	0.942532586677611	0.00801271953429333	289	0	0	0.558842159941791	6.40357419793482	6.4118182677099	5.66988092298052	0.770336960945854
BA_only	hippocampus	AA	psi	chr19_18906472_18907033	chr19	18906472	18907033	94	94	0	0	0.0184073477263318	0.972503866121758	5.33963235162042	5.33963235162042	561	282	Genic/other	0	Heritable	0.117761346496659	0.867750619120415	0.00795478470318649	0	0	0	1.17761346496659	6.3297209055227	5.64544689764324	0	1.6751568044636
BA_only	hippocampus	AA	psi	chr19_1907896_1908574	chr19	1907896	1908574	119	119	0	0	0.0139469147626628	0.964441318501853	1.95340604551886	-1.95340604551886	678	660	Promoter	2	Non-heritable	0.0799489344826745	0.954724777525635	0.0105105563733112	0	0	0	0.799489344826745	6.5191472879404	6.49375383985169	0	0.669574544015612
BA_only	hippocampus	AA	psi	chr19_19384783_19384902	chr19	19384783	19384902	58	58	0	0	0.00387742274885501	0.874313568122655	3.23454693665191	3.23454693665191	119	271	Promoter	1	Heritable	0.164349918719404	0.832901919267815	0.00905659766427446	0	0	0	1.64349918719404	4.77912349311153	5.605802066296	0	1.1738888707425
BA_only	hippocampus	AA	psi	chr19_19537301_19537514	chr19	19537301	19537514	203	203	0	0	0.000797331522364148	0.683148985370606	2.13941161577079	2.13941161577079	213	235	Promoter	2	Heritable	0.101745935229342	0.705071321798509	0.00807023996417391	2262	0	0	1.01745935229342	5.36129216570943	5.46383180502561	7.72444664563354	0.760530850001888
BA_only	hippocampus	AA	psi	chr19_19725696_19726561	chr19	19725696	19726561	255	255	0	0	0.000781258419749187	0.681457250102356	7.51353471592472	-7.51353471592472	865	234	Genic/other	0	Non-heritable	0.0751285648514939	0.750374803165223	0.0130064610116599	26269	0	0	0.751285648514939	6.76272950693188	5.45958551414416	10.1761828826796	2.01670602427701
BA_only	hippocampus	AA	psi	chr19_19781760_19782986	chr19	19781760	19782986	256	256	0	0	0.00382440221912797	0.871592970243331	2.17287544856734	2.17287544856734	1226	222	Genic/other	0	Non-heritable	0.0668777452615855	0.843133099617566	0.00817291985267548	0	0	0	0.668777452615855	7.11151211649616	5.40717177146012	0	0.776051386501294
BA_only	hippocampus	AA	psi	chr19_19865198_19865456	chr19	19865198	19865456	254	254	0	0	0.0072092588983762	0.931602204679102	3.5164734294878	-3.5164734294878	258	241	Promoter	0	Heritable	0.140310105536243	0.824496117823053	0.00937281347029277	0	0	0	1.40310105536243	5.55295958492162	5.48893772615669	0	1.25745862362716
BA_only	hippocampus	AA	psi	chr19_20135090_20136568	chr19	20135090	20136568	252	252	0	0	0.0095272383911176	0.939841915020693	3.0881152324791	3.0881152324791	1478	278	Promoter	0	Heritable	0.125472735660166	0.835490458043295	0.0119356420862584	0	0	0	1.25472735660166	7.29844510150815	5.63121178182137	0	1.12756095092184
BA_only	hippocampus	AA	psi	chr19_20278435_20280378	chr19	20278435	20280378	267	267	0	0	0.0114721684691692	0.952375895958584	8.46479824372201	8.46479824372201	1943	274	Genic/other	0	Heritable	0.289925882902395	0.780995331795082	0.00663518359444188	0	0	0	2.89925882902395	7.57198844937744	5.61677109766657	0	2.135916182309
BA_only	hippocampus	AA	psi	chr19_20312368_20313052	chr19	20312368	20313052	268	268	0	0	0.0295906659340581	0.976741514025636	3.61512052032443	3.61512052032443	684	271	Genic/other	0	Non-heritable	0.0556031817786037	0.743775786891094	0.0117334998385875	11058	0	0	0.556031817786037	6.52795791762255	5.605802066296	9.31099985507536	1.28512519677674
BA_only	hippocampus	AA	psi	chr19_20422880_20423414	chr19	20422880	20423414	268	268	0	0	0.00965681747708622	0.939841915020693	3.25739218687032	-3.25739218687032	534	267	Enhancer	0	Heritable	0.132351969335984	0.891460705183058	0.00754421521495192	0	0	0	1.32351969335984	6.2803958389602	5.59098698051086	0	1.18092693564586
BA_only	hippocampus	AA	psi	chr19_20564583_20564754	chr19	20564583	20564754	98	98	0	0	0.00296245293945126	0.846261736290652	2.57927115229401	2.57927115229401	171	262	Enhancer	0	Heritable	0.144789026963957	0.842025470510124	0.00537885723992797	12107	0	0	1.44789026963957	5.14166355650266	5.57215403217777	9.40162167014161	0.947506863789351
BA_only	hippocampus	AA	psi	chr19_20570058_20572896	chr19	20570058	20572896	98	98	0	0	0.00187627050057692	0.801332574066757	5.5907028927415	-5.5907028927415	2838	267	Genic/other	0	Heritable	0.719311496114373	0.878802994112798	0.00946893215431013	17582	0	0	7.19311496114373	7.95085485771999	5.59098698051086	9.77468780514454	1.7211050221496
BA_only	hippocampus	AA	psi	chr19_20575926_20577042	chr19	20575926	20577042	98	98	0	0	0.00453163408851741	0.895415716423085	10.1703403594682	10.1703403594682	1116	254	Genic/other	0	Heritable	0.690122816059088	0.861319370119296	0.0143049621649579	23450	0	0	6.90122816059088	7.01750614294126	5.54126354515843	10.0626684168884	2.3194756774914
BA_only	hippocampus	AA	psi	chr19_20660481_20660625	chr19	20660481	20660625	55	55	0	0	0.0123401135515292	0.958949015439713	1.88388101236439	1.88388101236439	144	253	Genic/other	0	Non-heritable	0.087558848457103	0.749189765907491	0.00603726134316414	14796	0	0	0.87558848457103	4.969813299576	5.53733426701854	9.60217973650253	0.633334022548766
BA_only	hippocampus	AA	psi	chr19_20662329_20662641	chr19	20662329	20662641	55	55	0	0	0.0039518016075955	0.876132919298309	2.99552940709583	2.99552940709583	312	246	Promoter	0	Non-heritable	0.0327435863594643	0.599284435557487	0.00923028918253632	16644	0	0	0.327435863594643	5.74300318780948	5.50938833662798	9.71986515000913	1.09712098292288
BA_only	hippocampus	AA	psi	chr19_20665107_20666171	chr19	20665107	20666171	55	55	0	0	0.0325847949434234	0.978660772153819	2.11698340985863	2.11698340985863	1064	253	Genic/other	0	Heritable	0.152992397389098	0.791806171114339	0.0102674255111573	19422	0	0	1.52992397389098	6.96979066990159	5.53733426701854	9.87421320983213	0.749992160217774
BA_only	hippocampus	AA	psi	chr19_20777650_20778176	chr19	20777650	20778176	23	23	0	0	0.0308193697972186	0.976893291659941	0.545038510693811	-0.545038510693811	526	252	Genic/other	0	Heritable	0.156760643878356	0.805911459293843	0.0173847020369237	0	0	0	1.56760643878356	6.26530121273771	5.53338948872752	0	-0.606898806644488
BA_only	hippocampus	AA	psi	chr19_21082090_21083114	chr19	21082090	21083114	36	36	0	0	0.029895211288112	0.976741514025636	0.807216829091023	-0.807216829091023	1024	203	Promoter	2	Non-heritable	0.0569811699276547	0.686288842607003	0.036310857504686	0	0	0	0.569811699276547	6.93147180559945	5.31811999384422	0	-0.214162949046573
BA_only	hippocampus	AA	psi	chr19_21198225_21199188	chr19	21198225	21199188	53	53	0	0	0.0231127838827394	0.975932065139872	2.67940275382986	2.67940275382986	963	238	Intergenic	0	Heritable	0.415154347027101	0.864955921597097	0.00803971639848242	15601	0	0	4.15154347027101	6.87005341179813	5.47646355193151	9.65515439014826	0.98559392037095
BA_only	hippocampus	AA	psi	chr19_21322394_21323255	chr19	21322394	21323255	63	63	0	0	0.0114204852747503	0.951715111774742	4.13004585532797	4.13004585532797	861	217	Enhancer	0	Non-heritable	0.0211661035090843	0.688561044124815	0.00670462645794906	0	0	0	0.211661035090843	6.75809450442773	5.38449506278909	0	1.41828851231757
BA_only	hippocampus	AA	psi	chr19_21463881_21464067	chr19	21463881	21464067	124	124	0	0	0.00441349508847703	0.890195334782817	5.6012891727164	5.6012891727164	186	259	Promoter	1	Heritable	0.24591583267708	0.834229066920661	0.00977005734607294	136	0	0	2.4591583267708	5.2257466737132	5.56068163101553	4.91998092582813	1.72299678244593
BA_only	hippocampus	AA	psi	chr19_21475518_21475603	chr19	21475518	21475603	124	124	0	0	0.0154142040608641	0.967076513219291	8.73059449523509	-8.73059449523509	85	252	Genic/other	1	Heritable	0.113244223862746	0.828682050635707	0.00717880656820561	10549	0	0	1.13244223862746	4.44265125649032	5.53338948872752	9.26388113890421	2.16683346664342
BA_only	hippocampus	AA	psi	chr19_21506830_21506956	chr19	21506830	21506956	124	124	0	0	0.00293705063859953	0.846222391562562	4.46527679705996	4.46527679705996	126	253	Enhancer	1	Heritable	0.10019880485596	0.815282976440712	0.00809923314238496	0	0	0	1.0019880485596	4.83628190695148	5.53733426701854	0	1.49633120726911
BA_only	hippocampus	AA	psi	chr19_21567935_21570276	chr19	21567935	21570276	124	124	0	0	0.000169239334653035	0.460176143709593	1.35388250216044	1.35388250216044	2341	247	Promoter	0	Heritable	0.140576707953227	0.825908644274042	0.0149087879717944	0	0	0	1.40576707953227	7.75833346749091	5.51342874616498	0	0.302976399795017
BA_only	hippocampus	AA	psi	chr19_21605443_21605561	chr19	21605443	21605561	126	126	0	0	0.0108131333437981	0.944902218841749	5.73364345419157	5.73364345419157	118	250	Intergenic	0	Heritable	0.170915701984298	0.789533718001626	0.00678226501613987	9094	0	0	1.70915701984298	4.77068462446567	5.52545293913178	9.11548009095222	1.7463511862799
BA_only	hippocampus	AA	psi	chr19_21611102_21612585	chr19	21611102	21612585	126	126	0	0	0.00643425361337303	0.922500611491166	5.0794183260596	5.0794183260596	1483	244	Intergenic	0	Heritable	0.522866253192723	0.834614660610941	0.00927311387405321	14753	0	0	5.22866253192723	7.30182234213793	5.50125821054473	9.59926951144425	1.62519675425901
BA_only	hippocampus	AA	psi	chr19_21634663_21635846	chr19	21634663	21635846	124	124	0	0	0.00916958626826224	0.939077729475158	2.6465844300336	-2.6465844300336	1183	246	Promoter	0	Heritable	0.545851626271099	0.850278507980764	0.00729986954079257	38314	0	0	5.45851626271099	7.07580886397839	5.50938833662798	10.5535967434045	0.973269918110934
BA_only	hippocampus	AA	psi	chr19_21642887_21647733	chr19	21642887	21647733	124	124	0	0	0.035395999346642	0.980327953711174	2.39802291209542	-2.39802291209542	4846	235	Genic/other	0	Heritable	0.71950326826358	0.860074058075798	0.0157436905547296	46538	0	0	7.1950326826358	8.48590890137647	5.46383180502561	10.7480459497324	0.874644615398428
BA_only	hippocampus	AA	psi	chr19_21677615_21678442	chr19	21677615	21678442	117	117	0	0	0.00173568891886746	0.792373102657891	2.25172888709361	-2.25172888709361	827	238	Promoter	2	Heritable	0.128249108676204	0.800039976293893	0.0096238353328818	65669	0	0	1.28249108676204	6.71780469502369	5.47646355193151	11.092397479185	0.811698319857456
BA_only	hippocampus	AA	psi	chr19_21835293_21835460	chr19	21835293	21835460	98	98	0	0	0.00732897941842686	0.933276309404323	1.43239601346989	1.43239601346989	167	243	Genic/other	1	Non-heritable	0.0853888150217538	0.790263484744593	0.00968534140437615	7865	0	0	0.853888150217538	5.11799381241676	5.4971682252932	8.97030495299176	0.359348583007241
BA_only	hippocampus	AA	psi	chr19_21884212_21885011	chr19	21884212	21885011	19	19	0	0	0.000943644231301289	0.708361817463044	1.35921883017523	-1.35921883017523	799	258	Intergenic	0	Heritable	0.212321097191514	0.833581363361	0.00940692322268602	6070	0	0	2.12321097191514	6.68336094576628	5.55682806169954	8.71127861513043	0.306910152503202
BA_only	hippocampus	AA	psi	chr19_22053108_22053361	chr19	22053108	22053361	23	23	0	0	0.0103296323107272	0.944902218841749	2.18522704758975	2.18522704758975	253	299	Promoter	0	Non-heritable	0.0929035698214988	0.81903179684306	0.00849434567763157	0	0	0	0.929035698214988	5.53338948872752	5.7037824746562	0	0.781719739665654
BA_only	hippocampus	AA	psi	chr19_22067242_22067790	chr19	22067242	22067790	23	23	0	0	0.0160709857853163	0.968106276565941	4.13918190746713	4.13918190746713	548	303	Promoter	0	Heritable	0.309688338358787	0.893122041911265	0.00737820951281012	0	0	0	3.09688338358787	6.30627528694802	5.71702770140622	0	1.42049816383435
BA_only	hippocampus	AA	psi	chr19_22109212_22110635	chr19	22109212	22110635	17	17	0	0	0.0978774413291153	0.990400450319684	2.2454487706125	2.2454487706125	1423	312	Intergenic	0	Non-heritable	0.0899348620376594	0.804350580207156	0.00404202230395842	0	0	0	0.899348620376594	7.26052259808985	5.74620319054015	0	0.808905403493703
BA_only	hippocampus	AA	psi	chr19_2213995_2214081	chr19	2213995	2214081	88	88	0	0	0.0376064963032052	0.980549382116533	3.36737477010194	-3.36737477010194	86	687	Promoter	1	Non-heritable	0.0862726097944846	0.972092210144807	0.0070723639959378	514	0	0	0.862726097944846	4.45434729625351	6.53378883793334	6.24416690066374	1.21413344378605
BA_only	hippocampus	AA	psi	chr19_2243914_2244087	chr19	2243914	2244087	84	84	0	0	0.00661927441884768	0.9249109675864	5.29234780163963	-5.29234780163963	173	673	Genic/other	1	Non-heritable	0.0924749425897113	0.957275942337497	0.00547819143713959	531	0	0	0.924749425897113	5.15329159449778	6.51323011091231	6.27664348934165	1.66626196813675
BA_only	hippocampus	AA	psi	chr19_22517623_22518112	chr19	22517623	22518112	64	64	0	0	0.0233633344059769	0.975932065139872	2.33826383910028	2.33826383910028	489	257	Promoter	1	Heritable	0.111054948873099	0.814319191745954	0.00851772972554472	14501	0	0	1.11054948873099	6.19236248947487	5.55295958492162	9.58204184993154	0.849408709163387
BA_only	hippocampus	AA	psi	chr19_22595495_22597361	chr19	22595495	22597361	59	59	0	0	0.00825907069774518	0.933559278800072	2.04459023913458	2.04459023913458	1866	252	Promoter	0	Heritable	0.380573098657815	0.808247608817623	0.00946717117446727	0	0	0	3.80573098657815	7.53155238140729	5.53338948872752	0	0.715197402247227
BA_only	hippocampus	AA	psi	chr19_22617946_22618162	chr19	22617946	22618162	59	59	0	0	0.0143034232604098	0.964974748568303	3.96627420712433	3.96627420712433	216	256	Genic/other	1	Heritable	0.23550292208886	0.797087379725913	0.00789708076867641	0	0	0	2.3550292208886	5.37527840768417	5.54907608489522	0	1.37782716969539
BA_only	hippocampus	AA	psi	chr19_22633555_22634094	chr19	22633555	22634094	59	59	0	0	0.00494351537368776	0.904433110222233	0.84070157292743	-0.84070157292743	539	254	Promoter	1	Heritable	0.748165016428283	0.900155591648812	0.0413478913168327	9697	0	0	7.48165016428283	6.289715570909	5.54126354515843	9.1796749576653	-0.173518517974299
BA_only	hippocampus	AA	psi	chr19_22784359_22785121	chr19	22784359	22785121	48	48	0	0	0.0581280231315896	0.98577631996496	2.17666004369229	-2.17666004369229	762	266	Promoter	0	Heritable	0.184738045408935	0.807293688233063	0.010688570975779	67247	0	0	1.84738045408935	6.63594655568665	5.58724865840025	11.1161425572449	0.777791616495687
BA_only	hippocampus	AA	psi	chr19_2327283_2327391	chr19	2327283	2327391	80	80	0	0	0.0245751092974689	0.975932065139872	5.79046621280949	-5.79046621280949	108	627	Genic/other	1	Non-heritable	0.0863257391802674	0.96278010237637	0.00917952334560217	0	0	0	0.863257391802674	4.68213122712422	6.4425401664682	0	1.75621281041735
BA_only	hippocampus	AA	psi	chr19_23282312_23284046	chr19	23282312	23284046	55	55	0	0	0.00838445705168961	0.933559278800072	2.40592461049009	-2.40592461049009	1734	184	Intergenic	0	Heritable	0.279365573373902	0.78899846435486	0.0123276736898603	8235	0	0	2.79365573373902	7.45818615734049	5.22035582507832	9.01627006814768	0.877934287257081
BA_only	hippocampus	AA	psi	chr19_2337468_2337811	chr19	2337468	2337811	74	74	0	0	0.0037558233422306	0.869981414666025	5.45111885065762	-5.45111885065762	343	634	Promoter	1	Non-heritable	0.0830307678238794	0.953447637452056	0.00737990817551446	0	0	0	0.830307678238794	5.83773044716594	6.45362499889269	0	1.69582088313842
BA_only	hippocampus	AA	psi	chr19_23537575_23539561	chr19	23537575	23539561	45	45	0	0	0.022759212156986	0.975932065139872	6.16771066323075	-6.16771066323075	1986	175	Genic/other	0	Heritable	0.357236458834933	0.838854775889248	0.00959210083079601	0	0	0	3.57236458834933	7.59387784460512	5.17048399503815	0	1.81932772744856
BA_only	hippocampus	AA	psi	chr19_23758297_23758350	chr19	23758297	23758350	13	13	0	0	0.049506169909626	0.983382963027712	9.53180727457413	9.53180727457413	53	156	Genic/other	1	Heritable	0.214580254104084	0.686043471120929	0.00718194675616707	0	0	0	2.14580254104084	3.97029191355212	5.05624580534831	0	2.25463434129965
BA_only	hippocampus	AA	psi	chr19_2385013_2385088	chr19	2385013	2385088	41	41	0	0	0.0136860706365221	0.964283399649536	3.13922212846566	-3.13922212846566	75	628	Genic/other	0	Heritable	0.165760966878654	0.961471694823113	0.00734064451567053	32066	0	0	1.65760966878654	4.31748811353631	6.44413125670044	10.3755827429421	1.14397504262757
BA_only	hippocampus	AA	psi	chr19_24087905_24088209	chr19	24087905	24088209	48	48	0	0	0.00694295937888146	0.930284317886405	2.68791308196046	-2.68791308196046	304	103	Genic/other	0	Heritable	0.150990895765257	0.519120924145988	0.0122833150817592	11554	0	0	1.50990895765257	5.71702770140622	4.64439089914137	9.35487352270848	0.988765090278269
BA_only	hippocampus	AA	psi	chr19_2478394_2478598	chr19	2478394	2478598	38	38	0	0	0.0202716756556698	0.975856666808667	6.72206550962618	6.72206550962618	204	665	Intergenic	1	Heritable	0.128139188038917	0.970292602686131	0.00588464617944369	0	0	0	1.28139188038917	5.31811999384422	6.50128967054039	0	1.90539547629888
BA_only	hippocampus	AA	psi	chr19_2494194_2494337	chr19	2494194	2494337	33	33	0	0	0.00566299178948777	0.914301706404424	4.50819624991599	-4.50819624991599	143	697	Intergenic	1	Heritable	0.121721769093072	0.959675189603834	0.00723178562094688	0	0	0	1.21721769093072	4.96284463025991	6.54821910276237	0	1.50589713114735
BA_only	hippocampus	AA	psi	chr19_2536529_2536761	chr19	2536529	2536761	31	31	0	0	0.0127507479407832	0.961717006536833	3.1508903523539	3.1508903523539	232	697	Genic/other	0	Heritable	0.114437128868778	0.959094715312944	0.00632990124013672	15920	0	0	1.14437128868778	5.44673737166631	6.54821910276237	9.67539427149601	1.14768506761375
BA_only	hippocampus	AA	psi	chr19_2549702_2550517	chr19	2549702	2550517	32	32	0	0	0.00182582344242797	0.796447609036794	3.04027637633955	-3.04027637633955	815	695	Enhancer	1	Heritable	0.123766818354939	0.969796286610835	0.00647419972622764	29093	0	0	1.23766818354939	6.70318811324086	6.54534966033442	10.2782872463334	1.11194842784453
BA_only	hippocampus	AA	psi	chr19_2642193_2642522	chr19	2642193	2642522	41	41	0	0	0.0610346779598552	0.985854895396907	1.97402329086589	1.97402329086589	329	718	Genic/other	1	Heritable	0.113293094442072	0.962822845499269	0.00914952543914489	3757	0	0	1.13293094442072	5.79605775076537	6.57786135772105	8.23164217997341	0.680073744825054
BA_only	hippocampus	AA	psi	chr19_2650604_2651148	chr19	2650604	2651148	41	41	0	0	0.00491616481858693	0.903845859635741	2.01510975775773	2.01510975775773	544	741	Genic/other	2	Heritable	0.115183736117569	0.974307648039878	0.0075502691698077	0	0	0	1.15183736117569	6.29894924685594	6.60934924316738	0	0.70067366922893
BA_only	hippocampus	AA	psi	chr19_2674828_2675158	chr19	2674828	2675158	53	53	0	0	0.0122403192946041	0.958138194102392	3.93561038499427	3.93561038499427	330	745	Genic/other	0	Heritable	0.117229577772345	0.976483745134479	0.00739648905851058	0	0	0	1.17229577772345	5.79909265446053	6.61472560020376	0	1.37006598927905
BA_only	hippocampus	AA	psi	chr19_2685689_2686500	chr19	2685689	2686500	52	52	0	0	0.00242248555037049	0.824728302674626	3.04969881377792	3.04969881377792	811	755	Enhancer	0	Non-heritable	0.058802860773171	0.963732431209924	0.00924565120872906	0	0	0	0.58802860773171	6.69826805411541	6.62804137617953	0	1.11504283944126
BA_only	hippocampus	AA	psi	chr19_2691695_2692401	chr19	2691695	2692401	51	51	0	0	0.00244602290208963	0.824728302674626	3.32711133437129	-3.32711133437129	706	769	Genic/other	0	Non-heritable	0.0855473844517413	0.972254675473373	0.00814518237657259	0	0	0	0.855473844517413	6.55961523749324	6.64639051484773	0	1.20210446337483
BA_only	hippocampus	AA	psi	chr19_2693316_2694031	chr19	2693316	2694031	51	51	0	0	0.00363042896616513	0.866906756094015	3.33914996245792	3.33914996245792	715	748	Genic/other	0	Heritable	0.10829786975307	0.968795448534981	0.00747773324143584	0	0	0	1.0829786975307	6.57228254269401	6.61873898351722	0	1.20571627533408
BA_only	hippocampus	AA	psi	chr19_2750864_2750967	chr19	2750864	2750967	48	48	0	0	0.0146459161750267	0.966089857218066	1.81945860657514	1.81945860657514	103	757	Enhancer	1	Heritable	0.127352390089019	0.974988141356259	0.00769985238669563	6479	0	0	1.27352390089019	4.63472898822964	6.63068338564237	8.77647578934632	0.598538993417432
BA_only	hippocampus	AA	psi	chr19_2771799_2772194	chr19	2771799	2772194	52	52	0	0	0.00071377036310858	0.671447004337083	3.23538976654165	3.23538976654165	395	764	Genic/other	1	Heritable	0.105004331992761	0.97606019582966	0.00727969576433019	0	0	0	1.05004331992761	5.97888576490112	6.63987583382654	0	1.17414940803384
BA_only	hippocampus	AA	psi	chr19_2775415_2775932	chr19	2775415	2775932	53	53	0	0	0.00740992122785284	0.933559278800072	2.95325875210893	-2.95325875210893	517	777	Enhancer	1	Non-heritable	0.0782188606816684	0.980623227035768	0.00682391347428134	0	0	0	0.782188606816684	6.24804287450843	6.65672652417839	0	1.08290922577985
BA_only	hippocampus	AA	psi	chr19_28405895_28407643	chr19	28405895	28407643	37	37	0	0	0.00293642853594605	0.846222391562562	2.82734972113227	2.82734972113227	1748	296	Intergenic	0	Non-heritable	0.072241411273238	0.824455452741419	0.00564926651055469	12267	0	0	0.72241411273238	7.46622755621548	5.6937321388027	9.41474952523414	1.03933978210772
BA_only	hippocampus	AA	psi	chr19_28726883_28727998	chr19	28726883	28727998	71	71	0	0	0.0173940830123629	0.970581273335112	2.13690214477175	-2.13690214477175	1115	316	Promoter	2	Heritable	0.448092541334889	0.884736579181088	0.0284252988733557	0	0	0	4.48092541334889	7.01660968389422	5.75890177387728	0	0.759357189033173
BA_only	hippocampus	AA	psi	chr19_28816086_28818508	chr19	28816086	28818508	80	80	0	0	0.0111662508028453	0.948703871232836	2.22659655226398	-2.22659655226398	2422	311	Intergenic	0	Heritable	0.55931647318676	0.849054697715843	0.00945144122390868	25626	0	0	5.5931647318676	7.79234892411304	5.74300318780948	10.1514017621755	0.80047421437163
BA_only	hippocampus	AA	psi	chr19_29504562_29505235	chr19	29504562	29505235	56	56	0	0	0.00909824500563258	0.938585776116121	2.5766341172088	2.5766341172088	673	475	Genic/other	0	Non-heritable	0.0886080028009396	0.923870813318957	0.00926231460461508	0	0	0	0.886080028009396	6.51174532964473	6.16541785423142	0	0.946483945342606
BA_only	hippocampus	AA	psi	chr19_29529306_29529905	chr19	29529306	29529905	56	56	0	0	0.0120195805679322	0.956101308932172	1.7474973795637	1.7474973795637	599	454	Genic/other	1	Heritable	0.108725799713062	0.926991869810877	0.00752670483029192	593	0	0	1.08725799713062	6.39526159811545	6.12029741895095	6.38687931936265	0.55818470131281
BA_only	hippocampus	AA	psi	chr19_29675603_29675951	chr19	29675603	29675951	55	55	0	0	0.0178910575606228	0.970931943606436	1.21639915170193	-1.21639915170193	348	462	Intergenic	1	Non-heritable	0.0653084994450974	0.833419574592613	0.0103955982518797	1778	0	0	0.653084994450974	5.85220247977447	6.13772705408623	7.48380668766584	0.195894987657673
BA_only	hippocampus	AA	psi	chr19_29694029_29694603	chr19	29694029	29694603	56	56	0	0	0.00408879391657234	0.881593601077023	2.31919296152288	2.31919296152288	574	459	Intergenic	0	Heritable	0.100830836056318	0.934647435527739	0.00855124613393841	8373	0	0	1.00830836056318	6.35262939631957	6.13122648948314	9.03288694657909	0.841219268059696
BA_only	hippocampus	AA	psi	chr19_30046471_30046929	chr19	30046471	30046929	12	12	0	0	0.0797398761005241	0.988137148207548	1.7804036973583	1.7804036973583	458	489	Intergenic	0	Heritable	0.144067426235412	0.943821596114154	0.00822439111149593	30934	0	0	1.44067426235412	6.12686918411419	6.19440539110467	10.3396435079651	0.576840140475019
BA_only	hippocampus	AA	psi	chr19_30049431_30050717	chr19	30049431	30050717	12	12	0	0	0.0768777574027875	0.98765011411364	1.81512867916044	1.81512867916044	1286	482	Intergenic	0	Non-heritable	0.051301859179286	0.920989090967227	0.00757213631626099	33894	0	0	0.51301859179286	7.15929190479756	6.18001665365257	10.4310227898651	0.596156368322006
BA_only	hippocampus	AA	psi	chr19_30229564_30230625	chr19	30229564	30230625	9	9	0	0	0.016786171191077	0.970581273335112	2.42011022782456	2.42011022782456	1061	445	Promoter	1	Non-heritable	0.0982469938380743	0.926392941332635	0.00727731126715909	0	0	0	0.982469938380743	6.96696713861398	6.10031895202006	0	0.883813091951163
BA_only	hippocampus	AA	psi	chr19_30264130_30264585	chr19	30264130	30264585	7	7	0	0	0.0697618034491043	0.985907779499035	1.60476091482386	1.60476091482386	455	453	Genic/other	0	Non-heritable	0.0647283473095614	0.928015534397671	0.00720016588824882	0	0	0	0.647283473095614	6.12029741895095	6.11809719804135	0	0.472974788990821
BA_only	hippocampus	AA	psi	chr19_30360773_30362144	chr19	30360773	30362144	9	9	0	0	0.107493685934281	0.990610842832516	1.02014671542217	-1.02014671542217	1371	425	Enhancer	0	Heritable	0.112700248461696	0.930061257631102	0.00796475133794005	0	0	0	1.12700248461696	7.22329567956231	6.05443934626937	0	0.0199464654040908
BA_only	hippocampus	AA	psi	chr19_30371940_30374141	chr19	30371940	30374141	9	9	0	0	0.0894659792772589	0.989302342378139	1.35256434862129	-1.35256434862129	2201	430	Promoter	2	Heritable	0.115548793131198	0.924876486153057	0.00713694115693967	0	0	0	1.15548793131198	7.69666708152646	6.06610809010375	0	0.302002315538934
BA_only	hippocampus	AA	psi	chr19_30564472_30565088	chr19	30564472	30565088	25	25	0	0	0.0294131329099458	0.976712848084579	1.44886267416103	-1.44886267416103	616	428	Genic/other	0	Non-heritable	0.0634305968782839	0.879947720142808	0.00709118700748684	0	0	0	0.634305968782839	6.42324696353352	6.06145691892802	0	0.370778892913554
BA_only	hippocampus	AA	psi	chr19_3119906_3120297	chr19	3119906	3120297	38	38	0	0	0.00468269426833013	0.900895908545546	2.36453062138889	-2.36453062138889	391	778	Promoter	1	Heritable	0.101078046633297	0.976369200125995	0.00864543046111334	16297	0	0	1.01078046633297	5.96870755998537	6.65801104587075	9.69879767988017	0.860579537718195
BA_only	hippocampus	AA	psi	chr19_3219690_3219850	chr19	3219690	3219850	25	25	0	0	0.00822874605606767	0.933559278800072	2.41652486797918	-2.41652486797918	160	758	Genic/other	0	Heritable	0.11035941326844	0.971256449936426	0.00730991188091058	10211	0	0	1.1035941326844	5.07517381523383	6.63200177739563	9.23131877836138	0.882330507296224
BA_only	hippocampus	AA	psi	chr19_32325156_32325362	chr19	32325156	32325362	229	229	0	0	0.00377568483771186	0.871031337525248	2.77495918758386	-2.77495918758386	206	340	Intergenic	0	Non-heritable	0.0969117958512337	0.861380100696347	0.00863158742188501	64970	0	0	0.969117958512337	5.32787616878958	5.83188247728352	11.0816962954754	1.02063604351692
BA_only	hippocampus	AA	psi	chr19_32337248_32337461	chr19	32337248	32337461	232	232	0	0	0.00810032753331636	0.933559278800072	11.1867778477632	-11.1867778477632	213	355	Intergenic	0	Heritable	0.112100118753783	0.872753889240033	0.00668240617350971	52871	0	0	1.12100118753783	5.36129216570943	5.87493073085203	10.8756291771503	2.41473253249084
BA_only	hippocampus	AA	psi	chr19_32407287_32407570	chr19	32407287	32407570	234	234	0	0	0.000232674234631124	0.503902674622265	5.83302501399443	5.83302501399443	283	348	Genic/other	1	Non-heritable	0.0680072308558831	0.857654336215055	0.00722989340776824	0	0	0	0.680072308558831	5.64544689764324	5.85507192220243	0	1.76353573783506
BA_only	hippocampus	AA	psi	chr19_32692647_32692807	chr19	32692647	32692807	34	34	0	0	0.00670769780587185	0.926346320137909	4.09573908599411	-4.09573908599411	160	324	Promoter	2	Heritable	0.104910109339762	0.857411359163341	0.00714689057502972	0	0	0	1.04910109339762	5.07517381523383	5.78382518232974	0	1.40994718844139
BA_only	hippocampus	AA	psi	chr19_33144479_33144848	chr19	33144479	33144848	28	28	0	0	0.00681504237568505	0.92803081378678	1.45685117221646	1.45685117221646	369	422	Genic/other	0	Heritable	0.357532343847872	0.892569531942918	0.00567065248694495	83	0	0	3.57532343847872	5.91079664404053	6.04737217904628	4.43081679884331	0.376277382131275
BA_only	hippocampus	AA	psi	chr19_33390543_33390694	chr19	33390543	33390694	65	65	0	0	0.00606198745925011	0.920376068783091	2.09110340060412	2.09110340060412	151	544	Genic/other	1	Non-heritable	0.0844421499846969	0.933797315202995	0.00838460361401407	0	0	0	0.844421499846969	5.01727983681492	6.30078579466324	0	0.737691874318861
BA_only	hippocampus	AA	psi	chr19_33416488_33416841	chr19	33416488	33416841	64	64	0	0	0.0377670690942215	0.980549382116533	2.24981309683412	-2.24981309683412	353	563	Promoter	0	Heritable	0.284954554909837	0.92440792306799	0.009354755832262	0	0	0	2.84954554909837	5.8664680569333	6.33505425149806	0	0.810847149137074
BA_only	hippocampus	AA	psi	chr19_33447429_33447665	chr19	33447429	33447665	63	63	0	0	0.00127786852148313	0.748685029382681	1.42967134704431	-1.42967134704431	236	590	Genic/other	0	Non-heritable	0.0601214463446866	0.94042269361311	0.00709307729797909	0	0	0	0.601214463446866	5.46383180502561	6.3818160174061	0	0.357444597610361
BA_only	hippocampus	AA	psi	chr19_33463266_33463507	chr19	33463266	33463507	62	62	0	0	0.00192667727767304	0.804327067126896	1.38605158854143	-1.38605158854143	241	588	Genic/other	0	Heritable	0.100601184233303	0.951341533140515	0.00889758696650601	270	0	0	1.00601184233303	5.48479693349066	6.37842618365159	5.6021188208797	0.326459128459622
BA_only	hippocampus	AA	psi	chr19_33798689_33798837	chr19	33798689	33798837	6	6	0	0	0.099872011807849	0.990400450319684	0.77496034795063	0.77496034795063	148	487	Promoter	1	Non-heritable	0.0897962917110595	0.910746889462846	0.00932247942996761	0	0	0	0.897962917110595	4.99721227376412	6.19031540585315	0	-0.254943401968494
BA_only	hippocampus	AA	psi	chr19_3398631_3399133	chr19	3398631	3399133	48	48	0	0	0.0228858807251057	0.975932065139872	3.51260669430387	-3.51260669430387	502	769	Enhancer	2	Heritable	0.117395505742456	0.972397512662648	0.00872073124172079	53532	0	0	1.17395505742456	6.21860011969173	6.64639051484773	10.8880535651572	1.25635841264795
BA_only	hippocampus	AA	psi	chr19_3493738_3494359	chr19	3493738	3494359	45	45	0	0	0.0502137634440392	0.984017207786399	2.97141636916625	2.97141636916625	621	789	Promoter	1	Non-heritable	0.0659280937672857	0.980550707520826	0.00845950767002889	2526	0	0	0.659280937672857	6.43133108193348	6.67203294546107	7.83478810738819	1.08903873447834
BA_only	hippocampus	AA	psi	chr19_35066947_35067037	chr19	35066947	35067037	158	158	0	0	0.0117489548561476	0.954216543045477	1.94936062596134	1.94936062596134	90	532	Enhancer	0	Heritable	0.1088335001789	0.952379922489995	0.00910451545287763	0	0	0	1.088335001789	4.49980967033027	6.27852142416584	0	0.667501439817401
BA_only	hippocampus	AA	psi	chr19_35106473_35107249	chr19	35106473	35107249	204	204	0	0	0.0111886051953832	0.948703871232836	4.4796807619729	-4.4796807619729	776	524	Promoter	0	Heritable	0.129512535714107	0.956014024315291	0.00772676314262419	0	0	0	1.29512535714107	6.65415252018322	6.26339826259162	0	1.499551787632
BA_only	hippocampus	AA	psi	chr19_35123720_35124088	chr19	35123720	35124088	199	199	0	0	0.00250213874761376	0.827739280566027	4.04048847767344	-4.04048847767344	368	513	Genic/other	1	Heritable	0.1747330032039	0.94681769423937	0.00783698268157629	801	0	0	1.747330032039	5.90808293816893	6.24222326545517	6.68710860786652	1.39636559745415
BA_only	hippocampus	AA	psi	chr19_35126407_35126712	chr19	35126407	35126712	199	199	0	0	0.00368928534296155	0.867953489674172	7.10601114291076	-7.10601114291076	305	529	Genic/other	1	Non-heritable	0.0878090782936734	0.929500749583598	0.00664874055309579	62	0	0	0.878090782936734	5.72031177660741	6.27287700654617	4.14313472639153	1.96094106710376
BA_only	hippocampus	AA	psi	chr19_35290684_35293206	chr19	35290684	35293206	260	260	0	0	0.00947118351945292	0.939841915020693	4.51414449471488	4.51414449471488	2522	546	Promoter	1	Heritable	0.108664806702776	0.952538809925216	0.00846139281321004	0	0	0	1.08664806702776	7.83280751652487	6.30444880242198	0	1.50721569044717
BA_only	hippocampus	AA	psi	chr19_35299687_35299831	chr19	35299687	35299831	262	262	0	0	0.000499177306804703	0.613950473954984	3.80732747233183	-3.80732747233183	144	542	Genic/other	1	Heritable	0.10309172897459	0.953209836896587	0.00772705793269484	132	0	0	1.0309172897459	4.969813299576	6.29710931993394	4.89034912822175	1.33692749480184
BA_only	hippocampus	AA	psi	chr19_35361646_35362832	chr19	35361646	35362832	225	225	0	0	0.00853288858275708	0.933559278800072	12.122971389112	12.122971389112	1186	571	Intergenic	0	Heritable	0.106449004108609	0.791702768801232	0.00114414226432969	0	0	0	1.06449004108609	7.07834157955767	6.3491389913798	0	2.49510211553639
BA_only	hippocampus	AA	psi	chr19_35364239_35366070	chr19	35364239	35366070	227	227	0	0	0.000190018672872639	0.47752037638475	13.8563407569043	13.8563407569043	1831	570	Intergenic	0	Non-heritable	0.0920837023180043	0.79040593545786	0.000666518654822548	0	0	0	0.920837023180043	7.51261754467451	6.34738920965601	0	2.62874294497208
BA_only	hippocampus	AA	psi	chr19_3536489_3537169	chr19	3536489	3537169	56	56	0	0	0.00453208552684353	0.895415716423085	3.50282033455006	3.50282033455006	680	739	Genic/other	1	Non-heritable	0.0737571095600224	0.968503784529143	0.0086392542796656	1586	0	0	0.737571095600224	6.52209279817015	6.60665018619822	7.36960072052641	1.25356845673119
BA_only	hippocampus	AA	psi	chr19_3570682_3571113	chr19	3570682	3571113	53	53	0	0	0.000951418995883772	0.709134489015595	2.70294914258209	-2.70294914258209	431	726	Enhancer	1	Non-heritable	0.0629148596740547	0.966729588858321	0.00585465192031165	0	0	0	0.629148596740547	6.06610809010375	6.58892647753352	0	0.994343455642008
BA_only	hippocampus	AA	psi	chr19_35774647_35775153	chr19	35774647	35775153	211	211	0	0	0.000737395189465542	0.676738315160382	3.80350435361007	3.80350435361007	506	497	Promoter	1	Heritable	0.632367360175045	0.939678969578649	0.0130549469199002	0	0	0	6.32367360175045	6.22653666928747	6.21060007702465	0	1.33592284271631
BA_only	hippocampus	AA	psi	chr19_35776537_35777887	chr19	35776537	35777887	211	211	0	0	0.00171211473002326	0.787933326622287	3.82851201865528	-3.82851201865528	1350	483	Promoter	2	Heritable	0.107310488762985	0.892605803013025	0.00793368837146024	0	0	0	1.07310488762985	7.20785987143248	6.18208490671663	0	1.34247622343767
BA_only	hippocampus	AA	psi	chr19_36096961_36097816	chr19	36096961	36097816	250	250	0	1	7.10489257301924e-06	0.0775025086216944	3.63438716232627	3.63438716232627	855	293	Genic/other	0	Heritable	0.103156940536205	0.835654353051386	0.00936360461330711	0	0	1	1.03156940536205	6.75110146893676	5.68357976733868	0	1.29044050594061
BA_only	hippocampus	AA	psi	chr19_36271870_36272306	chr19	36271870	36272306	213	213	0	0	0.00651557587273438	0.922884439165521	1.70068607927117	1.70068607927117	436	284	Genic/other	2	Non-heritable	0.0615898337783898	0.801153613612164	0.0170105657092464	0	0	0	0.615898337783898	6.07764224334903	5.65248918026865	0	0.531031751569108
BA_only	hippocampus	AA	psi	chr19_36277129_36277417	chr19	36277129	36277417	213	213	0	0	0.00625148399718101	0.920376068783091	2.10567473905768	-2.10567473905768	288	290	Genic/other	2	Non-heritable	0.066390412155823	0.784656662985397	0.0165380967373137	0	0	0	0.66390412155823	5.66296048013595	5.67332326717149	0	0.744635961641125
BA_only	hippocampus	AA	psi	chr19_36309467_36310223	chr19	36309467	36310223	206	206	0	0	0.00513420087564224	0.909885926705608	4.73625044973868	-4.73625044973868	756	258	Promoter	2	Non-heritable	0.0764120215222077	0.838773968915645	0.00532079842344083	0	0	0	0.764120215222077	6.62804137617953	5.55682806169954	0	1.55524578041875
BA_only	hippocampus	AA	psi	chr19_36330765_36330938	chr19	36330765	36330938	217	217	0	0	0.000747703517048121	0.677254417144753	2.31126182907418	-2.31126182907418	173	239	Promoter	1	Heritable	0.106886659426559	0.811708512216404	0.00881168840400122	0	0	0	1.06886659426559	5.15329159449778	5.48063892334199	0	0.837793626074572
BA_only	hippocampus	AA	psi	chr19_3648961_3649943	chr19	3648961	3649943	61	61	0	0	0.00757194914095078	0.933559278800072	3.69174404532932	3.69174404532932	982	681	Promoter	2	Non-heritable	0.0249826867528204	0.92419095685823	0.00591489129370384	10076	0	0	0.249826867528204	6.88959130835447	6.52502965784346	9.2180108782804	1.30609899011226
BA_only	hippocampus	AA	psi	chr19_36972298_36972758	chr19	36972298	36972758	106	106	0	0	8.43247908663942e-05	0.355393730407489	1.02343519013143	-1.02343519013143	460	104	Promoter	1	Heritable	0.32860488017253	0.788619103738857	0.0173210917886148	651	0	0	3.2860488017253	6.13122648948314	4.65396035015752	6.48004456192665	0.0231648120791853
BA_only	hippocampus	AA	psi	chr19_36994796_36994945	chr19	36994796	36994945	106	106	0	0	0.00103219229801959	0.721962374926426	4.81076908118069	-4.81076908118069	149	113	Genic/other	0	Heritable	0.521132021280967	0.863476159425642	0.0073640527479309	3044	0	0	5.21132021280967	5.00394630594546	4.7361984483945	8.021256180144	1.57085696555231
BA_only	hippocampus	AA	psi	chr19_37104284_37106764	chr19	37104284	37106764	222	222	0	0	1.78214339324314e-05	0.142400178013842	2.80318412617904	-2.80318412617904	2480	124	Genic/other	0	Non-heritable	0.0479537230117829	0.476046263523341	0.016406361588509	0	0	0	0.479537230117829	7.81601383915903	4.8283137373023	0	1.03075596256122
BA_only	hippocampus	AA	psi	chr19_37171622_37171859	chr19	37171622	37171859	212	212	0	0	0.00569764889453166	0.91440075671538	2.4559774642082	2.4559774642082	237	119	Genic/other	0	Non-heritable	0.0739132405198319	0.566287945615548	0.0225314168980717	0	0	0	0.739132405198319	5.46806014113513	4.78749174278205	0	0.898524838503503
BA_only	hippocampus	AA	psi	chr19_3718909_3719780	chr19	3718909	3719780	65	65	0	0	0.0163575706095934	0.969245141301252	4.18779837203889	4.18779837203889	871	705	Genic/other	2	Heritable	0.137934554104263	0.946871620538338	0.00923696426063413	0	0	0	1.37934554104263	6.7696419768525	6.55961523749324	0	1.43217515002491
BA_only	hippocampus	AA	psi	chr19_37210995_37211117	chr19	37210995	37211117	212	212	0	0	0.00129113139876156	0.748685029382681	3.8071671093817	3.8071671093817	122	116	Promoter	0	Heritable	0.107636129903376	0.642551438845882	0.00886316902423772	3954	0	0	1.07636129903376	4.80402104473326	4.76217393479776	8.28273588020175	1.33688537435694
BA_only	hippocampus	AA	psi	chr19_37250622_37250876	chr19	37250622	37250876	223	223	0	0	0.00339585451374298	0.86593481253084	3.50330165908733	-3.50330165908733	254	124	Promoter	1	Non-heritable	0.099196860658661	0.611313922048727	0.0101408222630649	0	0	0	0.99196860658661	5.53733426701854	4.8283137373023	0	1.2537058578604
BA_only	hippocampus	AA	psi	chr19_37303576_37304523	chr19	37303576	37304523	278	278	0	0	0.00553193548374896	0.914301706404424	2.03432174676422	2.03432174676422	947	109	Promoter	2	Heritable	0.169459064874462	0.777637346528788	0.0130466788950987	0	0	0	1.69459064874462	6.85329909318608	4.70048036579242	0	0.710162474282065
BA_only	hippocampus	AA	psi	chr19_37316807_37317067	chr19	37316807	37317067	276	276	0	0	0.00598219308479705	0.918975427356839	4.39188608319648	4.39188608319648	260	114	Promoter	1	Heritable	0.169536431430306	0.66061956466338	0.0115152914353205	0	0	0	1.69536431430306	5.56068163101553	4.74493212836325	0	1.47975876880636
BA_only	hippocampus	AA	psi	chr19_37403472_37403929	chr19	37403472	37403929	311	311	0	0	0.00710316940031437	0.931602204679102	4.02470365435881	4.02470365435881	457	103	Promoter	1	Heritable	0.110392428109887	0.653376324531432	0.00842812764820447	15165	0	0	1.10392428109887	6.12468339089421	4.64439089914137	9.62681135926088	1.39245128439838
BA_only	hippocampus	AA	psi	chr19_37855682_37855984	chr19	37855682	37855984	49	49	0	0	0.0241192693664884	0.975932065139872	1.96473760412689	-1.96473760412689	302	199	Promoter	1	Heritable	0.134134097420668	0.718509337438723	0.00860001723688471	577	0	0	1.34134097420668	5.71042701737487	5.29831736654804	6.35957386867238	0.675358706698922
BA_only	hippocampus	AA	psi	chr19_37977808_37978240	chr19	37977808	37978240	59	59	0	0	0.043385724750036	0.980549382116533	5.09448440856482	-5.09448440856482	432	220	Genic/other	0	Non-heritable	0.0776575749426877	0.828373977428136	0.00729405321469201	81552	0	0	0.776575749426877	6.06842558824411	5.39816270151775	11.3090083946196	1.62815846794579
BA_only	hippocampus	AA	psi	chr19_37983998_37984714	chr19	37983998	37984714	59	59	0	0	0.00778178538519457	0.933559278800072	3.63523241877547	3.63523241877547	716	220	Genic/other	0	Non-heritable	0.0470923908671621	0.773640429193239	0.0100170364985827	87742	0	0	0.470923908671621	6.57368016696065	5.39816270151775	11.3821673660664	1.29067305083275
BA_only	hippocampus	AA	psi	chr19_38002462_38002704	chr19	38002462	38002704	66	66	0	0	0.00114774983170486	0.72939557362483	3.66110786503195	3.66110786503195	242	229	Genic/other	0	Non-heritable	0.0435652885575449	0.752763177264051	0.00822179223966613	98521	0	0	0.435652885575449	5.48893772615669	5.4380793089232	11.498035152475	1.29776579970561
BA_only	hippocampus	AA	psi	chr19_38243307_38243621	chr19	38243307	38243621	91	91	0	0	0.0177468895108496	0.970931943606436	1.76662957192405	1.76662957192405	314	252	Promoter	0	Non-heritable	0.058548148742855	0.805029830264869	0.00859408867237091	512	0	0	0.58548148742855	5.74939298590825	5.53338948872752	6.24027584517077	0.569073540305899
BA_only	hippocampus	AA	psi	chr19_38244448_38244700	chr19	38244448	38244700	91	91	0	0	0.0205085157865102	0.975856666808667	1.50737687415357	1.50737687415357	252	253	Genic/other	0	Non-heritable	0.0636825106771295	0.803219314818528	0.0085786620389631	0	0	0	0.636825106771295	5.52942908751142	5.53733426701854	0	0.410370977397598
BA_only	hippocampus	AA	psi	chr19_38253499_38253892	chr19	38253499	38253892	91	91	0	0	0.00112693877848969	0.726050490461723	1.66542189787731	-1.66542189787731	393	256	Promoter	1	Non-heritable	0.0629136484370474	0.72749468152506	0.00789833005134892	0	0	0	0.629136484370474	5.97380961186926	5.54907608489522	0	0.510078489457036
BA_only	hippocampus	AA	psi	chr19_38255359_38255747	chr19	38255359	38255747	91	91	0	0	0.00741353147729582	0.933559278800072	2.64181440757709	-2.64181440757709	388	253	Genic/other	1	Heritable	0.132908619192307	0.814585947926883	0.00676756464249101	0	0	0	1.32908619192307	5.96100533962327	5.53733426701854	0	0.971465960475166
BA_only	hippocampus	AA	psi	chr19_38294224_38294490	chr19	38294224	38294490	96	96	0	0	0.00230938356335556	0.821042528762186	4.01108465625089	-4.01108465625089	266	265	Promoter	0	Non-heritable	0.0910947772090085	0.79551336179589	0.0100416979835545	2383	0	0	0.910947772090085	5.5834963087817	5.5834963087817	7.77653502818524	1.38906169507944
BA_only	hippocampus	AA	psi	chr19_38502846_38503645	chr19	38502846	38503645	101	101	0	0	0.00142907075931749	0.761222352305806	2.17613207633787	2.17613207633787	799	347	Genic/other	1	Heritable	0.105714302813789	0.864129056022834	0.00989889217291057	7135	0	0	1.05714302813789	6.68336094576628	5.85220247977447	8.87290767425985	0.777549028593474
BA_only	hippocampus	AA	psi	chr19_38506830_38507269	chr19	38506830	38507269	99	99	0	0	0.00582472291151779	0.91658260669542	2.20680345827038	-2.20680345827038	439	339	Genic/other	0	Heritable	0.405613613241725	0.835447794225904	0.0136326579302743	3511	0	0	4.05613613241725	6.08449941307517	5.82894561761021	8.16394095475501	0.791545074043678
BA_only	hippocampus	AA	psi	chr19_38722037_38722324	chr19	38722037	38722324	73	73	0	0	0.014389450735977	0.965704068068287	2.71120956772765	-2.71120956772765	287	372	Genic/other	0	Non-heritable	0.0897174194886063	0.869921315071893	0.00585968135588488	4778	0	0	0.897174194886063	5.65948221575962	5.92157841964382	8.47198659857816	0.997394873957036
BA_only	hippocampus	AA	psi	chr19_38771847_38772104	chr19	38771847	38772104	69	69	0	0	0.000975820419051353	0.716185863339116	1.58497100535059	1.58497100535059	257	386	Genic/other	2	Non-heritable	0.0177672966623584	0.808960631065409	0.0101857818573921	27917	0	0	0.177672966623584	5.54907608489522	5.95842469302978	10.2370269210727	0.460566120316984
BA_only	hippocampus	AA	psi	chr19_38896948_38898579	chr19	38896948	38898579	57	57	0	0	0.0112577232679079	0.950081225852059	2.10244689658482	2.10244689658482	1631	391	Genic/other	2	Heritable	0.121820507721465	0.917296925573346	0.0070462387819063	0	0	0	1.21820507721465	7.39694860262101	5.97126183979046	0	0.743101860029978
BA_only	hippocampus	AA	psi	chr19_3890505_3890897	chr19	3890505	3890897	41	41	0	0	0.00684708548458123	0.928034838482957	3.01785337891918	3.01785337891918	392	647	Genic/other	0	Non-heritable	0.0783484474466666	0.965714010983591	0.011040568257967	0	0	0	0.783484474466666	5.97126183979046	6.47389069635227	0	1.10454578027871
BA_only	hippocampus	AA	psi	chr19_38988875_38989472	chr19	38988875	38989472	51	51	0	0	0.0220020837542072	0.975932065139872	0.935823029864685	0.935823029864685	597	367	Enhancer	0	Heritable	0.151174385941119	0.922458233966765	0.0108777420382002	13288	0	0	1.51174385941119	6.3919171133926	5.90808293816893	9.49469190433151	-0.0663288803522618
BA_only	hippocampus	AA	psi	chr19_39047461_39048172	chr19	39047461	39048172	49	49	0	0	0.00105275946554309	0.721965237965727	1.28465386082407	1.28465386082407	711	387	Intergenic	0	Heritable	0.727344422359447	0.909374305509516	0.0103795979307101	14774	0	0	7.27344422359447	6.56667242980324	5.96100533962327	9.6006918422743	0.250489320836528
BA_only	hippocampus	AA	psi	chr19_39351771_39352702	chr19	39351771	39352702	56	56	0	0	0.0265083535620638	0.975932065139872	1.51972844727471	1.51972844727471	931	444	Genic/other	0	Non-heritable	0.0637508911526315	0.870804470853838	0.00875804475948312	0	0	0	0.637508911526315	6.83625927727707	6.09807428216624	0	0.418531672369197
BA_only	hippocampus	AA	psi	chr19_39479882_39480019	chr19	39479882	39480019	94	94	0	0	0.0109349889617362	0.946344095230339	4.35262945873187	4.35262945873187	137	448	Promoter	1	Non-heritable	0.0975718068066013	0.93736531522741	0.00662790378369743	941	0	0	0.975718068066013	4.91998092582813	6.10702288774226	6.84800527457636	1.47078013804937
BA_only	hippocampus	AA	psi	chr19_39823331_39823578	chr19	39823331	39823578	72	72	0	0	0.00373124438953841	0.868236155887141	1.90376905594843	1.90376905594843	247	334	Intergenic	1	Heritable	0.227217644518317	0.850439857793323	0.00809121831664311	3288	0	0	2.27217644518317	5.50938833662798	5.81413053182507	8.09833884618906	0.64383564012045
BA_only	hippocampus	AA	psi	chr19_39858176_39859340	chr19	39858176	39859340	72	72	0	0	0.041666641940613	0.980549382116533	2.52497684234666	-2.52497684234666	1164	337	Intergenic	0	Heritable	0.351054634101537	0.919205892873801	0.0101786283041285	11884	0	0	3.51054634101537	7.05961762829138	5.82304589548302	9.38303237979429	0.926231895297841
BA_only	hippocampus	AA	psi	chr19_39875586_39875949	chr19	39875586	39875949	72	72	0	0	0.0376199529447892	0.980549382116533	2.12826114726817	-2.12826114726817	363	347	Genic/other	1	Heritable	0.162971554374212	0.847413742445132	0.0080733730336463	29294	0	0	1.62971554374212	5.89440283426485	5.85220247977447	10.2851721319789	0.755305288229545
BA_only	hippocampus	AA	psi	chr19_4034168_4034797	chr19	4034168	4034797	49	49	0	0	0.0113842299024911	0.951583534316731	2.66091790826777	2.66091790826777	629	622	Genic/other	1	Non-heritable	0.0614952914877858	0.962555690542354	0.00699192735468141	6021	0	0	0.614952914877858	6.44413125670044	6.43454651878745	8.70317470904168	0.978671145322042
BA_only	hippocampus	AA	psi	chr19_4045355_4045729	chr19	4045355	4045729	47	47	0	0	0.0546249128029145	0.98577631996496	6.50623847555782	6.50623847555782	374	642	Genic/other	1	Heritable	0.125885531241444	0.964430026617795	0.00631170879987273	9517	0	0	1.25885531241444	5.92425579741453	6.46614472423762	9.16094002168106	1.87276148362862
BA_only	hippocampus	AA	psi	chr19_40583109_40583731	chr19	40583109	40583731	231	231	0	0	0.00719712950010353	0.931602204679102	8.33965978919759	8.33965978919759	622	365	Promoter	0	Heritable	0.10158138272324	0.859358516217769	0.00783277507654523	0	0	0	1.0158138272324	6.43294009273918	5.90263333340137	0	2.12102242407554
BA_only	hippocampus	AA	psi	chr19_40609484_40609860	chr19	40609484	40609860	226	226	0	0	0.00287505342389919	0.844808629760907	14.6337889742988	14.6337889742988	376	354	Promoter	2	Heritable	0.216204180439832	0.865298041078666	0.0135509305621109	796	0	0	2.16204180439832	5.9295891433899	5.87211778947542	6.68085467879022	2.68333316880743
BA_only	hippocampus	AA	psi	chr19_40634927_40635378	chr19	40634927	40635378	204	204	0	0	0.000241257957924484	0.503902674622265	2.96804974479692	-2.96804974479692	451	364	Intergenic	0	Non-heritable	0.0992699413096669	0.891946561469176	0.0140313546116097	5530	0	0	0.992699413096669	6.11146733950268	5.89989735358249	8.61812390999468	1.08790508891022
BA_only	hippocampus	AA	psi	chr19_40818016_40818212	chr19	40818016	40818212	189	189	0	0	0.00155879377586221	0.777132814755397	1.97492664784663	1.97492664784663	196	411	Genic/other	0	Non-heritable	0.0651486939953303	0.88341337377726	0.0131264871502813	5916	0	0	0.651486939953303	5.27811465923052	6.02102334934953	8.68558484267669	0.680531262396025
BA_only	hippocampus	AA	psi	chr19_40843180_40843915	chr19	40843180	40843915	169	169	0	0	0.00133284897614016	0.753869787821095	4.56314523200909	4.56314523200909	735	422	Genic/other	0	Non-heritable	0.0797165364796361	0.835807784043461	0.00747867485042626	4847	0	0	0.797165364796361	6.59987049921284	6.04737217904628	8.48632152774915	1.51801213181544
BA_only	hippocampus	AA	psi	chr19_40879960_40880918	chr19	40879960	40880918	150	150	0	0	0.0108518746436885	0.944902218841749	6.39786046129706	6.39786046129706	958	434	Promoter	2	Heritable	0.275234348545114	0.91384270649258	0.011970798219503	0	0	0	2.75234348545114	6.86484777797086	6.07534603108868	0	1.85596363311464
BA_only	hippocampus	AA	psi	chr19_40908503_40909342	chr19	40908503	40909342	150	150	0	0	0.00530845826251976	0.911505484735131	5.11044314289354	5.11044314289354	839	432	Genic/other	0	Heritable	0.257001670948753	0.898653575999427	0.00824032782295617	0	0	0	2.57001670948753	6.73221070646721	6.07073772800249	0	1.63128612313517
BA_only	hippocampus	AA	psi	chr19_4098556_4098667	chr19	4098556	4098667	57	57	0	0	0.0291453972379722	0.976056724851304	3.20899414729571	3.20899414729571	111	620	Genic/other	1	Non-heritable	0.0807568159039908	0.958517228190138	0.0076774383198358	0	0	0	0.807568159039908	4.70953020131233	6.43133108193348	0	1.16595754140176
BA_only	hippocampus	AA	psi	chr19_41127228_41128923	chr19	41127228	41128923	40	40	0	0	0.016494457907395	0.969551756742057	4.93959443466614	4.93959443466614	1695	410	Intergenic	2	Heritable	0.251584364865468	0.911263077360546	0.00416860649536847	0	0	0	2.51584364865468	7.43543801981455	6.01859321449623	0	1.59728323160832
BA_only	hippocampus	AA	psi	chr19_41374851_41374939	chr19	41374851	41374939	182	182	0	0	0.00437276354270847	0.889721601691383	5.08259388338835	-5.08259388338835	88	385	Genic/other	1	Non-heritable	0.0896876567510676	0.858157387420206	0.00713840371630957	0	0	0	0.896876567510676	4.47733681447821	5.95583736946483	0	1.62582174020872
BA_only	hippocampus	AA	psi	chr19_41440315_41440587	chr19	41440315	41440587	183	183	0	0	0.00148130828345647	0.766510580643325	3.16470502418896	-3.16470502418896	272	363	Promoter	1	Heritable	0.116112461096956	0.910277548034456	0.0114097111841204	840	0	0	1.16112461096956	5.605802066296	5.89715386763674	6.73459165997295	1.15205985510428
BA_only	hippocampus	AA	psi	chr19_41641692_41642769	chr19	41641692	41642769	184	184	0	0	0.000544358799087461	0.636920160415722	6.54233376721454	6.54233376721454	1077	298	Genic/other	2	Heritable	0.132313692517477	0.860159923421302	0.00339451690153672	20040	0	0	1.32313692517477	6.98193467715639	5.70044357339069	9.90553545415343	1.87829394848337
BA_only	hippocampus	AA	psi	chr19_41999294_41999456	chr19	41999294	41999456	131	131	0	0	0.00102719451635566	0.72098635361173	5.3743624158913	-5.3743624158913	162	192	Genic/other	2	Non-heritable	0.0993129584870907	0.770345932198386	0.00772791750265987	0	0	0	0.993129584870907	5.08759633523238	5.26269018890489	0	1.68163994853918
BA_only	hippocampus	AA	psi	chr19_42177942_42179028	chr19	42177942	42179028	437	437	0	1	4.8391103759832e-06	0.062317525742981	10.9920476739862	-10.9920476739862	1086	149	Promoter	1	Heritable	0.131380378870685	0.809238927870086	0.00688593235959227	0	0	1	1.31380378870685	6.99025650049388	5.01063529409626	0	2.39717207353338
BA_only	hippocampus	AA	psi	chr19_4224452_4224992	chr19	4224452	4224992	52	52	0	0	0.0368778083118927	0.980549382116533	5.66245180243999	-5.66245180243999	540	611	Genic/other	0	Non-heritable	0.0958847035265406	0.959649811481034	0.00811684226080011	17209	0	0	0.958847035265406	6.29156913955832	6.41673228251233	9.75324588920559	1.73385698082857
BA_only	hippocampus	AA	psi	chr19_42411764_42412733	chr19	42411764	42412733	592	592	0	0	0.000452814867328804	0.604162640906295	7.88856103049902	-7.88856103049902	969	133	Promoter	1	Heritable	0.111195167690921	0.662969320184603	0.00838893019604484	0	0	0	1.11195167690921	6.87626461189077	4.89783979995091	0	2.06541374059493
BA_only	hippocampus	AA	psi	chr19_43200207_43202565	chr19	43200207	43202565	34	34	0	0	0.0455981620335075	0.98171760103388	6.61677828689212	-6.61677828689212	2358	326	Genic/other	0	Non-heritable	0.0718705186078584	0.852649034175809	0.00609523080699154	0	0	0	0.718705186078584	7.76556908109732	5.78996017089725	0	1.88960858938959
BA_only	hippocampus	AA	psi	chr19_43203588_43205208	chr19	43203588	43205208	34	34	0	0	0.125464912642246	0.991064867102684	2.54723161372167	-2.54723161372167	1620	329	Promoter	0	Heritable	0.107091911907426	0.844467713361147	0.00759940951834156	0	0	0	1.07091911907426	7.39018142822643	5.79909265446053	0	0.935007131682596
BA_only	hippocampus	AA	psi	chr19_43247752_43248456	chr19	43247752	43248456	37	37	0	0	0.0774792208699674	0.987720536119146	1.58388901586781	1.58388901586781	704	343	Genic/other	0	Non-heritable	0.0662219023760094	0.777304742926599	0.00526805870954483	0	0	0	0.662219023760094	6.55677835615804	5.8406416573734	0	0.45988323151107
BA_only	hippocampus	AA	psi	chr19_4329303_4329424	chr19	4329303	4329424	49	49	0	0	0.00189325989406656	0.801360789073658	3.46241409193341	-3.46241409193341	121	602	Promoter	1	Heritable	0.122846974828315	0.918647577726195	0.00636084044978418	0	0	0	1.22846974828315	4.79579054559674	6.40191719672719	0	1.24196606309986
BA_only	hippocampus	AA	psi	chr19_43353807_43354971	chr19	43353807	43354971	38	38	0	0	0.0383993887407311	0.980549382116533	3.47383707473106	-3.47383707473106	1164	365	Genic/other	0	Non-heritable	0.0831249390431883	0.844648599897498	0.010445315208835	0	0	0	0.831249390431883	7.05961762829138	5.90263333340137	0	1.24525977113237
BA_only	hippocampus	AA	psi	chr19_43406260_43406626	chr19	43406260	43406626	45	45	0	0	0.0208967268230187	0.975856666808667	2.65751420120958	-2.65751420120958	366	370	Genic/other	1	Non-heritable	0.0855768166243923	0.921905619617601	0.00827244262316041	8325	0	0	0.855768166243923	5.90263333340137	5.91620206260744	9.02713842775492	0.977391178805587
BA_only	hippocampus	AA	psi	chr19_43425209_43426123	chr19	43425209	43426123	61	61	0	0	0.0111260881569258	0.948703871232836	2.34189924625763	-2.34189924625763	914	369	Intergenic	0	Heritable	0.118412116690252	0.88130561575825	0.008586302821711	9327	0	0	1.18412116690252	6.81783057145415	5.91350300563827	9.14077590859027	0.850962248134862
BA_only	hippocampus	AA	psi	chr19_43430503_43430813	chr19	43430503	43430813	61	61	0	0	0.00106689670569304	0.72236199431176	1.58226803886333	1.58226803886333	310	374	Intergenic	0	Heritable	0.486026557981006	0.871522461427667	0.00964866461694405	14621	0	0	4.86026557981006	5.73657229747919	5.92692602597041	9.59028252285326	0.458859291695169
BA_only	hippocampus	AA	psi	chr19_4386178_4386408	chr19	4386178	4386408	63	63	0	0	0.0171326298916514	0.970581273335112	2.93039753504829	-2.93039753504829	230	661	Genic/other	0	Non-heritable	0.0610604843768051	0.96327232248561	0.00661609870003765	16405	0	0	0.610604843768051	5.4380793089232	6.49526555593701	9.7054024005627	1.07513809472901
BA_only	hippocampus	AA	psi	chr19_4390601_4391084	chr19	4390601	4391084	63	63	0	0	0.0245486317560689	0.975932065139872	2.94223098849882	-2.94223098849882	483	647	Promoter	0	Heritable	0.117706170242132	0.954206919114003	0.00976806616807457	11729	0	0	1.17706170242132	6.18001665365257	6.47389069635227	9.36990494164752	1.07916813660161
BA_only	hippocampus	AA	psi	chr19_44111896_44112038	chr19	44111896	44112038	133	133	0	0	0.000689338825853512	0.66356279177562	2.14649643542246	2.14649643542246	142	472	Promoter	1	Heritable	0.104338286555227	0.906567309967622	0.00692228317318862	0	0	0	1.04338286555227	4.95582705760126	6.15909538849193	0	0.763836952693434
BA_only	hippocampus	AA	psi	chr19_44400635_44400907	chr19	44400635	44400907	80	80	0	0	0.0128224447500712	0.96246389742332	4.30067035218529	4.30067035218529	272	494	Genic/other	0	Heritable	0.117689823611667	0.933249153516938	0.00923169671666974	0	0	0	1.17689823611667	5.605802066296	6.20455776256869	0	1.45877090873128
BA_only	hippocampus	AA	psi	chr19_44411689_44412973	chr19	44411689	44412973	95	95	0	0	0.00201011681031142	0.80788746747084	2.76651271930597	2.76651271930597	1284	506	Genic/other	0	Heritable	0.130151258069945	0.949107103866332	0.00885209119605891	4572	0	0	1.30151258069945	7.15773548424991	6.22851100359118	8.42792472365806	1.01758758457659
BA_only	hippocampus	AA	psi	chr19_44456307_44457095	chr19	44456307	44457095	68	68	0	0	0.00300078902407293	0.846513053928579	3.85716751369107	3.85716751369107	788	520	Intergenic	0	Heritable	0.151108359007296	0.953657087311108	0.00853073817282995	7785	0	0	1.51108359007296	6.66949808985788	6.25575004175337	8.9600825281704	1.34993311195959
BA_only	hippocampus	AA	psi	chr19_44501153_44501273	chr19	44501153	44501273	60	60	0	0	0.00920312847902393	0.939585238273321	6.04890579285995	6.04890579285995	120	500	Promoter	1	Heritable	0.151734141788905	0.921958153808932	0.00715991025131027	505	0	0	1.51734141788905	4.78749174278205	6.21660610108487	6.22653666928747	1.79987739665437
BA_only	hippocampus	AA	psi	chr19_44718527_44718757	chr19	44718527	44718757	66	66	0	0	0.0225169032547794	0.975932065139872	2.30314120179263	-2.30314120179263	230	556	Promoter	0	Non-heritable	0.0981611486749199	0.933730932024329	0.0086001512723516	0	0	0	0.981611486749199	5.4380793089232	6.32256523992728	0	0.834273935412367
BA_only	hippocampus	AA	psi	chr19_44778252_44778999	chr19	44778252	44778999	61	61	0	0	0.00917878684999333	0.939173328118127	4.02230601216163	4.02230601216163	747	593	Genic/other	1	Heritable	0.13243283321366	0.956618394448075	0.00748083857248035	3491	0	0	1.3243283321366	6.61606518513282	6.38687931936265	8.15822991695949	1.39185537551756
BA_only	hippocampus	AA	psi	chr19_44904146_44904530	chr19	44904146	44904530	68	68	0	0	0.00199364514831879	0.80651122630121	1.80651579600671	-1.80651579600671	384	580	Genic/other	1	Heritable	0.114722866965155	0.945661789365928	0.00987697298901865	1115	0	0	1.14722866965155	5.95064255258773	6.36475075685191	7.01750614294126	0.591400021086633
BA_only	hippocampus	AA	psi	chr19_45046059_45046284	chr19	45046059	45046284	40	40	0	0	0.0161848019304256	0.968106276565941	2.55474287378811	-2.55474287378811	225	562	Genic/other	0	Non-heritable	0.0944995870551864	0.947802885482962	0.00658135356901361	5874	0	0	0.944995870551864	5.41610040220442	6.33327962813969	8.67846133901236	0.937951586023617
BA_only	hippocampus	AA	psi	chr19_45272866_45273242	chr19	45272866	45273242	62	62	0	0	0.0034840680936887	0.866906756094015	3.67408816845929	3.67408816845929	376	513	Genic/other	0	Heritable	0.107782865516797	0.944916772248725	0.00542946538435963	13876	0	0	1.07782865516797	5.9295891433899	6.24222326545517	9.53798807237101	1.3013049871743
BA_only	hippocampus	AA	psi	chr19_45485006_45485141	chr19	45485006	45485141	94	94	0	0	0.00717851211528633	0.931602204679102	2.48952122268693	2.48952122268693	135	451	Genic/other	0	Heritable	0.122423554813601	0.931806502208936	0.00876094731626811	971	0	0	1.22423554813601	4.90527477843843	6.11368217983223	6.87935580446044	0.912090415959865
BA_only	hippocampus	AA	psi	chr19_45543768_45544247	chr19	45543768	45544247	120	120	0	0	0.00641638041466216	0.921986326914528	4.53843959596153	4.53843959596153	479	444	Genic/other	0	Heritable	0.116188818007182	0.915308699806828	0.00582788959479042	0	0	0	1.16188818007182	6.17170059741092	6.09807428216624	0	1.51258325384776
BA_only	hippocampus	AA	psi	chr19_45644606_45645060	chr19	45644606	45645060	112	112	0	0	0.00225408903621298	0.818690300406084	2.31962867813721	-2.31962867813721	454	476	Promoter	1	Heritable	0.154501002393399	0.925990852497165	0.00762107595358079	0	0	0	1.54501002393399	6.11809719804135	6.16751649088834	0	0.841407124652416
BA_only	hippocampus	AA	psi	chr19_45895627_45895816	chr19	45895627	45895816	58	58	0	0	0.074902568350942	0.986497298823626	2.53816370444662	-2.53816370444662	189	446	Enhancer	0	Non-heritable	0.0566438557321348	0.913048328751301	0.00816537236539301	23551	0	0	0.566438557321348	5.24174701505964	6.10255859461357	10.0669660215286	0.931440872509935
BA_only	hippocampus	AA	psi	chr19_4607633_4607866	chr19	4607633	4607866	165	165	0	0	0.0180745841024951	0.971452676751561	2.67548990505629	-2.67548990505629	233	610	Intergenic	0	Non-heritable	0.0576981037444146	0.957175508097718	0.0102530343699134	21941	0	0	0.576981037444146	5.4510384535657	6.4150969591716	9.99615788737744	0.984132509394258
BA_only	hippocampus	AA	psi	chr19_4610074_4610198	chr19	4610074	4610198	165	165	0	0	0.00282413111913304	0.8436517891388	4.29836371687938	4.29836371687938	124	607	Intergenic	0	Non-heritable	0.0660464173668705	0.954580229178118	0.00715907776382857	24382	0	0	0.660464173668705	4.82028156560504	6.41017488196617	10.1016414471467	1.45823442164742
BA_only	hippocampus	AA	psi	chr19_46281939_46282821	chr19	46281939	46282821	72	72	0	0	0.00617728199631382	0.920376068783091	2.70325072449028	-2.70325072449028	882	488	Intergenic	0	Heritable	0.531803734661723	0.889893754172946	0.00838319405552855	21266	0	0	5.31803734661723	6.78219205600679	6.19236248947487	9.96491185452313	0.994455024549856
BA_only	hippocampus	AA	psi	chr19_46392640_46392798	chr19	46392640	46392798	90	90	0	0	0.0106074130937609	0.944902218841749	2.65426639021372	2.65426639021372	158	525	Genic/other	0	Heritable	0.125157349163143	0.942328146610967	0.00788724813603548	0	0	0	1.25157349163143	5.06259503302697	6.26530121273771	0	0.976168307742874
BA_only	hippocampus	AA	psi	chr19_46395498_46396279	chr19	46395498	46396279	90	90	0	0	0.00463570026111165	0.900464468238672	3.81339379313476	-3.81339379313476	781	522	Genic/other	0	Heritable	0.128464576294706	0.937119313002945	0.0105861132623033	0	0	0	1.28464576294706	6.66057514983969	6.25958146406492	0	1.33851955462322
BA_only	hippocampus	AA	psi	chr19_46404645_46405220	chr19	46404645	46405220	90	90	0	0	0.010917209582262	0.946344095230339	4.6011186587253	-4.6011186587253	575	519	Promoter	0	Non-heritable	0.0966693463304166	0.943035884157412	0.00748494914040837	809	0	0	0.966693463304166	6.35437004079735	6.25382881157547	6.69703424766648	1.52629946278276
BA_only	hippocampus	AA	psi	chr19_46425900_46426286	chr19	46425900	46426286	101	101	0	0	0.00621478836195573	0.920376068783091	2.18310325821633	-2.18310325821633	386	512	Genic/other	1	Heritable	0.385726239664073	0.896944173979278	0.00954698344399267	22064	0	0	3.85726239664073	5.95583736946483	6.24027584517077	10.0017479217036	0.780747382090859
BA_only	hippocampus	AA	psi	chr19_46434972_46435557	chr19	46434972	46435557	101	101	0	0	0.00828127109077964	0.933559278800072	4.29228201363103	4.29228201363103	585	507	Intergenic	0	Non-heritable	0.0970013248270167	0.955368813552677	0.0076858443592645	31136	0	0	0.970013248270167	6.37161184723186	6.23048144757848	10.3461521016334	1.4568185317502
BA_only	hippocampus	AA	psi	chr19_46451422_46451717	chr19	46451422	46451717	85	85	0	0	0.00105167761323834	0.721965237965727	3.95710080092701	-3.95710080092701	295	479	Intergenic	0	Heritable	0.129278617588428	0.886222978790174	0.00647885472579913	16859	0	0	1.29278617588428	5.68697535633982	6.17378610390194	9.73269923155585	1.37551163868402
BA_only	hippocampus	AA	psi	chr19_46466534_46466784	chr19	46466534	46466784	77	77	0	0	0.0227988856816458	0.975932065139872	3.86108220545283	-3.86108220545283	250	500	Genic/other	0	Non-heritable	0.098976084410118	0.938874890907143	0.00770554400719178	1792	0	0	0.98976084410118	5.52146091786225	6.21660610108487	7.49164547360513	1.35094751087897
BA_only	hippocampus	AA	psi	chr19_46472056_46472346	chr19	46472056	46472346	77	77	0	0	0.00572944987875658	0.914983080120932	4.24863842282236	-4.24863842282236	290	499	Promoter	1	Heritable	0.338138795895174	0.901657932739494	0.00890417174819871	1235	0	0	3.38138795895174	5.66988092298052	6.21460809842219	7.11963563801764	1.44659856285962
BA_only	hippocampus	AA	psi	chr19_46480634_46480934	chr19	46480634	46480934	80	80	0	0	0.0408218009968607	0.980549382116533	2.94496045600364	-2.94496045600364	300	490	Intergenic	0	Heritable	0.11814522808636	0.917721839390346	0.006403478679675	505	0	0	1.1814522808636	5.7037824746562	6.19644412779452	6.22653666928747	1.08009539290602
BA_only	hippocampus	AA	psi	chr19_46533132_46533511	chr19	46533132	46533511	133	133	0	0	0.00567702891586603	0.914301706404424	5.92888766312168	-5.92888766312168	379	475	Promoter	0	Heritable	0.118513219952018	0.931317111314707	0.00796094738357289	0	0	0	1.18513219952018	5.93753620508243	6.16541785423142	0	1.77983661921294
BA_only	hippocampus	AA	psi	chr19_46607392_46608056	chr19	46607392	46608056	135	135	0	0	0.0142811813713994	0.964974748568303	3.07962721068005	-3.07962721068005	664	510	Promoter	0	Heritable	0.129861766870482	0.956636098659487	0.00731726941613443	0	0	0	1.29861766870482	6.49828214947643	6.2363695902037	0	1.12480855741375
BA_only	hippocampus	AA	psi	chr19_46697294_46697854	chr19	46697294	46697854	129	129	0	0	0.00427375384196675	0.888539612676336	3.50241447773502	-3.50241447773502	560	482	Promoter	2	Non-heritable	0.0571767494101588	0.883475592706806	0.00819648438522888	7756	0	0	0.571767494101588	6.3279367837292	6.18001665365257	8.95635094049087	1.2534525842943
BA_only	hippocampus	AA	psi	chr19_46713463_46713766	chr19	46713463	46713766	129	129	0	0	0.00483868937868066	0.903845859635741	2.38619447892549	2.38619447892549	303	478	Genic/other	1	Heritable	0.155102669206866	0.95149685397644	0.011305540583564	0	0	0	1.55102669206866	5.71373280550937	6.17170059741092	0	0.869699832895874
BA_only	hippocampus	AA	psi	chr19_46922650_46923069	chr19	46922650	46923069	88	88	0	0	6.0770893528768e-05	0.300226921550099	4.59511588906701	4.59511588906701	419	423	Genic/other	0	Non-heritable	0.0791347400191958	0.877026629904979	0.00883222641989481	64996	0	0	0.791347400191958	6.03787091992214	6.04973345523196	11.0820963939665	1.52499397835507
BA_only	hippocampus	AA	psi	chr19_46972507_46972580	chr19	46972507	46972580	75	75	0	0	1.25468546094777e-05	0.110795656845186	3.28812240358258	-3.28812240358258	73	424	Genic/other	0	Heritable	0.123393125411499	0.924805294183221	0.0122509937873705	15485	0	0	1.23393125411499	4.29045944114839	6.05208916892442	9.64769166894667	1.19031670690923
BA_only	hippocampus	AA	psi	chr19_46998808_46999017	chr19	46998808	46999017	56	56	0	0	0.00786409162736575	0.933559278800072	1.45183980376125	-1.45183980376125	209	423	Promoter	0	Heritable	0.191793873471822	0.915831830159833	0.00696459876129306	9263	0	0	1.91793873471822	5.34233425196481	6.04973345523196	9.13389119981278	0.372831589215717
BA_only	hippocampus	AA	psi	chr19_4725144_4725332	chr19	4725144	4725332	172	172	0	0	0.00690058356327082	0.928872608627617	7.82468702334021	7.82468702334021	188	600	Promoter	1	Heritable	0.445845962131515	0.915855683535197	0.00862642612133242	1469	0	0	4.45845962131515	5.23644196282995	6.39859493453521	7.29301767977278	2.0572837398871
BA_only	hippocampus	AA	psi	chr19_47304959_47305211	chr19	47304959	47305211	34	34	0	0	0.09815512850196	0.990400450319684	1.75412546658423	1.75412546658423	252	392	Genic/other	0	Heritable	0.115083644955947	0.926531480416345	0.00789831146553031	60900	0	0	1.15083644955947	5.52942908751142	5.97380961186926	11.0170048739244	0.561970428782551
BA_only	hippocampus	AA	psi	chr19_47379236_47380054	chr19	47379236	47380054	32	32	0	0	0.121977368387656	0.991064867102684	2.50625925385357	2.50625925385357	818	388	Genic/other	0	Non-heritable	0.0751610527429894	0.914524624216054	0.00834083579893201	2135	0	0	0.751610527429894	6.70686233660275	5.96357934361845	7.66669020008009	0.918791308366587
BA_only	hippocampus	AA	psi	chr19_47773700_47774709	chr19	47773700	47774709	15	15	0	0	0.0845117668306598	0.988137148207548	2.7559154855125	2.7559154855125	1009	539	Enhancer	1	Non-heritable	0.0724333485231851	0.935680157674254	0.00730291578593572	0	0	0	0.724333485231851	6.91671502035361	6.29156913955832	0	1.0137496906757
BA_only	hippocampus	AA	psi	chr19_4784658_4785149	chr19	4784658	4785149	168	168	0	0	0.00162776142870602	0.786209776683368	3.13322246702761	-3.13322246702761	491	590	Genic/other	1	Heritable	0.173354690919567	0.933388660803743	0.00936859017186599	0	0	0	1.73354690919567	6.19644412779452	6.3818160174061	0	1.14206202030993
BA_only	hippocampus	AA	psi	chr19_4809739_4809896	chr19	4809739	4809896	168	168	0	0	0.00393869815745027	0.876132919298309	2.74376199813213	2.74376199813213	157	572	Intergenic	0	Non-heritable	0.0718638769571702	0.959321101269221	0.00866887802647662	24289	0	0	0.718638769571702	5.05624580534831	6.35088571671474	10.0978200219962	1.00932997437195
BA_only	hippocampus	AA	psi	chr19_48123517_48124114	chr19	48123517	48124114	76	76	0	0	0.054491730060847	0.98577631996496	2.78686017617208	2.78686017617208	597	587	Promoter	0	Heritable	0.107848742686494	0.95818640617819	0.00626639659300021	0	0	0	1.07848742686494	6.3919171133926	6.37672694789863	0	1.02491558081592
BA_only	hippocampus	AA	psi	chr19_48255657_48256039	chr19	48255657	48256039	87	87	0	0	0.00545055544161318	0.91390327133611	4.28096709383685	-4.28096709383685	382	582	Promoter	0	Non-heritable	0.066373674625672	0.91040400245695	0.00928647947007009	0	0	0	0.66373674625672	5.94542060860658	6.36818718635049	0	1.45417894290924
BA_only	hippocampus	AA	psi	chr19_48451589_48451821	chr19	48451589	48451821	96	96	0	0	0.0206562094719434	0.975856666808667	4.12607674637227	-4.12607674637227	232	601	Genic/other	1	Non-heritable	0.0970748402352088	0.956037742769708	0.00599734922293395	14785	0	0	0.970748402352088	5.44673737166631	6.40025744530882	9.60143606611705	1.41732701757158
BA_only	hippocampus	AA	psi	chr19_48480943_48481277	chr19	48480943	48481277	92	92	0	0	0.000914800050008714	0.704421462184525	8.09580968341404	8.09580968341404	334	605	Genic/other	1	Non-heritable	0.062616515132946	0.907326511102427	0.00738396797708651	2873	0	0	0.62616515132946	5.8111409929767	6.40687998606931	7.96346006663897	2.09134660602057
BA_only	hippocampus	AA	psi	chr19_48568965_48569298	chr19	48568965	48569298	79	79	0	0	0.0377641834244738	0.980549382116533	3.25220785683346	3.25220785683346	333	535	Genic/other	0	Heritable	0.159190944543965	0.907881017347339	0.00815043927689985	44008	0	0	1.59190944543965	5.80814248998044	6.2841341610708	10.6921494374384	1.17933410933327
BA_only	hippocampus	AA	psi	chr19_48589631_48589818	chr19	48589631	48589818	78	78	0	0	0.0248935712411496	0.975932065139872	4.19688614511213	4.19688614511213	187	543	Genic/other	0	Non-heritable	0.083065508455722	0.932112598893692	0.00910908705640875	23488	0	0	0.83065508455722	5.23110861685459	6.29894924685594	10.0642875054398	1.43434285868266
BA_only	hippocampus	AA	psi	chr19_48838698_48839035	chr19	48838698	48839035	112	112	0	0	0.0245809362745701	0.975932065139872	3.69862416666488	3.69862416666488	337	553	Promoter	1	Heritable	0.523768334803281	0.919538919935685	0.00936400631914406	0	0	0	5.23768334803281	5.82008293035236	6.31716468674728	0	1.30796090635438
BA_only	hippocampus	AA	psi	chr19_48858969_48859352	chr19	48858969	48859352	117	117	0	0	0.0128381765388582	0.962767712086833	4.15825827015839	4.15825827015839	383	554	Promoter	0	Non-heritable	0.0561713752017087	0.90207974626904	0.0079960795010767	0	0	0	0.561713752017087	5.94803498918065	6.31896811374643	0	1.42509630394688
BA_only	hippocampus	AA	psi	chr19_49031451_49031990	chr19	49031451	49031990	84	84	0	0	0.00266273059127189	0.835655744705892	3.44002354299829	-3.44002354299829	539	534	Promoter	0	Heritable	0.104971420070512	0.936791556771989	0.00560939052155172	0	0	0	1.04971420070512	6.289715570909	6.28226674689601	0	1.2354783181637
BA_only	hippocampus	AA	psi	chr19_49133548_49134152	chr19	49133548	49134152	93	93	0	0	0.0062708001076687	0.920376068783091	4.50645027385104	-4.50645027385104	604	500	Genic/other	1	Heritable	0.139414251326405	0.946553968706267	0.00812350198748165	2758	0	0	1.39414251326405	6.40357419793482	6.21660610108487	7.92262357421729	1.50550976685562
BA_only	hippocampus	AA	psi	chr19_49166201_49166349	chr19	49166201	49166349	98	98	0	0	0.00719557687391103	0.931602204679102	3.9744589131897	3.9744589131897	148	486	Genic/other	2	Heritable	0.117109873443907	0.930183973198722	0.00784860204844072	0	0	0	1.17109873443907	4.99721227376412	6.18826412308259	0	1.37988861888886
BA_only	hippocampus	AA	psi	chr19_49196466_49196885	chr19	49196466	49196885	89	89	0	0	0.00508219474325719	0.909885926705608	3.21693639463694	3.21693639463694	419	492	Genic/other	2	Non-heritable	0.0843285771553386	0.933516893735055	0.00784987400555017	0	0	0	0.843285771553386	6.03787091992214	6.20050917404269	0	1.16842947953085
BA_only	hippocampus	AA	psi	chr19_49210595_49210886	chr19	49210595	49210886	101	101	0	0	0.0316191793557102	0.977060807838727	3.46218178010623	-3.46218178010623	291	477	Promoter	2	Non-heritable	0.0895298708232249	0.920083728409951	0.00711272441110598	10294	0	0	0.895298708232249	5.67332326717149	6.16961073249146	9.23941361946189	1.24189896551586
BA_only	hippocampus	AA	psi	chr19_49388013_49388215	chr19	49388013	49388215	172	172	0	0	0.0143731469505712	0.965511164050932	5.6808237152577	5.6808237152577	202	485	Promoter	1	Heritable	0.137663156900858	0.897054633892978	0.00858987316533963	111	0	0	1.37663156900858	5.30826769740121	6.18620862390049	4.71849887129509	1.73709624427079
BA_only	hippocampus	AA	psi	chr19_49473538_49473689	chr19	49473538	49473689	214	214	0	0	0.00769815655968853	0.933559278800072	4.82925567378245	4.82925567378245	151	481	Promoter	0	Non-heritable	0.0590865555361806	0.923785833402907	0.00988304203559684	982	0	0	0.590865555361806	5.01727983681492	6.1779441140506	6.89060912014717	1.57469235305288
BA_only	hippocampus	AA	psi	chr19_49479280_49479474	chr19	49479280	49479474	214	214	0	0	6.73022899833189e-05	0.31516778631744	3.63728669480516	3.63728669480516	194	472	Genic/other	0	Heritable	0.128198466482352	0.901170768727689	0.01105830676226	0	0	0	1.28198466482352	5.26785815906333	6.15909538849193	0	1.29123799292409
BA_only	hippocampus	AA	psi	chr19_49512399_49512559	chr19	49512399	49512559	213	213	0	0	0.00525213256752884	0.910521893616427	6.22927565229169	-6.22927565229169	160	454	Promoter	1	Heritable	0.150549721368818	0.90997953679752	0.00794677772333589	190	0	0	1.50549721368818	5.07517381523383	6.12029741895095	5.25227342804663	1.82926005995514
BA_only	hippocampus	AA	psi	chr19_49630783_49631135	chr19	49630783	49631135	256	256	0	0	0.0185479073713266	0.972503866121758	3.04105255585724	3.04105255585724	352	407	Genic/other	0	Non-heritable	0.0700936215612057	0.9054125651352	0.00596133639406826	5790	0	0	0.700936215612057	5.8636311755981	6.01126717440416	8.66406026722579	1.11220369426015
BA_only	hippocampus	AA	psi	chr19_49746168_49746636	chr19	49746168	49746636	226	226	0	0	0.00207696995306174	0.811102170217818	6.26062170745668	-6.26062170745668	468	384	Genic/other	2	Heritable	0.113771914834992	0.881098892724573	0.00908366548541313	32551	0	0	1.13771914834992	6.14846829591765	5.95324333428779	10.3905940896815	1.83427949606816
BA_only	hippocampus	AA	psi	chr19_49906729_49907271	chr19	49906729	49907271	202	202	0	0	0.000615339802007802	0.656556947226755	7.69392232004408	7.69392232004408	542	457	Genic/other	0	Non-heritable	0.0755227224074764	0.935843529617676	0.00738177331962414	2006	0	0	0.755227224074764	6.29526600143965	6.12686918411419	7.60439634879634	2.04043070940575
BA_only	hippocampus	AA	psi	chr19_49952926_49953483	chr19	49952926	49953483	157	157	0	0	0.0049519364631445	0.905080840551801	3.16477529366406	3.16477529366406	557	460	Genic/other	0	Heritable	0.110406336813738	0.884083162835417	0.0101753856283422	0	0	0	1.10406336813738	6.32256523992728	6.13339804299665	0	1.15208205897296
BA_only	hippocampus	AA	psi	chr19_50026419_50026537	chr19	50026419	50026537	156	156	0	0	0.00168349139031486	0.786661074605562	8.49069138554229	8.49069138554229	118	471	Promoter	1	Heritable	0.118144953574079	0.908654741232047	0.00909806553572333	0	0	0	1.18144953574079	4.77068462446567	6.15697898558556	0	2.13897043346712
BA_only	hippocampus	AA	psi	chr19_50099030_50099151	chr19	50099030	50099151	139	139	1	1	1.15516302198705e-08	0.000757136015686848	3.01621103556772	3.01621103556772	121	524	Genic/other	0	Non-heritable	0.0625042835107511	0.909611081921879	0.0127565951992572	0	1	1	0.625042835107511	4.79579054559674	6.26339826259162	0	1.10400142301841
BA_only	hippocampus	AA	psi	chr19_50225278_50225677	chr19	50225278	50225677	85	85	0	0	0.0184795469829715	0.972503866121758	2.02147251940327	-2.02147251940327	399	581	Genic/other	0	Non-heritable	0.0964418784962661	0.933752354361834	0.0102657922305731	0	0	0	0.964418784962661	5.98896141688986	6.36647044773144	0	0.703826220792043
BA_only	hippocampus	AA	psi	chr19_50357876_50358797	chr19	50357876	50358797	89	89	0	0	0.015897085982693	0.967716068030647	1.1625600238529	1.1625600238529	921	665	Promoter	2	Non-heritable	0.0979537123405668	0.96865236666877	0.00695707089247277	0	0	0	0.979537123405668	6.82546003625531	6.50128967054039	0	0.150624499169971
BA_only	hippocampus	AA	psi	chr19_50458495_50459291	chr19	50458495	50459291	62	62	0	0	0.0398180114604776	0.980549382116533	1.8097099770395	-1.8097099770395	796	702	Genic/other	1	Heritable	0.129874406426182	0.937910990135013	0.0119903192566732	7663	0	0	1.29874406426182	6.67959918584438	6.55535689181067	8.9442893196507	0.59316660428486
BA_only	hippocampus	AA	psi	chr19_50496723_50497331	chr19	50496723	50497331	63	63	0	0	0.0229204548063757	0.975932065139872	3.54214736329415	3.54214736329415	608	734	Genic/other	0	Heritable	0.125233383965862	0.971728605137092	0.00809946419289828	0	0	0	1.25233383965862	6.41017488196617	6.59987049921284	0	1.26473314586215
BA_only	hippocampus	AA	psi	chr19_50498417_50499860	chr19	50498417	50499860	63	63	0	0	0.00514826058629321	0.909885926705608	3.9299732500915	3.9299732500915	1443	739	Genic/other	0	Non-heritable	0.0522455418343672	0.972534935387921	0.00740116325406086	0	0	0	0.522455418343672	7.27447955877387	6.60665018619822	0	1.36863262181006
BA_only	hippocampus	AA	psi	chr19_5054703_5055082	chr19	5054703	5055082	21	21	0	0	0.0112317455723421	0.949071753270771	1.03181706231813	-1.03181706231813	379	680	Genic/other	0	Heritable	0.107037832019707	0.967719467175065	0.00892189695687235	21836	0	0	1.07037832019707	5.93753620508243	6.52356230614951	9.99136105778637	0.0313213958420691
BA_only	hippocampus	AA	psi	chr19_50549926_50550628	chr19	50549926	50550628	75	75	0	0	0.00233597475314461	0.822334049093026	1.87062269674863	1.87062269674863	702	774	Genic/other	1	Non-heritable	0.0889148594017991	0.966449960268842	0.00936993221190033	0	0	0	0.889148594017991	6.55393340402581	6.65286302935335	0	0.626271373696179
BA_only	hippocampus	AA	psi	chr19_50604169_50604964	chr19	50604169	50604964	124	124	0	0	0.00102301399483091	0.72098635361173	2.77387460598728	-2.77387460598728	795	824	Intergenic	2	Heritable	0.139724863735619	0.959006897619403	0.0145870016967517	1534	0	0	1.39724863735619	6.67834211465433	6.71538338633468	7.3362856600213	1.02024512115491
BA_only	hippocampus	AA	psi	chr19_50605791_50605960	chr19	50605791	50605960	126	126	0	0	0.00863542328201676	0.933559278800072	5.42063038248	5.42063038248	169	839	Intergenic	1	Non-heritable	0.0649408660931953	0.965771036009818	0.0106530863672703	538	0	0	0.649408660931953	5.12989871492307	6.73340189183736	6.289715570909	1.69021211726388
BA_only	hippocampus	AA	psi	chr19_50616432_50617156	chr19	50616432	50617156	127	127	0	0	0.00920035690699064	0.939585238273321	4.40668854883	4.40668854883	724	831	Intergenic	0	Non-heritable	0.0789413103878318	0.971453540604678	0.00760017433806633	0	0	0	0.789413103878318	6.58479139238572	6.72383244082121	0	1.48312351370754
BA_only	hippocampus	AA	psi	chr19_5078487_5079543	chr19	5078487	5079543	21	21	0	0	0.0145079699447978	0.966089857218066	0.963808203036317	-0.963808203036317	1056	673	Genic/other	2	Non-heritable	0.0885276596473389	0.956883115217577	0.00951803263681433	45620	0	0	0.885276596473389	6.96224346426621	6.51323011091231	10.7281234158086	-0.0368629532970466
BA_only	hippocampus	AA	psi	chr19_5080073_5080594	chr19	5080073	5080594	21	21	0	0	0.0258515598760091	0.975932065139872	0.982747046858184	-0.982747046858184	521	687	Promoter	1	Non-heritable	0.08526789844865	0.970961508484151	0.00839436695944545	47206	0	0	0.8526789844865	6.25575004175337	6.53378883793334	10.7622974656623	-0.0174035094868048
BA_only	hippocampus	AA	psi	chr19_50921215_50921363	chr19	50921215	50921363	151	151	0	0	0.0230461101849296	0.975932065139872	4.27349291510017	-4.27349291510017	148	856	Intergenic	0	Non-heritable	0.0509199134906103	0.963405635153171	0.00739300131878741	10536	0	0	0.509199134906103	4.99721227376412	6.75343791859778	9.26264815159953	1.45243150809435
BA_only	hippocampus	AA	psi	chr19_50969274_50969744	chr19	50969274	50969744	153	153	0	0	0.00670060721618229	0.926346320137909	5.57946988084965	5.57946988084965	470	863	Promoter	0	Non-heritable	0.0748392794804048	0.977001019297915	0.0082990824021012	732	0	0	0.748392794804048	6.1527326947041	6.76157276880406	6.59714570188665	1.71909377024043
BA_only	hippocampus	AA	psi	chr19_51002330_51002821	chr19	51002330	51002821	160	160	0	0	0.0330146588065567	0.979164877002956	6.51305872829614	6.51305872829614	491	870	Promoter	2	Non-heritable	0.071439816855002	0.97892717991764	0.0103048936391713	0	0	0	0.71439816855002	6.19644412779452	6.7696419768525	0	1.87380919814729
BA_only	hippocampus	AA	psi	chr19_51132331_51132868	chr19	51132331	51132868	88	88	0	0	0.0199797353696669	0.975387678700784	3.05267378875844	-3.05267378875844	537	859	Genic/other	0	Non-heritable	0.0763301835682826	0.973635459354832	0.00873195102413128	0	0	0	0.763301835682826	6.28599809450887	6.75693238924755	0	1.1160178619121
BA_only	hippocampus	AA	psi	chr19_51182273_51182868	chr19	51182273	51182868	107	107	0	0	0.0349782637507061	0.980327953711174	2.30348777354275	2.30348777354275	595	823	Promoter	1	Non-heritable	0.0713552859901518	0.974396516973991	0.00972267249964198	0	0	0	0.713552859901518	6.38856140554563	6.71417052990947	0	0.83442440194706
BA_only	hippocampus	AA	psi	chr19_51320472_51320585	chr19	51320472	51320585	86	86	0	0	0.00484359841131841	0.903845859635741	2.99820403464357	2.99820403464357	113	836	Genic/other	0	Non-heritable	0.0691694037425662	0.976594074994202	0.00721032572938843	21399	0	0	0.691694037425662	4.72738781871234	6.72982407048948	9.97114620100994	1.09801345761911
BA_only	hippocampus	AA	psi	chr19_51390494_51391173	chr19	51390494	51391173	87	87	0	0	0.00813632057704135	0.933559278800072	4.91870274249363	-4.91870274249363	679	790	Promoter	1	Non-heritable	0.0985662440366655	0.968808354660624	0.00711695628460877	0	0	0	0.985662440366655	6.5206211275587	6.67329796776765	0	1.5930448275453
BA_only	hippocampus	AA	psi	chr19_51464354_51464464	chr19	51464354	51464464	60	60	0	0	0.0294142440548968	0.976712848084579	2.73541756542506	2.73541756542506	110	702	Intergenic	2	Heritable	0.115868102579263	0.964056452886252	0.0041411939400462	0	0	0	1.15868102579263	4.70048036579242	6.55535689181067	0	1.00628410262017
BA_only	hippocampus	AA	psi	chr19_51630840_51632799	chr19	51630840	51632799	46	46	0	0	0.0288730719215163	0.975932065139872	3.14573850405791	-3.14573850405791	1959	593	Promoter	0	Non-heritable	0.0779217881438216	0.93650992796421	0.039290009756163	36500	0	0	0.779217881438216	7.58018941794454	6.38687931936265	10.5050949364556	1.14604868422615
BA_only	hippocampus	AA	psi	chr19_51634284_51634752	chr19	51634284	51634752	46	46	0	0	0.00815998581631456	0.933559278800072	2.8527824338608	-2.8527824338608	468	582	Genic/other	0	Non-heritable	0.0928932219050214	0.944876186546108	0.0430872585072182	39944	0	0	0.928932219050214	6.14846829591765	6.36818718635049	10.5952587869161	1.048294814105
BA_only	hippocampus	AA	psi	chr19_51635811_51637868	chr19	51635811	51637868	60	60	0	0	0.00261428350677099	0.83454160271156	2.61632237745564	-2.61632237745564	2057	572	Genic/other	0	Heritable	0.123581745407088	0.953364030246757	0.0203010845990877	41471	0	0	1.23581745407088	7.62900388965296	6.35088571671474	10.6327737797119	0.961769662796892
BA_only	hippocampus	AA	psi	chr19_51640712_51641418	chr19	51640712	51641418	59	59	0	0	0.00173866528995087	0.792373102657891	2.97454065232733	-2.97454065232733	706	582	Genic/other	0	Heritable	0.146152764559967	0.952790556440677	0.0239529105661681	46372	0	0	1.46152764559967	6.55961523749324	6.36818718635049	10.7444726722951	1.0900896278591
BA_only	hippocampus	AA	psi	chr19_51642750_51645657	chr19	51642750	51645657	59	59	0	0	0.000372218320833173	0.571397027852789	12.3794462221469	-12.3794462221469	2907	581	Promoter	0	Heritable	0.108543260413023	0.948707376620169	0.0110294819251346	48410	0	0	1.08543260413023	7.97487690055888	6.36647044773144	10.7874823396095	2.51603753541164
BA_only	hippocampus	AA	psi	chr19_51902361_51903675	chr19	51902361	51903675	115	115	0	0	0.0238199982099481	0.975932065139872	7.81531121454211	-7.81531121454211	1314	585	Genic/other	0	Heritable	0.157802363586962	0.957715473821054	0.00671501498940553	2237	0	0	1.57802363586962	7.18083119904456	6.37331978957701	7.71333788887187	2.0560847870782
BA_only	hippocampus	AA	psi	chr19_51948312_51948674	chr19	51948312	51948674	122	122	0	0	0.0150696948335413	0.966167725188189	6.14998609711822	-6.14998609711822	362	580	Promoter	1	Heritable	0.105589114836191	0.947110569211246	0.00907528868428139	560	0	0	1.05589114836191	5.89164421182577	6.36475075685191	6.3297209055227	1.81644982281071
BA_only	hippocampus	AA	psi	chr19_5229522_5229914	chr19	5229522	5229914	5	5	0	0	0.155333487397525	0.991064867102684	0.894657580991049	0.894657580991049	392	627	Genic/other	2	Non-heritable	0.0651261322737628	0.946539317359355	0.00943611870003755	30	0	0	0.651261322737628	5.97126183979046	6.4425401664682	3.43398720448515	-0.111314213807911
BA_only	hippocampus	AA	psi	chr19_52370644_52370841	chr19	52370644	52370841	69	69	0	0	0.00488588984001884	0.903845859635741	5.17786701954957	-5.17786701954957	197	644	Genic/other	1	Non-heritable	0.0849864272265982	0.948934411730898	0.00689792940233343	0	0	0	0.849864272265982	5.28320372873799	6.46925031679577	0	1.64439320111347
BA_only	hippocampus	AA	psi	chr19_52451559_52451853	chr19	52451559	52451853	69	69	0	0	0.0266143513334636	0.975932065139872	4.92399630667428	-4.92399630667428	294	662	Genic/other	2	Heritable	0.132911745078167	0.960360733313715	0.00674317963926457	371	0	0	1.32911745078167	5.68357976733868	6.49677499018586	5.91889385427315	1.59412046028665
BA_only	hippocampus	AA	psi	chr19_524565_524770	chr19	524565	524770	107	107	0	0	0.0351953806763177	0.980327953711174	2.596540103912	-2.596540103912	205	781	Intergenic	1	Heritable	0.107421057607116	0.944854810597417	0.00950296322275827	0	0	0	1.07421057607116	5.32300997913841	6.66185474054531	0	0.954179833407624
BA_only	hippocampus	AA	psi	chr19_5246543_5247359	chr19	5246543	5247359	5	5	0	0	0.170346846565102	0.991064867102684	0.732558010253223	0.732558010253223	816	594	Genic/other	1	Heritable	0.116961493373942	0.955589528121056	0.00862383972602244	0	0	0	1.16961493373942	6.70441435496411	6.38856140554563	0	-0.311212732690922
BA_only	hippocampus	AA	psi	chr19_52584869_52585406	chr19	52584869	52585406	64	64	0	0	0.0388991097855432	0.980549382116533	5.07321077173448	5.07321077173448	537	753	Genic/other	2	Non-heritable	0.0876939278974967	0.934193939452674	0.00890341538245263	2518	0	0	0.876939278974967	6.28599809450887	6.62539236800796	7.83161727635261	1.62397390744236
BA_only	hippocampus	AA	psi	chr19_52691442_52691681	chr19	52691442	52691681	56	56	0	0	0.0111660829302225	0.948703871232836	1.9391579975596	-1.9391579975596	239	731	Promoter	1	Non-heritable	0.0957918647181391	0.942923405561546	0.0101130540664224	998	0	0	0.957918647181391	5.47646355193151	6.59578051396131	6.90675477864855	0.662253862140863
BA_only	hippocampus	AA	psi	chr19_52858154_52858521	chr19	52858154	52858521	120	120	0	0	0.000851674334722526	0.692932971680441	2.82780056609874	-2.82780056609874	367	810	Promoter	1	Heritable	0.242612543161822	0.949240113365199	0.0176398706746673	3895	0	0	2.42612543161822	5.90536184805457	6.69826805411541	8.26770566476243	1.03949922790242
BA_only	hippocampus	AA	psi	chr19_53037323_53037489	chr19	53037323	53037489	154	154	0	0	0.00110692709056945	0.726050490461723	4.00484108913834	-4.00484108913834	166	829	Genic/other	2	Non-heritable	0.0930473283886741	0.976777424131686	0.00624584820048399	0	0	0	0.930473283886741	5.11198778835654	6.72142570079064	0	1.38750390411234
BA_only	hippocampus	AA	psi	chr19_53076957_53077159	chr19	53076957	53077159	154	154	0	0	0.00295990096098369	0.846261736290652	3.32394427954326	-3.32394427954326	202	845	Promoter	0	Non-heritable	0.0979871457226649	0.977083637207479	0.0093235466406371	2816	0	0	0.979871457226649	5.30826769740121	6.74051935960622	7.94342776787637	1.20115211678755
BA_only	hippocampus	AA	psi	chr19_53189771_53190167	chr19	53189771	53190167	148	148	0	0	0.0141534138344723	0.964826773227435	3.75678195083805	-3.75678195083805	396	861	Genic/other	1	Heritable	0.108350370668409	0.966083443315481	0.0102267272663937	0	0	0	1.08350370668409	5.98141421125448	6.75925527066369	0	1.32356272946402
BA_only	hippocampus	AA	psi	chr19_53197588_53197854	chr19	53197588	53197854	149	149	0	0	0.00683773271608626	0.928034838482957	2.66564560188693	2.66564560188693	266	852	Genic/other	1	Heritable	0.306174034954837	0.927106070306374	0.0134744987037642	0	0	0	3.06174034954837	5.5834963087817	6.74875954749168	0	0.98044628414611
BA_only	hippocampus	AA	psi	chr19_53366828_53367126	chr19	53366828	53367126	136	136	0	0	0.0220475633521108	0.975932065139872	2.0164533327873	-2.0164533327873	298	899	Genic/other	1	Non-heritable	0.0953355416980379	0.971582551155497	0.0124402952259127	0	0	0	0.953355416980379	5.69709348650541	6.80239476332431	0	0.701340197343446
BA_only	hippocampus	AA	psi	chr19_53423163_53423964	chr19	53423163	53423964	136	136	0	0	0.00017353219764638	0.462584505778846	2.87276785454332	-2.87276785454332	801	879	Promoter	0	Non-heritable	0.0883405583909413	0.971083067469635	0.0094828375852365	0	0	0	0.883405583909413	6.68586094706836	6.77992190747225	0	1.05527597775722
BA_only	hippocampus	AA	psi	chr19_53766066_53766541	chr19	53766066	53766541	73	73	0	0	0.00830919487189008	0.933559278800072	2.21958127268793	2.21958127268793	475	955	Intergenic	2	Heritable	0.261986248401884	0.968842382890886	0.0102467251538615	2469	0	0	2.61986248401884	6.16331480403464	6.8627579130514	7.81197342962202	0.797318566692987
BA_only	hippocampus	AA	psi	chr19_53889113_53889262	chr19	53889113	53889262	70	70	0	0	0.00721467870649139	0.931602204679102	2.27313639134727	2.27313639134727	149	929	Genic/other	0	Non-heritable	0.0819658717704652	0.981012382995286	0.00964526104989869	6555	0	0	0.819658717704652	5.00394630594546	6.8351845861473	8.78813593986372	0.821160552461586
BA_only	hippocampus	AA	psi	chr19_53990126_53990389	chr19	53990126	53990389	84	84	0	0	0.0282198877046047	0.975932065139872	3.32951189752976	3.32951189752976	263	896	Genic/other	1	Non-heritable	0.0574537227022503	0.983232438975461	0.00953643144432219	51563	0	0	0.574537227022503	5.57215403217777	6.7990558620588	10.850579033563	1.2028257189339
BA_only	hippocampus	AA	psi	chr19_54052785_54054501	chr19	54052785	54054501	90	90	0	0	0.00135206360174552	0.755643700753314	8.62229408144152	8.62229408144152	1716	928	Genic/other	0	Heritable	0.107308343340743	0.961699713509147	0.00830156369180355	0	0	0	1.07308343340743	7.44775128004791	6.83410873881384	0	2.15435118516581
BA_only	hippocampus	AA	psi	chr19_54058468_54058715	chr19	54058468	54058715	89	89	0	0	0.00524329696563845	0.910521893616427	5.46318694828613	-5.46318694828613	247	950	Promoter	0	Heritable	0.117716583553639	0.973646419677414	0.00827028418959186	161	0	0	1.17716583553639	5.50938833662798	6.85751406254539	5.08759633523238	1.6980323114687
BA_only	hippocampus	AA	psi	chr19_54089680_54089836	chr19	54089680	54089836	89	89	0	0	0.00873113153619691	0.933559278800072	5.72285477649771	5.72285477649771	156	936	Intergenic	0	Heritable	0.10770127576701	0.975951465483938	0.00748497426041623	5520	0	0	1.0770127576701	5.04985600724954	6.84268328223842	8.61631428228404	1.74446776943699
BA_only	hippocampus	AA	psi	chr19_54232599_54235635	chr19	54232599	54235635	134	134	0	0	0.0288401145015499	0.975932065139872	1.30959122934459	-1.30959122934459	3036	902	Genic/other	0	Non-heritable	0.0920543047609774	0.96521922130698	0.0237056158137335	3453	0	0	0.920543047609774	8.01829613851552	6.80572255341699	8.14728825870662	0.269715057486583
BA_only	hippocampus	AA	psi	chr19_54316951_54317572	chr19	54316951	54317572	143	143	0	0	4.44266103365511e-05	0.259073638471276	4.19935364229507	4.19935364229507	621	832	Enhancer	0	Heritable	0.122354452947237	0.958214121747072	0.0100823054758609	4413	0	0	1.22354452947237	6.43133108193348	6.72503364216684	8.39253658681668	1.43493062113599
BA_only	hippocampus	AA	psi	chr19_54359414_54359970	chr19	54359414	54359970	143	143	0	0	0.00376409958988268	0.870143289770907	4.28650489744706	4.28650489744706	556	781	Genic/other	0	Heritable	0.111402071429233	0.973921191543751	0.0112215008915885	0	0	0	1.11402071429233	6.32076829425058	6.66185474054531	0	1.45547169399711
BA_only	hippocampus	AA	psi	chr19_54750389_54752494	chr19	54750389	54752494	81	81	0	0	0.000587423308513318	0.646101531482819	1.69759194121135	-1.69759194121135	2105	768	Genic/other	0	Heritable	0.118103208798449	0.960758137847142	0.0103536415774112	51431	0	0	1.18103208798449	7.65207074611648	6.64509096950564	10.8480158258215	0.529210747591218
BA_only	hippocampus	AA	psi	chr19_54834056_54834924	chr19	54834056	54834924	105	105	0	0	0.0214739502105497	0.975932065139872	1.56739568252429	-1.56739568252429	868	751	Genic/other	0	Heritable	0.10472358024478	0.962230952950734	0.0100386253491163	20365	0	0	1.0472358024478	6.76619171466035	6.62273632394984	9.92162212273161	0.449415447466646
BA_only	hippocampus	AA	psi	chr19_54893547_54893787	chr19	54893547	54893787	104	104	0	0	0.00198331531561454	0.806390931029783	4.28699454036024	-4.28699454036024	240	727	Intergenic	0	Non-heritable	0.0703540511967314	0.967704606977417	0.00625102447946863	3897	0	0	0.703540511967314	5.48063892334199	6.59030104819669	8.26821888006751	1.45558591641378
BA_only	hippocampus	AA	psi	chr19_54952996_54953274	chr19	54952996	54953274	125	125	0	0	0.006225568655807	0.920376068783091	3.01576043708385	3.01576043708385	278	725	Promoter	0	Non-heritable	0.0860170014272457	0.942940587894764	0.00901487494400311	0	0	0	0.860170014272457	5.62762111369064	6.5875500148248	0	1.10385201963172
BA_only	hippocampus	AA	psi	chr19_54965041_54966953	chr19	54965041	54966953	131	131	0	0	0.000566429296245175	0.636920160415722	2.83750767131209	2.83750767131209	1912	742	Promoter	0	Heritable	0.110168415820367	0.96219116429289	0.0172021284614847	0	0	0	1.10168415820367	7.55590509361135	6.61069604471776	0	1.0429260898742
BA_only	hippocampus	AA	psi	chr19_55006182_55006953	chr19	55006182	55006953	131	131	0	0	0.000719275664678238	0.673654697469676	5.39032376203014	5.39032376203014	771	725	Promoter	0	Heritable	0.10600420714091	0.974638285236643	0.00847127351597502	0	0	0	1.0600420714091	6.64768837356333	6.5875500148248	0	1.68460545213912
BA_only	hippocampus	AA	psi	chr19_55083514_55083717	chr19	55083514	55083717	137	137	0	0	0.00165645130682457	0.786661074605562	5.91832736791939	-5.91832736791939	203	747	Promoter	1	Non-heritable	0.0946819590010973	0.971794821257534	0.00713719153879433	0	0	0	0.946819590010973	5.31320597904179	6.61740297797448	0	1.77805387146105
BA_only	hippocampus	AA	psi	chr19_551229_551541	chr19	551229	551541	141	141	0	0	0.0220665343875112	0.975932065139872	1.47431042853273	-1.47431042853273	312	822	Intergenic	2	Heritable	0.143156404869176	0.95912396790195	0.00791288551026808	3944	0	0	1.43156404869176	5.74300318780948	6.71295620067707	8.28020423327997	0.388190381180071
BA_only	hippocampus	AA	psi	chr19_55174730_55175444	chr19	55174730	55175444	145	145	0	0	0.0084859352716309	0.933559278800072	8.88944514540906	8.88944514540906	714	723	Promoter	1	Heritable	0.101655720218898	0.961240955298679	0.0103421338685444	0	0	0	1.01655720218898	6.57088296233958	6.58479139238572	0	2.18486463536314
BA_only	hippocampus	AA	psi	chr19_55287020_55288452	chr19	55287020	55288452	117	117	0	0	0.0084698968813424	0.933559278800072	2.94199857831171	2.94199857831171	1432	728	Enhancer	2	Heritable	0.110963884615068	0.961971304439988	0.00902765490990912	6984	0	0	1.10963884615068	7.26682734752059	6.59167373200866	8.85152027169106	1.07908914233947
BA_only	hippocampus	AA	psi	chr19_55441406_55441754	chr19	55441406	55441754	59	59	0	0	0.017012016715887	0.970581273335112	1.93314936052713	-1.93314936052713	348	814	Genic/other	1	Non-heritable	0.0506493505579448	0.954194438332257	0.00635762863636168	13575	0	0	0.506493505579448	5.85220247977447	6.70318811324086	9.51605880691406	0.659150471181291
BA_only	hippocampus	AA	psi	chr19_55468261_55468626	chr19	55468261	55468626	55	55	0	0	0.00966762697826481	0.939841915020693	1.69805376571312	1.69805376571312	365	823	Promoter	0	Non-heritable	0.0679032686443158	0.961354000954579	0.00835652908644475	6748	0	0	0.679032686443158	5.89989735358249	6.71417052990947	8.81714962474341	0.529482757418955
BA_only	hippocampus	AA	psi	chr19_55585172_55585303	chr19	55585172	55585303	48	48	0	0	0.00343693020761819	0.866906756094015	4.32096345359298	-4.32096345359298	131	852	Genic/other	1	Heritable	0.151189557587343	0.963506626670399	0.00516419144008049	4376	0	0	1.51189557587343	4.87519732320115	6.74875954749168	8.3841188371909	1.46347840136972
BA_only	hippocampus	AA	psi	chr19_56091159_56091442	chr19	56091159	56091442	54	54	0	0	0.00485697209083173	0.903845859635741	2.35762171087714	2.35762171087714	283	764	Genic/other	1	Heritable	0.103382434669669	0.962498637444099	0.00861352527071854	12851	0	0	1.03382434669669	5.64544689764324	6.63987583382654	9.46125472023575	0.857653365529693
BA_only	hippocampus	AA	psi	chr19_56176059_56176243	chr19	56176059	56176243	83	83	0	0	0.00234339177334625	0.822334049093026	2.39653387891139	-2.39653387891139	184	844	Promoter	0	Heritable	0.112920331843861	0.974388558452192	0.00832699162876346	951	0	0	1.12920331843861	5.21493575760899	6.73933662735717	6.85856503479137	0.874023480519606
BA_only	hippocampus	AA	psi	chr19_56217933_56217998	chr19	56217933	56217998	87	87	0	0	0.0165875194028065	0.969892390754483	2.33614765467798	2.33614765467798	65	868	Promoter	1	Heritable	0.108389572823282	0.982139262525774	0.00891940433986165	4324	0	0	1.08389572823282	4.17438726989564	6.76734312526539	8.37216741936598	0.848503275587146
BA_only	hippocampus	AA	psi	chr19_56478898_56479049	chr19	56478898	56479049	134	134	0	0	0.00625964840398167	0.920376068783091	16.1830299299705	16.1830299299705	151	755	Promoter	1	Heritable	0.121101092948987	0.967546062578975	0.00786845844514504	0	0	0	1.21101092948987	5.01727983681492	6.62804137617953	0	2.78396315862081
BA_only	hippocampus	AA	psi	chr19_56661166_56661235	chr19	56661166	56661235	93	93	0	0	0.00568459591214702	0.914301706404424	5.70524594065969	5.70524594065969	69	692	Genic/other	1	Non-heritable	0.0627055145601588	0.957321192445231	0.00768006047806257	4009	0	0	0.627055145601588	4.23410650459726	6.5410299991899	8.29654652030061	1.74138609380627
BA_only	hippocampus	AA	psi	chr19_566823_568865	chr19	566823	568865	155	155	0	0	0.00673150268423481	0.92655656508175	32.8988624292999	-32.8988624292999	2042	822	Enhancer	1	Non-heritable	0.0751973703652078	0.928173755766048	0.0293523448685155	0	0	0	0.751973703652078	7.62168499872461	6.71295620067707	0	3.49343808086048
BA_only	hippocampus	AA	psi	chr19_56942249_56943543	chr19	56942249	56943543	57	57	0	0	0.0260476886726767	0.975932065139872	2.83233307015808	2.83233307015808	1294	602	Intergenic	0	Non-heritable	0.0984828090502042	0.957540678857343	0.0136244128677596	94296	0	0	0.984828090502042	7.16549347506085	6.40191719672719	11.4542046547539	1.04110078196577
BA_only	hippocampus	AA	psi	chr19_56981011_56981148	chr19	56981011	56981148	53	53	0	0	0.000305010155206406	0.541467659154849	6.55481605697807	-6.55481605697807	137	602	Intergenic	0	Non-heritable	0.0869692277072596	0.961507415949608	0.00743343820615139	76125	0	0	0.869692277072596	4.91998092582813	6.40191719672719	11.2401451412149	1.8802000568644
BA_only	hippocampus	AA	psi	chr19_56993918_56994172	chr19	56993918	56994172	54	54	0	0	0.00800524991610483	0.933559278800072	8.6871198319888	-8.6871198319888	254	618	Intergenic	0	Heritable	0.122333325035805	0.963360685592345	0.0082888037497879	63101	0	0	1.22333325035805	5.53733426701854	6.4281052726846	11.0525077437481	2.16184145073792
BA_only	hippocampus	AA	psi	chr19_57476584_57477018	chr19	57476584	57477018	69	69	0	0	0.032458965572128	0.978660772153819	2.47020409069951	-2.47020409069951	434	411	Promoter	0	Heritable	0.219434993440666	0.893852871661193	0.00817140432198189	0	0	0	2.19434993440666	6.07304453410041	6.02102334934953	0	0.904300779088211
BA_only	hippocampus	AA	psi	chr19_57515059_57517406	chr19	57515059	57517406	68	68	0	0	0.0048504475557687	0.903845859635741	1.23112741076563	-1.23112741076563	2347	397	Genic/other	0	Heritable	0.713647301621117	0.92244112863996	0.00918871199550953	2036	0	0	7.13647301621117	7.76089319585102	5.98645200528444	7.61923341622681	0.207930351809486
BA_only	hippocampus	AA	psi	chr19_57560341_57560443	chr19	57560341	57560443	68	68	0	0	0.0818764056301615	0.988137148207548	2.51053905670892	-2.51053905670892	102	394	Promoter	1	Non-heritable	0.0937593456299922	0.897406990751097	0.0075489896027698	4109	0	0	0.937593456299922	4.62497281328427	5.97888576490112	8.32117830749028	0.920497497697546
BA_only	hippocampus	AA	psi	chr19_57738033_57738573	chr19	57738033	57738573	63	63	0	0	0.0220641600536892	0.975932065139872	3.17994441906907	-3.17994441906907	540	396	Genic/other	0	Non-heritable	0.0712408214871707	0.83990503928559	0.00747762340977476	8517	0	0	0.712408214871707	6.29156913955832	5.98393628068719	9.04993685048316	1.15686372150388
BA_only	hippocampus	AA	psi	chr19_5780920_5781343	chr19	5780920	5781343	121	121	0	0	0.000747953558593355	0.677254417144753	5.12506125679944	-5.12506125679944	423	547	Intergenic	0	Heritable	0.166019417832552	0.896811320995785	0.00868371230903655	5198	0	0	1.66019417832552	6.04737217904628	6.30627528694802	8.55622157838372	1.63414247945047
BA_only	hippocampus	AA	psi	chr19_57935797_57936115	chr19	57935797	57936115	67	67	0	0	0.0137183043106009	0.964441318501853	1.63096973861346	1.63096973861346	318	406	Promoter	1	Non-heritable	0.0490379893928377	0.822847859081524	0.0119626225042948	461	0	0	0.490379893928377	5.76205138278018	6.0088131854426	6.13556489108174	0.489174775713009
BA_only	hippocampus	AA	psi	chr19_57948155_57948371	chr19	57948155	57948371	67	67	0	0	0.00347561920120079	0.866906756094015	2.35568852867287	-2.35568852867287	216	378	Promoter	1	Heritable	0.105089639292472	0.822311459771379	0.00849183017401827	712	0	0	1.05089639292472	5.37527840768417	5.93753620508243	6.5694814204143	0.856833057845192
BA_only	hippocampus	AA	psi	chr19_5799170_5799382	chr19	5799170	5799382	124	124	0	0	0.00939561736645545	0.939841915020693	2.91551678589484	2.91551678589484	212	535	Intergenic	2	Heritable	0.111313794646504	0.949681070773988	0.00747188945488083	8125	0	0	1.11313794646504	5.35658627467201	6.2841341610708	9.00282407654767	1.07004709256036
BA_only	hippocampus	AA	psi	chr19_58010187_58010894	chr19	58010187	58010894	92	92	0	0	0.0027245293906179	0.840667370121811	3.90443385057049	-3.90443385057049	707	396	Genic/other	1	Heritable	0.115760379252561	0.899943887893229	0.0109927324172339	0	0	0	1.15760379252561	6.56103066589657	5.98393628068719	0	1.36211279469437
BA_only	hippocampus	AA	psi	chr19_58037660_58038253	chr19	58037660	58038253	95	95	0	0	0.0035462514567694	0.866906756094015	2.01679248936148	-2.01679248936148	593	381	Genic/other	2	Heritable	0.402601983765695	0.89288667004569	0.0157040247975002	4290	0	0	4.02601983765695	6.38519439899773	5.94542060860658	8.36427508499152	0.701508377805661
BA_only	hippocampus	AA	psi	chr19_58054947_58055406	chr19	58054947	58055406	94	94	0	0	0.0039488575887621	0.876132919298309	7.44486948914847	7.44486948914847	459	387	Promoter	1	Heritable	0.111780687509657	0.90872962132455	0.00727801062141054	0	0	0	1.11780687509657	6.12905021006055	5.96100533962327	0	2.00752513732532
BA_only	hippocampus	AA	psi	chr19_58058618_58058762	chr19	58058618	58058762	102	102	0	0	0.000689893239997604	0.66356279177562	2.23758686720837	-2.23758686720837	144	393	Promoter	1	Non-heritable	0.0529274631486065	0.834054581391973	0.0100750165351653	547	0	0	0.529274631486065	4.969813299576	5.97635090929793	6.30627528694802	0.805397998215717
BA_only	hippocampus	AA	psi	chr19_5825358_5825498	chr19	5825358	5825498	128	128	0	0	0.00438846371970635	0.889848816018623	2.50640846369118	2.50640846369118	140	572	Genic/other	1	Non-heritable	0.0938315541714669	0.921427787938471	0.00847145704331335	2924	0	0	0.938315541714669	4.9416424226093	6.35088571671474	7.98104975966596	0.918850841471699
BA_only	hippocampus	AA	psi	chr19_58521135_58521439	chr19	58521135	58521439	289	289	0	0	0.00534242277762167	0.912035111152522	5.20531400162753	-5.20531400162753	304	261	Genic/other	1	Heritable	0.114888618778306	0.844372891478358	0.00788329506199074	0	0	0	1.14888618778306	5.71702770140622	5.5683445037611	0	1.64968002909017
BA_only	hippocampus	AA	psi	chr19_607424_607586	chr19	607424	607586	157	157	0	0	0.00290226380228071	0.846222391562562	3.7505259218922	3.7505259218922	162	856	Genic/other	1	Heritable	0.226508547355316	0.966406422577497	0.00645670362823808	10995	0	0	2.26508547355316	5.08759633523238	6.75343791859778	9.30528684928514	1.321896078653
BA_only	hippocampus	AA	psi	chr19_609127_609292	chr19	609127	609292	157	157	0	0	0.00189631420670755	0.801360789073658	13.6804386535463	13.6804386535463	165	854	Genic/other	2	Non-heritable	0.0968514862100646	0.978991434524945	0.00693648448566084	9289	0	0	0.968514862100646	5.10594547390058	6.75110146893676	9.13669383180788	2.61596697772901
BA_only	hippocampus	AA	psi	chr19_6241574_6242291	chr19	6241574	6242291	91	91	0	0	0.0272926912329875	0.975932065139872	6.38582438862875	6.38582438862875	717	593	Genic/other	0	Heritable	0.108915113291998	0.96035994911657	0.00754624645594811	42093	0	0	1.08915113291998	6.57507584059962	6.38687931936265	10.6476604916991	1.85408059604868
BA_only	hippocampus	AA	psi	chr19_6282146_6282639	chr19	6282146	6282639	63	63	0	0	0.00353990664050122	0.866906756094015	3.24100422858435	-3.24100422858435	493	616	Genic/other	2	Heritable	0.322954268912502	0.937714990976492	0.00794090880040236	61321	0	0	3.22954268912502	6.20050917404269	6.42486902390539	11.0238939482399	1.17588323195996
BA_only	hippocampus	AA	psi	chr19_6500353_6501375	chr19	6500353	6501375	84	84	0	0	0.000292730592647227	0.534295565644193	4.33873045393652	4.33873045393652	1022	657	Genic/other	1	Non-heritable	0.0691377638476591	0.960229897950833	0.00743739844020544	0	0	0	0.691377638476591	6.92951677076365	6.48920493132532	0	1.46758178548975
BA_only	hippocampus	AA	psi	chr19_6531879_6532082	chr19	6531879	6532082	87	87	0	0	0.00616507449514764	0.920376068783091	4.66637815619394	4.66637815619394	203	655	Genic/other	1	Heritable	0.112894568795119	0.964413931277421	0.00661842369539212	29199	0	0	1.12894568795119	5.31320597904179	6.48616078894409	10.2819239882564	1.54038321750625
BA_only	hippocampus	AA	psi	chr19_6631870_6632361	chr19	6631870	6632361	80	80	0	0	0.0320397060208867	0.97748455075509	2.6145269561209	2.6145269561209	491	689	Intergenic	0	Non-heritable	0.0710232724430323	0.937177493013435	0.0169046944458295	35087	0	0	0.710232724430323	6.19644412779452	6.53669159759131	10.4656144706577	0.961083188657078
BA_only	hippocampus	AA	psi	chr19_7003662_7004952	chr19	7003662	7004952	18	18	0	0	0.185925859984384	0.991064867102684	0.674115845880488	0.674115845880488	1290	753	Intergenic	0	Heritable	0.754804760839887	0.943398710439571	0.0254015566371931	418	0	0	7.54804760839887	7.16239749735572	6.62539236800796	6.03787091992214	-0.394353289843982
BA_only	hippocampus	AA	psi	chr19_7183156_7183474	chr19	7183156	7183474	17	17	0	0	0.0580599262810353	0.98577631996496	2.60129430519901	-2.60129430519901	318	725	Genic/other	0	Heritable	0.173675007294102	0.947145242115794	0.00727567920502067	20123	0	0	1.73675007294102	5.76205138278018	6.5875500148248	9.90966841161121	0.956009134697465
BA_only	hippocampus	AA	psi	chr19_7441562_7442003	chr19	7441562	7442003	41	41	0	0	0.00607991878074178	0.920376068783091	1.76683863792031	1.76683863792031	441	689	Promoter	1	Heritable	0.109489334819088	0.972733927977982	0.00789673199934813	1217	0	0	1.09489334819088	6.08904487544685	6.53669159759131	7.10496544826984	0.56919187503139
BA_only	hippocampus	AA	psi	chr19_768642_768724	chr19	768642	768724	188	188	0	0	0.000481795138984905	0.604726246238535	3.31974514379765	3.31974514379765	82	954	Intergenic	0	Heritable	0.11570516962761	0.974943395181065	0.0076973752906981	1251	0	0	1.1570516962761	4.40671924726425	6.86171134048073	7.13249755166004	1.19988801907781
BA_only	hippocampus	AA	psi	chr19_7691981_7693230	chr19	7691981	7693230	86	86	0	0	0.0146938585390202	0.966089857218066	1.781988316931	-1.781988316931	1249	669	Enhancer	0	Heritable	0.646224174406094	0.91948270793687	0.0146799174557079	3683	0	0	6.46224174406094	7.13009851012558	6.50727771238501	8.2117543973752	0.577729778483392
BA_only	hippocampus	AA	psi	chr19_7832650_7833171	chr19	7832650	7833171	88	88	0	0	0.0193203723656455	0.973353388707841	4.82201931164584	4.82201931164584	521	649	Genic/other	1	Heritable	0.10874751670965	0.960726914933201	0.00746550523450154	13266	0	0	1.0874751670965	6.25575004175337	6.47697236288968	9.49303502791692	1.57319278672852
BA_only	hippocampus	AA	psi	chr19_7848839_7848988	chr19	7848839	7848988	90	90	0	0	0.00818806682270477	0.933559278800072	3.81363351441712	3.81363351441712	149	619	Promoter	2	Heritable	0.118844705625621	0.956445177622766	0.00751491540342671	7079	0	0	1.18844705625621	5.00394630594546	6.42971947803914	8.86502918668777	1.33858241562323
BA_only	hippocampus	AA	psi	chr19_7850499_7850716	chr19	7850499	7850716	90	90	0	0	0.00236212794404117	0.823087269649574	2.20742701314601	-2.20742701314601	217	650	Promoter	1	Non-heritable	0.0755290546817017	0.95755516307456	0.00845121466309076	5351	0	0	0.755290546817017	5.37989735354046	6.47850964220857	8.58522560180806	0.791827594352027
BA_only	hippocampus	AA	psi	chr19_7851858_7853069	chr19	7851858	7853069	90	90	0	0	0.0173638314665456	0.970581273335112	3.11031746947335	3.11031746947335	1211	652	Genic/other	1	Heritable	0.123589336458234	0.957871451911111	0.0102231732017302	2998	0	0	1.23589336458234	7.09920174355309	6.48157712927643	8.00603417874901	1.13472480441293
BA_only	hippocampus	AA	psi	chr19_7869817_7870169	chr19	7869817	7870169	90	90	0	0	0.00857431795862938	0.933559278800072	2.00157371086976	-2.00157371086976	352	648	Promoter	2	Heritable	0.108488557594021	0.965101623785366	0.00927027178108145	11625	0	0	1.08488557594021	5.8636311755981	6.47543271670409	9.3609992482613	0.693933731582452
BA_only	hippocampus	AA	psi	chr19_7900767_7901028	chr19	7900767	7901028	72	72	0	0	0.04087918086254	0.980549382116533	2.57817145607295	2.57817145607295	261	648	Genic/other	1	Non-heritable	0.0821601812074195	0.949413204562585	0.00878037043533139	3039	0	0	0.821601812074195	5.56452040732269	6.47543271670409	8.01961279440027	0.947080413582546
BA_only	hippocampus	AA	psi	chr19_7902815_7903061	chr19	7902815	7903061	72	72	0	0	0.0124289139443715	0.960474211630298	2.68929523327325	-2.68929523327325	246	669	Promoter	1	Heritable	0.335333268303241	0.949008496296078	0.0114936477151985	1006	0	0	3.35333268303241	5.50533153593236	6.50727771238501	6.91473089271856	0.989279167939785
BA_only	hippocampus	AA	psi	chr19_8002822_8003208	chr19	8002822	8003208	64	64	0	0	0.00786789823815531	0.933559278800072	2.04013651295391	2.04013651295391	386	629	Promoter	2	Non-heritable	0.0556037183479525	0.942079823754032	0.00920002542528642	0	0	0	0.556037183479525	5.95583736946483	6.44571981938558	0	0.713016728633502
BA_only	hippocampus	AA	psi	chr19_8131492_8131866	chr19	8131492	8131866	69	69	0	0	0.0185533428574223	0.972503866121758	2.9580767020495	-2.9580767020495	374	634	Genic/other	0	Non-heritable	0.0913401904391792	0.960558317266089	0.00655755896549064	6697	0	0	0.913401904391792	5.92425579741453	6.45362499889269	8.80956425335415	1.08453929770808
BA_only	hippocampus	AA	psi	chr19_8208151_8208587	chr19	8208151	8208587	58	58	0	0	0.00824482982566948	0.933559278800072	3.02763037249692	-3.02763037249692	436	617	Promoter	1	Heritable	0.147161755607714	0.948231282263577	0.00981946819329729	0	0	0	1.47161755607714	6.07764224334903	6.42648845745769	0	1.10778026157788
BA_only	hippocampus	AA	psi	chr19_843967_844839	chr19	843967	844839	154	154	0	0	0.0275241400514711	0.975932065139872	4.82066043771078	-4.82066043771078	872	938	Genic/other	2	Heritable	0.128604776165874	0.955072017034403	0.0162799446809421	14676	0	0	1.28604776165874	6.77078942390898	6.84481547920826	9.5940369216112	1.57291094102244
BA_only	hippocampus	AA	psi	chr19_8449039_8450148	chr19	8449039	8450148	60	60	0	0	0.00394534901299494	0.876132919298309	5.1952153259809	5.1952153259809	1109	550	Genic/other	1	Heritable	0.379284673371554	0.913753836015474	0.0088685125736468	5425	0	0	3.79284673371554	7.01121398735037	6.31173480915292	8.59895749321888	1.64773807431406
BA_only	hippocampus	AA	psi	chr19_8637838_8638681	chr19	8637838	8638681	48	48	0	0	0.0300429810872189	0.976891416474381	1.87774343900303	-1.87774343900303	843	573	Genic/other	0	Non-heritable	0.0931071388003457	0.94712408320615	0.00844375742372086	5361	0	0	0.931071388003457	6.73696695800186	6.35262939631957	8.58709231879591	0.630070762829678
BA_only	hippocampus	AA	psi	chr19_863833_864111	chr19	863833	864111	161	161	0	0	0.000582499160285155	0.642817408649347	2.50542849021973	2.50542849021973	278	979	Enhancer	1	Non-heritable	0.0975164165747492	0.977774096096765	0.00634648124855798	0	0	0	0.975164165747492	5.62762111369064	6.88755257166462	0	0.91845977788003
BA_only	hippocampus	AA	psi	chr19_871458_872136	chr19	871458	872136	161	161	0	0	0.00115963886307717	0.72939557362483	2.69182655046119	-2.69182655046119	678	958	Promoter	1	Heritable	0.377632672830115	0.967067032363402	0.0082490096674957	0	0	0	3.77632672830115	6.5191472879404	6.86589107488344	0	0.990219981943621
BA_only	hippocampus	AA	psi	chr19_940324_940504	chr19	940324	940504	154	154	0	0	0.00993025548801227	0.944143738365007	13.7179871688644	-13.7179871688644	180	893	Genic/other	1	Non-heritable	0.0830071421122439	0.980090077426538	0.00904821918482762	11061	0	0	0.830071421122439	5.19295685089021	6.79570577517351	9.31127109055462	2.61870790445535
BA_only	hippocampus	AA	psi	chr19_9537648_9537811	chr19	9537648	9537811	229	229	0	0	0.00283309592057671	0.844764402412656	3.06412454363368	3.06412454363368	163	368	Promoter	1	Non-heritable	0.0931440628320115	0.902954351101315	0.00717238060772858	1025	0	0	0.931440628320115	5.09375020080676	5.91079664404053	6.93342302573072	1.11976190171586
BA_only	hippocampus	AA	psi	chr19_9906226_9906806	chr19	9906226	9906806	150	150	0	0	0.00246065712594121	0.824728302674626	2.30961669314691	2.30961669314691	580	354	Genic/other	0	Non-heritable	0.071949262673984	0.871072199526055	0.00906626740982743	48838	0	0	0.71949262673984	6.36302810354047	5.87211778947542	10.7962844529946	0.837081581392269
BA_only	hippocampus	AA	psi	chr19_9912618_9913007	chr19	9912618	9913007	147	147	0	0	0.00239617576893112	0.824728302674626	8.01637983164136	-8.01637983164136	389	365	Genic/other	1	Non-heritable	0.0897909190348044	0.908848925589034	0.00874917145972098	55230	0	0	0.897909190348044	5.96357934361845	5.90263333340137	10.9192796688331	2.08148692865416
BA_only	hippocampus	AA	psi	chr1_10003286_10004313	chr1	10003286	10004313	29	29	0	0	0.0058124315168841	0.91658260669542	1.33653784719684	1.33653784719684	1027	266	Genic/other	0	Non-heritable	0.0514382475691659	0.785303553706798	0.0118083318175246	0	0	0	0.514382475691659	6.93439720992856	5.58724865840025	0	0.290082581819946
BA_only	hippocampus	AA	psi	chr1_10010606_10011044	chr1	10010606	10011044	29	29	0	0	0.0078191194109838	0.933559278800072	1.48268397433573	1.48268397433573	438	271	Genic/other	0	Non-heritable	0.0741436038583953	0.838005597577992	0.0115634660553949	3035	0	0	0.741436038583953	6.08221891037645	5.605802066296	8.01829613851552	0.393853948294512
BA_only	hippocampus	AA	psi	chr1_10025717_10026575	chr1	10025717	10026575	32	32	0	0	0.00364836927133372	0.86760635427925	0.947609911994922	0.947609911994922	858	266	Intergenic	0	Non-heritable	0.0916177626889069	0.743641130997725	0.0293664768395974	18146	0	0	0.916177626889069	6.75460409948796	5.58724865840025	9.80626053677502	-0.0538123360949555
BA_only	hippocampus	AA	psi	chr1_10035765_10036043	chr1	10035765	10036043	37	37	0	0	0.00297658897211754	0.846261736290652	1.47350638255095	1.47350638255095	278	274	Genic/other	1	Non-heritable	0.079929900152639	0.754778995548031	0.0122010884290787	28194	0	0	0.79929900152639	5.62762111369064	5.61677109766657	10.2468999362413	0.387644861530925
BA_only	hippocampus	AA	psi	chr1_100568376_100569135	chr1	100568376	100569135	18	18	0	0	0.154514573103019	0.991064867102684	0.895973172462718	0.895973172462718	759	227	Intergenic	0	Heritable	0.28415558728142	0.838927930525456	0.00929133149392987	149884	0	0	2.8415558728142	6.63200177739563	5.42934562895444	11.9176236123725	-0.109844796742272
BA_only	hippocampus	AA	psi	chr1_1007637_1007923	chr1	1007637	1007923	780	780	0	0	0.000685318360198605	0.66356279177562	5.75484624449611	-5.75484624449611	286	130	Genic/other	0	Heritable	0.10154595106387	0.581378528543671	0.0119464258347829	0	0	0	1.0154595106387	5.65599181081985	4.87519732320115	0	1.75004232669903
BA_only	hippocampus	AA	psi	chr1_10094404_10094872	chr1	10094404	10094872	39	39	0	0	0.00838341305914418	0.933559278800072	1.66883282770211	1.66883282770211	468	284	Genic/other	0	Heritable	0.144777678529265	0.843019526983506	0.012361606643172	34575	0	0	1.44777678529265	6.14846829591765	5.65248918026865	10.4509150787467	0.512124482504923
BA_only	hippocampus	AA	psi	chr1_101308446_101308887	chr1	101308446	101308887	82	82	0	0	0.00582183997709292	0.91658260669542	2.36109769084328	-2.36109769084328	441	343	Intergenic	0	Heritable	0.125187175877208	0.892650111093249	0.0130419211462516	0	0	0	1.25187175877208	6.08904487544685	5.8406416573734	0	0.859126638375231
BA_only	hippocampus	AA	psi	chr1_10134198_10135208	chr1	10134198	10135208	41	41	0	0	0.00242576065354692	0.824728302674626	1.31713523827474	1.31713523827474	1010	278	Genic/other	0	Non-heritable	0.0567409246040577	0.838335910254601	0.0114190600178865	0	0	0	0.567409246040577	6.91770560983531	5.63121178182137	0	0.275459111698584
BA_only	hippocampus	AA	psi	chr1_10137847_10139133	chr1	10137847	10139133	41	41	0	0	0.00243777653461539	0.824728302674626	0.838535082915467	0.838535082915467	1286	276	Genic/other	0	Non-heritable	0.0671232847946137	0.81665132476776	0.0357569630800812	0	0	0	0.671232847946137	7.15929190479756	5.62401750618734	0	-0.176098846578584
BA_only	hippocampus	AA	psi	chr1_10148143_10149228	chr1	10148143	10149228	42	42	0	0	0.00262540164290292	0.834890109094339	1.23898988357506	1.23898988357506	1085	272	Genic/other	0	Non-heritable	0.0561845316579056	0.797841954437286	0.025482258914403	3202	0	0	0.561845316579056	6.98933526597456	5.60947179518496	8.07184314960916	0.214296445692882
BA_only	hippocampus	AA	psi	chr1_10150243_10151411	chr1	10150243	10151411	43	43	0	0	0.00201524132815203	0.808078177358965	0.954606583515048	0.954606583515048	1168	274	Genic/other	0	Non-heritable	0.0417081412299145	0.80521213020414	0.0270720438268854	5302	0	0	0.417081412299145	7.06304816338817	5.61677109766657	8.57602797713713	-0.0464559673369309
BA_only	hippocampus	AA	psi	chr1_1015951_1016151	chr1	1015951	1016151	787	787	0	0	0.00108657681778804	0.725388163675873	4.34948301274862	-4.34948301274862	200	138	Genic/other	1	Non-heritable	0.0874681803643174	0.585168395587302	0.0125073873688805	7756	0	0	0.874681803643174	5.29831736654804	4.93447393313069	8.95635094049087	1.47005699269278
BA_only	hippocampus	AA	psi	chr1_10174008_10175854	chr1	10174008	10175854	40	40	0	0	0.00480366662916982	0.903845859635741	1.2210770798081	1.2210770798081	1846	273	Genic/other	0	Heritable	0.11856628912451	0.85276311295065	0.0219585891675475	29067	0	0	1.1856628912451	7.5207764150628	5.61312810638807	10.2773931917365	0.199733329751506
BA_only	hippocampus	AA	psi	chr1_10190813_10192190	chr1	10190813	10192190	30	30	0	0	0.00222002243988676	0.817446144573316	1.62192559850938	1.62192559850938	1377	265	Intergenic	0	Non-heritable	0.0836358784729654	0.849426809592337	0.0144611568448912	18687	0	0	0.836358784729654	7.22766249872865	5.5834963087817	9.83563688562795	0.483614090590496
BA_only	hippocampus	AA	psi	chr1_10222779_10223166	chr1	10222779	10223166	26	26	0	0	0.00233827134938255	0.822334049093026	1.30474408541622	1.30474408541622	387	286	Genic/other	0	Non-heritable	0.0833336358720164	0.828801615187713	0.0121068311697296	0	0	0	0.833336358720164	5.95842469302978	5.65948221575962	0	0.266006926078929
BA_only	hippocampus	AA	psi	chr1_10243833_10244999	chr1	10243833	10244999	23	23	0	0	0.00117447857571824	0.733276597731835	1.12656345953976	1.12656345953976	1166	307	Genic/other	0	Non-heritable	0.0700061395953782	0.811682463811547	0.0161066576911612	0	0	0	0.700061395953782	7.06133436691044	5.73009978297357	0	0.119171821548679
BA_only	hippocampus	AA	psi	chr1_10336171_10337101	chr1	10336171	10337101	22	22	0	0	0.00264379135546643	0.835655744705892	1.00690220980028	1.00690220980028	930	376	Genic/other	0	Heritable	0.105591979917474	0.893498951021506	0.0156213003044937	6185	0	0	1.05591979917474	6.8351845861473	5.93224518744801	8.73004395324502	0.00687850852562053
BA_only	hippocampus	AA	psi	chr1_10349882_10351263	chr1	10349882	10351263	22	22	0	0	0.00202427126382161	0.808078177358965	1.1550155834403	1.1550155834403	1381	369	Genic/other	0	Heritable	0.183641513369275	0.863901767217185	0.0188380996603763	1472	0	0	1.83641513369275	7.23056315340929	5.91350300563827	7.29505641646263	0.144113844696734
BA_only	hippocampus	AA	psi	chr1_10356543_10357963	chr1	10356543	10357963	22	22	0	0	0.000776915323140988	0.681447094882683	1.26412953156739	1.26412953156739	1420	385	Genic/other	0	Heritable	0.127383060278667	0.89624971703636	0.0122969793017618	0	0	0	1.27383060278667	7.25841215059531	5.95583736946483	0	0.234383775890633
BA_only	hippocampus	AA	psi	chr1_10360422_10360633	chr1	10360422	10360633	22	22	0	0	0.00598945028735665	0.918975427356839	1.30415281771463	1.30415281771463	211	380	Genic/other	0	Non-heritable	0.0981667832036002	0.888646339145449	0.0110411739160692	0	0	0	0.981667832036002	5.35185813347607	5.9427993751267	0	0.265553655804836
BA_only	hippocampus	AA	psi	chr1_10390696_10392355	chr1	10390696	10392355	23	23	0	0	0.000921691037342779	0.704421462184525	1.37628765521074	1.37628765521074	1659	398	Genic/other	0	Non-heritable	0.0952411147900889	0.856565864396832	0.0158209886022334	4014	0	0	0.952411147900889	7.41397029019044	5.98896141688986	8.29779262638086	0.319389776680793
BA_only	hippocampus	AA	psi	chr1_10397539_10398150	chr1	10397539	10398150	23	23	0	0	0.000859564887518185	0.695458499324573	1.0722581784788	1.0722581784788	611	396	Promoter	1	Heritable	0.102761731521854	0.901695769104148	0.022377911941026	705	0	0	1.02761731521854	6.4150969591716	5.98393628068719	6.55961523749324	0.0697668811110835
BA_only	hippocampus	AA	psi	chr1_10454923_10455353	chr1	10454923	10455353	23	23	0	0	0.00232850130386523	0.821900074869887	1.44559889569072	1.44559889569072	430	429	Genic/other	0	Heritable	0.122913900304933	0.92235950254933	0.0146357912282181	3545	0	0	1.22913900304933	6.06378520868761	6.06378520868761	8.17357548663415	0.368523703302457
BA_only	hippocampus	AA	psi	chr1_10469499_10470485	chr1	10469499	10470485	23	23	0	0	0.000793215897428295	0.683148985370606	0.958466113994329	0.958466113994329	986	436	Genic/other	2	Heritable	0.142808233758683	0.92306460880732	0.0237365792035138	2308	0	0	1.42808233758683	6.89365635460264	6.07993319509559	7.7445698093545	-0.042421059849928
BA_only	hippocampus	AA	psi	chr1_10486417_10486966	chr1	10486417	10486966	17	17	0	0	0.00138633146600987	0.759071555562182	0.63987256292335	-0.63987256292335	549	455	Genic/other	0	Non-heritable	0.0962220201421275	0.922092363248478	0.014188646275884	19226	0	0	0.962220201421275	6.30809844150953	6.12249280951439	9.86407082017234	-0.446486227259679
BA_only	hippocampus	AA	psi	chr1_10488914_10489270	chr1	10488914	10489270	17	17	0	0	0.00211521591276985	0.815187053503819	0.65190751760166	0.65190751760166	356	451	Genic/other	0	Non-heritable	0.0809964742895751	0.925050875648054	0.0126880932640472	21723	0	0	0.809964742895751	5.87493073085203	6.11368217983223	9.98617291915474	-0.427852555945954
BA_only	hippocampus	AA	psi	chr1_10551890_10552436	chr1	10551890	10552436	7	7	0	0	0.173563575337152	0.991064867102684	0.60436683349328	-0.60436683349328	546	483	Genic/other	0	Heritable	0.109797004153526	0.941823880502783	0.0152282867062508	84699	0	0	1.09797004153526	6.30261897574491	6.18208490671663	11.3468708806401	-0.503573908636849
BA_only	hippocampus	AA	psi	chr1_10564926_10565193	chr1	10564926	10565193	7	7	0	0	0.109732005361802	0.990898390030923	0.469803261307919	-0.469803261307919	267	473	Genic/other	0	Non-heritable	0.0962937476026725	0.928879092200482	0.0108092119338918	74865	0	0	0.962937476026725	5.58724865840025	6.16120732169508	11.2234551278592	-0.755441243588892
BA_only	hippocampus	AA	psi	chr1_10570009_10570578	chr1	10570009	10570578	7	7	0	0	0.169833382527828	0.991064867102684	0.497214793712413	0.497214793712413	569	476	Genic/other	0	Heritable	0.118270060693304	0.9381062623817	0.0107691569903917	69480	0	0	1.18270060693304	6.34388043412633	6.16751649088834	11.1488086128824	-0.6987331456287
BA_only	hippocampus	AA	psi	chr1_10600141_10601176	chr1	10600141	10601176	7	7	0	0	0.129895860365557	0.991064867102684	0.439727163593904	-0.439727163593904	1035	482	Genic/other	0	Heritable	0.103719972173393	0.926813252257084	0.0243179475994221	38882	0	0	1.03719972173393	6.94215670569947	6.18001665365257	10.5683124160915	-0.821600804400398
BA_only	hippocampus	AA	psi	chr1_106080662_106081023	chr1	106080662	106081023	34	34	0	0	0.0197045325134419	0.974514624638544	0.950505230162568	0.950505230162568	361	242	Promoter	2	Heritable	0.119171651770911	0.813734307508118	0.0100382679715997	0	0	0	1.19171651770911	5.88887795833288	5.49306144334055	0	-0.0507616040098621
BA_only	hippocampus	AA	psi	chr1_10615273_10615683	chr1	10615273	10615683	7	7	0	0	0.0440108184088055	0.980789550235948	2.09968996229811	-2.09968996229811	410	481	Genic/other	0	Heritable	0.117466752083626	0.921030645885087	0.0104796053191556	24375	0	0	1.17466752083626	6.01615715969835	6.1779441140506	10.1013543206655	0.74178970159167
BA_only	hippocampus	AA	psi	chr1_106240486_106243165	chr1	106240486	106243165	30	30	0	0	0.0182366429548055	0.971902588851552	0.48129349689068	-0.48129349689068	2679	269	Intergenic	0	Non-heritable	0.0786768732668327	0.837967584849726	0.0332321203329459	116709	0	0	0.786768732668327	7.89319886954461	5.59842195899838	11.6674475044064	-0.731277993537646
BA_only	hippocampus	AA	psi	chr1_1077056_1077266	chr1	1077056	1077266	747	747	0	2	3.89060505592457e-06	0.0563656270733392	9.89792723321518	-9.89792723321518	210	137	Genic/other	1	Heritable	0.113559795423968	0.638641836072964	0.00779348704278713	5720	0	1	1.13559795423968	5.34710753071747	4.92725368515721	8.65189889426853	2.29232536584751
BA_only	hippocampus	AA	psi	chr1_108876067_108876386	chr1	108876067	108876386	211	211	0	0	0.00152697575837117	0.775369188919945	2.34990567966432	-2.34990567966432	319	317	Promoter	1	Non-heritable	0.0876352069161017	0.868523885870259	0.0104648704118597	0	0	0	0.876352069161017	5.76519110278484	5.76205138278018	0	0.854375195293019
BA_only	hippocampus	AA	psi	chr1_108907870_108908319	chr1	108907870	108908319	209	209	0	0	0.00748687851547527	0.933559278800072	2.39280437442451	2.39280437442451	449	321	Genic/other	0	Heritable	0.128458206947197	0.868236177790932	0.0122358840367934	0	0	0	1.28458206947197	6.10702288774226	5.77455154554441	0	0.87246606067249
BA_only	hippocampus	AA	psi	chr1_109686983_109687554	chr1	109686983	109687554	110	110	0	0	0.00526588425864997	0.910718986954723	0.917839264014188	0.917839264014188	571	418	Promoter	1	Heritable	0.115496333759075	0.900055743887117	0.019138516660664	0	0	0	1.15496333759075	6.34738920965601	6.03787091992214	0	-0.0857329864636402
BA_only	hippocampus	AA	psi	chr1_10970355_10970863	chr1	10970355	10970863	70	70	0	0	0.0159028168592306	0.967716068030647	4.14493428144055	-4.14493428144055	508	555	Genic/other	0	Non-heritable	0.0828230333486641	0.941240520617757	0.0150321992282038	20652	0	0	0.828230333486641	6.23048144757848	6.32076829425058	9.93561586628765	1.4218869359744
BA_only	hippocampus	AA	psi	chr1_109711736_109711921	chr1	109711736	109711921	111	111	0	0	0.0035866797167342	0.866906756094015	2.05814255402611	-2.05814255402611	185	419	Promoter	0	Heritable	0.201975975758706	0.907114738695189	0.00797948906812323	3254	0	0	2.01975975758706	5.22035582507832	6.04025471127741	8.08794755464267	0.721803908105936
BA_only	hippocampus	AA	psi	chr1_10982768_10984065	chr1	10982768	10984065	70	70	0	0	0.0105235756235879	0.944902218841749	6.43729918996258	-6.43729918996258	1297	551	Promoter	0	Heritable	0.10219948261525	0.939516337911909	0.0133635060183398	28362	0	0	1.0219948261525	7.16780918431644	6.3135480462771	10.2528407578441	1.86210907326454
BA_only	hippocampus	AA	psi	chr1_10993276_10994139	chr1	10993276	10994139	71	71	0	0	0.0213613187898204	0.975932065139872	2.00526416510181	-2.00526416510181	863	543	Genic/other	0	Heritable	0.122968104824291	0.943002516172983	0.0155567579057755	18288	0	0	1.22968104824291	6.76041469108343	6.29894924685594	9.81405506520458	0.695775810234705
BA_only	hippocampus	AA	psi	chr1_11015664_11016381	chr1	11015664	11016381	73	73	0	0	0.0144007669075325	0.965777132080372	1.52464074841825	-1.52464074841825	717	540	Promoter	1	Heritable	0.11813417147273	0.939724190328391	0.0154177480727724	0	0	0	1.1813417147273	6.57507584059962	6.29341927884648	0	0.421758814058489
BA_only	hippocampus	AA	psi	chr1_11028613_11029279	chr1	11028613	11029279	73	73	0	0	0.0206482219431951	0.975856666808667	3.51610121223729	-3.51610121223729	666	545	Promoter	0	Non-heritable	0.0865223922352207	0.944341776538064	0.0140518901362225	0	0	0	0.865223922352207	6.50128967054039	6.30261897574491	0	1.25735276844076
BA_only	hippocampus	AA	psi	chr1_11078736_11079424	chr1	11078736	11079424	83	83	0	0	0.00692541903657752	0.929546024039804	3.13064508084769	-3.13064508084769	688	555	Genic/other	0	Heritable	0.10367566662748	0.952879414900012	0.0137817710044931	0	0	0	1.0367566662748	6.53378883793334	6.32076829425058	0	1.14123908262888
BA_only	hippocampus	AA	psi	chr1_11095206_11095586	chr1	11095206	11095586	83	83	0	0	0.0132360703424827	0.964283399649536	2.79259811360071	-2.79259811360071	380	563	Genic/other	1	Non-heritable	0.0921666894484865	0.948468094563923	0.0117388120741584	0	0	0	0.921666894484865	5.94017125272043	6.33505425149806	0	1.02697238960734
BA_only	hippocampus	AA	psi	chr1_11135191_11136754	chr1	11135191	11136754	84	84	0	0	0.0197309510076389	0.974612769745579	2.5982688331554	-2.5982688331554	1563	566	Genic/other	0	Non-heritable	0.0636313946162095	0.940786981139062	0.0230659217915457	0	0	0	0.636313946162095	7.35436233042148	6.34035930372775	0	0.954845393708879
BA_only	hippocampus	AA	psi	chr1_11172283_11172840	chr1	11172283	11172840	84	84	0	0	0.0277897508003878	0.975932065139872	3.37851541131657	-3.37851541131657	557	586	Genic/other	0	Non-heritable	0.0905477703811804	0.952172365509875	0.0115645814960511	15130	0	0	0.905477703811804	6.32256523992728	6.3750248198281	9.62450089845157	1.21743638854506
BA_only	hippocampus	AA	psi	chr1_112640626_112640761	chr1	112640626	112640761	154	154	0	0	0.0144458079988665	0.966012740036302	3.89668400873929	-3.89668400873929	135	347	Genic/other	0	Heritable	0.159744846578613	0.893305685572859	0.0165354958754032	20715	0	0	1.59744846578613	4.90527477843843	5.85220247977447	9.93866162754378	1.36012593986137
BA_only	hippocampus	AA	psi	chr1_112743008_112743470	chr1	112743008	112743470	239	239	0	0	0.0039023225449186	0.875245448047626	2.57444574207245	2.57444574207245	462	364	Intergenic	1	Heritable	0.125886635897581	0.890066198024156	0.0118828732189924	18994	0	0	1.25886635897581	6.13556489108174	5.89989735358249	9.85193106562173	0.945634269034223
BA_only	hippocampus	AA	psi	chr1_113018710_113018911	chr1	113018710	113018911	144	144	0	0	0.0136349268921622	0.964283399649536	2.56341588882079	2.56341588882079	201	291	Genic/other	0	Heritable	0.121639379585072	0.838498185292477	0.0101103563593674	0	0	0	1.21639379585072	5.30330490805908	5.67675380226828	0	0.941340704533874
BA_only	hippocampus	AA	psi	chr1_113033907_113034986	chr1	113033907	113034986	144	144	0	0	0.0451612902889241	0.981395945960329	2.45579608575963	-2.45579608575963	1079	296	Genic/other	0	Heritable	0.198045531192571	0.850031525697584	0.0155183333707657	0	0	0	1.98045531192571	6.98378996525814	5.6937321388027	0	0.898450983939131
BA_only	hippocampus	AA	psi	chr1_11332592_11333387	chr1	11332592	11333387	30	30	0	0	0.0734826104627527	0.985907779499035	1.02693243885859	1.02693243885859	795	547	Enhancer	0	Heritable	0.102492255138152	0.944101016411087	0.0143187528853823	0	0	0	1.02492255138152	6.67834211465433	6.30627528694802	0	0.0265761535724166
BA_only	hippocampus	AA	psi	chr1_11381527_11382006	chr1	11381527	11382006	22	22	0	0	0.0867087124565474	0.988137148207548	1.75546862597082	1.75546862597082	479	528	Intergenic	0	Non-heritable	0.0731989518255657	0.934385069570295	0.0121438697604734	6220	0	0	0.731989518255657	6.17170059741092	6.2709884318583	8.73568594451502	0.562735850315122
BA_only	hippocampus	AA	psi	chr1_1140959_1141078	chr1	1140959	1141078	331	331	0	0	0.00111183867112787	0.726050490461723	3.27112179532441	3.27112179532441	119	142	Genic/other	1	Heritable	0.144679221166743	0.748630290185772	0.00986083882970638	24898	0	0	1.44679221166743	4.77912349311153	4.96284463025991	10.1225829210038	1.18513298580986
BA_only	hippocampus	AA	psi	chr1_115521849_115522040	chr1	115521849	115522040	25	25	0	0	0.0128284949361417	0.96246389742332	2.98817605379377	-2.98817605379377	191	386	Intergenic	0	Heritable	0.102139072684198	0.913625760953549	0.0110971427492523	19144	0	0	1.02139072684198	5.25227342804663	5.95842469302978	9.8597968639114	1.0946631891604
BA_only	hippocampus	AA	psi	chr1_115977424_115980485	chr1	115977424	115980485	215	215	0	0	0.00479389153438521	0.903845859635741	3.34261388410791	-3.34261388410791	3061	354	Enhancer	2	Non-heritable	0.0914877723508764	0.864720027050983	0.00931517622457486	326	0	0	0.914877723508764	8.02649693894541	5.87211778947542	5.78996017089725	1.20675310394086
BA_only	hippocampus	AA	psi	chr1_116534538_116535623	chr1	116534538	116535623	28	28	0	0	0.00534095587928042	0.912035111152522	5.38817582304285	5.38817582304285	1085	384	Promoter	2	Non-heritable	0.097091355253302	0.885527425351761	0.00505681030820559	0	0	0	0.97091355253302	6.98933526597456	5.95324333428779	0	1.68420689221067
BA_only	hippocampus	AA	psi	chr1_11665247_11665854	chr1	11665247	11665854	62	62	0	0	0.0488085718766964	0.982844443292717	1.93491557328727	-1.93491557328727	607	573	Genic/other	1	Heritable	0.102701730099987	0.954296906950514	0.0197743931622465	6510	0	0	1.02701730099987	6.4085287910595	6.35262939631957	8.78124833323686	0.660063699321965
BA_only	hippocampus	AA	psi	chr1_11678342_11679150	chr1	11678342	11679150	62	62	0	0	0.0428461151675402	0.980549382116533	2.16185267242863	-2.16185267242863	808	575	Genic/other	1	Heritable	0.116397459920295	0.948762818878235	0.0137511981485737	0	0	0	1.16397459920295	6.6945620585211	6.35610766069589	0	0.770965577408196
BA_only	hippocampus	AA	psi	chr1_1174096_1174314	chr1	1174096	1174314	270	270	0	0	0.0146738718079516	0.966089857218066	4.22633096649945	-4.22633096649945	218	147	Genic/other	1	Heritable	0.375437143993182	0.753732666990435	0.00910015344359767	0	0	0	3.75437143993182	5.38449506278909	4.99721227376412	0	1.44133423522303
BA_only	hippocampus	AA	psi	chr1_11760755_11761793	chr1	11760755	11761793	82	82	0	0	0.039473978691491	0.980549382116533	2.0723247411638	-2.0723247411638	1038	624	Promoter	1	Heritable	0.118341986002176	0.957315479013667	0.0148815605878108	480	0	0	1.18341986002176	6.94505106372583	6.4377516497364	6.17586727010576	0.728671045303036
BA_only	hippocampus	AA	psi	chr1_118184254_118184819	chr1	118184254	118184819	6	6	0	0	0.0491176427596176	0.983041848537514	0.552945176055486	-0.552945176055486	565	219	Promoter	1	Heritable	0.132792327311127	0.794297213474521	0.0158850270575935	11518	0	0	1.32792327311127	6.33682573114644	5.39362754635236	9.35175312492651	-0.592496403429606
BA_only	hippocampus	AA	psi	chr1_1189878_1190574	chr1	1189878	1190574	314	314	0	0	0.0119863499913329	0.955696118255407	2.77518755914669	-2.77518755914669	696	150	Genic/other	0	Non-heritable	0.0595518365015701	0.610944875410605	0.0134995664060576	0	0	0	0.595518365015701	6.54534966033442	5.01727983681492	0	1.02071833739942
BA_only	hippocampus	AA	psi	chr1_11909194_11909458	chr1	11909194	11909458	79	79	0	0	0.0135978423619496	0.964283399649536	2.10216322605505	2.10216322605505	264	553	Genic/other	0	Non-heritable	0.06130060078029	0.962116374355981	0.0107266332502077	0	0	0	0.6130060078029	5.57594910314632	6.31716468674728	0	0.742966926934838
BA_only	hippocampus	AA	psi	chr1_11925291_11925841	chr1	11925291	11925841	79	79	0	0	0.0215980193743852	0.975932065139872	1.58974911595574	-1.58974911595574	550	554	Genic/other	2	Heritable	0.14635473630046	0.953106183989432	0.0222829562988291	822	0	0	1.4635473630046	6.30991827822652	6.31896811374643	6.71295620067707	0.463576221365411
BA_only	hippocampus	AA	psi	chr1_11951685_11951981	chr1	11951685	11951981	74	74	0	0	0.00973765130191391	0.939841915020693	1.66648927874208	-1.66648927874208	296	517	Genic/other	0	Heritable	0.132991498809028	0.953399088876986	0.0151364313057783	2911	0	0	1.32991498809028	5.69035945432406	6.24997524225948	7.97659540931658	0.51071919134751
BA_only	hippocampus	AA	psi	chr1_11959119_11959837	chr1	11959119	11959837	74	74	0	0	0.0152752999939151	0.966869322778423	2.01124459997152	-2.01124459997152	718	526	Genic/other	0	Heritable	0.166129757827971	0.949015141827953	0.0161572607780339	1276	0	0	1.66129757827971	6.57646956904822	6.26720054854136	7.15226885603254	0.698753739381285
BA_only	hippocampus	AA	psi	chr1_12017319_12017840	chr1	12017319	12017840	66	66	0	0	0.0317324339138447	0.977060807838727	1.44941681903342	1.44941681903342	521	525	Promoter	1	Heritable	0.130407727396051	0.940709287793997	0.0195891685318831	3061	0	0	1.30407727396051	6.25575004175337	6.26530121273771	8.02682357621763	0.371161288660147
BA_only	hippocampus	AA	psi	chr1_12068550_12069166	chr1	12068550	12069166	38	38	0	0	0.0443326412591105	0.981065346180348	1.81958011735261	1.81958011735261	616	528	Genic/other	0	Heritable	0.1121959021407	0.944436848383581	0.0112192601345379	0	0	0	1.121959021407	6.42324696353352	6.2709884318583	0	0.598605775216729
BA_only	hippocampus	AA	psi	chr1_12094877_12096021	chr1	12094877	12096021	36	36	0	0	0.0310890303714571	0.976893291659941	1.15126741704417	1.15126741704417	1144	527	Genic/other	0	Non-heritable	0.0942208066207317	0.945580625900143	0.0231619359713819	0	0	0	0.942208066207317	7.04228617193974	6.26909628370626	0	0.140863445970459
BA_only	hippocampus	AA	psi	chr1_12133610_12134242	chr1	12133610	12134242	35	35	0	0	0.00548089674441364	0.914301706404424	1.50354765827315	1.50354765827315	632	557	Genic/other	0	Heritable	0.102598667082269	0.950897876904858	0.0194505633936973	1370	0	0	1.02598667082269	6.44888939414686	6.32435896238131	7.22329567956231	0.407827427814593
BA_only	hippocampus	AA	psi	chr1_12159386_12159680	chr1	12159386	12159680	36	36	0	0	0.0342394269063271	0.979687934725025	1.89719004500257	1.89719004500257	294	560	Intergenic	0	Heritable	0.123776091964087	0.950495910644049	0.0115956783577616	7488	0	0	1.23776091964087	5.68357976733868	6.3297209055227	8.92119055624937	0.640373873073421
BA_only	hippocampus	AA	psi	chr1_12330140_12330521	chr1	12330140	12330521	17	17	0	0	0.0128031652357333	0.962087948231084	1.39553492798383	1.39553492798383	381	513	Genic/other	0	Heritable	0.104853311848731	0.953711879656682	0.0101914141886777	5305	0	0	1.04853311848731	5.9427993751267	6.24222326545517	8.57659353469768	0.333277809856999
BA_only	hippocampus	AA	psi	chr1_12351376_12352277	chr1	12351376	12352277	20	20	0	0	0.0436873349950583	0.980789550235948	1.51914425376867	1.51914425376867	901	506	Genic/other	0	Heritable	0.145902227311081	0.946363170468978	0.0187227038111645	2211	0	0	1.45902227311081	6.80350525760834	6.22851100359118	7.70165236264223	0.418147191960267
BA_only	hippocampus	AA	psi	chr1_12483186_12484135	chr1	12483186	12484135	20	20	0	0	0.0240602968331308	0.975932065139872	1.43141466866173	1.43141466866173	949	442	Genic/other	0	Non-heritable	0.0857172313626873	0.925209120736192	0.0213432172732658	0	0	0	0.857172313626873	6.85540879860993	6.09356977004514	0	0.358663241028569
BA_only	hippocampus	AA	psi	chr1_12515613_12516353	chr1	12515613	12516353	20	20	0	0	0.0393016677654783	0.980549382116533	1.8054687041386	1.8054687041386	740	427	Intergenic	0	Heritable	0.104567042963998	0.927142272262843	0.0182823509719719	9273	0	0	1.04567042963998	6.60665018619822	6.0591231955818	9.13497006495141	0.590820233498064
BA_only	hippocampus	AA	psi	chr1_12605906_12606582	chr1	12605906	12606582	18	18	0	0	0.0761200879890371	0.987408598172976	1.79560204408554	1.79560204408554	676	372	Genic/other	0	Non-heritable	0.0846083753864251	0.892388034881559	0.0108036839011497	0	0	0	0.846083753864251	6.51619307604296	5.92157841964382	0	0.585340371879953
BA_only	hippocampus	AA	psi	chr1_1261709_1262148	chr1	1261709	1262148	308	308	0	0	0.029747056188169	0.976741514025636	2.9767337971494	2.9767337971494	439	163	Genic/other	1	Non-heritable	0.0878099714074965	0.65671166118534	0.0195627502923561	0	0	0	0.878099714074965	6.08449941307517	5.0998664278242	0	1.09082666155923
BA_only	hippocampus	AA	psi	chr1_1266603_1266775	chr1	1266603	1266775	309	309	0	0	0.0102789491697154	0.944902218841749	4.11777397906927	-4.11777397906927	172	163	Genic/other	1	Non-heritable	0.0788453990719339	0.61773854881981	0.0104414559711776	0	0	0	0.788453990719339	5.14749447681345	5.0998664278242	0	1.41531272343486
BA_only	hippocampus	AA	psi	chr1_12689515_12689706	chr1	12689515	12689706	17	17	0	0	0.0724328120088675	0.985907779499035	1.53404947676081	1.53404947676081	191	286	Genic/other	0	Heritable	0.154702831567955	0.826906591061594	0.0203988608343807	26637	0	0	1.54702831567955	5.25227342804663	5.65948221575962	10.190094046761	0.4279109623731
BA_only	hippocampus	AA	psi	chr1_12690775_12690837	chr1	12690775	12690837	17	17	0	0	0.0499684690951578	0.984017207786399	1.91860377300117	1.91860377300117	62	284	Genic/other	0	Non-heritable	0.0963355592083487	0.808757892920436	0.0116880195692827	25506	0	0	0.963355592083487	4.12713438504509	5.65248918026865	10.1467082032795	0.651597725150611
BA_only	hippocampus	AA	psi	chr1_1290162_1290231	chr1	1290162	1290231	309	309	0	0	0.00393430398834189	0.876132919298309	3.63784530207321	-3.63784530207321	69	163	Genic/other	1	Heritable	0.201424922194114	0.770083779337743	0.0168207082135561	4235	0	0	2.01424922194114	4.23410650459726	5.0998664278242	8.3513747067213	1.29139155914608
BA_only	hippocampus	AA	psi	chr1_13008978_13009164	chr1	13008978	13009164	4	4	0	0	0.227724581398584	0.991497141402577	0.373050737624016	0.373050737624016	186	346	Intergenic	0	Non-heritable	0.0752036812017388	0.873932320145974	0.0189134557267409	59589	0	0	0.752036812017388	5.2257466737132	5.84932477994686	10.995243053741	-0.986040815981336
BA_only	hippocampus	AA	psi	chr1_13219762_13219847	chr1	13219762	13219847	1	1	0	0	0.810635685809508	0.997905235866788	0.0237383661680604	0.0237383661680604	85	319	Intergenic	0	Non-heritable	0.0991164714815476	0.828912544897908	0.0218300542114511	68212	0	0	0.991164714815476	4.44265125649032	5.76832099579377	11.1303904415024	-3.74066229281147
BA_only	hippocampus	AA	psi	chr1_13417527_13418198	chr1	13417527	13418198	15	15	0	0	0.0538724582826823	0.985176584192382	1.1434397285419	-1.1434397285419	671	374	Genic/other	0	Non-heritable	0.0864938617498113	0.88206693350543	0.0214725185129309	70642	0	0	0.864938617498113	6.50876913697168	5.92692602597041	11.1653943032322	0.134041033959475
BA_only	hippocampus	AA	psi	chr1_13421540_13422115	chr1	13421540	13422115	15	15	0	0	0.0972939374895196	0.990400450319684	1.3010407844379	-1.3010407844379	575	388	Intergenic	0	Non-heritable	0.0963581394424711	0.8689788806599	0.0165858472520119	66725	0	0	0.963581394424711	6.35437004079735	5.96357934361845	11.1083499610469	0.263164555255452
BA_only	hippocampus	AA	psi	chr1_1351411_1351596	chr1	1351411	1351596	181	181	0	0	0.00462679965865981	0.900464468238672	2.18433308132092	-2.18433308132092	185	168	Enhancer	2	Heritable	0.38058126155183	0.738142252624802	0.0175459405936406	0	0	0	3.8058126155183	5.22035582507832	5.12989871492307	0	0.781310560594609
BA_only	hippocampus	AA	psi	chr1_13524338_13525019	chr1	13524338	13525019	17	17	0	0	0.0378413448557103	0.980549382116533	1.57914525626856	-1.57914525626856	681	421	Intergenic	0	Non-heritable	0.0749305066961373	0.878646130556534	0.0145481265828956	34877	0	0	0.749305066961373	6.52356230614951	6.04500531403601	10.4596115369294	0.456883729945323
BA_only	hippocampus	AA	psi	chr1_13527381_13527647	chr1	13527381	13527647	17	17	0	0	0.0687943271703906	0.985907779499035	1.45682850969417	-1.45682850969417	266	430	Intergenic	0	Non-heritable	0.0936900560147703	0.914250533364223	0.0125600116440029	37920	0	0	0.936900560147703	5.5834963087817	6.06610809010375	10.5432603273293	0.376261826185112
BA_only	hippocampus	AA	psi	chr1_13537976_13539276	chr1	13537976	13539276	17	17	0	0	0.0341628012126704	0.979419933277289	1.31925955394943	-1.31925955394943	1300	436	Intergenic	0	Non-heritable	0.0909552305238981	0.920946729638899	0.0215407520159566	44823	0	0	0.909552305238981	7.17011954344963	6.07993319509559	10.7104989892451	0.277070642812651
BA_only	hippocampus	AA	psi	chr1_13568660_13569448	chr1	13568660	13569448	17	17	0	0	0.00325878231802083	0.857374229512349	2.91644317351279	-2.91644317351279	788	456	Intergenic	0	Non-heritable	0.049470890050048	0.920794213086202	0.0114971598500165	14651	0	0	0.49470890050048	6.66949808985788	6.12468339089421	9.59233212389871	1.07036478597012
BA_only	hippocampus	AA	psi	chr1_1362641_1363276	chr1	1362641	1363276	180	180	0	0	0.0425632470160676	0.980549382116533	2.65918574157537	2.65918574157537	635	175	Promoter	0	Non-heritable	0.0387377814754813	0.644627689484458	0.0126506710079829	608	0	0	0.387377814754813	6.45362499889269	5.17048399503815	6.4118182677099	0.978019967502547
BA_only	hippocampus	AA	psi	chr1_13671016_13672864	chr1	13671016	13672864	17	17	0	0	0.0465213158336572	0.982349282708607	1.23269484396601	-1.23269484396601	1848	494	Intergenic	0	Non-heritable	0.062053279821388	0.897058043802226	0.0216361781794476	27435	0	0	0.62053279821388	7.52185925220163	6.20455776256869	10.2196112986192	0.209202710962916
BA_only	hippocampus	AA	psi	chr1_13699028_13699179	chr1	13699028	13699179	17	17	0	0	0.0651015161199398	0.985907779499035	1.534019115283	-1.534019115283	151	515	Genic/other	1	Non-heritable	0.0469151290700279	0.925010984539089	0.010602389808961	1120	0	0	0.469151290700279	5.01727983681492	6.24610676548156	7.02197642307216	0.427891170457306
BA_only	hippocampus	AA	psi	chr1_13705482_13706534	chr1	13705482	13706534	17	17	0	0	0.0653920190234633	0.985907779499035	1.37064014111915	-1.37064014111915	1052	511	Genic/other	0	Non-heritable	0.0651161257200486	0.906893606329897	0.0177423375321397	0	0	0	0.651161257200486	6.95844839329766	6.23832462503951	0	0.315277894297017
BA_only	hippocampus	AA	psi	chr1_13750927_13751877	chr1	13750927	13751877	16	16	0	0	0.111038231609595	0.990898390030923	3.52246500990323	3.52246500990323	950	539	Genic/other	1	Non-heritable	0.073028331017907	0.94723602989765	0.0104912152923398	0	0	0	0.73028331017907	6.85646198459459	6.29156913955832	0	1.25916103426679
BA_only	hippocampus	AA	psi	chr1_13881055_13881924	chr1	13881055	13881924	2	2	0	0	0.386843050931834	0.99451450116979	1.42849255717079	-1.42849255717079	869	597	Intergenic	0	Heritable	0.106844261162981	0.950113898209849	0.0121784220499611	38022	0	0	1.06844261162981	6.76734312526539	6.39359075395063	10.5459465187686	0.356619739434545
BA_only	hippocampus	AA	psi	chr1_14145777_14146492	chr1	14145777	14146492	0	0	0	0					715	547	Genic/other	0	Heritable	0.114305769555726	0.93903846565415	0.0199343147223895	204532	0	0	1.14305769555726	6.57228254269401	6.30627528694802	12.2284846106395	
BA_only	hippocampus	AA	psi	chr1_14147501_14147688	chr1	14147501	14147688	0	0	0	0					187	548	Genic/other	0	Non-heritable	0.0976663600655585	0.946347195033703	0.0123364225470819	203336	0	0	0.976663600655585	5.23110861685459	6.30809844150953	12.2226199801057	
BA_only	hippocampus	AA	psi	chr1_1419644_1419906	chr1	1419644	1419906	199	199	0	0	0.0079566401887545	0.933559278800072	3.68933872035553	3.68933872035553	262	178	Promoter	2	Heritable	0.238885904753069	0.773413770699353	0.0120594647153113	0	0	0	2.38885904753069	5.5683445037611	5.18738580584076	0	1.30544723612744
BA_only	hippocampus	AA	psi	chr1_1431430_1431728	chr1	1431430	1431728	196	196	0	0	0.000235055714957423	0.503902674622265	2.3163573668672	2.3163573668672	298	183	Genic/other	1	Non-heritable	0.0613714377288487	0.679924056668872	0.00883812894417029	0	0	0	0.613714377288487	5.69709348650541	5.21493575760899	0	0.839995855607561
BA_only	hippocampus	AA	psi	chr1_1432318_1433044	chr1	1432318	1433044	196	196	0	0	0.00317086083177914	0.853185837570312	2.5842640427478	2.5842640427478	726	181	Promoter	2	Non-heritable	0.092085808081342	0.67360543369244	0.00877943224799156	0	0	0	0.92085808081342	6.5875500148248	5.2040066870768	0	0.949440768295456
BA_only	hippocampus	AA	psi	chr1_1443436_1443619	chr1	1443436	1443619	196	196	0	0	0.00130495240600489	0.751221462279749	4.04148694261335	4.04148694261335	183	183	Intergenic	1	Heritable	0.10531176474743	0.730917728284392	0.0132830275550289	6113	0	0	1.0531176474743	5.20948615284142	5.21493575760899	8.71833650245078	1.39661268183405
BA_only	hippocampus	AA	psi	chr1_146932524_146933347	chr1	146932524	146933347	38	38	0	0	0.0204198015251117	0.975856666808667	1.4424140947038	-1.4424140947038	823	93	Intergenic	2	Non-heritable	0.0810721498128014	0.409075816503972	0.0116950330246645	5634	0	0	0.810721498128014	6.71295620067707	4.54329478227	8.63675242647388	0.366318171494629
BA_only	hippocampus	AA	psi	chr1_147190749_147192688	chr1	147190749	147192688	98	98	0	0	0.00364049790002149	0.866906756094015	2.22049586244594	-2.22049586244594	1939	188	Genic/other	0	Non-heritable	0.0399474665688578	0.66190568661605	0.0244835196201029	0	0	0	0.399474665688578	7.56992765524265	5.24174701505964	0	0.797730536908364
BA_only	hippocampus	AA	psi	chr1_147927646_147927776	chr1	147927646	147927776	200	200	0	0	0.0260199669263943	0.975932065139872	0.932744161421894	-0.932744161421894	130	259	Promoter	1	Non-heritable	0.0590352120367871	0.812840616647947	0.0379911667112087	801	0	0	0.590352120367871	4.86753445045558	5.56068163101553	6.68710860786652	-0.0696243157110139
BA_only	hippocampus	AA	psi	chr1_148150830_148150978	chr1	148150830	148150978	1155	1155	0	0	0.000310050129401212	0.543093927512436	7.97100095560388	7.97100095560388	148	183	Genic/other	1	Non-heritable	0.0630717843533109	0.683834845277089	0.00955788525350402	5427	0	0	0.630717843533109	4.99721227376412	5.21493575760899	8.59932602095476	2.0758100765854
BA_only	hippocampus	AA	psi	chr1_148160102_148160977	chr1	148160102	148160977	1390	1390	0	0	0.00110061091358692	0.726050490461723	7.49026146008579	7.49026146008579	875	189	Genic/other	2	Non-heritable	0.0865283536361889	0.642317175564773	0.00862181536550551	0	0	0	0.865283536361889	6.77422388635761	5.24702407216049	0	2.01360370614355
BA_only	hippocampus	AA	psi	chr1_148246619_148247254	chr1	148246619	148247254	1907	1907	0	0	0.000340101919767411	0.556164410623813	4.82244714967078	-4.82244714967078	635	156	Promoter	2	Non-heritable	0.0784355509209841	0.680202173408544	0.00944158783113295	0	0	0	0.784355509209841	6.45362499889269	5.05624580534831	0	1.57328150869693
BA_only	hippocampus	AA	psi	chr1_148279908_148280161	chr1	148279908	148280161	1769	1769	0	0	0.000118726293290014	0.413849507326493	6.85160649462753	-6.85160649462753	253	145	Genic/other	1	Heritable	0.113489129294025	0.728017174560715	0.0112776725020402	0	0	0	1.13489129294025	5.53338948872752	4.98360662170834	0	1.92448315100016
BA_only	hippocampus	AA	psi	chr1_148328866_148329840	chr1	148328866	148329840	1765	1765	0	0	0.000447116214887321	0.604162640906295	13.6405729858568	-13.6405729858568	974	124	Promoter	0	Heritable	0.186635876382941	0.63319986200134	0.0171847424867484	0	0	0	1.86635876382941	6.88141130364254	4.8283137373023	0	2.61304866002688
BA_only	hippocampus	AA	psi	chr1_148361227_148361357	chr1	148361227	148361357	1763	1763	0	0	0.000162902515787858	0.452879333035931	6.78591411853186	6.78591411853186	130	114	Genic/other	0	Heritable	0.158738013938234	0.699823240789016	0.010568571010154	0	0	0	1.58738013938234	4.86753445045558	4.74493212836325	0	1.91484901207211
BA_only	hippocampus	AA	psi	chr1_148361764_148362684	chr1	148361764	148362684	1763	1763	0	0	0.000348205860849791	0.557627972728277	6.57492601666479	6.57492601666479	920	121	Promoter	0	Heritable	0.325440110168593	0.744535015255963	0.0104409490663193	0	0	0	3.25440110168593	6.82437367004309	4.80402104473326	0	1.88326332730317
BA_only	hippocampus	AA	psi	chr1_148387936_148388122	chr1	148387936	148388122	1763	1763	0	0	0.000193495588446463	0.48214617732071	4.94845534950696	-4.94845534950696	186	105	Promoter	0	Heritable	0.568408493627875	0.747008212251318	0.011899107599158	0	0	0	5.68408493627875	5.2257466737132	4.66343909411207	0	1.59907547929886
BA_only	hippocampus	AA	psi	chr1_148529267_148529337	chr1	148529267	148529337	1698	1698	0	0	0.000876052315822583	0.696297367007034	4.17140557166007	4.17140557166007	70	73	Intergenic	1	Non-heritable	0.0859835539007898	0.544296694368856	0.0121734950692414	138	0	0	0.859835539007898	4.24849524204936	4.30406509320417	4.93447393313069	1.42825304895786
BA_only	hippocampus	AA	psi	chr1_148530596_148530830	chr1	148530596	148530830	1698	1698	0	0	0.00062000011860518	0.657105411686211	4.29117064908443	-4.29117064908443	234	72	Intergenic	1	Heritable	0.207489314803403	0.554841792169299	0.0140583918822845	1467	0	0	2.07489314803403	5.4553211153577	4.29045944114839	7.29165620917446	1.45655957662016
BA_only	hippocampus	AA	psi	chr1_148679673_148679735	chr1	148679673	148679735	639	639	1	1	8.99874303298203e-07	0.0206179094136024	12.0707252052263	12.0707252052263	62	56	Genic/other	1		0.0285558477712529		0.0394777438691982	300	1	1	0.285558477712529	4.12713438504509	4.04305126783455	5.70711026474888	2.490783117416
BA_only	hippocampus	AA	psi	chr1_148702893_148703246	chr1	148702893	148703246	313	313	0	0	0.00327566306750199	0.857599671675802	2.09515332726491	-2.09515332726491	353	59	Intergenic	0	Heritable	0.174317644811455	0.426073551151152	0.0112318061613651	0	0	0	1.74317644811455	5.8664680569333	4.0943445622221	0	0.739626742707587
BA_only	hippocampus	AA	psi	chr1_148898900_148899028	chr1	148898900	148899028	42	42	0	0	0.0498113821035443	0.984017207786399	3.5253663392387	3.5253663392387	128	10	Genic/other	0	Low prediction	0.108661007143997	0.173960807173487	0.0141413753145403	0	0	0	1.08661007143997	4.85203026391962	2.39789527279837	0	1.25998435972604
BA_only	hippocampus	AA	psi	chr1_148963814_148964335	chr1	148963814	148964335	698	698	0	0	1.23054862524583e-05	0.110763235140808	5.29783855376639	5.29783855376639	521	4	Genic/other	0		0.00569796790943854		0.0117416384036024	3159	0	0	0.0569796790943854	6.25575004175337	1.6094379124341	8.05832730658096	1.66729891922035
BA_only	hippocampus	AA	psi	chr1_1499032_1499521	chr1	1499032	1499521	213	213	0	0	0.0130165684729954	0.964283399649536	7.14914973848064	7.14914973848064	489	195	Genic/other	0	Heritable	0.118327591381503	0.741781983167282	0.0109901339945034	4139	0	0	1.18327591381503	6.19236248947487	5.27811465923052	8.32845106681936	1.9669934333384
BA_only	hippocampus	AA	psi	chr1_149946358_149946984	chr1	149946358	149946984	306	306	0	0	0.00582023875217223	0.91658260669542	5.49154953191682	5.49154953191682	626	105	Genic/other	0	Non-heritable	0.0590859278553468	0.508697062571159	0.0143565656041784	9646	0	0	0.590859278553468	6.4393503711001	4.66343909411207	9.17440226517055	1.70321046376923
BA_only	hippocampus	AA	psi	chr1_150215140_150215676	chr1	150215140	150215676	176	176	0	0	0.0163841710157331	0.969245141301252	5.37684988942753	5.37684988942753	536	142	Intergenic	0	Non-heritable	0.058593053695328	0.542742186923951	0.0133088664251673	1909	0	0	0.58593053695328	6.2841341610708	4.96284463025991	7.55485852104068	1.68210268213709
BA_only	hippocampus	AA	psi	chr1_150321149_150321217	chr1	150321149	150321217	73	73	0	0	0.00993726732367049	0.944176821191911	4.1696438262709	-4.1696438262709	68	149	Promoter	1	Non-heritable	0.0535374761374736	0.584734807981609	0.0126489065780991	4663	0	0	0.535374761374736	4.21950770517611	5.01063529409626	8.44762872803033	1.42783062119677
BA_only	hippocampus	AA	psi	chr1_150365583_150365734	chr1	150365583	150365734	53	53	0	0	0.0137859344016949	0.964441318501853	5.01744595994161	-5.01744595994161	151	156	Genic/other	1	Non-heritable	0.0377921210949173	0.545959911771548	0.0106997046434065	21148	0	0	0.377921210949173	5.01727983681492	5.05624580534831	9.95934790203275	1.61292103330783
BA_only	hippocampus	AA	psi	chr1_150485809_150486676	chr1	150485809	150486676	65	65	0	0	0.0037880915876225	0.871232310780983	3.24452111738123	-3.24452111738123	867	157	Promoter	0	Non-heritable	0.0637715764333407	0.583172505709727	0.0196051564672537	763	0	0	0.637715764333407	6.76503897678054	5.06259503302697	6.63856778916652	1.17696776681046
BA_only	hippocampus	AA	psi	chr1_150541236_150541412	chr1	150541236	150541412	63	63	0	0	0.000446290927422962	0.604162640906295	3.8643496250803	-3.8643496250803	176	155	Intergenic	0	Non-heritable	0.0991912503599359	0.592592182388614	0.0110009511988016	6289	0	0	0.991912503599359	5.17048399503815	5.04985600724954	8.74671634969449	1.35179339752596
BA_only	hippocampus	AA	psi	chr1_150594128_150594488	chr1	150594128	150594488	77	77	0	0	0.000922287567755574	0.704421462184525	5.27522529993288	-5.27522529993288	360	161	Intergenic	0	Non-heritable	0.0418463707093742	0.581223546712379	0.0119208525344177	0	0	0	0.418463707093742	5.88610403145016	5.08759633523238	0	1.66302139123345
BA_only	hippocampus	AA	psi	chr1_150823589_150823999	chr1	150823589	150823999	113	113	0	0	0.000684528831137159	0.66356279177562	5.15325593843347	-5.15325593843347	410	160	Genic/other	0	Non-heritable	0.0412335290619788	0.535703364573193	0.0110091642118345	0	0	0	0.412335290619788	6.01615715969835	5.08140436498446	0	1.63962873790367
BA_only	hippocampus	AA	psi	chr1_151014909_151015760	chr1	151014909	151015760	94	94	0	0	0.0299840397975834	0.976755277822953	2.56094613200559	2.56094613200559	851	202	Genic/other	0	Non-heritable	0.08405910741761	0.689470454826185	0.0147273735208431	0	0	0	0.8405910741761	6.74641212857337	5.31320597904179	0	0.940376776932056
BA_only	hippocampus	AA	psi	chr1_151318541_151318953	chr1	151318541	151318953	103	103	0	0	0.0141237746649579	0.964826773227435	3.07710781095827	-3.07710781095827	412	243	Genic/other	0	Non-heritable	0.092615723422464	0.820047308447858	0.00942850586251786	0	0	0	0.92615723422464	6.02102334934953	5.4971682252932	0	1.1239901366614
BA_only	hippocampus	AA	psi	chr1_151630849_151631026	chr1	151630849	151631026	80	80	0	0	0.0068404065747627	0.928034838482957	5.31283535069104	5.31283535069104	177	272	Genic/other	0	Non-heritable	0.0564800084602246	0.78389391343412	0.0101544681640357	0	0	0	0.564800084602246	5.17614973257383	5.60947179518496	0	1.67012565897644
BA_only	hippocampus	AA	psi	chr1_151649031_151649239	chr1	151649031	151649239	81	81	0	0	0.00314580412249156	0.852096800112446	4.03100001925631	-4.03100001925631	208	258	Genic/other	0	Heritable	0.114541783746958	0.831675541554512	0.0100080275145195	0	0	0	1.14541783746958	5.33753807970132	5.55682806169954	0	1.39401449139286
BA_only	hippocampus	AA	psi	chr1_152188737_152189293	chr1	152188737	152189293	35	35	0	0	0.106883010813371	0.990610842832516	0.606579869569311	-0.606579869569311	556	255	Promoter	2	Non-heritable	0.0983625034526237	0.761077843538854	0.0124918412688476	0	0	0	0.983625034526237	6.32076829425058	5.54517744447956	0	-0.499918853467824
BA_only	hippocampus	AA	psi	chr1_153260803_153261015	chr1	153260803	153261015	15	15	0	0	0.00224955602833575	0.818039030279412	4.71014961406303	4.71014961406303	212	343	Genic/other	2	Non-heritable	0.0858531691547415	0.853854777800643	0.00710306039826826	84354	0	0	0.858531691547415	5.35658627467201	5.8406416573734	11.3427893630401	1.54971967484075
BA_only	hippocampus	AA	psi	chr1_153701251_153701511	chr1	153701251	153701511	45	45	0	0	0.0177947638540929	0.970931943606436	1.79159099038808	1.79159099038808	260	265	Genic/other	0	Non-heritable	0.0773455706849191	0.843309283169995	0.0104451900504582	31414	0	0	0.773455706849191	5.56068163101553	5.5834963087817	10.355040764837	0.58310405211227
BA_only	hippocampus	AA	psi	chr1_15392258_15392424	chr1	15392258	15392424	41	41	0	0	0.0567019746954049	0.98577631996496	1.72659064924925	1.72659064924925	166	553	Genic/other	0	Heritable	0.157079502155369	0.95793039400217	0.0101160911641292	0	0	0	1.57079502155369	5.11198778835654	6.31716468674728	0	0.546148746894568
BA_only	hippocampus	AA	psi	chr1_15396955_15397698	chr1	15396955	15397698	41	41	0	0	0.0455912437867383	0.98171760103388	1.43398495326305	1.43398495326305	743	559	Genic/other	0	Heritable	0.123225019412957	0.955364430981342	0.0126293321920979	0	0	0	1.23225019412957	6.61069604471776	6.3279367837292	0	0.360457256252891
BA_only	hippocampus	AA	psi	chr1_15417957_15418430	chr1	15417957	15418430	44	44	0	0	0.0288286162301441	0.975932065139872	1.56388580016077	1.56388580016077	473	538	Genic/other	0	Heritable	0.101888492373119	0.945536403202651	0.0107569407531767	6965	0	0	1.01888492373119	6.15909538849193	6.289715570909	8.84879645092595	0.4471736280515
BA_only	hippocampus	AA	psi	chr1_1544268_1544706	chr1	1544268	1544706	202	202	0	0	0.00820464127079521	0.933559278800072	2.924661700908	2.924661700908	438	204	Genic/other	1	Heritable	0.116163306005782	0.76011230797599	0.0145013032518901	16572	0	0	1.16163306005782	6.08221891037645	5.32300997913841	9.71553014412354	1.07317881960491
BA_only	hippocampus	AA	psi	chr1_15494489_15494819	chr1	15494489	15494819	48	48	0	0	0.0227583222125496	0.975932065139872	1.43592401244127	-1.43592401244127	330	490	Genic/other	0	Heritable	0.120149127468635	0.949306523098504	0.0134990864453703	0	0	0	1.20149127468635	5.79909265446053	6.19644412779452	0	0.361808560062832
BA_only	hippocampus	AA	psi	chr1_155231089_155231988	chr1	155231089	155231988	253	253	0	0	0.00127783926878245	0.748685029382681	7.82592296008214	-7.82592296008214	899	275	Genic/other	1	Heritable	0.47734906436197	0.828373185775836	0.0110997370547961	0	0	0	4.7734906436197	6.80128303447162	5.62040086571715	0	2.05744168091869
BA_only	hippocampus	AA	psi	chr1_155544910_155545096	chr1	155544910	155545096	162	162	0	0	0.00156257593768581	0.777798990961062	2.13459522523882	2.13459522523882	186	154	Genic/other	0	Non-heritable	0.0649421850542567	0.559415328144884	0.0113136205308155	0	0	0	0.649421850542567	5.2257466737132	5.04342511691925	0	0.758277043338776
BA_only	hippocampus	AA	psi	chr1_15554757_15555978	chr1	15554757	15555978	256	256	0	0	0.0162078423028404	0.968488821675069	4.17952565330042	-4.17952565330042	1221	433	Genic/other	0	Heritable	0.145868770438265	0.936980268332672	0.0205106260190005	10201	0	0	1.45868770438265	7.10742547411071	6.07304453410041	9.23033905848287	1.43019776241826
BA_only	hippocampus	AA	psi	chr1_15564614_15565391	chr1	15564614	15565391	256	256	0	0	0.00304862412676213	0.846573428968813	4.39046207643714	-4.39046207643714	777	441	Promoter	0	Heritable	0.129370721436394	0.93436299375398	0.0120033238522871	788	0	0	1.29370721436394	6.65544035036765	6.0913098820777	6.67076632084587	1.47943448041726
BA_only	hippocampus	AA	psi	chr1_155689804_155690277	chr1	155689804	155690277	147	147	0	0	0.00730726580662249	0.932841257215428	3.42782541962497	-3.42782541962497	473	176	Promoter	1	Heritable	0.16042930158414	0.683783682971042	0.0103583188911456	0	0	0	1.6042930158414	6.15909538849193	5.17614973257383	0	1.23192607459196
BA_only	hippocampus	AA	psi	chr1_155691000_155695885	chr1	155691000	155695885	146	146	0	0	0.000365074629944835	0.568907760473766	3.85097085947845	-3.85097085947845	4885	168	Genic/other	2	Heritable	0.307322824832556	0.741561584925078	0.0245679050694375	0	0	0	3.07322824832556	8.49392456447688	5.12989871492307	0	1.34832529039971
BA_only	hippocampus	AA	psi	chr1_155822620_155823218	chr1	155822620	155823218	166	166	0	0	0.00333084739690274	0.862196636847403	1.99713317827627	-1.99713317827627	598	184	Genic/other	0	Non-heritable	0.0792971328703596	0.716970700270573	0.0148202892661408	3809	0	0	0.792971328703596	6.39359075395063	5.22035582507832	8.24538446812075	0.691712746389124
BA_only	hippocampus	AA	psi	chr1_15584195_15584303	chr1	15584195	15584303	255	255	0	0	0.0109478190470544	0.946441805516219	4.87703440683648	-4.87703440683648	108	429	Genic/other	1	Heritable	0.156889679110643	0.932857626190203	0.014646444816118	4138	0	0	1.56889679110643	4.68213122712422	6.06378520868761	8.32820949174873	1.58453733367174
BA_only	hippocampus	AA	psi	chr1_15590565_15592015	chr1	15590565	15592015	255	255	0	0	0.0104714607379955	0.944902218841749	4.08222132749187	-4.08222132749187	1450	440	Genic/other	0	Heritable	0.126612868709924	0.930294006804786	0.0230492617141879	0	0	0	1.26612868709924	7.27931883541462	6.08904487544685	0	1.40664128572311
BA_only	hippocampus	AA	psi	chr1_15611202_15611840	chr1	15611202	15611840	252	252	0	0	0.0133132308523239	0.964283399649536	4.43782152534808	-4.43782152534808	638	426	Genic/other	0	Heritable	0.110229294007198	0.931096898361772	0.0117276631398383	8112	0	0	1.10229294007198	6.45833828334479	6.05678401322863	9.00122299239506	1.49016361084652
BA_only	hippocampus	AA	psi	chr1_156389215_156389461	chr1	156389215	156389461	573	573	0	0	0.00222530919083301	0.817446144573316	11.5985600083767	-11.5985600083767	246	411	Genic/other	1	Non-heritable	0.0848147568781233	0.911236659614793	0.0108787455796692	0	0	0	0.848147568781233	5.50533153593236	6.02102334934953	0	2.45088095405993
BA_only	hippocampus	AA	psi	chr1_156437529_156438134	chr1	156437529	156438134	569	569	0	0	0.00280882072418458	0.842787348926733	3.47814395951334	3.47814395951334	605	434	Genic/other	1	Non-heritable	0.0432436345071839	0.8567893807418	0.0102655711632946	0	0	0	0.432436345071839	6.40522845803084	6.07534603108868	0	1.24649880941503
BA_only	hippocampus	AA	psi	chr1_156455790_156456225	chr1	156455790	156456225	570	570	0	0	0.00533466818410591	0.912035111152522	3.56356744120721	3.56356744120721	435	442	Genic/other	1	Non-heritable	0.0531073586178622	0.919548926797554	0.0176579707544884	0	0	0	0.531073586178622	6.07534603108868	6.09356977004514	0	1.27076213613962
BA_only	hippocampus	AA	psi	chr1_15646163_15646601	chr1	15646163	15646601	249	249	0	0	0.00665552442325018	0.925612042812802	4.00536480742191	-4.00536480742191	438	423	Genic/other	0	Heritable	0.106352039607169	0.935676286260205	0.015974517136762	2640	0	0	1.06352039607169	6.08221891037645	6.04973345523196	7.87891291229713	1.3876346668642
BA_only	hippocampus	AA	psi	chr1_156619156_156619934	chr1	156619156	156619934	551	551	0	0	0.00053390577018709	0.634041488538523	4.48757284934113	4.48757284934113	778	444	Promoter	1	Non-heritable	0.0716707885057346	0.920149057302345	0.0162702531133672	0	0	0	0.716707885057346	6.65672652417839	6.09807428216624	0	1.50131198974747
BA_only	hippocampus	AA	psi	chr1_15682511_15682710	chr1	15682511	15682710	244	244	0	0	0.00281593786870563	0.843605854399617	3.85152286565094	-3.85152286565094	199	428	Genic/other	1	Non-heritable	0.0719508386449719	0.908408861205585	0.0113878552164879	22673	0	0	0.719508386449719	5.29330482472449	6.06145691892802	10.0289741725775	1.3484686222067
BA_only	hippocampus	AA	psi	chr1_1570968_1571325	chr1	1570968	1571325	179	179	0	0	0.00663568809915164	0.925319278784117	4.48587627130477	4.48587627130477	357	239	Genic/other	1	Heritable	0.102878003733653	0.798097539562795	0.0119186469194973	28908	0	0	1.02878003733653	5.87773578177964	5.48063892334199	10.2719082443049	1.50093385687348
BA_only	hippocampus	AA	psi	chr1_157278965_157279842	chr1	157278965	157279842	27	27	0	0	0.0100215578149338	0.944902218841749	0.993298910883153	-0.993298910883153	877	467	Promoter	0	Heritable	0.124281294950097	0.926813252814083	0.0126335750132539	0	0	0	1.24281294950097	6.77650699237218	6.14846829591765	0	-0.006723632157115
BA_only	hippocampus	AA	psi	chr1_15759669_15760827	chr1	15759669	15760827	244	244	0	0	0.00760674338863185	0.933559278800072	3.81924933193167	-3.81924933193167	1158	394	Enhancer	1	Heritable	0.13793366744552	0.91722363185794	0.0246718941381558	0	0	0	1.3793366744552	7.05444965813294	5.97888576490112	0	1.34005389596065
BA_only	hippocampus	AA	psi	chr1_15773084_15773476	chr1	15773084	15773476	248	248	0	0	0.00234481195033578	0.822334049093026	5.8824849743387	-5.8824849743387	392	395	Genic/other	0	Heritable	0.143496844452595	0.918628143370417	0.0130481378817168	0	0	0	1.43496844452595	5.97126183979046	5.98141421125448	0	1.77197928901752
BA_only	hippocampus	AA	psi	chr1_15774944_15775729	chr1	15774944	15775729	239	239	0	0	0.0105364401681221	0.944902218841749	2.89353891258067	-2.89353891258067	785	388	Genic/other	0	Heritable	0.138468949571327	0.918898644264607	0.0165618973047134	0	0	0	1.38468949571327	6.66568371778241	5.96357934361845	0	1.06248029367125
BA_only	hippocampus	AA	psi	chr1_15784990_15785973	chr1	15784990	15785973	241	241	0	0	0.0100369971555495	0.944902218841749	2.69515652513879	-2.69515652513879	983	381	Genic/other	0	Heritable	0.150113208869769	0.910575682076526	0.0398124858144983	0	0	0	1.50113208869769	6.89060912014717	5.94542060860658	0	0.991456286213617
BA_only	hippocampus	AA	psi	chr1_15798054_15799255	chr1	15798054	15799255	244	244	0	0	0.0145214557474901	0.966089857218066	4.67153028791788	-4.67153028791788	1201	367	Enhancer	0	Heritable	0.136027865925032	0.90616420191936	0.020689868173199	0	0	0	1.36027865925032	7.09090982207998	5.90808293816893	0	1.54148670492349
BA_only	hippocampus	AA	psi	chr1_15813830_15815282	chr1	15813830	15815282	249	249	0	0	0.00560868674155495	0.914301706404424	2.8385777179933	-2.8385777179933	1452	365	Intergenic	0	Heritable	0.14910602007391	0.92360597660483	0.0181654351731073	0	0	0	1.4910602007391	7.28069719538474	5.90263333340137	0	1.04330312672855
BA_only	hippocampus	AA	psi	chr1_15819248_15820263	chr1	15819248	15820263	247	247	0	0	0.00719797062171564	0.931602204679102	4.80839962118552	-4.80839962118552	1015	356	Intergenic	0	Heritable	0.167271197622413	0.905751209996344	0.0148007645799629	0	0	0	1.67271197622413	6.92264389147589	5.87773578177964	0	1.57036431174584
BA_only	hippocampus	AA	psi	chr1_15821115_15821542	chr1	15821115	15821542	247	247	0	0	0.016101348244542	0.968106276565941	2.56611115052278	-2.56611115052278	427	362	Intergenic	0	Heritable	0.13123913399317	0.894061123617998	0.0136845873774843	0	0	0	1.3123913399317	6.05678401322863	5.89440283426485	0	0.942391585801816
BA_only	hippocampus	AA	psi	chr1_158212502_158214229	chr1	158212502	158214229	44	44	0	0	0.0103245130408287	0.944902218841749	1.49876883793991	-1.49876883793991	1727	365	Intergenic	0	Heritable	0.686872737609041	0.877805412698374	0.00858023034799865	28565	0	0	6.86872737609041	7.45414107814668	5.90263333340137	10.2599724784226	0.404644003053597
BA_only	hippocampus	AA	psi	chr1_15833305_15833485	chr1	15833305	15833485	246	246	0	0	0.00119976158025329	0.740631514849194	6.73511669422249	-6.73511669422249	180	347	Genic/other	1	Heritable	0.14874240123831	0.890378572685486	0.0104725500304873	0	0	0	1.4874240123831	5.19295685089021	5.85220247977447	0	1.90733513773336
BA_only	hippocampus	AA	psi	chr1_158495946_158496398	chr1	158495946	158496398	14	14	0	0	0.000880341212157714	0.696297367007034	6.82590452212615	-6.82590452212615	452	435	Genic/other	0	Heritable	0.552431609144135	0.922617981076033	0.0163903710910148	1164	0	0	5.52431609144135	6.11368217983223	6.07764224334903	7.0604763659998	1.92072486446907
BA_only	hippocampus	AA	psi	chr1_158761390_158761797	chr1	158761390	158761797	5	5	0	0	0.704480348633551	0.997543272146997	0.128136662476878	0.128136662476878	407	388	Genic/other	0	Non-heritable	0.095426101065907	0.89407112971463	0.0121698491364568	17182	0	0	0.95426101065907	6.0088131854426	5.96357934361845	9.75167580194675	-2.05465783098046
BA_only	hippocampus	AA	psi	chr1_1589311_1589733	chr1	1589311	1589733	174	174	0	0	0.0015597839624548	0.777132814755397	3.29524632539966	3.29524632539966	422	235	Intergenic	0	Heritable	0.114034694465441	0.799308975204821	0.0132223954749187	10500	0	0	1.14034694465441	6.04500531403601	5.46383180502561	9.25922576970599	1.19248092552414
BA_only	hippocampus	AA	psi	chr1_15904704_15905913	chr1	15904704	15905913	239	239	0	0	0.0096958846575578	0.939841915020693	3.30671411218507	-3.30671411218507	1209	322	Genic/other	0	Heritable	0.134453330756754	0.891545701549573	0.0203163576607977	0	0	0	1.34453330756754	7.09754885061479	5.77765232322266	0	1.19595498399295
BA_only	hippocampus	AA	psi	chr1_15909921_15910110	chr1	15909921	15910110	239	239	0	0	0.00664075753194056	0.925354564313795	5.51516707167978	-5.51516707167978	189	320	Genic/other	0	Heritable	0.125910629962346	0.893772156808612	0.0123276931443141	596	0	0	1.25910629962346	5.24174701505964	5.77144112313002	6.3919171133926	1.70750194810871
BA_only	hippocampus	AA	psi	chr1_15911208_15914551	chr1	15911208	15914551	239	239	0	0	0.0168457883411332	0.970581273335112	4.54774912755023	-4.54774912755023	3343	325	Genic/other	0	Heritable	0.101958079488537	0.888363849424836	0.0149720002743832	1883	0	0	1.01958079488537	8.1146238864201	5.78689738136671	7.54115245513631	1.51463241551699
BA_only	hippocampus	AA	psi	chr1_1592474_1592793	chr1	1592474	1592793	172	172	0	0	0.0139108305925201	0.964441318501853	2.28774115341591	-2.28774115341591	319	234	Intergenic	0	Heritable	0.144169067670785	0.809810786981452	0.0120872733908305	7440	0	0	1.44169067670785	5.76519110278484	5.45958551414416	8.91476052739726	0.827564939240449
BA_only	hippocampus	AA	psi	chr1_15980274_15981321	chr1	15980274	15981321	242	242	0	0	0.00555783981128771	0.914301706404424	3.69638619168712	-3.69638619168712	1047	291	Intergenic	0	Heritable	0.132334132158208	0.861040992708382	0.0123872366854847	33338	0	0	1.32334132158208	6.95368421087054	5.67675380226828	10.4144831618538	1.30735564011901
BA_only	hippocampus	AA	psi	chr1_15988425_15989005	chr1	15988425	15989005	240	240	0	0	0.0122346635325319	0.958114501366699	3.50053202681843	-3.50053202681843	580	300	Promoter	0	Heritable	0.139331549036077	0.852722506417136	0.0153865145981961	26753	0	0	1.39331549036077	6.36302810354047	5.70711026474888	10.1944392738555	1.25291496746249
BA_only	hippocampus	AA	psi	chr1_160722500_160722807	chr1	160722500	160722807	37	37	0	0	0.0295000505119592	0.976712848084579	3.02592503485741	-3.02592503485741	307	353	Intergenic	0	Non-heritable	0.0791488281288497	0.893576132081176	0.0102405584651415	9809	0	0	0.791488281288497	5.7268477475872	5.86929691313377	9.19115755255941	1.10721684468839
BA_only	hippocampus	AA	psi	chr1_16074748_16074944	chr1	16074748	16074944	38	38	0	0	0.0775337284902842	0.987720536119146	2.42068231701832	-2.42068231701832	196	313	Genic/other	1	Heritable	0.170903282737207	0.87186890210772	0.0110660484135789	1326	0	0	1.70903282737207	5.27811465923052	5.74939298590825	7.19067603433221	0.884049453740585
BA_only	hippocampus	AA	psi	chr1_160985050_160985506	chr1	160985050	160985506	180	180	0	0	0.00444177956049562	0.891952516200064	3.28163154549168	-3.28163154549168	456	359	Intergenic	0	Heritable	0.145971119619185	0.898845005268416	0.0163714679368815	14841	0	0	1.45971119619185	6.12249280951439	5.88610403145016	9.60521627853008	1.1883407241758
BA_only	hippocampus	AA	psi	chr1_161200531_161201421	chr1	161200531	161201421	172	172	0	0	0.00881955004293466	0.934101276321172	3.22291081811611	-3.22291081811611	890	312	Promoter	1	Heritable	0.145363694830983	0.896125390933035	0.00968851038488058	0	0	0	1.45363694830983	6.79122146272619	5.74620319054015	0	1.17028493509595
BA_only	hippocampus	AA	psi	chr1_161313615_161313780	chr1	161313615	161313780	187	187	0	0	0.00536893605549004	0.912879991616862	2.4972808528524	-2.4972808528524	165	308	Promoter	1	Heritable	0.13515027169107	0.862255218370509	0.0110648287193988	644	0	0	1.3515027169107	5.10594547390058	5.73334127689775	6.46925031679577	0.915202485089323
BA_only	hippocampus	AA	psi	chr1_16136294_16137091	chr1	16136294	16137091	34	34	0	0	0.00722897136447517	0.931602204679102	1.37604952966755	-1.37604952966755	797	297	Genic/other	1	Heritable	0.200418547973756	0.861805435196415	0.023228430185928	20087	0	0	2.00418547973756	6.68085467879022	5.69709348650541	9.90787790083742	0.319216741528442
BA_only	hippocampus	AA	psi	chr1_161379022_161379370	chr1	161379022	161379370	162	162	0	0	0.00186528380712746	0.800632140208814	3.02585077386159	3.02585077386159	348	295	Promoter	0	Heritable	0.570233197082871	0.877442129374395	0.0105297636960707	10861	0	0	5.70233197082871	5.85220247977447	5.69035945432406	9.29302573859479	1.10719230280253
BA_only	hippocampus	AA	psi	chr1_161442826_161443878	chr1	161442826	161443878	130	130	0	0	0.0230532120607286	0.975932065139872	3.30966723473679	3.30966723473679	1052	273	Genic/other	1	Heritable	0.258808783555758	0.869923966360403	0.0126159279475631	18185	0	0	2.58808783555758	6.95844839329766	5.61312810638807	9.80840734628586	1.19684765404446
BA_only	hippocampus	AA	psi	chr1_161457625_161459489	chr1	161457625	161459489	130	130	0	0	0.00516117973832612	0.909885926705608	3.80778553132182	3.80778553132182	1864	261	Genic/other	1	Heritable	0.133528636436718	0.867790893557564	0.00744914627506393	32984	0	0	1.33528636436718	7.53047999524554	5.5683445037611	10.403808191657	1.33704779741301
BA_only	hippocampus	AA	psi	chr1_161524787_161525303	chr1	161524787	161525303	76	76	0	0	0.0210338139190525	0.975856666808667	2.63719052228112	-2.63719052228112	516	289	Genic/other	1	Non-heritable	0.0842169311527391	0.813528789735998	0.0162526402674272	3474	0	0	0.842169311527391	6.24610676548156	5.66988092298052	8.15334975799889	0.969714158185767
BA_only	hippocampus	AA	psi	chr1_161532039_161532164	chr1	161532039	161532164	77	77	0	0	0.00669868488491551	0.926346320137909	2.90734285124607	-2.90734285124607	125	287	Genic/other	1	Heritable	0.159640172681067	0.887173751954366	0.0102784375373196	1307	0	0	1.59640172681067	4.8283137373023	5.66296048013595	7.17625453201714	1.06723955794707
BA_only	hippocampus	AA	psi	chr1_161605884_161606236	chr1	161605884	161606236	71	71	0	0	0.0728652270117523	0.985907779499035	1.43621067192798	-1.43621067192798	352	312	Promoter	1	Heritable	0.309160308178893	0.882438796173054	0.0165459327054638	4183	0	0	3.09160308178893	5.8636311755981	5.74620319054015	8.33902300574476	0.362008174299049
BA_only	hippocampus	AA	psi	chr1_161613082_161613311	chr1	161613082	161613311	71	71	0	0	0.0104430736292533	0.944902218841749	1.90357530531404	-1.90357530531404	229	307	Genic/other	1	Non-heritable	0.0630379085043847	0.695906844825775	0.0142403487179492	745	0	0	0.630379085043847	5.43372200355424	5.73009978297357	6.61472560020376	0.643733862810517
BA_only	hippocampus	AA	psi	chr1_16214940_16215771	chr1	16214940	16215771	43	43	0	0	0.00954198001304211	0.939841915020693	1.7587027369339	-1.7587027369339	831	288	Genic/other	2	Heritable	0.14636780715904	0.847616354546346	0.0164287183641487	289	0	0	1.4636780715904	6.72262979485545	5.66642668811243	5.66988092298052	0.564576461670544
BA_only	hippocampus	AA	psi	chr1_162427933_162428226	chr1	162427933	162428226	12	12	0	0	0.0422601669375412	0.980549382116533	1.16003955693189	1.16003955693189	293	447	Intergenic	0	Heritable	0.128527669892905	0.923571690635082	0.0127864569699054	18224	0	0	1.28527669892905	5.68017260901707	6.10479323241499	9.81054955687686	0.148454113960603
BA_only	hippocampus	AA	psi	chr1_16271425_16272149	chr1	16271425	16272149	46	46	0	0	0.0067823654438969	0.927297122675783	2.71313228705295	2.71313228705295	724	250	Genic/other	0	Heritable	0.122632091011564	0.833435854817894	0.0109440379683386	37812	0	0	1.22632091011564	6.58479139238572	5.52545293913178	10.5404082378263	0.998103796606165
BA_only	hippocampus	AA	psi	chr1_16282286_16283784	chr1	16282286	16283784	43	43	0	0	0.014777262597981	0.966089857218066	2.6471668337989	2.6471668337989	1498	241	Genic/other	0	Heritable	0.134855698416871	0.834281416507957	0.0123600883202841	48673	0	0	1.34855698416871	7.31188616407717	5.48893772615669	10.792900285602	0.973489952538856
BA_only	hippocampus	AA	psi	chr1_16295612_16296628	chr1	16295612	16296628	43	43	0	0	0.00773787448184364	0.933559278800072	2.79449707095757	2.79449707095757	1016	237	Genic/other	0	Heritable	0.175014282771316	0.831357498697865	0.0117980878489537	61999	0	0	1.75014282771316	6.92362862813843	5.47227067367148	11.0348896640272	1.02765215516009
BA_only	hippocampus	AA	psi	chr1_16298595_16299353	chr1	16298595	16299353	40	40	0	0	0.00467996383788196	0.900895908545546	1.91059175968539	1.91059175968539	758	235	Genic/other	0	Heritable	0.127612830634729	0.812356752790427	0.0125860982030939	64982	0	0	1.27612830634729	6.63068338564237	5.46383180502561	11.0818809762091	0.64741302113246
BA_only	hippocampus	AA	psi	chr1_16304398_16305850	chr1	16304398	16305850	38	38	0	0	0.00402187857000199	0.877181378423641	1.96034858643368	1.96034858643368	1452	226	Genic/other	0	Heritable	0.124146505999237	0.773958880012285	0.0175947377524847	61457	0	0	1.24146505999237	7.28069719538474	5.4249500174814	11.0261092936646	0.673122312751349
BA_only	hippocampus	AA	psi	chr1_16329953_16331848	chr1	16329953	16331848	35	35	0	0	0.00384472022579729	0.872048104414303	2.02436380261403	2.02436380261403	1895	226	Genic/other	0	Heritable	0.105155169493602	0.770724764976373	0.0152683611539101	35459	0	0	1.05155169493602	7.54697411751653	5.4249500174814	10.4761605796282	0.705255484587479
BA_only	hippocampus	AA	psi	chr1_16337620_16338280	chr1	16337620	16338280	35	35	0	0	0.0152903610539414	0.967076513219291	2.16412269597104	2.16412269597104	660	215	Genic/other	0	Heritable	0.178538885446151	0.801807056156945	0.0150198173517972	29027	0	0	1.78538885446151	6.49223983502047	5.37527840768417	10.276016160398	0.772015062690452
BA_only	hippocampus	AA	psi	chr1_1633911_1634027	chr1	1633911	1634027	168	168	0	0	0.00546722941077534	0.914301706404424	3.08091167852679	3.08091167852679	116	237	Promoter	1	Non-heritable	0.0831846995876683	0.778673556223696	0.017293604671511	722	0	0	0.831846995876683	4.75359019110636	5.47227067367148	6.58340922215877	1.12522555595375
BA_only	hippocampus	AA	psi	chr1_16344615_16345740	chr1	16344615	16345740	36	36	0	0	0.016159846337191	0.968106276565941	2.35322321636528	2.35322321636528	1125	220	Genic/other	0	Heritable	0.117774837263039	0.793149352324447	0.0148022460691467	21567	0	0	1.17774837263039	7.02553831463852	5.39816270151775	9.97896601371203	0.855785974078986
BA_only	hippocampus	AA	psi	chr1_16361343_16362278	chr1	16361343	16362278	39	39	0	0	0.00830218361562607	0.933559278800072	1.95530408053212	1.95530408053212	935	223	Genic/other	0	Heritable	0.1604259044864	0.799023087303506	0.0176012135680173	5029	0	0	1.604259044864	6.84054652928869	5.41164605185504	8.52317526309379	0.670545726370673
BA_only	hippocampus	AA	psi	chr1_16366051_16366619	chr1	16366051	16366619	41	41	0	0	0.00583857702122053	0.91658260669542	2.74309712559834	2.74309712559834	568	235	Promoter	1	Heritable	0.101089621075638	0.761972274603727	0.0143513798944887	688	0	0	1.01089621075638	6.34212141872115	5.46383180502561	6.53524127101366	1.00908762350431
BA_only	hippocampus	AA	psi	chr1_16370842_16371866	chr1	16370842	16371866	41	41	0	0	0.00511012619104067	0.909885926705608	2.30399150986075	2.30399150986075	1024	228	Genic/other	1	Heritable	0.122658943280922	0.777336575336725	0.0142253771788631	0	0	0	1.22658943280922	6.93147180559945	5.43372200355424	0	0.834643062210877
BA_only	hippocampus	AA	psi	chr1_16381788_16383236	chr1	16381788	16383236	43	43	0	0	0.00484721019508134	0.903845859635741	1.51172485495353	1.51172485495353	1448	222	Genic/other	0	Non-heritable	0.0948908227947363	0.778652933954105	0.0311450778244991	0	0	0	0.948908227947363	7.27793857294566	5.40717177146012	0	0.413251293575898
BA_only	hippocampus	AA	psi	chr1_16388724_16389459	chr1	16388724	16389459	52	52	0	0	0.00364166547657139	0.866906756094015	2.2968595945434	2.2968595945434	735	222	Genic/other	0	Heritable	0.102213260619778	0.791358071033538	0.0147470950605401	0	0	0	1.02213260619778	6.59987049921284	5.40717177146012	0	0.831542800612775
BA_only	hippocampus	AA	psi	chr1_163961139_163961542	chr1	163961139	163961542	6	6	0	0	0.175101954613952	0.991064867102684	0.313077148214607	-0.313077148214607	403	307	Intergenic	0	Heritable	0.101532180735339	0.84558751177748	0.0512213081561438	80832	0	0	1.01532180735339	5.99893656194668	5.73009978297357	11.3001405769717	-1.16130560695329
BA_only	hippocampus	AA	psi	chr1_16453708_16454985	chr1	16453708	16454985	84	84	0	0	0.0040925214950248	0.881593601077023	1.89572590998409	1.89572590998409	1277	228	Promoter	0	Heritable	0.119005934433834	0.775803410049374	0.0238093936599812	1869	0	0	1.19005934433834	7.15226885603254	5.43372200355424	7.53369370984863	0.639601836413048
BA_only	hippocampus	AA	psi	chr1_164576722_164577345	chr1	164576722	164577345	17	17	0	0	0.0296612725245066	0.976741514025636	1.42251825719876	-1.42251825719876	623	444	Promoter	1	Non-heritable	0.0354935077007047	0.852081295067724	0.0122473030498562	0	0	0	0.354935077007047	6.43454651878745	6.09807428216624	0	0.352428728551896
BA_only	hippocampus	AA	psi	chr1_1649702_1650490	chr1	1649702	1650490	182	182	0	0	0.00612152589711107	0.920376068783091	2.7218030848898	2.7218030848898	788	232	Genic/other	0	Heritable	0.108172979976114	0.799201390690309	0.015698622909021	0	0	0	1.08172979976114	6.66949808985788	5.4510384535657	0	1.00129456321809
BA_only	hippocampus	AA	psi	chr1_1666785_1667369	chr1	1666785	1667369	174	174	0	0	0.00691514598140276	0.928872608627617	2.11697327147651	2.11697327147651	584	225	Genic/other	1	Non-heritable	0.0757238651886783	0.7760087672021	0.0148893323777186	0	0	0	0.757238651886783	6.36990098282823	5.42053499927229	0	0.749987371136149
BA_only	hippocampus	AA	psi	chr1_16678138_16678820	chr1	16678138	16678820	143	143	0	0	0.00454216662421945	0.896384732001839	1.76253559221482	1.76253559221482	682	234	Genic/other	2	Heritable	0.226497537002812	0.814741713263726	0.0129753909506467	7934	0	0	2.26497537002812	6.52502965784346	5.45958551414416	8.97903863296051	0.566753455338469
BA_only	hippocampus	AA	psi	chr1_16680528_16680679	chr1	16680528	16680679	144	144	0	0	0.0140474949828605	0.964826773227435	2.00677605318613	2.00677605318613	151	235	Promoter	2	Heritable	0.117837805275884	0.804572403878842	0.0125279260712984	6075	0	0	1.17837805275884	5.01727983681492	5.46383180502561	8.71210186371566	0.696529485704586
BA_only	hippocampus	AA	psi	chr1_16689316_16689710	chr1	16689316	16689710	143	143	0	0	0.0228077245881369	0.975932065139872	1.68733852450753	1.68733852450753	394	223	Promoter	1	Non-heritable	0.067028537485636	0.817037814244779	0.0147189583073032	1583	0	0	0.67028537485636	5.97635090929793	5.41164605185504	7.36770857237437	0.523152455931816
BA_only	hippocampus	AA	psi	chr1_16692189_16692568	chr1	16692189	16692568	143	143	0	0	0.0123351827581583	0.958949015439713	4.09072748277713	4.09072748277713	379	233	Promoter	1	Non-heritable	0.0378529833014254	0.824369606723172	0.0122825827970076	0	0	0	0.378529833014254	5.93753620508243	5.4553211153577	0	1.40872282533218
BA_only	hippocampus	AA	psi	chr1_167045283_167045785	chr1	167045283	167045785	13	13	0	0	0.0198885241990367	0.975042617701122	3.6016695385673	3.6016695385673	502	400	Intergenic	0	Heritable	0.100516273207401	0.922009394192255	0.0101835790887002	6980	0	0	1.00516273207401	6.21860011969173	5.99396142730657	8.8509474519704	1.28139750144793
BA_only	hippocampus	AA	psi	chr1_16712981_16713657	chr1	16712981	16713657	141	141	0	0	0.0102383043086883	0.944902218841749	4.17500978867454	-4.17500978867454	676	241	Genic/other	0	Non-heritable	0.0565609562228157	0.822897329058341	0.00910485349658346	15723	0	0	0.565609562228157	6.51619307604296	5.48893772615669	9.66294348654175	1.42911670528798
BA_only	hippocampus	AA	psi	chr1_167751527_167751619	chr1	167751527	167751619	31	31	0	0	0.0107605874616345	0.944902218841749	2.27337596933696	2.27337596933696	92	515	Genic/other	0	Heritable	0.118942968435489	0.942793049773522	0.009385869479907	14129	0	0	1.18942968435489	4.52178857704904	6.24610676548156	9.55605547567857	0.821265942250441
BA_only	hippocampus	AA	psi	chr1_16796340_16796828	chr1	16796340	16796828	143	143	0	0	0.0482766238263438	0.982661996589092	1.68480045312515	1.68480045312515	488	313	Genic/other	0	Non-heritable	0.0848167575241562	0.870791759436513	0.00942328036328683	0	0	0	0.848167575241562	6.19031540585315	5.74939298590825	0	0.521647137281884
BA_only	hippocampus	AA	psi	chr1_168056189_168056436	chr1	168056189	168056436	14	14	0	0	0.0663609227160294	0.985907779499035	1.10120408528923	-1.10120408528923	247	527	Promoter	2	Heritable	0.107615988774107	0.904762491644302	0.0194392921060606	0	0	0	1.07615988774107	5.50938833662798	6.26909628370626	0	0.096404213212591
BA_only	hippocampus	AA	psi	chr1_168247744_168248696	chr1	168247744	168248696	97	97	0	0	0.0086015081895342	0.933559278800072	4.05269217111148	4.05269217111148	952	496	Promoter	0	Non-heritable	0.0356364188929443	0.880307120576438	0.00915933398623669	11154	0	0	0.356364188929443	6.85856503479137	6.20859002609663	9.31964310686663	1.39938139635619
BA_only	hippocampus	AA	psi	chr1_1685870_1686440	chr1	1685870	1686440	127	127	0	0	0.00303680267162157	0.846573428968813	2.07214979987561	2.07214979987561	570	205	Genic/other	0	Heritable	0.122070802930162	0.792359830497489	0.0177220351430465	6181	0	0	1.22070802930162	6.3456363608286	5.32787616878958	8.72939712269206	0.728586623847087
BA_only	hippocampus	AA	psi	chr1_16858796_16859625	chr1	16858796	16859625	144	144	0	0	0.0146310622929229	0.966089857218066	3.31672034738579	-3.31672034738579	829	330	Promoter	2	Non-heritable	0.0853964882719245	0.910822587542109	0.00344303211239679	0	0	0	0.853964882719245	6.7202201551353	5.80211837537706	0	1.19897645052788
BA_only	hippocampus	AA	psi	chr1_16861851_16861959	chr1	16861851	16861959	144	144	0	0	0.00382235059264804	0.871592970243331	2.36894274394687	2.36894274394687	108	333	Genic/other	1	Non-heritable	0.0846497475197724	0.891974953423099	0.0124534740623879	0	0	0	0.846497475197724	4.68213122712422	5.8111409929767	0	0.862443760235827
BA_only	hippocampus	AA	psi	chr1_16877547_16878149	chr1	16877547	16878149	139	139	0	0	0.0175966573065565	0.970581273335112	1.61457037798502	-1.61457037798502	602	333	Genic/other	1	Heritable	0.116467938523398	0.915495552386807	0.0160196261439724	0	0	0	1.16467938523398	6.40025744530882	5.8111409929767	0	0.479068907655151
BA_only	hippocampus	AA	psi	chr1_16942823_16943102	chr1	16942823	16943102	95	95	0	0	0.0214143633222548	0.975932065139872	2.44525423423998	-2.44525423423998	279	327	Genic/other	0	Heritable	0.167156427192059	0.902188109762989	0.0114679404603358	0	0	0	1.67156427192059	5.63121178182137	5.79301360838414	0	0.894149102894956
BA_only	hippocampus	AA	psi	chr1_1694986_1695300	chr1	1694986	1695300	127	127	0	0	0.00615168029492737	0.920376068783091	1.91446284785263	1.91446284785263	314	205	Genic/other	1	Non-heritable	0.0740630787165331	0.752315161924076	0.0159160956362373	0	0	0	0.740630787165331	5.74939298590825	5.32787616878958	0	0.649437091304415
BA_only	hippocampus	AA	psi	chr1_16988654_16989294	chr1	16988654	16989294	101	101	0	0	0.033185774738534	0.979164877002956	2.01093391351249	-2.01093391351249	640	313	Genic/other	0	Heritable	0.164355771004752	0.886008048903511	0.0154399585933568	475	0	0	1.64355771004752	6.46146817635372	5.74939298590825	6.16541785423142	0.69859925272334
BA_only	hippocampus	AA	psi	chr1_17050374_17051631	chr1	17050374	17051631	94	94	0	0	0.0593934812966888	0.98577631996496	1.94975628620673	-1.94975628620673	1257	311	Genic/other	1	Heritable	0.142204621762877	0.871505590753025	0.0126012430836926	0	0	0	1.42204621762877	7.13648320859025	5.74300318780948	0	0.667704388461225
BA_only	hippocampus	AA	psi	chr1_17073056_17073440	chr1	17073056	17073440	94	94	0	0	0.00842890697616125	0.933559278800072	2.76758752020803	-2.76758752020803	384	310	Genic/other	0	Heritable	0.134781976318393	0.868955824616858	0.012632882988376	1508	0	0	1.34781976318393	5.95064255258773	5.73979291217923	7.31920245876785	1.01797601299862
BA_only	hippocampus	AA	psi	chr1_17118055_17118533	chr1	17118055	17118533	95	95	0	0	0.0108202568455665	0.944902218841749	1.82701137639667	1.82701137639667	478	351	Genic/other	1	Heritable	0.196154634981171	0.917392447838572	0.00826830198344827	42375	0	0	1.96154634981171	6.16961073249146	5.8636311755981	10.6543374432244	0.602681509668004
BA_only	hippocampus	AA	psi	chr1_1726018_1726179	chr1	1726018	1726179	127	127	0	0	3.68253570445752e-05	0.229159501037493	9.37041422760809	-9.37041422760809	161	200	Genic/other	1	Heritable	0.25274625720132	0.859771733211789	0.0110342163825857	0	0	0	2.5274625720132	5.08140436498446	5.30330490805908	0	2.2375573041961
BA_only	hippocampus	AA	psi	chr1_17316131_17316516	chr1	17316131	17316516	12	12	0	0	0.0941467171718648	0.98989315440863	1.802691647592	-1.802691647592	385	430	Genic/other	0	Heritable	0.116864860240926	0.919292179766718	0.0115232339999131	31531	0	0	1.16864860240926	5.95324333428779	6.06610809010375	10.3587581821798	0.58928091328563
BA_only	hippocampus	AA	psi	chr1_17330989_17332133	chr1	17330989	17332133	11	11	0	0	0.0337432657269554	0.979164877002956	1.59538701072707	1.59538701072707	1144	440	Genic/other	0	Non-heritable	0.0860613880707067	0.883741551989664	0.0166976491773752	15914	0	0	0.860613880707067	7.04228617193974	6.08904487544685	9.67501733971619	0.467116353026843
BA_only	hippocampus	AA	psi	chr1_1733116_1734078	chr1	1733116	1734078	127	127	0	0	0.00295327558004679	0.846261736290652	2.03409654587089	2.03409654587089	962	202	Genic/other	0	Non-heritable	0.0929388366106595	0.75172442626046	0.0193672815149732	0	0	0	0.929388366106595	6.86901445066571	5.31320597904179	0	0.710051767429301
BA_only	hippocampus	AA	psi	chr1_17357714_17358226	chr1	17357714	17358226	11	11	0	0	0.0310249015802935	0.976893291659941	1.59719134212188	1.59719134212188	512	466	Genic/other	0	Heritable	0.142072802513174	0.907243782004326	0.0151108875466439	3180	0	0	1.42072802513174	6.23832462503951	6.1463292576689	8.06495089174914	0.468246681793248
BA_only	hippocampus	AA	psi	chr1_173832566_173832875	chr1	173832566	173832875	187	187	0	0	0.00119048401402478	0.737358918955169	2.44548008190754	2.44548008190754	309	139	Promoter	0	Heritable	0.129325499459003	0.653196284888593	0.0113639873662548	1905	0	0	1.29325499459003	5.73334127689775	4.9416424226093	7.55276208421415	0.894241460259801
BA_only	hippocampus	AA	psi	chr1_173870148_173870397	chr1	173870148	173870397	281	281	0	0	0.00259593147631857	0.833258918532135	2.71939696462458	2.71939696462458	249	124	Genic/other	1	Heritable	0.149933485083812	0.605185149592985	0.0161737736794854	0	0	0	1.49933485083812	5.51745289646471	4.8283137373023	0	1.00041015522305
BA_only	hippocampus	AA	psi	chr1_17449602_17450865	chr1	17449602	17450865	3	3	0	0	0.101204765976581	0.990428070812969	0.734310128848003	-0.734310128848003	1263	511	Intergenic	0	Heritable	0.103740886850544	0.897054507399511	0.0141156525787034	8143	0	0	1.03740886850544	7.14124512235049	6.23832462503951	9.0050367387903	-0.308823807118869
BA_only	hippocampus	AA	psi	chr1_17457434_17458626	chr1	17457434	17458626	3	3	0	0	0.08185950003163	0.988137148207548	0.563452326803292	-0.563452326803292	1192	521	Intergenic	0	Heritable	0.102890341615869	0.917630394223755	0.0187160382485532	15975	0	0	1.02890341615869	7.0833878476253	6.25766758788264	9.67884287509565	-0.573672533279765
BA_only	hippocampus	AA	psi	chr1_17461299_17461506	chr1	17461299	17461506	3	3	0	0	0.104893422531059	0.990610842832516	0.942110898575821	-0.942110898575821	207	512	Intergenic	0	Non-heritable	0.0393201117020802	0.869971215633352	0.0110823713785032	19840	0	0	0.393201117020802	5.33271879326537	6.24027584517077	9.89550578279447	-0.0596322739946349
BA_only	hippocampus	AA	psi	chr1_17464474_17465281	chr1	17464474	17465281	3	3	0	0	0.0873644316712829	0.988426750324865	0.607605708258079	-0.607605708258079	807	517	Intergenic	0	Non-heritable	0.0340085526841023	0.885929160461287	0.0115177114119895	23015	0	0	0.340085526841023	6.69332366826995	6.24997524225948	10.0439449052314	-0.498229097083476
BA_only	hippocampus	AA	psi	chr1_1747222_1747531	chr1	1747222	1747531	124	124	0	0	0.00167491546206059	0.786661074605562	2.45492072510022	-2.45492072510022	309	212	Genic/other	1	Non-heritable	0.099597967515941	0.779518195724397	0.0110300620030006	6117	0	0	0.99597967515941	5.73334127689775	5.36129216570943	8.71899052471085	0.898094473597023
BA_only	hippocampus	AA	psi	chr1_174763104_174763832	chr1	174763104	174763832	6	6	0	0	0.128118882289473	0.991064867102684	1.51964975989515	-1.51964975989515	728	191	Genic/other	0	Heritable	0.124945161611662	0.734829575276826	0.0155076052769482	48127	0	0	1.24945161611662	6.59030104819669	5.25749537202778	10.7816194073095	0.418479893766011
BA_only	hippocampus	AA	psi	chr1_17477968_17478763	chr1	17477968	17478763	5	5	0	0	0.066879582710972	0.985907779499035	3.63960447774874	3.63960447774874	795	505	Intergenic	0	Heritable	0.139343678670291	0.935107912598209	0.0149718897254696	36509	0	0	1.39343678670291	6.67834211465433	6.22653666928747	10.5053414746497	1.29187501853314
BA_only	hippocampus	AA	psi	chr1_17482393_17482946	chr1	17482393	17482946	5	5	0	0	0.0538898820353004	0.985176584192382	2.49310424248862	2.49310424248862	553	517	Intergenic	0	Non-heritable	0.0846716704950215	0.938003469460183	0.0115849600098679	39181	0	0	0.846716704950215	6.31535800152234	6.24997524225948	10.575972736648	0.913528621753158
BA_only	hippocampus	AA	psi	chr1_17483837_17485121	chr1	17483837	17485121	5	5	0	0	0.0775138179479562	0.987720536119146	2.37421131130453	2.37421131130453	1284	506	Intergenic	0	Non-heritable	0.0919289640267727	0.895087211135073	0.0209732159078307	37006	0	0	0.919289640267727	7.15773548424991	6.22851100359118	10.5188623629215	0.864665307097215
BA_only	hippocampus	AA	psi	chr1_17495139_17495836	chr1	17495139	17495836	4	4	0	0	0.210806619755391	0.991242081076261	3.31215477346305	3.31215477346305	697	515	Intergenic	0	Heritable	0.114756404252241	0.902441863899684	0.0128015471298898	26291	0	0	1.14756404252241	6.54678541076052	6.24610676548156	10.1770199893835	1.1975989695684
BA_only	hippocampus	AA	psi	chr1_17500062_17500448	chr1	17500062	17500448	4	4	0	0	0.292078714305402	0.993663620961428	4.12573129038256	4.12573129038256	386	517	Intergenic	0	Non-heritable	0.0724534929167626	0.929121104588572	0.0113226492778885	21679	0	0	0.724534929167626	5.95583736946483	6.24997524225948	9.98414545555358	1.41724328901475
BA_only	hippocampus	AA	psi	chr1_17513195_17514415	chr1	17513195	17514415	4	4	0	0	0.23742262967141	0.992090551618052	3.247208792639	3.247208792639	1220	525	Intergenic	0	Heritable	0.12905723805066	0.937610943278782	0.0131779052253322	7712	0	0	1.2905723805066	7.1066061377273	6.26530121273771	8.950662495934	1.17779579737868
BA_only	hippocampus	AA	psi	chr1_177162510_177163733	chr1	177162510	177163733	14	14	0	0	0.145037511892416	0.991064867102684	0.551333879076105	-0.551333879076105	1223	286	Enhancer	1	Heritable	0.105922582694269	0.875261463817284	0.00941459627086463	187417	0	0	1.05922582694269	7.10906213568717	5.65948221575962	12.1410966954012	-0.595414684069346
BA_only	hippocampus	AA	psi	chr1_179361590_179364257	chr1	179361590	179364257	24	24	0	0	0.00145159680062138	0.762484248609066	1.59290391451715	1.59290391451715	2667	309	Genic/other	2	Non-heritable	0.0997776426164404	0.838399073077146	0.0142556295164604	1723	0	0	0.997776426164404	7.88870952418202	5.73657229747919	7.45240245122364	0.465558718071557
BA_only	hippocampus	AA	psi	chr1_1803285_1804575	chr1	1803285	1804575	140	140	0	0	0.0066364539606155	0.925319278784117	1.9963688579194	1.9963688579194	1290	218	Genic/other	0	Heritable	0.12049582351322	0.773563740050474	0.0160436652547237	15962	0	0	1.2049582351322	7.16239749735572	5.3890717298165	9.67802882326448	0.69132996438203
BA_only	hippocampus	AA	psi	chr1_181090534_181090839	chr1	181090534	181090839	31	31	0	0	0.0108696612680248	0.945267012286881	0.972471637847602	0.972471637847602	305	399	Genic/other	1	Heritable	0.123417881643873	0.907922386028471	0.010896672552616	3863	0	0	1.23417881643873	5.72031177660741	5.99146454710798	8.25945819533241	-0.0279143577987322
BA_only	hippocampus	AA	psi	chr1_1811736_1812060	chr1	1811736	1812060	142	142	0	0	0.00141064725349876	0.760188330071088	2.67116146958381	2.67116146958381	324	224	Genic/other	0	Non-heritable	0.0722243640401617	0.787759329275525	0.0126459505207871	13438	0	0	0.722243640401617	5.78074351579233	5.41610040220442	9.50591620654706	0.982513388902348
BA_only	hippocampus	AA	psi	chr1_182031960_182032769	chr1	182031960	182032769	39	39	0	0	0.0641425551334328	0.985907779499035	2.20177699749759	-2.20177699749759	809	325	Intergenic	2	Non-heritable	0.0484984499176264	0.781945845524111	0.0169399747937412	0	0	0	0.484984499176264	6.69579891705849	5.78689738136671	0	0.789264765006123
BA_only	hippocampus	AA	psi	chr1_182838422_182838547	chr1	182838422	182838547	15	15	0	0	0.0381528414049132	0.980549382116533	4.19919820192146	4.19919820192146	125	299	Promoter	1	Heritable	0.129486817227696	0.779502052526374	0.0115117059497084	0	0	0	1.29486817227696	4.8283137373023	5.7037824746562	0	1.43489360514177
BA_only	hippocampus	AA	psi	chr1_184663417_184663577	chr1	184663417	184663577	63	63	0	0	0.0289138451629997	0.975932065139872	1.15047596496399	1.15047596496399	160	254	Promoter	1	Non-heritable	0.0644846323468635	0.717323882676406	0.0129789174591857	0	0	0	0.644846323468635	5.07517381523383	5.54126354515843	0	0.140175748018827
BA_only	hippocampus	AA	psi	chr1_184799980_184800036	chr1	184799980	184800036	64	64	0	0	0.0318400636353258	0.977060807838727	1.68526457933216	-1.68526457933216	56	258	Genic/other	0	Heritable	0.259200912073497	0.791329377380296	0.0101036118009532	1900	0	0	2.59200912073497	4.02535169073515	5.55682806169954	7.55013534248843	0.521922577786872
BA_only	hippocampus	AA	psi	chr1_18502748_18503693	chr1	18502748	18503693	6	6	0	0	0.272278332371275	0.993437465767387	0.495018918897214	0.495018918897214	945	693	Intergenic	0	Heritable	0.16212193467131	0.966607499225609	0.0109030090229465	127994	0	0	1.6212193467131	6.85118492749374	6.54247196050681	11.7597464796388	-0.703159276948193
BA_only	hippocampus	AA	psi	chr1_185402979_185404583	chr1	185402979	185404583	33	33	0	0	0.0473196734895487	0.982661996589092	0.827051813622528	0.827051813622528	1604	268	Enhancer	0	Heritable	0.635532881118698	0.878214238157653	0.025866640251337	16101	0	0	6.35532881118698	7.38025578842646	5.59471137960184	9.68669876685993	-0.189887921323811
BA_only	hippocampus	AA	psi	chr1_18576104_18576317	chr1	18576104	18576317	6	6	0	0	0.0242281522693439	0.975932065139872	1.07297168518716	-1.07297168518716	213	709	Intergenic	0	Heritable	0.530471998288345	0.908619708451873	0.00919862000681792	55370	0	0	5.30471998288345	5.36129216570943	6.56526497003536	10.9218112699754	0.0704320841647079
BA_only	hippocampus	AA	psi	chr1_186455683_186455828	chr1	186455683	186455828	7	7	0	0	0.0773261414694847	0.987720536119146	0.482592588480428	0.482592588480428	145	236	Genic/other	0	Non-heritable	0.0897224177590801	0.803802619927934	0.00902182516263225	0	0	0	0.897224177590801	4.97673374242057	5.46806014113513	0	-0.728582462667149
BA_only	hippocampus	AA	psi	chr1_1864988_1865598	chr1	1864988	1865598	157	157	0	0	0.00647415616557584	0.92284858637232	3.5203526540525	-3.5203526540525	610	270	Genic/other	0	Non-heritable	0.0923471065995493	0.818489338495377	0.0135800746208841	0	0	0	0.923471065995493	6.41345895716736	5.6021188208797	0	1.25856117324274
BA_only	hippocampus	AA	psi	chr1_1866651_1867311	chr1	1866651	1867311	157	157	0	0	0.00647146996541504	0.92284858637232	2.77570494513334	-2.77570494513334	660	262	Genic/other	0	Non-heritable	0.0535082487063969	0.79230373766202	0.0111060423127134	0	0	0	0.535082487063969	6.49223983502047	5.57215403217777	0	1.02090475282213
BA_only	hippocampus	AA	psi	chr1_18784007_18784942	chr1	18784007	18784942	13	13	0	0	0.00434948763247613	0.88871383236223	2.07375440304331	2.07375440304331	935	539	Intergenic	2	Heritable	0.488112623391508	0.903910139187924	0.0181227003736945	48374	0	0	4.88112623391508	6.84054652928869	6.29156913955832	10.7867384303321	0.729360690570071
BA_only	hippocampus	AA	psi	chr1_1903817_1904204	chr1	1903817	1904204	140	140	0	0	0.00370230325376737	0.867953489674172	3.37781419145175	-3.37781419145175	387	293	Intergenic	0	Non-heritable	0.0693112129569209	0.828303739093029	0.0116193774447775	11102	0	0	0.693112129569209	5.95842469302978	5.68357976733868	9.31497062105427	1.21722881434235
BA_only	hippocampus	AA	psi	chr1_1909401_1909805	chr1	1909401	1909805	138	138	0	0	0.00966453004824499	0.939841915020693	2.34523096749067	-2.34523096749067	404	295	Intergenic	1	Heritable	0.103033333691633	0.812992488217574	0.0156069771029819	5501	0	0	1.03033333691633	6.00141487796115	5.69035945432406	8.61286694148452	0.852383894911472
BA_only	hippocampus	AA	psi	chr1_19183443_19184117	chr1	19183443	19184117	35	35	0	0	0.0889468217379304	0.989031352855222	1.94668411670242	1.94668411670242	674	484	Genic/other	0	Non-heritable	0.0653314469402812	0.917043842213481	0.0121073211597793	26441	0	0	0.653314469402812	6.51323011091231	6.18414889093748	10.18270893407	0.666127477328252
BA_only	hippocampus	AA	psi	chr1_19236057_19237014	chr1	19236057	19237014	35	35	0	0	0.057585409835485	0.98577631996496	1.90590274190295	1.90590274190295	957	446	Genic/other	0	Heritable	0.14722290799652	0.918842244482647	0.0152599975937809	0	0	0	1.4722290799652	6.86380339145295	6.10255859461357	0	0.644955781843744
BA_only	hippocampus	AA	psi	chr1_19264150_19264345	chr1	19264150	19264345	37	37	0	0	0.0909537451333901	0.989446665475032	1.78182211334998	1.78182211334998	195	460	Genic/other	0	Non-heritable	0.091131049351146	0.905656252294503	0.0135779689681742	9367	0	0	0.91131049351146	5.27299955856375	6.13339804299665	9.14505490527755	0.577636505519827
BA_only	hippocampus	AA	psi	chr1_19290326_19290643	chr1	19290326	19290643	37	37	0	0	0.0542506455721152	0.985306780190445	1.6045996998799	1.6045996998799	317	444	Genic/other	1	Heritable	0.101578565794151	0.917043078397865	0.0114075597829737	15503	0	0	1.01578565794151	5.75890177387728	6.09807428216624	9.64885333413055	0.472874323532155
BA_only	hippocampus	AA	psi	chr1_1931092_1933076	chr1	1931092	1933076	138	138	0	0	0.00423429865065428	0.886447410990257	1.81049790528221	-1.81049790528221	1984	303	Genic/other	1	Non-heritable	0.0737778434266771	0.82090794742438	0.0202056500774283	7724	0	0	0.737778434266771	7.59287028784482	5.71702770140622	8.95221710176595	0.593601898763194
BA_only	hippocampus	AA	psi	chr1_19320616_19321012	chr1	19320616	19321012	38	38	0	0	0.0661242586719357	0.985907779499035	1.75493827555718	1.75493827555718	396	441	Genic/other	0	Non-heritable	0.0733352209618444	0.908764604789015	0.0131742474215262	0	0	0	0.733352209618444	5.98141421125448	6.0913098820777	0	0.562433691374845
BA_only	hippocampus	AA	psi	chr1_19354942_19355792	chr1	19354942	19355792	52	52	0	0	0.0701854764936552	0.985907779499035	2.22822346892664	2.22822346892664	850	458	Genic/other	0	Heritable	0.121424448158526	0.906384958744127	0.0130410435217202	9754	0	0	1.21424448158526	6.74523634948436	6.12905021006055	9.18553525305721	0.801204621759559
BA_only	hippocampus	AA	psi	chr1_1948295_1949786	chr1	1948295	1949786	152	152	0	0	0.00402511051900029	0.877181378423641	1.7095879325182	-1.7095879325182	1491	314	Genic/other	1	Non-heritable	0.0968750921911558	0.838628210103346	0.0298357364897801	24927	0	0	0.968750921911558	7.30720231476474	5.75257263882563	10.1237469486705	0.536252372189202
BA_only	hippocampus	AA	psi	chr1_19503043_19504059	chr1	19503043	19504059	34	34	0	0	0.112661178938256	0.990898390030923	1.69549741134282	1.69549741134282	1016	448	Genic/other	0	Heritable	0.171834297240358	0.922139825100645	0.0112932308245822	0	0	0	1.71834297240358	6.92362862813843	6.10702288774226	0	0.527976161699368
BA_only	hippocampus	AA	psi	chr1_19577950_19578708	chr1	19577950	19578708	29	29	0	0	0.0574873981649838	0.98577631996496	1.30123659310863	1.30123659310863	758	441	Genic/other	0	Heritable	0.170400713661129	0.937162061066311	0.0115052907449354	0	0	0	1.70400713661129	6.63068338564237	6.0913098820777	0	0.263315045492414
BA_only	hippocampus	AA	psi	chr1_19611216_19611928	chr1	19611216	19611928	27	27	0	0	0.0291482757303618	0.976056724851304	2.09172613456191	2.09172613456191	712	447	Genic/other	0	Heritable	0.180522650095402	0.945171793969444	0.0122677349881913	0	0	0	1.80522650095402	6.56807791141198	6.10479323241499	0	0.737989631592581
BA_only	hippocampus	AA	psi	chr1_19636831_19637812	chr1	19636831	19637812	27	27	0	0	0.0771971568974974	0.987720536119146	1.21478189529219	1.21478189529219	981	476	Genic/other	0	Heritable	0.15138072304455	0.938140474254077	0.0222610588962948	0	0	0	1.5138072304455	6.88857245956536	6.16751649088834	0	0.194564558863005
BA_only	hippocampus	AA	psi	chr1_196770347_196771137	chr1	196770347	196771137	68	68	0	0	7.99041617285168e-05	0.346204570037265	17.1223270164506	-17.1223270164506	790	137	Genic/other	0	Non-heritable	0.0850469810166617	0.662484047234028	0.0116550551064256	28465	0	0	0.850469810166617	6.67203294546107	4.92725368515721	10.2564656716306	2.84038328591891
BA_only	hippocampus	AA	psi	chr1_196777627_196777852	chr1	196777627	196777852	68	68	0	0	0.000122445814323456	0.416727663010105	2.24620573777092	-2.24620573777092	225	137	Genic/other	0	Heritable	0.153716421615833	0.622399912583296	0.0261558384230771	35745	0	0	1.53716421615833	5.41610040220442	4.92725368515721	10.4841936537503	0.809242458430053
BA_only	hippocampus	AA	psi	chr1_196897656_196897914	chr1	196897656	196897914	71	71	0	0	0.00570095982437193	0.91440075671538	2.79920747410013	-2.79920747410013	258	161	Promoter	0	Heritable	0.109524676514882	0.726034178829757	0.00725942327076823	0	0	0	1.09524676514882	5.55295958492162	5.08759633523238	0	1.02933633572457
BA_only	hippocampus	AA	psi	chr1_197145691_197145808	chr1	197145691	197145808	21	21	0	0	0.0169773529829073	0.970581273335112	1.04231766355214	1.04231766355214	117	164	Genic/other	1	Non-heritable	0.0891985348508842	0.702734921731946	0.0132443105723793	16503	0	0	0.891985348508842	4.76217393479776	5.10594547390058	9.71135805475109	0.0414467659200067
BA_only	hippocampus	AA	psi	chr1_19827378_19829228	chr1	19827378	19829228	29	29	0	0	0.0800245421243651	0.988137148207548	1.19199109442338	-1.19199109442338	1850	528	Intergenic	0	Heritable	0.127756937010037	0.949698898189038	0.0187694916392446	27522	0	0	1.27756937010037	7.52294091807237	6.2709884318583	10.2227772977339	0.175625105883248
BA_only	hippocampus	AA	psi	chr1_19834802_19836650	chr1	19834802	19836650	31	31	0	0	0.0630744292480988	0.985907779499035	1.0147710966975	-1.0147710966975	1848	531	Intergenic	0	Heritable	0.121500462058576	0.944195105602112	0.0134114580616704	34946	0	0	1.21500462058576	7.52185925220163	6.27664348934165	10.4615879070679	0.0146630764195451
BA_only	hippocampus	AA	psi	chr1_1983833_1984190	chr1	1983833	1984190	116	116	0	0	0.00279506556534148	0.842320220530838	2.04072173059318	2.04072173059318	357	348	Genic/other	1	Non-heritable	0.0664288699604892	0.831280326078005	0.0148979438638885	30809	0	0	0.664288699604892	5.87773578177964	5.85507192220243	10.3355945915907	0.713303539694063
BA_only	hippocampus	AA	psi	chr1_19841440_19842744	chr1	19841440	19842744	32	32	0	0	0.0453112383135071	0.981463528948039	1.04001891275677	-1.04001891275677	1304	518	Intergenic	0	Non-heritable	0.0952507290399915	0.944820696568462	0.0158459413011186	41584	0	0	0.952507290399915	7.1731917424866	6.25190388316589	10.6354948043028	0.0392389079461877
BA_only	hippocampus	AA	psi	chr1_198929133_198930496	chr1	198929133	198930496	14	14	0	0	0.120591449610828	0.991064867102684	0.616388787305878	-0.616388787305878	1363	298	Enhancer	0	Heritable	0.142555781698504	0.84230052704115	0.00977283793227038	0	0	0	1.42555781698504	7.21744343169653	5.70044357339069	0	-0.483877350091537
BA_only	hippocampus	AA	psi	chr1_19905215_19905609	chr1	19905215	19905609	16	16	0	0	0.129052523218655	0.991064867102684	0.51486239067733	-0.51486239067733	394	530	Promoter	0	Non-heritable	0.0987565743863033	0.952082008047668	0.0104111556405192	1006	0	0	0.987565743863033	5.97635090929793	6.27476202124194	6.91473089271856	-0.663855597168993
BA_only	hippocampus	AA	psi	chr1_1995470_1995705	chr1	1995470	1995705	114	114	0	0	0.0113345370772533	0.950700485881585	2.61238152596458	2.61238152596458	235	348	Genic/other	0	Non-heritable	0.0615219976353037	0.862358689719623	0.010578399757864	19294	0	0	0.615219976353037	5.45958551414416	5.85507192220243	9.86760127397172	0.960262271177482
BA_only	hippocampus	AA	psi	chr1_1999677_1999795	chr1	1999677	1999795	114	114	0	0	0.00864701748295853	0.933559278800072	2.56245055477657	-2.56245055477657	118	345	Genic/other	0	Non-heritable	0.0590194989060842	0.863734990705297	0.00990030883358294	15204	0	0	0.590194989060842	4.77068462446567	5.84643877505773	9.62937960011146	0.940964052483928
BA_only	hippocampus	AA	psi	chr1_200687742_200688024	chr1	200687742	200688024	73	73	0	0	0.00897847306138942	0.937964220814741	3.95078400934814	-3.95078400934814	282	387	Genic/other	0	Heritable	0.590044186175128	0.898107418589619	0.0106181453947683	0	0	0	5.90044186175128	5.64190707093811	5.96100533962327	0	1.37391404512823
BA_only	hippocampus	AA	psi	chr1_200911799_200912141	chr1	200911799	200912141	56	56	0	0	0.02550660575645	0.975932065139872	4.83803851872166	4.83803851872166	342	436	Promoter	1	Non-heritable	0.0600951392090441	0.830812675903024	0.013749363111015	13406	0	0	0.600951392090441	5.83481073706261	6.07993319509559	9.50353223760156	1.57650937592662
BA_only	hippocampus	AA	psi	chr1_200913008_200913207	chr1	200913008	200913207	56	56	0	0	0.0144622849543881	0.966019156397088	3.90266373564671	-3.90266373564671	199	454	Genic/other	1	Non-heritable	0.08772001350898	0.92551341605811	0.00903536280909277	14615	0	0	0.8772001350898	5.29330482472449	6.12029741895095	9.58987209805784	1.36165933169355
BA_only	hippocampus	AA	psi	chr1_201505617_201506223	chr1	201505617	201506223	47	47	0	0	0.00298412360498788	0.84640663185488	3.5304950778142	-3.5304950778142	606	590	Genic/other	1	Heritable	0.185390367125351	0.9382533117607	0.0121351134558936	0	0	0	1.85390367125351	6.40687998606931	6.3818160174061	0	1.26143811261632
BA_only	hippocampus	AA	psi	chr1_20171711_20171830	chr1	20171711	20171830	155	155	0	0	1.32336523288311e-05	0.114862050563905	38.095874144352	-38.095874144352	119	553	Genic/other	0	Heritable	0.136973274857424	0.959481529272987	0.00924358406870495	1060	0	0	1.36973274857424	4.77912349311153	6.31716468674728	6.96696713861398	3.64010598635686
BA_only	hippocampus	AA	psi	chr1_201730925_201731267	chr1	201730925	201731267	35	35	0	0	0.0714394828655478	0.985907779499035	2.66985829015133	2.66985829015133	342	599	Genic/other	0	Non-heritable	0.0826457970859947	0.947901078386273	0.00964283778552099	8576	0	0	0.826457970859947	5.83481073706261	6.39692965521615	9.05683948099042	0.982025399899466
BA_only	hippocampus	AA	psi	chr1_202123533_202124434	chr1	202123533	202124434	74	74	0	0	0.0102222574280163	0.944902218841749	1.29922782735103	-1.29922782735103	901	411	Genic/other	0	Non-heritable	0.0418951364596637	0.857203510902911	0.0109634514134414	0	0	0	0.418951364596637	6.80350525760834	6.02102334934953	0	0.261770116728236
BA_only	hippocampus	AA	psi	chr1_202302607_202302842	chr1	202302607	202302842	52	52	0	0	0.00589607802409195	0.916648342146588	3.03844184464993	-3.03844184464993	235	364	Genic/other	0	Heritable	0.121222633540693	0.906671928664574	0.010689784423198	1757	0	0	1.21222633540693	5.45958551414416	5.89989735358249	7.47193207824512	1.11134483620808
BA_only	hippocampus	AA	psi	chr1_203575706_203576034	chr1	203575706	203576034	36	36	0	0	0.0202244251903907	0.975856666808667	1.58003814685014	-1.58003814685014	328	501	Intergenic	0	Heritable	0.137170736112345	0.946294003858233	0.0110705177179182	20316	0	0	1.37170736112345	5.79301360838414	6.21860011969173	9.91921325299761	0.457448996652423
BA_only	hippocampus	AA	psi	chr1_204871441_204873465	chr1	204871441	204873465	20	20	0	0	0.00737020372527966	0.933559278800072	1.40012680078786	1.40012680078786	2024	451	Genic/other	0	Non-heritable	0.0808913549243333	0.878690947316368	0.0102618061015532	0	0	0	0.808913549243333	7.61283103040736	6.11368217983223	0	0.336562811653357
BA_only	hippocampus	AA	psi	chr1_20502556_20502738	chr1	20502556	20502738	158	158	0	0	0.000362364003736048	0.566491925606962	6.58037812030794	-6.58037812030794	182	409	Genic/other	0	Heritable	0.137853586627309	0.937070064151616	0.0120543618070516	15286	0	0	1.37853586627309	5.2040066870768	6.01615715969835	9.63475807300103	1.88409221029823
BA_only	hippocampus	AA	psi	chr1_205042099_205042540	chr1	205042099	205042540	24	24	0	0	0.00661905139162403	0.9249109675864	3.98068285434368	3.98068285434368	441	502	Promoter	0	Heritable	0.114302511036896	0.922246676268643	0.00854408946798883	501	0	0	1.14302511036896	6.08904487544685	6.22059017009974	6.21860011969173	1.38145337853492
BA_only	hippocampus	AA	psi	chr1_205045588_205049473	chr1	205045588	205049473	24	24	0	0	0.0205766695485708	0.975856666808667	1.82868853154835	1.82868853154835	3885	500	Enhancer	0	Heritable	0.115437876241557	0.947221312201137	0.00980134611719461	0	0	0	1.15437876241557	8.26487826280175	6.21660610108487	0	0.603599065978644
BA_only	hippocampus	AA	psi	chr1_20516523_20519081	chr1	20516523	20519081	159	159	0	0	1.04097270131943e-05	0.101599812257367	4.86776572109043	-4.86776572109043	2558	395	Intergenic	0	Heritable	0.21149599811031	0.927092451425471	0.0239630393656991	29253	0	0	2.1149599811031	7.84698098213879	5.98141421125448	10.283771595447	1.58263504970483
BA_only	hippocampus	AA	psi	chr1_205221159_205221595	chr1	205221159	205221595	37	37	0	0	0.0147250246467224	0.966089857218066	1.87989801566101	1.87989801566101	436	519	Intergenic	0	Heritable	0.12975632726628	0.929316895640791	0.0109262767374822	7175	0	0	1.2975632726628	6.07764224334903	6.25382881157547	8.87849740373863	0.63121753370105
BA_only	hippocampus	AA	psi	chr1_20549778_20550749	chr1	20549778	20550749	178	178	0	0	0.00660295874739966	0.924695970269092	5.15762873325062	-5.15762873325062	971	389	Genic/other	2	Heritable	0.22407163324354	0.932500579479717	0.0211601184642295	54289	0	0	2.2407163324354	6.87832646829133	5.96614673912369	10.9020953268995	1.64047692798824
BA_only	hippocampus	AA	psi	chr1_205705395_205705646	chr1	205705395	205705646	48	48	0	0	0.0156105347710622	0.967605562340161	2.44382039845575	-2.44382039845575	251	419	Intergenic	0	Heritable	0.14941463279528	0.910911234477297	0.0102328299021831	0	0	0	1.4941463279528	5.52545293913178	6.04025471127741	0	0.893562555980788
BA_only	hippocampus	AA	psi	chr1_20579741_20580452	chr1	20579741	20580452	176	176	0	0	0.000105651908005414	0.396604430436776	7.56515980265551	-7.56515980265551	711	381	Intergenic	0	Heritable	0.130350630966376	0.92256816677176	0.0150452786905091	24586	0	0	1.30350630966376	6.56667242980324	5.94542060860658	10.1099731269542	2.02355347228559
BA_only	hippocampus	AA	psi	chr1_205849356_205851356	chr1	205849356	205851356	41	41	0	0	0.000791576390137863	0.683148985370606	1.22107436391149	1.22107436391149	2000	385	Promoter	2	Heritable	0.151522154310462	0.864577518483298	0.015915093289526	0	0	0	1.51522154310462	7.60090245954208	5.95583736946483	0	0.199731105567912
BA_only	hippocampus	AA	psi	chr1_20599611_20600321	chr1	20599611	20600321	175	175	0	0	0.00067884191486337	0.66356279177562	6.10364093131446	-6.10364093131446	710	375	Genic/other	0	Heritable	0.190313135993626	0.92290798209444	0.0102195196498084	4717	0	0	1.90313135993626	6.56526497003536	5.9295891433899	8.45914025996762	1.80888546874518
BA_only	hippocampus	AA	psi	chr1_206151820_206152085	chr1	206151820	206152085	20	20	0	0	0.0430045688919374	0.980549382116533	1.99430355257611	1.99430355257611	265	309	Genic/other	0	Non-heritable	0.0996736107652889	0.877622720131696	0.0132035313608467	47798	0	0	0.996736107652889	5.57972982598622	5.73657229747919	10.7747599977586	0.690294897954679
BA_only	hippocampus	AA	psi	chr1_20635148_20636042	chr1	20635148	20636042	169	169	0	0	0.0019905462217768	0.80651122630121	5.455646452843	-5.455646452843	894	338	Genic/other	1	Heritable	0.243327841971456	0.915864538273138	0.0160658516867133	12589	0	0	2.43327841971456	6.79570577517351	5.82600010738045	9.44065812703839	1.69665112057567
BA_only	hippocampus	AA	psi	chr1_206409552_206410370	chr1	206409552	206410370	26	26	0	0	0.00187207690774759	0.800695690278406	1.80273169108215	1.80273169108215	818	329	Genic/other	0	Heritable	0.16342393837594	0.885143348671402	0.0182400619298301	8127	0	0	1.6342393837594	6.70686233660275	5.79909265446053	9.00307016981826	0.589303126205539
BA_only	hippocampus	AA	psi	chr1_20646989_20647321	chr1	20646989	20647321	169	169	0	0	6.20327604485109e-05	0.301194991102085	5.67713008956756	-5.67713008956756	332	339	Genic/other	0	Heritable	0.154323547907673	0.907678377643819	0.01050622900005	1310	0	0	1.54323547907673	5.80513496891649	5.82894561761021	7.1785454837637	1.73644584088347
BA_only	hippocampus	AA	psi	chr1_20743385_20744075	chr1	20743385	20744075	33	33	0	0	0.0158509205097102	0.967716068030647	2.18784783985238	-2.18784783985238	690	306	Genic/other	0	Heritable	0.108551810250231	0.882380658875479	0.0109074381898637	10620	0	0	1.08551810250231	6.53669159759131	5.7268477475872	9.27058845232154	0.782918343683131
BA_only	hippocampus	AA	psi	chr1_207669168_207669461	chr1	207669168	207669461	90	90	0	0	4.27959610444522e-05	0.252743678013404	3.62288226226196	3.62288226226196	293	316	Promoter	2	Non-heritable	0.0718227850016382	0.823224274875566	0.0148712516331939	0	0	0	0.718227850016382	5.68017260901707	5.75890177387728	0	1.28726991683957
BA_only	hippocampus	AA	psi	chr1_207669806_207669933	chr1	207669806	207669933	90	90	0	0	2.08319190478538e-05	0.157848299046263	6.31057107464538	-6.31057107464538	127	315	Genic/other	2	Non-heritable	0.0685924684033883	0.787320612434625	0.0127977046633127	0	0	0	0.685924684033883	4.84418708645859	5.75574221358691	0	1.84222617715598
BA_only	hippocampus	AA	psi	chr1_207751031_207751443	chr1	207751031	207751443	290	290	0	0	0.00127543263799902	0.748685029382681	7.1535971140947	-7.1535971140947	412	350	Promoter	1	Heritable	0.100421826760561	0.871586360297427	0.0102487345008388	0	0	0	1.00421826760561	6.02102334934953	5.86078622346587	0	1.9676153244754
BA_only	hippocampus	AA	psi	chr1_20796536_20796983	chr1	20796536	20796983	36	36	0	0	0.00255877531466754	0.831486683702107	3.48153786113653	3.48153786113653	447	298	Intergenic	0	Heritable	0.108495460383175	0.869992164183599	0.0109091057772592	9340	0	0	1.08495460383175	6.10255859461357	5.70044357339069	9.14216859187285	1.24747411316308
BA_only	hippocampus	AA	psi	chr1_20825322_20827306	chr1	20825322	20827306	36	36	0	0	0.015787090840834	0.967716068030647	2.8415036280892	2.8415036280892	1984	309	Genic/other	0	Heritable	0.175470239823799	0.873140827541293	0.0262390777300564	38126	0	0	1.75470239823799	7.59287028784482	5.73657229747919	10.5486779715502	1.04433336209531
BA_only	hippocampus	AA	psi	chr1_20844556_20844876	chr1	20844556	20844876	36	36	0	0	0.0155886174327533	0.967605562340161	1.68796127034933	-1.68796127034933	320	313	Genic/other	0	Heritable	0.27683640765776	0.883328129567294	0.0105521170736679	57360	0	0	2.7683640765776	5.76832099579377	5.74939298590825	10.9571199088733	0.523521457729005
BA_only	hippocampus	AA	psi	chr1_20970631_20971144	chr1	20970631	20971144	34	34	0	0	0.0134104214338558	0.964283399649536	4.73375873385809	4.73375873385809	513	336	Genic/other	0	Non-heritable	0.0830277763267689	0.8780994047522	0.017999165424946	1156	0	0	0.830277763267689	6.24027584517077	5.82008293035236	7.05358572719368	1.55471954736352
BA_only	hippocampus	AA	psi	chr1_2099092_2099401	chr1	2099092	2099401	127	127	0	0	0.0224064268875093	0.975932065139872	1.98749102996287	1.98749102996287	309	374	Genic/other	0	Non-heritable	0.0757089003886608	0.905311448040756	0.0092215907299944	0	0	0	0.757089003886608	5.73334127689775	5.92692602597041	0	0.686873059341406
BA_only	hippocampus	AA	psi	chr1_21079681_21080797	chr1	21079681	21080797	8	8	0	0	0.481588603811265	0.994840206451052	2.4047997757455	2.4047997757455	1116	332	Enhancer	0	Non-heritable	0.0828007853393126	0.876928939595643	0.0161137339436344	76967	0	0	0.828007853393126	7.01750614294126	5.80814248998044	11.2511450300411	0.87746665092205
BA_only	hippocampus	AA	psi	chr1_21191422_21191628	chr1	21191422	21191628	8	8	0	0	0.343992992343916	0.993832821375533	3.42374167789904	3.42374167789904	206	343	Intergenic	0	Non-heritable	0.0636513016178634	0.793156410578056	0.0100049914838445	14699	0	0	0.636513016178634	5.32787616878958	5.8406416573734	9.59560277276683	1.23073401381536
BA_only	hippocampus	AA	psi	chr1_212033975_212034039	chr1	212033975	212034039	40	40	0	0	0.0224823958595746	0.975932065139872	12.3121830167701	-12.3121830167701	64	293	Genic/other	1	Non-heritable	0.0928364757232909	0.846917737415025	0.0123296255887626	0	0	0	0.928364757232909	4.15888308335967	5.68357976733868	0	2.51058926214815
BA_only	hippocampus	AA	psi	chr1_212415506_212416026	chr1	212415506	212416026	87	87	0	0	0.00583962709943022	0.91658260669542	5.45043090741475	5.45043090741475	520	305	Promoter	1	Non-heritable	0.0654100609723848	0.771257970698037	0.0137764044288465	14304	0	0	0.654100609723848	6.25382881157547	5.72358510195238	9.56836440548421	1.69569467296504
BA_only	hippocampus	AA	psi	chr1_2124263_2124404	chr1	2124263	2124404	128	128	0	0	6.39641983726578e-05	0.302592430840384	1.7303312217668	1.7303312217668	141	364	Genic/other	1	Heritable	0.122603210360144	0.898253547615883	0.0159569023363914	0	0	0	1.22603210360144	4.94875989037817	5.89989735358249	0	0.548312853631918
BA_only	hippocampus	AA	psi	chr1_2132344_2132503	chr1	2132344	2132503	128	128	0	0	0.00367431883819411	0.867953489674172	3.05703808235387	-3.05703808235387	159	373	Genic/other	1	Heritable	0.190548234811764	0.843932889359723	0.0113027173492575	0	0	0	1.90548234811764	5.06890420222023	5.92425579741453	0	1.11744650352909
BA_only	hippocampus	AA	psi	chr1_21345977_21346174	chr1	21345977	21346174	10	10	0	0	0.322874237647744	0.993828622005322	1.0432442988705	1.0432442988705	197	335	Promoter	1	Non-heritable	0.0928881603992376	0.838999418250049	0.012639931772295	600	0	0	0.928881603992376	5.28320372873799	5.8171111599632	6.39859493453521	0.0423353852822177
BA_only	hippocampus	AA	psi	chr1_21394553_21396678	chr1	21394553	21396678	20	20	0	0	0.14572180934785	0.991064867102684	1.34076499271543	-1.34076499271543	2125	366	Genic/other	0	Non-heritable	0.0979532762376912	0.878651948576405	0.0187038604410775	19940	0	0	0.979532762376912	7.66152708135852	5.90536184805457	9.90053319270969	0.293240348611639
BA_only	hippocampus	AA	psi	chr1_21437342_21437779	chr1	21437342	21437779	23	23	0	0	0.00109911015600739	0.726050490461723	1.34952557895936	1.34952557895936	437	367	Genic/other	1	Heritable	0.371514977243594	0.871936765078738	0.0131051311700072	7439	0	0	3.71514977243594	6.07993319509559	5.90808293816893	8.91462612782714	0.299753115103752
BA_only	hippocampus	AA	psi	chr1_21528571_21528791	chr1	21528571	21528791	31	31	0	0	0.037147123251722	0.980549382116533	1.42722190926356	1.42722190926356	220	400	Genic/other	0	Non-heritable	0.0859614069726337	0.889523097406355	0.00963778221107995	0	0	0	0.859614069726337	5.39362754635236	5.99396142730657	0	0.355729840954063
BA_only	hippocampus	AA	psi	chr1_21628172_21628697	chr1	21628172	21628697	36	36	0	0	0.110867274445369	0.990898390030923	1.18346144964906	1.18346144964906	525	403	Genic/other	0	Non-heritable	0.0980514577003443	0.860368366165684	0.0114772149476925	1867	0	0	0.980514577003443	6.26339826259162	6.00141487796115	7.53262361878879	0.168443584717587
BA_only	hippocampus	AA	psi	chr1_216531129_216532177	chr1	216531129	216532177	7	7	0	0	0.00129730211245075	0.750357809549132	5.54996183872215	5.54996183872215	1048	457	Genic/other	0	Non-heritable	0.0726023957484354	0.916890476020878	0.00951767864043983	32202	0	0	0.726023957484354	6.95463886488099	6.12686918411419	10.3798148948945	1.7137910536306
BA_only	hippocampus	AA	psi	chr1_21738118_21738309	chr1	21738118	21738309	31	31	0	0	0.0231854209271136	0.975932065139872	1.24538630691486	1.24538630691486	191	450	Genic/other	0	Non-heritable	0.087478899159792	0.913154116573189	0.0119338920083786	1671	0	0	0.87478899159792	5.25227342804663	6.11146733950268	7.42177579364465	0.219445776495955
BA_only	hippocampus	AA	psi	chr1_21745647_21747868	chr1	21745647	21747868	31	31	0	0	0.0577248308773972	0.98577631996496	1.1300363347054	-1.1300363347054	2221	438	Genic/other	0	Heritable	0.103227525738677	0.89024912059884	0.0119160998741526	9200	0	0	1.03227525738677	7.70571282389443	6.08449941307517	9.12706745278236	0.122249795663123
BA_only	hippocampus	AA	psi	chr1_21753813_21756437	chr1	21753813	21756437	31	31	0	0	0.0893461946530243	0.989246939467673	0.977399426708099	0.977399426708099	2624	442	Genic/other	0	Heritable	0.102720120721826	0.908559196435441	0.0134170391307873	1345	0	0	1.02720120721826	7.87245515006398	6.09356977004514	7.20489251020467	-0.0228598704629061
BA_only	hippocampus	AA	psi	chr1_21776691_21777687	chr1	21776691	21777687	66	66	0	0	0.0509112091755718	0.984153364580922	1.35804953019565	-1.35804953019565	996	440	Genic/other	0	Heritable	0.10975852755452	0.874639704367907	0.0128760471577634	0	0	0	1.0975852755452	6.9037472575846	6.08904487544685	0	0.306049508733008
BA_only	hippocampus	AA	psi	chr1_21790318_21791704	chr1	21790318	21791704	66	66	0	0	0.0294105028289942	0.976712848084579	1.11790388724173	1.11790388724173	1386	452	Intergenic	0	Non-heritable	0.0942792351176736	0.925379899198251	0.0201751803651369	7493	0	0	0.942792351176736	7.23417717974985	6.11589212548303	8.92185797935363	0.111455411504839
BA_only	hippocampus	AA	psi	chr1_21796181_21796546	chr1	21796181	21796546	66	66	0	0	0.0293420590218409	0.976707659720806	1.40101713516886	1.40101713516886	365	464	Intergenic	0	Non-heritable	0.0936707143261397	0.925297654046695	0.0105965078082536	13356	0	0	0.936707143261397	5.89989735358249	6.14203740558736	9.49979587097711	0.337198505087883
BA_only	hippocampus	AA	psi	chr1_21844975_21845160	chr1	21844975	21845160	119	119	0	0	0.00117144181826691	0.73241417763427	1.7564157033564	-1.7564157033564	185	490	Genic/other	0	Non-heritable	0.0578362353542214	0.93228397460475	0.013006026230459	6149	0	0	0.578362353542214	5.22035582507832	6.19644412779452	8.72420736080056	0.563275206008154
BA_only	hippocampus	AA	psi	chr1_21851003_21851224	chr1	21851003	21851224	115	115	0	0	0.000359273768534305	0.564612732839247	1.3052310268106	-1.3052310268106	221	481	Genic/other	0	Non-heritable	0.098234902432008	0.933068080519549	0.0143014805155871	12177	0	0	0.98234902432008	5.39816270151775	6.1779441140506	9.40738632416852	0.266380064806587
BA_only	hippocampus	AA	psi	chr1_2187365_2187595	chr1	2187365	2187595	85	85	0	0	0.00962392752325291	0.939841915020693	3.32697612890056	-3.32697612890056	230	377	Genic/other	2	Non-heritable	0.0530104010527501	0.853455982186719	0.0137627093230938	0	0	0	0.530104010527501	5.4380793089232	5.93489419561959	0	1.20206382505407
BA_only	hippocampus	AA	psi	chr1_2189186_2190519	chr1	2189186	2190519	85	85	0	0	0.0147973435211609	0.966089857218066	2.4730799270582	-2.4730799270582	1333	377	Genic/other	2	Heritable	0.641888618254067	0.875250187257499	0.0501988421782855	0	0	0	6.41888618254067	7.19518732017871	5.93489419561959	0	0.905464311938506
BA_only	hippocampus	AA	psi	chr1_219697532_219698992	chr1	219697532	219698992	6	6	0	0	0.00034442459041834	0.557627972728277	1.9949761123815	1.9949761123815	1460	277	Genic/other	0	Non-heritable	0.069912870502229	0.809080554127345	0.0184190826380633	147681	0	0	0.69912870502229	7.28619171470238	5.62762111369064	11.9028165924402	0.690632081539123
BA_only	hippocampus	AA	psi	chr1_22011556_22012964	chr1	22011556	22012964	104	104	0	0	0.00121039300001771	0.741782412295099	1.34717766843305	-1.34717766843305	1408	469	Genic/other	0	Heritable	0.115950593647694	0.911004982622448	0.0159728597946909	0	0	0	1.15950593647694	7.24992553671799	6.1527326947041	0	0.298011795509582
BA_only	hippocampus	AA	psi	chr1_22023532_22023988	chr1	22023532	22023988	104	104	0	0	0.00301066490935413	0.846513053928579	1.10374638670276	1.10374638670276	456	461	Promoter	1	Heritable	0.254867934276698	0.929235369575796	0.0225993016833951	456	0	0	2.54867934276698	6.12249280951439	6.13556489108174	6.12468339089421	0.0987102083352429
BA_only	hippocampus	AA	psi	chr1_22060170_22061356	chr1	22060170	22061356	100	100	0	0	0.00343136917481568	0.866906756094015	1.65274846599926	-1.65274846599926	1186	469	Promoter	0	Heritable	0.144806088619148	0.929002495161319	0.012958159166704	0	0	0	1.44806088619148	7.07834157955767	6.1527326947041	0	0.502439645131147
BA_only	hippocampus	AA	psi	chr1_2211095_2211773	chr1	2211095	2211773	85	85	0	0	0.00252593429384602	0.830598713704804	1.99536149483301	1.99536149483301	678	376	Promoter	1	Non-heritable	0.0568238864521487	0.828611246520685	0.0163129285025283	7530	0	0	0.568238864521487	6.5191472879404	5.93224518744801	8.92678311410135	0.690825239356186
BA_only	hippocampus	AA	psi	chr1_221738870_221740234	chr1	221738870	221740234	41	41	0	0	0.00892533238887572	0.937023353748535	1.25124106093021	-1.25124106093021	1364	323	Genic/other	2	Heritable	0.109973349807372	0.786389502378747	0.0109193444858953	0	0	0	1.09973349807372	7.21817683840341	5.78074351579233	0	0.224135915502119
BA_only	hippocampus	AA	psi	chr1_2219829_2220096	chr1	2219829	2220096	85	85	0	0	0.00671114387714554	0.926346320137909	7.00779654639273	-7.00779654639273	267	368	Genic/other	0	Non-heritable	0.0790532369666748	0.877491491473959	0.0102710434434314	7427	0	0	0.790532369666748	5.58724865840025	5.91079664404053	8.9130119224726	1.9470233230176
BA_only	hippocampus	AA	psi	chr1_2223421_2224104	chr1	2223421	2224104	85	85	0	0	0.0055496628868266	0.914301706404424	1.96023506655742	-1.96023506655742	683	374	Genic/other	1	Non-heritable	0.0891756496760022	0.868341352280598	0.0147924112180179	3419	0	0	0.891756496760022	6.52649485957079	5.92692602597041	8.13739583005665	0.673064403069648
BA_only	hippocampus	AA	psi	chr1_2225384_2225991	chr1	2225384	2225991	85	85	0	0	0.00271104709268089	0.839056932024199	1.26532260640828	-1.26532260640828	607	382	Genic/other	1	Non-heritable	0.0739286818170652	0.871696346909717	0.0169406423878604	1532	0	0	0.739286818170652	6.4085287910595	5.94803498918065	7.33498187887181	0.235327122397982
BA_only	hippocampus	AA	psi	chr1_223130198_223130568	chr1	223130198	223130568	47	47	0	0	0.00913329941309599	0.939077729475158	2.86143400471056	-2.86143400471056	370	243	Genic/other	0	Non-heritable	0.0703019247267046	0.804573331543412	0.0131333368905398	0	0	0	0.703019247267046	5.91350300563827	5.4971682252932	0	1.05132290291586
BA_only	hippocampus	AA	psi	chr1_223393105_223393882	chr1	223393105	223393882	23	23	0	0	0.0272316153679743	0.975932065139872	1.09332259805695	-1.09332259805695	777	281	Promoter	2	Heritable	0.191526399041844	0.856230382187149	0.0163662948237338	29047	0	0	1.91526399041844	6.65544035036765	5.64190707093811	10.2767049130942	0.0892213239758181
BA_only	hippocampus	AA	psi	chr1_223802171_223802583	chr1	223802171	223802583	69	69	0	0	0.0156108067988761	0.967605562340161	8.67061933203463	-8.67061933203463	412	304	Genic/other	0	Heritable	0.115220701615002	0.861125745616997	0.0123448150287143	0	0	0	1.15220701615002	6.02102334934953	5.72031177660741	0	2.15994022330852
BA_only	hippocampus	AA	psi	chr1_223993657_223993867	chr1	223993657	223993867	80	80	0	0	0.00854074024605145	0.933559278800072	2.03711727177372	2.03711727177372	210	254	Promoter	1	Heritable	0.205932940587903	0.827976799964522	0.00993352861541119	0	0	0	2.05932940587903	5.34710753071747	5.54126354515843	0	0.711535711322998
BA_only	hippocampus	AA	psi	chr1_224012189_224015178	chr1	224012189	224015178	79	79	0	0	0.0222906313877976	0.975932065139872	1.58495493853003	1.58495493853003	2989	249	Intergenic	0	Non-heritable	0.0699241308627236	0.683782768293061	0.0221167096917663	0	0	0	0.699241308627236	8.00269416228394	5.52146091786225	0	0.460555983284925
BA_only	hippocampus	AA	psi	chr1_22427025_22427569	chr1	22427025	22427569	54	54	0	0	0.0174571588510324	0.970581273335112	1.49601738703876	1.49601738703876	544	519	Genic/other	0	Heritable	0.163483971941134	0.949715401701857	0.0151839442688713	8183	0	0	1.63483971941134	6.29894924685594	6.25382881157547	9.00993630763146	0.402806508521273
BA_only	hippocampus	AA	psi	chr1_224342051_224342218	chr1	224342051	224342218	31	31	0	0	0.0178662033362433	0.970931943606436	1.37819630674792	-1.37819630674792	167	269	Intergenic	0	Heritable	0.123913834867687	0.820638912347243	0.0112846886282098	11979	0	0	1.23913834867687	5.11799381241676	5.59842195899838	9.39099387166944	0.320775627428271
BA_only	hippocampus	AA	psi	chr1_22435933_22436707	chr1	22435933	22436707	54	54	0	0	0.0391283559683295	0.980549382116533	1.94626070510322	1.94626070510322	774	517	Genic/other	0	Heritable	0.153299315353909	0.939862808782006	0.0122713286876502	15296	0	0	1.53299315353909	6.65157187358973	6.24997524225948	9.63541200972327	0.665909949663167
BA_only	hippocampus	AA	psi	chr1_2245535_2245882	chr1	2245535	2245882	85	85	0	0	0.0214134848594678	0.975932065139872	2.82110427849352	2.82110427849352	347	372	Genic/other	0	Non-heritable	0.0666945576996287	0.857572092429841	0.0129682656428048	0	0	0	0.666945576996287	5.84932477994686	5.92157841964382	0	1.03712839996239
BA_only	hippocampus	AA	psi	chr1_225811110_225811254	chr1	225811110	225811254	31	31	0	0	0.00228478509402069	0.820192749465547	4.30292487876162	-4.30292487876162	144	257	Genic/other	1	Non-heritable	0.0944827275210098	0.815275664425337	0.0106097271919805	0	0	0	0.944827275210098	4.969813299576	5.55295958492162	0	1.45929499815255
BA_only	hippocampus	AA	psi	chr1_225925541_225925830	chr1	225925541	225925830	62	62	0	0	0.0371752702323474	0.980549382116533	1.67869595501448	-1.67869595501448	289	257	Genic/other	1	Non-heritable	0.0858996518933021	0.806426455977997	0.0123902485028162	3336	0	0	0.858996518933021	5.66642668811243	5.55295958492162	8.11282747875137	0.51801728070629
BA_only	hippocampus	AA	psi	chr1_226975723_226976074	chr1	226975723	226976074	30	30	0	0	0.0222323582983403	0.975932065139872	3.01675663931125	3.01675663931125	351	275	Genic/other	2	Heritable	0.101375745414296	0.840875728686034	0.00933522237013157	0	0	0	1.01375745414296	5.86078622346587	5.62040086571715	0	1.10418229709983
BA_only	hippocampus	AA	psi	chr1_227919434_227919983	chr1	227919434	227919983	156	156	0	0	0.00170495757575513	0.787503986353103	5.76853297876572	5.76853297876572	549	198	Genic/other	0	Non-heritable	0.0378132683864362	0.637951592486893	0.0097162962778249	29480	0	0	0.378132683864362	6.30809844150953	5.29330482472449	10.2915012670305	1.75241780014596
BA_only	hippocampus	AA	psi	chr1_228470639_228471114	chr1	228470639	228471114	134	134	0	0	0.0504960241630735	0.984077279506327	2.76274462151781	-2.76274462151781	475	284	Intergenic	1	Non-heritable	0.0428915756496575	0.806765311971448	0.0116778393218376	9877	0	0	0.428915756496575	6.16331480403464	5.65248918026865	9.19806534110057	1.01622461731875
BA_only	hippocampus	AA	psi	chr1_228622160_228622236	chr1	228622160	228622236	126	126	0	0	0.0052516162548357	0.910521893616427	6.32473522627704	-6.32473522627704	76	368	Promoter	1	Non-heritable	0.073391027544598	0.855436109909977	0.0262435580015087	109947	0	0	0.73391027544598	4.33073334028633	5.91079664404053	11.6077628057311	1.84446817386029
BA_only	hippocampus	AA	psi	chr1_228626622_228626720	chr1	228626622	228626720	123	123	0	0	0.0116462032810831	0.953190818243131	1.50475726059009	1.50475726059009	98	379	Promoter	1	Non-heritable	0.0849130940644234	0.900443238333128	0.0275823014789076	114409	0	0	0.849130940644234	4.58496747867057	5.94017125272043	11.647543766695	0.408631603193559
BA_only	hippocampus	AA	psi	chr1_228635354_228635757	chr1	228635354	228635757	122	122	0	0	0.00043253578272756	0.600933463320688	1.16884149531862	1.16884149531862	403	383	Promoter	2	Heritable	0.165122007757336	0.860410153753025	0.0224649008856193	123141	0	0	1.65122007757336	5.99893656194668	5.95064255258773	11.7210934400094	0.156013091876742
BA_only	hippocampus	AA	psi	chr1_228737077_228740015	chr1	228737077	228740015	8	8	0	0	0.190558826287278	0.991064867102684	0.627351123882124	-0.627351123882124	2938	411	Genic/other	2	Heritable	0.145666887883686	0.926687435321618	0.00765173557499773	28862	0	0	1.45666887883686	7.98548435673382	6.02102334934953	10.2703157770294	-0.466248872962546
BA_only	hippocampus	AA	psi	chr1_2287897_2288206	chr1	2287897	2288206	74	74	0	0	0.00121019409315326	0.741782412295099	0.871062881821293	-0.871062881821293	309	376	Genic/other	1	Non-heritable	0.0478033717587442	0.848121193247749	0.011966951957895	0	0	0	0.478033717587442	5.73334127689775	5.93224518744801	0	-0.138041098282557
BA_only	hippocampus	AA	psi	chr1_22946599_22946912	chr1	22946599	22946912	23	23	0	0	0.0138864644247933	0.964441318501853	5.87203676369904	-5.87203676369904	313	385	Intergenic	0	Heritable	0.140480225851539	0.910699195031184	0.012262071424991	50184	0	0	1.40480225851539	5.74620319054015	5.95583736946483	10.8234714562479	1.77020155384353
BA_only	hippocampus	AA	psi	chr1_22990989_22994463	chr1	22990989	22994463	23	23	0	0	0.0786663394264322	0.987720536119146	4.68864715564713	-4.68864715564713	3474	381	Intergenic	0	Heritable	0.130824563174056	0.91076080279337	0.0261143044889734	16637	0	0	1.30824563174056	8.15306194680105	5.94542060860658	9.71944451484383	1.54514409002674
BA_only	hippocampus	AA	psi	chr1_23007701_23008147	chr1	23007701	23008147	23	23	0	0	0.0589797211118596	0.98577631996496	9.16539205967995	-9.16539205967995	446	375	Intergenic	0	Heritable	0.110594759790804	0.903178627090252	0.0105687516750635	2953	0	0	1.10594759790804	6.10031895202006	5.9295891433899	7.99091546309133	2.21543465939249
BA_only	hippocampus	AA	psi	chr1_23089615_23090049	chr1	23089615	23090049	25	25	0	0	0.102560442299437	0.990610842832516	3.94825536124987	3.94825536124987	434	366	Genic/other	0	Heritable	0.118791523789474	0.901491806217679	0.0132302558342794	0	0	0	1.18791523789474	6.07304453410041	5.90536184805457	0	1.37327380317991
BA_only	hippocampus	AA	psi	chr1_23130894_23131981	chr1	23130894	23131981	39	39	0	0	0.0282549555439388	0.975932065139872	5.52181487775284	-5.52181487775284	1087	381	Genic/other	0	Heritable	0.126452983708191	0.910986411817997	0.0141335295340925	0	0	0	1.26452983708191	6.99117688712121	5.94542060860658	0	1.70870659026458
BA_only	hippocampus	AA	psi	chr1_23166382_23166853	chr1	23166382	23166853	37	37	0	0	0.0681354228316536	0.985907779499035	3.35418357705531	-3.35418357705531	471	394	Genic/other	1	Heritable	0.105417930797394	0.897613290336219	0.019724828324017	0	0	0	1.05417930797394	6.15485809401642	5.97888576490112	0	1.21020839865177
BA_only	hippocampus	AA	psi	chr1_23185869_23186878	chr1	23185869	23186878	40	40	0	0	0.00594472580894749	0.918414150018684	8.30893005223601	-8.30893005223601	1009	372	Intergenic	0	Heritable	0.121994927072835	0.900762843865503	0.0145693148396273	7882	0	0	1.21994927072835	6.91671502035361	5.92157841964382	8.97246382105991	2.11733084753778
BA_only	hippocampus	AA	psi	chr1_23240429_23241061	chr1	23240429	23241061	45	45	0	0	0.00939767737457099	0.939841915020693	5.81524970294854	-5.81524970294854	632	364	Genic/other	0	Heritable	0.134893818751739	0.903553490917974	0.0168954593531188	62442	0	0	1.34893818751739	6.44888939414686	5.89989735358249	11.0420094195995	1.76048372794604
BA_only	hippocampus	AA	psi	chr1_23293464_23294682	chr1	23293464	23294682	52	52	0	0	0.000994933788488581	0.718066796783097	5.17584150643334	-5.17584150643334	1218	326	Genic/other	0	Non-heritable	0.0944902808263258	0.871792472316425	0.0146754313325621	24005	0	0	0.944902808263258	7.10496544826984	5.78996017089725	10.0860590780853	1.64400193780273
BA_only	hippocampus	AA	psi	chr1_23336331_23336812	chr1	23336331	23336812	41	41	0	0	0.0017036900476812	0.787503986353103	3.04041983482471	3.04041983482471	481	298	Genic/other	0	Heritable	0.122537919717748	0.8759665486992	0.0126331827181066	0	0	0	1.22537919717748	6.17586727010576	5.70044357339069	0	1.11199561273249
BA_only	hippocampus	AA	psi	chr1_23346583_23347406	chr1	23346583	23347406	40	40	0	0	0.00124595110023767	0.747738399837652	2.37655142249059	2.37655142249059	823	301	Genic/other	2	Non-heritable	0.0906152498188789	0.84895062882526	0.0199453024625206	2371	0	0	0.906152498188789	6.71295620067707	5.71042701737487	7.77148876011762	0.865650458954546
BA_only	hippocampus	AA	psi	chr1_23354515_23355607	chr1	23354515	23355607	40	40	0	0	0.00264592845309032	0.835655744705892	1.87593257931627	1.87593257931627	1092	300	Intergenic	0	Heritable	0.12098125284345	0.873027938444743	0.0179423087672675	10303	0	0	1.2098125284345	6.99576615630485	5.70711026474888	9.24028744834414	0.629105916738137
BA_only	hippocampus	AA	psi	chr1_23356561_23357063	chr1	23356561	23357063	40	40	0	0	0.0277712497800297	0.975932065139872	3.02894337008377	-3.02894337008377	502	284	Intergenic	0	Non-heritable	0.0651927822545347	0.839493745896958	0.012823339967011	10104	0	0	0.651927822545347	6.21860011969173	5.65248918026865	9.22078562983772	1.10821383926021
BA_only	hippocampus	AA	psi	chr1_234356684_234357513	chr1	234356684	234357513	27	27	0	0	0.0106116479158903	0.944902218841749	9.11736919972533	-9.11736919972533	829	588	Promoter	2	Non-heritable	0.0763141475347106	0.95586816501523	0.0137320806655323	15676	0	0	0.763141475347106	6.7202201551353	6.37842618365159	9.65994994906853	2.21018129862664
BA_only	hippocampus	AA	psi	chr1_23439963_23440834	chr1	23439963	23440834	47	47	0	0	0.000616189142910839	0.656707474505831	1.69767818330253	1.69767818330253	871	267	Promoter	1	Heritable	0.151038779370465	0.85703789305611	0.0147723793460684	884	0	0	1.51038779370465	6.7696419768525	5.59098698051086	6.78558764500793	0.529261548904532
BA_only	hippocampus	AA	psi	chr1_235103739_235103906	chr1	235103739	235103906	121	121	0	0	0.00196839123825405	0.80614848610333	2.71028104238524	2.71028104238524	167	426	Intergenic	1	Heritable	0.154245714767208	0.889403951938249	0.0110150507994144	10003	0	0	1.54245714767208	5.11799381241676	6.05678401322863	9.21074029199751	0.997052338881412
BA_only	hippocampus	AA	psi	chr1_235700986_235701614	chr1	235700986	235701614	22	22	0	0	0.00519085706919863	0.910521893616427	1.41240571367938	-1.41240571367938	628	424	Genic/other	0	Non-heritable	0.0949943586550797	0.902557716239177	0.011831781683157	0	0	0	0.949943586550797	6.4425401664682	6.05208916892442	0	0.345294437513175
BA_only	hippocampus	AA	psi	chr1_23599596_23600056	chr1	23599596	23600056	147	147	0	0	0.00267403926038427	0.835655744705892	1.6018038516024	-1.6018038516024	460	295	Genic/other	0	Heritable	0.102120346922552	0.877664994140106	0.0111250637019777	22158	0	0	1.02120346922552	6.13122648948314	5.69035945432406	10.0059990134892	0.471130407693901
BA_only	hippocampus	AA	psi	chr1_23605148_23605808	chr1	23605148	23605808	147	147	0	0	0.00221192458387178	0.817446144573316	1.80181733164636	1.80181733164636	660	294	Genic/other	0	Heritable	0.117961415082439	0.871553362064442	0.0129148129871712	21728	0	0	1.17961415082439	6.49223983502047	5.68697535633982	9.98640305286344	0.588795789812241
BA_only	hippocampus	AA	psi	chr1_236096583_236098255	chr1	236096583	236098255	17	17	0	0	0.127900217200017	0.991064867102684	1.20256656815454	1.20256656815454	1672	583	Intergenic	0	Non-heritable	0.0533784152768148	0.921703206755371	0.0252624563713133	44780	0	0	0.533784152768148	7.42177579364465	6.36990098282823	10.7095392213014	0.184458087913796
BA_only	hippocampus	AA	psi	chr1_23622446_23623895	chr1	23622446	23623895	134	134	0	0	0.00164694765064518	0.786661074605562	1.6054807928419	1.6054807928419	1449	303	Genic/other	0	Heritable	0.117971896381727	0.883606575310475	0.0162765859994942	3641	0	0	1.17971896381727	7.27862894232068	5.71702770140622	8.20028826028755	0.473423277354736
BA_only	hippocampus	AA	psi	chr1_23685821_23686699	chr1	23685821	23686699	132	132	0	0	0.00163817632169965	0.786661074605562	1.57820119332847	-1.57820119332847	878	336	Intergenic	0	Heritable	0.171918255260611	0.898622372448274	0.0141028303288485	5129	0	0	1.71918255260611	6.77764659363512	5.82008293035236	8.54286093816481	0.45628571957344
BA_only	hippocampus	AA	psi	chr1_23690342_23690661	chr1	23690342	23690661	131	131	0	0	0.000423905423971155	0.595949298354404	1.40868884545809	-1.40868884545809	319	337	Genic/other	1	Heritable	0.175465320531993	0.901935352049704	0.0150818994571034	1167	0	0	1.75465320531993	5.76519110278484	5.82304589548302	7.06304816338817	0.342659382028361
BA_only	hippocampus	AA	psi	chr1_23706134_23706969	chr1	23706134	23706969	127	127	0	0	0.000518956545426723	0.624099430054502	1.63686624343471	1.63686624343471	835	362	Intergenic	0	Heritable	0.116801331545212	0.889801688945324	0.0105977639564059	1291	0	0	1.16801331545212	6.72743172485086	5.89440283426485	7.16394668434255	0.49278359281216
BA_only	hippocampus	AA	psi	chr1_23724825_23725889	chr1	23724825	23725889	134	134	0	0	0.000416248555292642	0.594601010385793	1.64300667543777	1.64300667543777	1064	367	Genic/other	0	Heritable	0.117308677804843	0.898477681335061	0.0126516850544404	0	0	0	1.17308677804843	6.96979066990159	5.90808293816893	0	0.496527908089926
BA_only	hippocampus	AA	psi	chr1_237308347_237308545	chr1	237308347	237308545	3	3	0	0	0.104027375614437	0.990610842832516	3.83393872790079	-3.83393872790079	198	649	Genic/other	0	Heritable	0.674161244020952	0.932004136872555	0.0101187076268317	0	0	0	6.74161244020952	5.28826703069454	6.47697236288968	0	1.3438926658575
BA_only	hippocampus	AA	psi	chr1_23738479_23740196	chr1	23738479	23740196	133	133	0	0	0.000867222464786514	0.696219356083129	1.38824471467143	-1.38824471467143	1717	368	Genic/other	1	Heritable	0.145799028446688	0.898453363906213	0.0229730974064429	0	0	0	1.45799028446688	7.44833386089748	5.91079664404053	0	0.328040161147796
BA_only	hippocampus	AA	psi	chr1_23766169_23767598	chr1	23766169	23767598	133	133	0	0	0.000971890332138954	0.716185863339116	1.52760100402742	1.52760100402742	1429	383	Genic/other	0	Heritable	0.151385849384335	0.902242193077054	0.0136657806142752	0	0	0	1.51385849384335	7.26473017792987	5.95064255258773	0	0.423698540173285
BA_only	hippocampus	AA	psi	chr1_23775109_23776453	chr1	23775109	23776453	192	192	0	0	0.00182077445028418	0.796447609036794	1.52716956332702	1.52716956332702	1344	377	Genic/other	2	Heritable	0.116239827497212	0.89321912380391	0.0131103113479563	0	0	0	1.16239827497212	7.2034055210831	5.93489419561959	0	0.423416070055853
BA_only	hippocampus	AA	psi	chr1_23827348_23828174	chr1	23827348	23828174	185	185	0	0	0.000802898775810245	0.683148985370606	1.46882164953885	1.46882164953885	826	397	Genic/other	0	Heritable	0.161991635151607	0.922906876135881	0.0209295793336534	10672	0	0	1.61991635151607	6.71659477352098	5.98645200528444	9.27547246691396	0.384460487193424
BA_only	hippocampus	AA	psi	chr1_23869360_23869743	chr1	23869360	23869743	185	185	0	0	0.000874108722591442	0.696297367007034	1.54571071352818	-1.54571071352818	383	416	Genic/other	1	Non-heritable	0.0932893223978724	0.919185159424497	0.0150162742499155	52684	0	0	0.932893223978724	5.94803498918065	6.0330862217988	10.8720860640336	0.435483819803736
BA_only	hippocampus	AA	psi	chr1_23877817_23878658	chr1	23877817	23878658	185	185	0	0	0.00017562921952471	0.463741243004846	1.57536543241965	-1.57536543241965	841	416	Genic/other	0	Non-heritable	0.0961505079725397	0.913464570996247	0.0111166550841785	61141	0	0	0.961505079725397	6.73459165997295	6.0330862217988	11.0209543067188	0.454487272296622
BA_only	hippocampus	AA	psi	chr1_23897706_23899100	chr1	23897706	23899100	176	176	0	0	0.00350946025966161	0.866906756094015	1.58959378567288	-1.58959378567288	1394	426	Genic/other	1	Non-heritable	0.0811128545232073	0.913855740834182	0.0157666580536101	60155	0	0	0.811128545232073	7.23993259132047	6.05678401322863	11.0046964670515	0.463478509173419
BA_only	hippocampus	AA	psi	chr1_23940554_23941290	chr1	23940554	23941290	178	178	0	0	0.00264559414575411	0.835655744705892	2.32938977171619	-2.32938977171619	736	415	Intergenic	0	Heritable	0.112197498104988	0.894671214247058	0.0164783479764634	17965	0	0	1.12197498104988	6.60123011872888	6.03068526026126	9.79623636178915	0.845606337017649
BA_only	hippocampus	AA	psi	chr1_23953712_23954306	chr1	23953712	23954306	177	177	0	0	0.00299321933531758	0.846513053928579	1.92138477855893	-1.92138477855893	594	430	Genic/other	0	Heritable	0.152188624043128	0.91001546317383	0.0115459525195241	4949	0	0	1.52188624043128	6.38687931936265	6.06610809010375	8.50714285556274	0.653046170109311
BA_only	hippocampus	AA	psi	chr1_24024441_24025470	chr1	24024441	24025470	103	103	0	0	0.00673652050191512	0.92655656508175	2.27432072951096	-2.27432072951096	1029	444	Intergenic	0	Heritable	0.24065656546891	0.894875605281981	0.0119300037772041	0	0	0	2.4065656546891	6.93634273583405	6.09807428216624	0	0.821681431781075
BA_only	hippocampus	AA	psi	chr1_24029124_24029750	chr1	24029124	24029750	95	95	0	0	0.0147636912200922	0.966089857218066	2.46337852498349	-2.46337852498349	626	432	Intergenic	0	Non-heritable	0.0926604891863472	0.86706562410447	0.0117787749684866	0	0	0	0.926604891863472	6.4393503711001	6.07073772800249	0	0.901533795913966
BA_only	hippocampus	AA	psi	chr1_24038917_24039764	chr1	24038917	24039764	94	94	0	0	0.00308058216243967	0.84862690950741	2.30095691823024	-2.30095691823024	847	435	Genic/other	0	Heritable	0.131159217946048	0.853135178101023	0.0102449107391586	0	0	0	1.31159217946048	6.74170069465206	6.07764224334903	0	0.833325092160187
BA_only	hippocampus	AA	psi	chr1_240492998_240493391	chr1	240492998	240493391	20	20	0	0	0.0954915731407105	0.990400450319684	0.924135566342222	-0.924135566342222	393	705	Genic/other	1	Heritable	0.12200276768637	0.971764306312404	0.0116431752055153	20625	0	0	1.2200276768637	5.97380961186926	6.55961523749324	9.93430769487601	-0.0788964904608032
BA_only	hippocampus	AA	psi	chr1_24076536_24076882	chr1	24076536	24076882	78	78	0	0	0.0115011243467644	0.953021166460675	2.8562351546616	-2.8562351546616	346	425	Genic/other	0	Non-heritable	0.0752188769875885	0.838684901902429	0.0184096692764554	35685	0	0	0.752188769875885	5.84643877505773	6.05443934626937	10.4825137339914	1.04950438165533
BA_only	hippocampus	AA	psi	chr1_24154146_24155112	chr1	24154146	24155112	97	97	0	0	0.00187218860980878	0.800695690278406	2.47517478446412	-2.47517478446412	966	404	Intergenic	0	Heritable	0.136510165217188	0.900375845258801	0.0183332361709777	2691	0	0	1.36510165217188	6.87316383421252	6.00388706710654	7.89803969076462	0.906311017552802
BA_only	hippocampus	AA	psi	chr1_24174157_24176234	chr1	24174157	24176234	97	97	0	0	0.00249455831260371	0.82724407149952	2.11564821889666	-2.11564821889666	2077	404	Genic/other	0	Heritable	0.156874634640538	0.899167664607834	0.0244657701912999	14682	0	0	1.56874634640538	7.63867982387611	6.00388706710654	9.59444564096294	0.749361256743502
BA_only	hippocampus	AA	psi	chr1_242522759_242523086	chr1	242522759	242523086	2	2	0	0	0.0644395513941421	0.985907779499035	0.222706356319148	0.222706356319148	327	520	Genic/other	1	Heritable	0.142988105037881	0.949744281990487	0.0108485951260553	0	0	0	1.42988105037881	5.78996017089725	6.25575004175337	0	-1.50190111815324
BA_only	hippocampus	AA	psi	chr1_24259621_24260568	chr1	24259621	24260568	119	119	0	0	0.00196501098662987	0.80614848610333	2.80915379823958	-2.80915379823958	947	398	Genic/other	0	Heritable	0.142344268847935	0.8858799311723	0.015980307287034	38702	0	0	1.42344268847935	6.85329909318608	5.98896141688986	10.5636723953932	1.03288330213735
BA_only	hippocampus	AA	psi	chr1_243101394_243102151	chr1	243101394	243102151	13	13	0	0	0.0147974613955848	0.966089857218066	0.292323481920323	0.292323481920323	757	346	Promoter	2	Heritable	0.150554767835049	0.900178813017948	0.0526176585460674	0	0	0	1.50554767835049	6.62936325343745	5.84932477994686	0	-1.22989424088355
BA_only	hippocampus	AA	psi	chr1_243421334_243421622	chr1	243421334	243421622	8	8	0	0	0.0955342123989108	0.990400450319684	2.07963865775962	2.07963865775962	288	211	Enhancer	0	Heritable	0.129041050509269	0.79717436169893	0.00974581326059145	78163	0	0	1.29041050509269	5.66296048013595	5.35658627467201	11.2665644624798	0.732194161199348
BA_only	hippocampus	AA	psi	chr1_2435629_2436634	chr1	2435629	2436634	88	88	0	0	0.00298231404294048	0.846261736290652	2.86626690108515	2.86626690108515	1005	431	Genic/other	2	Heritable	0.11969537898003	0.905912853180113	0.0165643566900515	23237	0	0	1.1969537898003	6.91274282049318	6.06842558824411	10.0535441487428	1.05301045524589
BA_only	hippocampus	AA	psi	chr1_24461307_24461761	chr1	24461307	24461761	75	75	0	0	0.00341089508311261	0.866296289904077	2.19204972916755	-2.19204972916755	454	432	Genic/other	0	Heritable	0.181495889291025	0.916039288638722	0.0122126980757602	2358	0	0	1.81495889291025	6.11809719804135	6.07073772800249	7.76599307940768	0.784837060054399
BA_only	hippocampus	AA	psi	chr1_24494975_24495446	chr1	24494975	24495446	84	84	0	0	0.00277570040301787	0.842029831452187	3.20002707390078	-3.20002707390078	471	462	Intergenic	0	Non-heritable	0.0826924693795552	0.880618433622121	0.0115866797169917	1149	0	0	0.826924693795552	6.15485809401642	6.13772705408623	7.0475172213573	1.16315927348886
BA_only	hippocampus	AA	psi	chr1_245652831_245653310	chr1	245652831	245653310	2	2	0	0	0.161883434761829	0.991064867102684	0.763488822636194	-0.763488822636194	479	707	Genic/other	0	Heritable	0.447855562333831	0.918556632613126	0.00995855317041211	96353	0	0	4.47855562333831	6.17170059741092	6.56244409369372	11.4757841882895	-0.269856780971095
BA_only	hippocampus	AA	psi	chr1_245688217_245688322	chr1	245688217	245688322	4	4	0	0	0.504378865195789	0.995197909014641	0.131990394618851	0.131990394618851	105	698	Genic/other	1	Heritable	0.115187593908267	0.977258961719879	0.0113058473922313	61341	0	0	1.15187593908267	4.65396035015752	6.54965074223381	11.0242200422883	-2.02502605131941
BA_only	hippocampus	AA	psi	chr1_24601621_24602035	chr1	24601621	24602035	80	80	0	0	0.00173764409334564	0.792373102657891	0.941204059376465	0.941204059376465	414	490	Genic/other	0	Non-heritable	0.0767847866907245	0.916281227977664	0.0121233175570362	680	0	0	0.767847866907245	6.02586597382531	6.19644412779452	6.52356230614951	-0.0605952985338724
BA_only	hippocampus	AA	psi	chr1_246035491_246036029	chr1	246035491	246036029	6	6	0	0	0.125660066771662	0.991064867102684	0.670325901671207	-0.670325901671207	538	540	Genic/other	0	Non-heritable	0.0549907110058688	0.920516000594902	0.0112823980762532	0	0	0	0.549907110058688	6.28785856016178	6.29341927884648	0	-0.399991249538278
BA_only	hippocampus	AA	psi	chr1_24626032_24627434	chr1	24626032	24627434	76	76	0	0	0.0744869185509026	0.986186896048602	0.754050449129022	0.754050449129022	1402	492	Promoter	0	Non-heritable	0.0817997556803252	0.88809901814662	0.0198236628061994	5664	0	0	0.817997556803252	7.24565506759454	6.20050917404269	8.64206217346211	-0.282295991291573
BA_only	hippocampus	AA	psi	chr1_24680241_24680470	chr1	24680241	24680470	62	62	0	0	0.0368943287269088	0.980549382116533	1.11196468622382	-1.11196468622382	229	474	Intergenic	0	Non-heritable	0.0868313262452304	0.907040661994198	0.010527173986358	0	0	0	0.868313262452304	5.43372200355424	6.16331480403464	0	0.10612844732425
BA_only	hippocampus	AA	psi	chr1_24711227_24712217	chr1	24711227	24712217	62	62	0	0	0.100984704934694	0.990427857070131	0.967040667528859	-0.967040667528859	990	467	Genic/other	0	Heritable	0.156497691501181	0.89861039331021	0.0126803139199687	8248	0	0	1.56497691501181	6.89770494312864	6.14846829591765	9.01784725986073	-0.0335147187167241
BA_only	hippocampus	AA	psi	chr1_247127684_247128304	chr1	247127684	247128304	93	93	0	0	0.0116753710107456	0.953536281523072	1.35193396717175	-1.35193396717175	620	544	Genic/other	1	Heritable	0.264589474902669	0.91029492719727	0.0291956621438596	0	0	0	2.64589474902669	6.42971947803914	6.30078579466324	0	0.301536142975533
BA_only	hippocampus	AA	psi	chr1_24731555_24732112	chr1	24731555	24732112	63	63	0	0	0.0780514769274172	0.987720536119146	0.726451288727332	0.726451288727332	557	458	Intergenic	0	Non-heritable	0.0907811244616728	0.90268333678967	0.0165017186596384	1019	0	0	0.907811244616728	6.32256523992728	6.12905021006055	6.92755790627832	-0.319583833693888
BA_only	hippocampus	AA	psi	chr1_24737032_24737229	chr1	24737032	24737229	63	63	0	0	0.0840458838496323	0.988137148207548	1.35137263296823	1.35137263296823	197	460	Intergenic	0	Heritable	0.171335629772177	0.907981390935468	0.012066841537047	6496	0	0	1.71335629772177	5.28320372873799	6.13339804299665	8.77909581088053	0.301120848456291
BA_only	hippocampus	AA	psi	chr1_24747273_24747490	chr1	24747273	24747490	63	63	0	0	0.0458755866126036	0.981789757189854	0.82773409425612	-0.82773409425612	217	459	Genic/other	1	Non-heritable	0.0615223488801215	0.852196681819055	0.0110964369981899	0	0	0	0.615223488801215	5.37989735354046	6.13122648948314	0	-0.189063306295656
BA_only	hippocampus	AA	psi	chr1_247518125_247518531	chr1	247518125	247518531	50	50	0	0	0.00406340481813038	0.880626276698998	3.56062936127926	3.56062936127926	406	501	Promoter	1	Heritable	0.327554966984299	0.899624602502534	0.00998269246793942	0	0	0	3.27554966984299	6.00635315960173	6.21860011969173	0	1.26993731892367
BA_only	hippocampus	AA	psi	chr1_247530431_247531132	chr1	247530431	247531132	50	50	0	0	0.0156634896944015	0.967613773757012	1.16643123093131	1.16643123093131	701	506	Promoter	2	Heritable	0.144836362469251	0.933750434960125	0.0143144838291178	0	0	0	1.44836362469251	6.55250788703459	6.22851100359118	0	0.153948865976765
BA_only	hippocampus	AA	psi	chr1_24755515_24756759	chr1	24755515	24756759	61	61	0	0	0.118986557415336	0.99090322242539	0.780491499522343	0.780491499522343	1244	453	Genic/other	0	Non-heritable	0.088936663215539	0.858824419466929	0.0164977160949083	0	0	0	0.88936663215539	7.12608727329913	6.11809719804135	0	-0.247831417340344
BA_only	hippocampus	AA	psi	chr1_247639242_247639378	chr1	247639242	247639378	47	47	0	0	0.0107729209851529	0.944902218841749	1.10749332238552	-1.10749332238552	136	492	Promoter	1	Heritable	0.132786638570404	0.930338691192712	0.0100050579390837	0	0	0	1.32786638570404	4.91265488573605	6.20050917404269	0	0.102099202499636
BA_only	hippocampus	AA	psi	chr1_247639646_247639874	chr1	247639646	247639874	47	47	0	0	0.00362850410222052	0.866906756094015	1.752320803388	1.752320803388	228	509	Promoter	2	Heritable	0.107760201421256	0.929665426184643	0.00909854996516019	0	0	0	1.07760201421256	5.42934562895444	6.23441072571837	0	0.560941088415506
BA_only	hippocampus	AA	psi	chr1_247782427_247785470	chr1	247782427	247785470	37	37	0	0	0.00618976149300638	0.920376068783091	2.28093320822587	2.28093320822587	3043	498	Intergenic	0	Heritable	0.699009397357915	0.909127663004013	0.0135311828995352	7191	0	0	6.99009397357915	8.02059914989697	6.21260609575152	8.88072457615146	0.824584665462817
BA_only	hippocampus	AA	psi	chr1_24785579_24785809	chr1	24785579	24785809	32	32	0	0	0.0161224472957569	0.968106276565941	0.606337439494388	0.606337439494388	230	446	Genic/other	0	Non-heritable	0.0912566928525554	0.901626424246585	0.0104352232457666	0	0	0	0.912566928525554	5.4380793089232	6.10255859461357	0	-0.500318600544302
BA_only	hippocampus	AA	psi	chr1_247937024_247938282	chr1	247937024	247938282	21	21	0	0	0.0028085315592937	0.842787348926733	2.88527429322114	-2.88527429322114	1258	431	Promoter	2	Heritable	0.233301132405554	0.882188584915009	0.0107491043664593	91952	0	0	2.33301132405554	7.13727843726039	6.06842558824411	11.4290328559276	1.05961997454645
BA_only	hippocampus	AA	psi	chr1_25142731_25143865	chr1	25142731	25143865	65	65	0	0	0.0459378516724075	0.981789757189854	1.26320708997832	-1.26320708997832	1134	375	Intergenic	0	Non-heritable	0.0877215981778595	0.883310298299002	0.0132725754624156	0	0	0	0.877215981778595	7.0335064842877	5.9295891433899	0	0.233653804572315
BA_only	hippocampus	AA	psi	chr1_25209283_25209518	chr1	25209283	25209518	69	69	0	0	0.0467906019917956	0.982445572707507	1.73876716858102	1.73876716858102	235	373	Intergenic	0	Non-heritable	0.0991224494680658	0.88681962799831	0.0100642265675889	23160	0	0	0.991224494680658	5.45958551414416	5.92425579741453	10.0502251086477	0.553176344052013
BA_only	hippocampus	AA	psi	chr1_25266473_25266950	chr1	25266473	25266950	68	68	1	1	6.5638591062056e-07	0.017388750497562	45.3561095434685	-45.3561095434685	477	390	Genic/other	2	Non-heritable	0.00242621652554996	0.792981678189428	0.0150342871140954	0	1	1	0.0242621652554996	6.16751649088834	5.96870755998537	0	3.8145448875196
BA_only	hippocampus	AA	psi	chr1_25277737_25277965	chr1	25277737	25277965	68	68	0	0	0.0270568704417968	0.975932065139872	3.37614674389902	3.37614674389902	228	384	Genic/other	0	Heritable	0.11340972095254	0.904688212310055	0.0120346866128879	0	0	0	1.1340972095254	5.42934562895444	5.95324333428779	0	1.21673504554575
BA_only	hippocampus	AA	psi	chr1_25283296_25283529	chr1	25283296	25283529	68	68	0	0	0.0143230082363084	0.964996126829086	3.87268164351036	3.87268164351036	233	392	Genic/other	0	Heritable	0.170816089054102	0.918766677222787	0.00996700576000018	0	0	0	1.70816089054102	5.4510384535657	5.97380961186926	0	1.35394720079757
BA_only	hippocampus	AA	psi	chr1_25286772_25287166	chr1	25286772	25287166	68	68	0	0	0.0217435638315529	0.975932065139872	2.5811146785857	2.5811146785857	394	389	Genic/other	0	Heritable	0.147424353348259	0.923911705937968	0.00980366230382555	0	0	0	1.47424353348259	5.97635090929793	5.96614673912369	0	0.948221355466287
BA_only	hippocampus	AA	psi	chr1_25331471_25332161	chr1	25331471	25332161	70	70	0	0	0.0705790954344803	0.985907779499035	1.68067461771115	1.68067461771115	690	420	Genic/other	0	Heritable	0.105425545689136	0.916818311169432	0.0136934262272291	0	0	0	1.05425545689136	6.53669159759131	6.04263283368238	0	0.519195276923657
BA_only	hippocampus	AA	psi	chr1_25357475_25358104	chr1	25357475	25358104	68	68	0	0	0.053661785508614	0.985016765603212	2.26797459388603	2.26797459388603	629	419	Genic/other	0	Non-heritable	0.0735528580807816	0.919648863131298	0.0111393212374666	681	0	0	0.735528580807816	6.44413125670044	6.04025471127741	6.52502965784346	0.818887188221697
BA_only	hippocampus	AA	psi	chr1_25411461_25414731	chr1	25411461	25414731	67	67	0	0	0.0172643321243679	0.970581273335112	3.06479912471284	3.06479912471284	3270	377	Genic/other	0	Non-heritable	0.0988040817648292	0.921032092529044	0.014180151126888	0	0	0	0.988040817648292	8.0925452638913	5.93489419561959	0	1.11998203207355
BA_only	hippocampus	AA	psi	chr1_25452307_25453401	chr1	25452307	25453401	67	67	0	0	0.0406246096557602	0.980549382116533	1.93443714639588	-1.93443714639588	1094	374	Genic/other	0	Heritable	0.182186051195845	0.907423832479502	0.01288176147687	980	0	0	1.82186051195845	6.99759598298193	5.92692602597041	6.88857245956536	0.659816408921728
BA_only	hippocampus	AA	psi	chr1_25480654_25482017	chr1	25480654	25482017	67	67	0	0	0.0224865275585703	0.975932065139872	3.05300347152725	3.05300347152725	1363	365	Genic/other	0	Heritable	0.117169594518819	0.892249495298437	0.0155300707500572	0	0	0	1.17169594518819	7.21744343169653	5.90263333340137	0	1.11612585411477
BA_only	hippocampus	AA	psi	chr1_25563647_25564105	chr1	25563647	25564105	32	32	0	0	0.0376135325302909	0.980549382116533	2.71618166948943	2.71618166948943	458	323	Promoter	0	Heritable	0.106787826042219	0.852466252705249	0.0101196791760342	0	0	0	1.06787826042219	6.12686918411419	5.78074351579233	0	0.999227099760228
BA_only	hippocampus	AA	psi	chr1_25600992_25601870	chr1	25600992	25601870	55	55	0	0	0.0296306645799176	0.976741514025636	3.4093387110099	-3.4093387110099	878	295	Intergenic	0	Non-heritable	0.0990207461624208	0.884898369866661	0.0135895992143335	10822	0	0	0.990207461624208	6.77764659363512	5.69035945432406	9.28942877829515	1.22651834903233
BA_only	hippocampus	AA	psi	chr1_25667254_25667999	chr1	25667254	25667999	64	64	0	0	0.0334295472632838	0.979164877002956	4.09588030547264	-4.09588030547264	745	287	Genic/other	0	Non-heritable	0.0740407572873246	0.854237254360166	0.0128775679094593	0	0	0	0.740407572873246	6.61338421837956	5.66296048013595	0	1.40998166745499
BA_only	hippocampus	AA	psi	chr1_25762319_25762942	chr1	25762319	25762942	65	65	0	0	0.0408370273283326	0.980549382116533	4.19169200660537	-4.19169200660537	623	274	Genic/other	0	Heritable	0.188479902919143	0.862309739879148	0.0109505901493385	15381	0	0	1.88479902919143	6.43454651878745	5.61677109766657	9.640953273617	1.4331044749985
BA_only	hippocampus	AA	psi	chr1_25837731_25838657	chr1	25837731	25838657	74	74	0	0	0.0353457284205903	0.980327953711174	2.91431750965629	-2.91431750965629	926	276	Promoter	0	Heritable	0.101396770860545	0.839813332176917	0.0199436836432928	317	0	0	1.01396770860545	6.83087423464618	5.62401750618734	5.76205138278018	1.06963566534285
BA_only	hippocampus	AA	psi	chr1_25857719_25858145	chr1	25857719	25858145	73	73	0	0	0.0119463089718149	0.955606011044194	3.86821541514735	-3.86821541514735	426	283	Genic/other	1	Non-heritable	0.0836761934288496	0.85152564554707	0.0121274265675086	1729	0	0	0.836761934288496	6.05443934626937	5.64897423816121	7.45587668749182	1.35279327023547
BA_only	hippocampus	AA	psi	chr1_25865575_25866572	chr1	25865575	25866572	74	74	0	0	0.019213597251938	0.973330286765374	2.80442753362504	-2.80442753362504	997	285	Genic/other	0	Heritable	0.162043745273389	0.853122864743558	0.0115742231198887	0	0	0	1.62043745273389	6.90475076996184	5.65599181081985	0	1.03119943387748
BA_only	hippocampus	AA	psi	chr1_26116594_26117251	chr1	26116594	26117251	74	74	0	0	0.0464149993652768	0.982179309969715	0.972294301638571	-0.972294301638571	657	309	Genic/other	0	Non-heritable	0.0739964575447655	0.870654359120876	0.0165959877874966	2301	0	0	0.739964575447655	6.48768401848461	5.73657229747919	7.74153358928183	-0.0280967306016472
BA_only	hippocampus	AA	psi	chr1_26133508_26134837	chr1	26133508	26134837	78	78	0	0	0.0122200022166712	0.95809323095415	0.781786934113758	-0.781786934113758	1329	303	Intergenic	0	Non-heritable	0.091072798662569	0.841748244271677	0.0181508313057029	19215	0	0	0.91072798662569	7.19218205871325	5.71702770140622	9.86349854431976	-0.246173025540472
BA_only	hippocampus	AA	psi	chr1_26136178_26138021	chr1	26136178	26138021	78	78	0	0	0.0372165115138567	0.980549382116533	0.78189783074416	-0.78189783074416	1843	314	Intergenic	0	Non-heritable	0.0672654574529144	0.812319254171467	0.0234280874676709	21885	0	0	0.672654574529144	7.51914995766982	5.75257263882563	9.99360244197839	-0.246031185405348
BA_only	hippocampus	AA	psi	chr1_26163304_26163837	chr1	26163304	26163837	70	70	0	0	0.0191030905161856	0.97294422691241	1.50166428741009	-1.50166428741009	533	306	Genic/other	1	Heritable	0.109236406912746	0.868667748677096	0.0118080518149463	6642	0	0	1.09236406912746	6.27852142416584	5.7268477475872	8.80131894766524	0.40657402463962
BA_only	hippocampus	AA	psi	chr1_26173260_26173872	chr1	26173260	26173872	70	70	0	0	0.0548251970564915	0.98577631996496	0.9704732286524	-0.9704732286524	612	306	Genic/other	1	Heritable	0.106254714817951	0.897262813667804	0.0201045040095925	2684	0	0	1.06254714817951	6.41673228251233	5.7268477475872	7.89543600694297	-0.0299714515575916
BA_only	hippocampus	AA	psi	chr1_2617421_2617586	chr1	2617421	2617586	55	55	0	0	0.00280625459793392	0.842787348926733	3.17192780247221	3.17192780247221	165	502	Genic/other	0	Heritable	0.167428170028346	0.931748483780143	0.0111192040674	11316	0	0	1.67428170028346	5.10594547390058	6.22059017009974	9.33406129896594	1.15433954578105
BA_only	hippocampus	AA	psi	chr1_26200776_26201118	chr1	26200776	26201118	115	115	0	0	0.00361121704130023	0.866906756094015	2.05104881205856	2.05104881205856	342	316	Genic/other	0	Heritable	0.513494028250679	0.883233330869871	0.0103179632233083	0	0	0	5.13494028250679	5.83481073706261	5.75890177387728	0	0.718351282833534
BA_only	hippocampus	AA	psi	chr1_26248515_26249270	chr1	26248515	26249270	126	126	0	0	0.000644756826382215	0.660423394083112	1.94238068502424	1.94238068502424	755	293	Genic/other	0	Heritable	0.137958656628434	0.863540852915214	0.0123471388471901	14563	0	0	1.37958656628434	6.62671774924903	5.68357976733868	9.58630800929532	0.663914383110547
BA_only	hippocampus	AA	psi	chr1_26435305_26435865	chr1	26435305	26435865	116	116	0	0	0.00113723816681884	0.728104889170376	3.06492293482005	-3.06492293482005	560	251	Genic/other	1	Non-heritable	0.0806888514104414	0.802466726750183	0.0117832588016968	2413	0	0	0.806888514104414	6.3279367837292	5.52942908751142	7.78904040165748	1.1200224287198
BA_only	hippocampus	AA	psi	chr1_26440295_26441715	chr1	26440295	26441715	115	115	0	0	0.000296070259484756	0.537579539290605	1.9917815858086	-1.9917815858086	1420	253	Promoter	0	Heritable	0.126541296790887	0.830327467052128	0.0202813833659815	0	0	0	1.26541296790887	7.25841215059531	5.53733426701854	0	0.689029512493097
BA_only	hippocampus	AA	psi	chr1_26479795_26480404	chr1	26479795	26480404	106	106	0	0	0.000995876745027341	0.718066796783097	2.50058848823022	-2.50058848823022	609	253	Intergenic	0	Non-heritable	0.0666218293834542	0.825055888830114	0.0128286463913185	5709	0	0	0.666218293834542	6.4118182677099	5.53733426701854	8.64997430265006	0.916526103464177
BA_only	hippocampus	AA	psi	chr1_26481488_26482041	chr1	26481488	26482041	106	106	0	0	0.000125095620652149	0.416727663010105	3.03138551003147	-3.03138551003147	553	254	Intergenic	0	Non-heritable	0.0674306320290726	0.817118416980484	0.0111307964151163	7402	0	0	0.674306320290726	6.31535800152234	5.54126354515843	8.9096406024431	1.10901978234355
BA_only	hippocampus	AA	psi	chr1_26507360_26508277	chr1	26507360	26508277	101	101	0	0	0.000645302000913216	0.660423394083112	1.97138855095954	-1.97138855095954	917	248	Intergenic	0	Non-heritable	0.0854671217953814	0.825799548752997	0.0163267317416178	21705	0	0	0.854671217953814	6.82110747225647	5.51745289646471	9.98534399900596	0.678738147736445
BA_only	hippocampus	AA	psi	chr1_26562875_26563656	chr1	26562875	26563656	117	117	0	0	0.000383476128224937	0.579438373379997	4.36168511520498	-4.36168511520498	781	242	Genic/other	0	Heritable	0.121097676650174	0.810317479739074	0.0127235577671561	1829	0	0	1.21097676650174	6.66057514983969	5.49306144334055	7.51207124583547	1.47285847929702
BA_only	hippocampus	AA	psi	chr1_26591379_26592346	chr1	26591379	26592346	117	117	0	0	0.000699533777097413	0.66750800916975	4.06345606335853	4.06345606335853	967	256	Intergenic	0	Heritable	0.135932287470872	0.83679419318463	0.0138322763171589	28466	0	0	1.35932287470872	6.87419849545329	5.54907608489522	10.2565008006419	1.40203386110188
BA_only	hippocampus	AA	psi	chr1_26637449_26638569	chr1	26637449	26638569	104	104	0	0	0.000374457282144815	0.573883946550296	2.41777410825741	-2.41777410825741	1120	259	Intergenic	0	Non-heritable	0.088897889775981	0.83140141820445	0.0155106041382718	0	0	0	0.88897889775981	7.02108396428914	5.56068163101553	0	0.88284733106199
BA_only	hippocampus	AA	psi	chr1_26641187_26643885	chr1	26641187	26643885	104	104	0	0	0.00063647104233256	0.657105411686211	1.91313516091817	-1.91313516091817	2698	260	Promoter	0	Non-heritable	0.0766637661609489	0.838354275195072	0.0177753285576622	859	0	0	0.766637661609489	7.9002660367677	5.56452040732269	6.75693238924755	0.648743347093173
BA_only	hippocampus	AA	psi	chr1_26664221_26664605	chr1	26664221	26664605	104	104	0	0	4.01162715791688e-05	0.241533298301156	5.42998700131268	-5.42998700131268	384	249	Intergenic	0	Heritable	0.124478286346862	0.843640874918752	0.0128523613574498	23893	0	0	1.24478286346862	5.95064255258773	5.52146091786225	10.0813826603772	1.69193674191954
BA_only	hippocampus	AA	psi	chr1_26681077_26682301	chr1	26681077	26682301	104	104	0	0	0.000159538403417353	0.450991719377429	4.11165356621369	-4.11165356621369	1224	250	Intergenic	0	Heritable	0.12107443567127	0.839475432253986	0.014337149382395	11315	0	0	1.2107443567127	7.10987946307227	5.52545293913178	9.33397293242146	1.41382527757414
BA_only	hippocampus	AA	psi	chr1_26735974_26736858	chr1	26735974	26736858	45	45	0	0	0.000630850198160081	0.657105411686211	1.87374316559841	-1.87374316559841	884	248	Genic/other	0	Non-heritable	0.0533042441475627	0.818911252252857	0.01977515352353	6322	0	0	0.533042441475627	6.78445706263764	5.51745289646471	8.75194905805861	0.627938128319117
BA_only	hippocampus	AA	psi	chr1_26815864_26816172	chr1	26815864	26816172	38	38	0	0	0.000659144265122891	0.660644830675263	1.50699016828018	-1.50699016828018	308	247	Genic/other	1	Non-heritable	0.0891155828188309	0.83263831189713	0.0100432119197947	10966	0	0	0.891155828188309	5.73009978297357	5.51342874616498	9.30264604276021	0.410114402224434
BA_only	hippocampus	AA	psi	chr1_26865804_26866003	chr1	26865804	26866003	38	38	0	0	0.000582632075249456	0.642817408649347	3.16758500956275	-3.16758500956275	199	233	Intergenic	1	Heritable	0.11198406049291	0.833979356671052	0.0164329088674457	760	0	0	1.1198406049291	5.29330482472449	5.4553211153577	6.63463335786169	1.15296947407243
BA_only	hippocampus	AA	psi	chr1_26866770_26867326	chr1	26866770	26867326	38	38	0	0	0.000606587372129334	0.65628082163045	0.893487094834332	0.893487094834332	556	236	Intergenic	1	Heritable	0.123841205433349	0.830173012197708	0.0134846426750533	1726	0	0	1.23841205433349	6.32076829425058	5.46806014113513	7.45414107814668	-0.112623376681168
BA_only	hippocampus	AA	psi	chr1_26869180_26869545	chr1	26869180	26869545	38	38	0	0	0.00153227023162475	0.776156527719819	0.883832215259307	0.883832215259307	365	234	Intergenic	1	Non-heritable	0.0672266814691618	0.801201059517009	0.0109101563765246	4136	0	0	0.672266814691618	5.89989735358249	5.45958551414416	8.32772616646141	-0.123488024787625
BA_only	hippocampus	AA	psi	chr1_26871995_26873077	chr1	26871995	26873077	38	38	0	0	0.000943759829395755	0.708361817463044	5.24310157664457	5.24310157664457	1082	235	Genic/other	0	Heritable	0.131005784758788	0.79038334083248	0.0133873541663489	6951	0	0	1.31005784758788	6.98656645940643	5.46383180502561	8.84678466694523	1.65691322907398
BA_only	hippocampus	AA	psi	chr1_26901115_26901863	chr1	26901115	26901863	36	36	0	0	0.0105616391029546	0.944902218841749	1.2660550095967	1.2660550095967	748	217	Promoter	1	Heritable	0.108965796213344	0.79414709744409	0.023135403524798	36071	0	0	1.08965796213344	6.61740297797448	5.38449506278909	10.4932722201009	0.23590578217473
BA_only	hippocampus	AA	psi	chr1_26903732_26905635	chr1	26903732	26905635	36	36	0	0	0.0119677850054241	0.955606011044194	0.861269931936943	0.861269931936943	1903	223	Genic/other	1	Non-heritable	0.0633022228019343	0.807483033953932	0.0171205929775625	38688	0	0	0.633022228019343	7.55118686729615	5.41164605185504	10.5633106008886	-0.149347302278568
BA_only	hippocampus	AA	psi	chr1_26976393_26976584	chr1	26976393	26976584	36	36	0	0	0.0301502644371776	0.976893291659941	5.33107081547913	5.33107081547913	191	213	Genic/other	0	Non-heritable	0.0853019263274529	0.726269505443502	0.0108987122661341	0	0	0	0.853019263274529	5.25227342804663	5.36597601502185	0	1.67355212334215
BA_only	hippocampus	AA	psi	chr1_26978606_26979651	chr1	26978606	26979651	36	36	0	0	0.00824592590966767	0.933559278800072	2.82568548640102	2.82568548640102	1045	211	Promoter	0	Heritable	0.1278183774311	0.836543357504339	0.0128570152485536	0	0	0	1.278183774311	6.95177216439891	5.35658627467201	0	1.03875098875606
BA_only	hippocampus	AA	psi	chr1_27052705_27053523	chr1	27052705	27053523	6	6	0	0	0.00634327736015045	0.920376068783091	0.419023148850424	-0.419023148850424	818	200	Intergenic	0	Non-heritable	0.08777453906262	0.804383082984936	0.0268194176082912	7486	0	0	0.8777453906262	6.70686233660275	5.30330490805908	8.92092346223069	-0.869829088868035
BA_only	hippocampus	AA	psi	chr1_27067900_27068908	chr1	27067900	27068908	9	9	0	0	0.00698691260976065	0.931516361210935	0.59081911016598	-0.59081911016598	1008	205	Intergenic	0	Non-heritable	0.0581137321095828	0.763569348243952	0.0140396824118128	22681	0	0	0.581137321095828	6.91572344863131	5.32787616878958	10.0293269373753	-0.526245365669882
BA_only	hippocampus	AA	psi	chr1_27078006_27079070	chr1	27078006	27079070	9	9	0	0	0.0188424724628293	0.972503866121758	0.531550377622708	0.531550377622708	1064	195	Intergenic	0	Heritable	0.120873074117721	0.776030074618111	0.0168010076851058	32787	0	0	1.20873074117721	6.96979066990159	5.27811465923052	10.3978178737729	-0.631957283016845
BA_only	hippocampus	AA	psi	chr1_27160841_27160926	chr1	27160841	27160926	37	37	0	0	0.00550549409852277	0.914301706404424	1.76868375528889	1.76868375528889	85	210	Genic/other	0	Heritable	0.192786091525117	0.755948586758179	0.010022888598125	68843	0	0	1.92786091525117	4.44265125649032	5.35185813347607	11.1395983543899	0.570235634521754
BA_only	hippocampus	AA	psi	chr1_27162381_27163236	chr1	27162381	27163236	37	37	0	0	0.00525691673069742	0.910718986954723	0.675463227594858	0.675463227594858	855	209	Genic/other	0	Non-heritable	0.0743150482706512	0.780555225373541	0.0174049550553271	66533	0	0	0.743150482706512	6.75110146893676	5.34710753071747	11.1054683741813	-0.392356545572305
BA_only	hippocampus	AA	psi	chr1_27175056_27175431	chr1	27175056	27175431	37	37	0	0	0.00044060398082563	0.60344392297396	0.851323295511873	-0.851323295511873	375	212	Genic/other	0	Heritable	0.129463418663325	0.773215993768742	0.00956116254941735	54338	0	0	1.29463418663325	5.92692602597041	5.36129216570943	10.902997480161	-0.160963310087346
BA_only	hippocampus	AA	psi	chr1_27188369_27189321	chr1	27188369	27189321	37	37	0	0	0.00321454368180259	0.854025965076451	0.851268717316832	-0.851268717316832	952	210	Intergenic	0	Non-heritable	0.0841987317257078	0.785913701850964	0.01193709229421	40448	0	0	0.841987317257078	6.85856503479137	5.35185813347607	10.6077972003022	-0.161027421975582
BA_only	hippocampus	AA	psi	chr1_27232381_27232807	chr1	27232381	27232807	37	37	0	0	0.011280594101688	0.950081225852059	0.665389267506943	-0.665389267506943	426	223	Genic/other	1	Heritable	0.134440230832168	0.788983775085266	0.0180966985778329	0	0	0	1.34440230832168	6.05443934626937	5.41164605185504	0	-0.407383029884462
BA_only	hippocampus	AA	psi	chr1_27246318_27247258	chr1	27246318	27247258	36	36	0	0	0.00234676930180412	0.822334049093026	0.712958365256554	-0.712958365256554	940	220	Genic/other	0	Non-heritable	0.0775201342203021	0.814747252724433	0.0168858744341789	12055	0	0	0.775201342203021	6.84587987526405	5.39816270151775	9.39731774030633	-0.338332239996332
BA_only	hippocampus	AA	psi	chr1_27267440_27269006	chr1	27267440	27269006	35	35	0	0	0.00748802480450664	0.933559278800072	0.695346207974981	-0.695346207974981	1566	225	Genic/other	0	Heritable	0.104271353020376	0.821859612103098	0.0195408017776076	27394	0	0	1.04271353020376	7.35627987655075	5.42053499927229	10.2181157939725	-0.363345402095849
BA_only	hippocampus	AA	psi	chr1_27396802_27397137	chr1	27396802	27397137	56	56	0	0	0.00924970667081821	0.939841915020693	2.76734369127026	-2.76734369127026	335	241	Intergenic	1	Heritable	0.116142357735703	0.840623705518227	0.014511795716975	4528	0	0	1.16142357735703	5.81413053182507	5.48893772615669	8.41825644355621	1.01788790750002
BA_only	hippocampus	AA	psi	chr1_27441393_27442372	chr1	27441393	27442372	61	61	0	0	0.00188526690407744	0.801360789073658	2.0415967064687	-2.0415967064687	979	237	Genic/other	0	Heritable	0.121325394213306	0.875727193350885	0.0155680034393524	28820	0	0	1.21325394213306	6.88653164253051	5.47227067367148	10.2688595670778	0.713732205854296
BA_only	hippocampus	AA	psi	chr1_27443250_27444224	chr1	27443250	27444224	61	61	0	0	0.00222877508818736	0.817446144573316	2.65081432095568	-2.65081432095568	974	240	Genic/other	0	Heritable	0.128164053735566	0.846475107913566	0.0143410513094228	30677	0	0	1.28164053735566	6.88141130364254	5.48479693349066	10.3313010643081	0.974866887493041
BA_only	hippocampus	AA	psi	chr1_27450593_27450788	chr1	27450593	27450788	61	61	0	0	0.00725480183741185	0.932064611620198	1.06122532998509	1.06122532998509	195	246	Genic/other	0	Non-heritable	0.0836669069650273	0.789502381952464	0.010934413666945	38020	0	0	0.836669069650273	5.27299955856375	5.50938833662798	10.5458939176429	0.0594242216102761
BA_only	hippocampus	AA	psi	chr1_27479347_27480238	chr1	27479347	27480238	62	62	0	0	0.0159443136626852	0.967716068030647	1.882964429119	-1.882964429119	891	256	Genic/other	0	Non-heritable	0.0742913837717806	0.7772790396703	0.0111600399960629	42307	0	0	0.742913837717806	6.79234442747081	5.54907608489522	10.6527314724479	0.632847364270452
BA_only	hippocampus	AA	psi	chr1_27485772_27486789	chr1	27485772	27486789	62	62	0	0	0.00304753850904447	0.846573428968813	2.11415699008474	-2.11415699008474	1017	258	Genic/other	1	Non-heritable	0.0719721833015156	0.709701597790908	0.0141675700295788	35756	0	0	0.719721833015156	6.92461239604856	5.55682806169954	10.4845013331508	0.748656151523296
BA_only	hippocampus	AA	psi	chr1_27693402_27695234	chr1	27693402	27695234	42	42	0	0	0.0455338917258269	0.98171760103388	1.57825272062865	-1.57825272062865	1832	259	Promoter	0	Heritable	0.179642207317016	0.843600571793531	0.0113994708614308	0	0	0	1.79642207317016	7.51316354523408	5.56068163101553	0	0.456318368426401
BA_only	hippocampus	AA	psi	chr1_27702299_27702737	chr1	27702299	27702737	43	43	0	0	0.0169435435552483	0.970581273335112	2.05002360441508	2.05002360441508	438	262	Genic/other	0	Non-heritable	0.0633783053961043	0.780303504440644	0.0107383366906464	0	0	0	0.633783053961043	6.08221891037645	5.57215403217777	0	0.717851312310839
BA_only	hippocampus	AA	psi	chr1_27708885_27710587	chr1	27708885	27710587	44	44	0	0	0.0136371123705636	0.964283399649536	3.06469514208653	-3.06469514208653	1702	253	Intergenic	0	Non-heritable	0.0891225452915165	0.831358786365658	0.0152967753073385	6083	0	0	0.891225452915165	7.43955930913332	5.53733426701854	8.71341765337918	1.11994810345842
BA_only	hippocampus	AA	psi	chr1_27722860_27723020	chr1	27722860	27723020	52	52	0	0	0.00572467730633054	0.914568988089731	3.31334383145082	-3.31334383145082	160	256	Genic/other	1	Non-heritable	0.0920105141638279	0.75361637419292	0.0100339688038126	4515	0	0	0.920105141638279	5.07517381523383	5.54907608489522	8.41538192526955	1.19795790345937
BA_only	hippocampus	AA	psi	chr1_27776847_27777967	chr1	27776847	27777967	57	57	0	0	0.0110788148729268	0.948447257389615	3.36496959644654	-3.36496959644654	1120	264	Genic/other	1	Heritable	0.156194206622307	0.830412720309442	0.0136513871735656	16351	0	0	1.56194206622307	7.02108396428914	5.57972982598622	9.70210549300343	1.21341893079633
BA_only	hippocampus	AA	psi	chr1_27785671_27787429	chr1	27785671	27787429	55	55	0	0	0.00783273789590954	0.933559278800072	2.79615106117772	-2.79615106117772	1758	262	Genic/other	0	Heritable	0.107518018001649	0.808511293163366	0.0130785312934261	22859	0	0	1.07518018001649	7.47193207824512	5.57215403217777	10.0371439373488	1.02824385409137
BA_only	hippocampus	AA	psi	chr1_27790231_27791940	chr1	27790231	27791940	56	56	0	0	0.00642272604396211	0.922000769433352	2.05102872569455	-2.05102872569455	1709	275	Genic/other	0	Heritable	0.103600128131989	0.8183228558327	0.0210527869986205	18348	0	0	1.03600128131989	7.44366368311559	5.62040086571715	9.81733035608495	0.718341489569644
BA_only	hippocampus	AA	psi	chr1_27803721_27804294	chr1	27803721	27804294	57	57	0	0	0.00978695836100333	0.939841915020693	1.46046808215069	-1.46046808215069	573	263	Genic/other	0	Non-heritable	0.0495883839454712	0.798358712677181	0.0155616663308987	5994	0	0	0.495883839454712	6.35088571671474	5.57594910314632	8.69868106746161	0.378756995397618
BA_only	hippocampus	AA	psi	chr1_27809017_27809248	chr1	27809017	27809248	48	48	0	0	0.00794039762892121	0.933559278800072	1.57679082067105	-1.57679082067105	231	259	Promoter	0	Heritable	0.104772396578085	0.839943388568066	0.0106706151128178	1040	0	0	1.04772396578085	5.44241771052179	5.56068163101553	6.94793706861497	0.455391661689193
BA_only	hippocampus	AA	psi	chr1_27838240_27839302	chr1	27838240	27839302	48	48	0	0	0.00448089011916536	0.893679751690918	1.59947837274074	-1.59947837274074	1062	281	Genic/other	0	Non-heritable	0.073794464936774	0.819671822190808	0.0118884407511164	0	0	0	0.73794464936774	6.96790920180188	5.64190707093811	0	0.469677565305629
BA_only	hippocampus	AA	psi	chr1_27844616_27845306	chr1	27844616	27845306	48	48	0	0	0.0225846372072878	0.975932065139872	1.86418795678441	-1.86418795678441	690	261	Genic/other	0	Non-heritable	0.0718968642193685	0.831355149010596	0.0142207707132724	1429	0	0	0.718968642193685	6.53669159759131	5.5683445037611	7.26542972325395	0.622825551728909
BA_only	hippocampus	AA	psi	chr1_27847152_27847716	chr1	27847152	27847716	64	64	0	0	0.0177283379443985	0.970931943606436	2.12029709900262	-2.12029709900262	564	266	Genic/other	0	Non-heritable	0.0878995026422016	0.843118478820811	0.0124723130829095	2697	0	0	0.878995026422016	6.33505425149806	5.58724865840025	7.9002660367677	0.751556224620375
BA_only	hippocampus	AA	psi	chr1_27915837_27916878	chr1	27915837	27916878	62	62	0	0	0.00726022925939325	0.932374328413227	0.872728207031554	0.872728207031554	1041	250	Genic/other	1	Heritable	0.196814315941004	0.833768439993369	0.0231116061070931	1209	0	0	1.96814315941004	6.94793706861497	5.52545293913178	7.09837563859079	-0.136131092309843
BA_only	hippocampus	AA	psi	chr1_27920538_27921120	chr1	27920538	27921120	59	59	0	0	0.0300649066163998	0.976893291659941	0.968478242437546	0.968478242437546	582	254	Intergenic	0	Heritable	0.165585482896032	0.840311109061151	0.0151244533161539	5910	0	0	1.65585482896032	6.36647044773144	5.54126354515843	8.68457030082437	-0.0320292512787387
BA_only	hippocampus	AA	psi	chr1_28001607_28002798	chr1	28001607	28002798	58	58	0	0	0.0863136475825626	0.988137148207548	1.46479272695744	-1.46479272695744	1191	242	Genic/other	0	Heritable	0.147407928124396	0.83772515625722	0.0158222477585656	1646	0	0	1.47407928124396	7.0825485693553	5.49306144334055	7.40671073017764	0.381713755980726
BA_only	hippocampus	AA	psi	chr1_28007219_28007757	chr1	28007219	28007757	57	57	0	0	0.0201878654376101	0.975856666808667	1.75141516231714	-1.75141516231714	538	243	Genic/other	0	Heritable	0.145032309017303	0.840342002203567	0.01221423212347	3325	0	0	1.45032309017303	6.28785856016178	5.4971682252932	8.10952565975287	0.5604241310336
BA_only	hippocampus	AA	psi	chr1_28083249_28083514	chr1	28083249	28083514	58	58	0	0	0.0456893883330994	0.981789757189854	1.00459256703428	-1.00459256703428	265	241	Genic/other	0	Heritable	0.28033072742784	0.85240627761753	0.0186158603493175	12473	0	0	2.8033072742784	5.57972982598622	5.48893772615669	9.43140175708607	0.00458206333008008
BA_only	hippocampus	AA	psi	chr1_28089398_28089587	chr1	28089398	28089587	58	58	0	0	0.0689950154659549	0.985907779499035	1.28533900632975	-1.28533900632975	189	240	Promoter	1	Heritable	0.144617057237839	0.838036517790626	0.0127838969145772	6400	0	0	1.44617057237839	5.24174701505964	5.48479693349066	8.764209507142	0.251022509488789
BA_only	hippocampus	AA	psi	chr1_28101828_28103194	chr1	28101828	28103194	56	56	0	0	0.0994599633763672	0.990400450319684	1.59754739096991	-1.59754739096991	1366	242	Intergenic	0	Heritable	0.186003782278633	0.841441188880023	0.0143690586109813	0	0	0	1.86003782278633	7.21964204013074	5.49306144334055	0	0.468469578797993
BA_only	hippocampus	AA	psi	chr1_28165129_28165769	chr1	28165129	28165769	50	50	0	0	0.069416375157108	0.985907779499035	1.21060300627994	-1.21060300627994	640	210	Genic/other	0	Heritable	0.119300679329521	0.780891334762882	0.0155717539883725	0	0	0	1.19300679329521	6.46146817635372	5.35185813347607	0	0.191118596030201
BA_only	hippocampus	AA	psi	chr1_28168206_28168338	chr1	28168206	28168338	50	50	0	0	0.0637170574922938	0.985907779499035	1.54130175616751	-1.54130175616751	132	210	Genic/other	0	Heritable	0.211171974770999	0.783364323896098	0.0105783859257537	0	0	0	2.11171974770999	4.88280192258637	5.35185813347607	0	0.432627362064586
BA_only	hippocampus	AA	psi	chr1_28201681_28201982	chr1	28201681	28201982	49	49	0	0	0.0919390297515487	0.989446665475032	2.31024308081791	-2.31024308081791	301	214	Genic/other	0	Non-heritable	0.074207101889932	0.786652256941438	0.0105228356139557	7958	0	0	0.74207101889932	5.70711026474888	5.37063802812766	8.98205864280585	0.837352753117288
BA_only	hippocampus	AA	psi	chr1_28242385_28243231	chr1	28242385	28243231	40	40	0	0	0.126686234276115	0.991064867102684	0.925212154208405	-0.925212154208405	846	214	Promoter	1	Heritable	0.214943228679603	0.793524915716329	0.0148994664561895	0	0	0	2.14943228679603	6.74051935960622	5.37063802812766	0	-0.0777322010584453
BA_only	hippocampus	AA	psi	chr1_28245560_28247076	chr1	28245560	28247076	42	42	0	0	0.00856981856932504	0.933559278800072	5.2913305766375	-5.2913305766375	1516	212	Promoter	1	Heritable	0.461071254647452	0.813128588273082	0.010897805446891	0	0	0	4.61071254647452	7.32383056620232	5.36129216570943	0	1.66606974290711
BA_only	hippocampus	AA	psi	chr1_28252788_28253422	chr1	28252788	28253422	41	41	0	0	0.0799600627367174	0.988137148207548	0.953840959839181	-0.953840959839181	634	212	Intergenic	0	Heritable	0.148983110998175	0.778014064073886	0.0129108160633414	6198	0	0	1.48983110998175	6.45204895443723	5.36129216570943	8.73214326770192	-0.0472583197113342
BA_only	hippocampus	AA	psi	chr1_28278294_28278561	chr1	28278294	28278561	48	48	0	0	0.0600914177938973	0.98577631996496	1.44810279359237	-1.44810279359237	267	209	Genic/other	0	Heritable	0.109744977414001	0.772446071237961	0.0112933919112057	31704	0	0	1.09744977414001	5.58724865840025	5.34710753071747	10.3642296761341	0.370254288399417
BA_only	hippocampus	AA	psi	chr1_28295052_28296024	chr1	28295052	28296024	48	48	0	0	0.0715087043804733	0.985907779499035	0.914696845684936	-0.914696845684936	972	218	Intergenic	0	Heritable	0.190773882303601	0.803597799142244	0.01431977752904	33099	0	0	1.90773882303601	6.87935580446044	5.3890717298165	10.4072885613652	-0.0891625738626938
BA_only	hippocampus	AA	psi	chr1_28310224_28311361	chr1	28310224	28311361	53	53	0	0	0.0286432300734151	0.975932065139872	0.981544508664485	-0.981544508664485	1137	219	Intergenic	0	Heritable	0.187575648048557	0.804758790996117	0.0203882029719098	17762	0	0	1.87575648048557	7.03614849375054	5.39362754635236	9.78487292119989	-0.0186279085107751
BA_only	hippocampus	AA	psi	chr1_28357268_28357905	chr1	28357268	28357905	82	82	0	0	0.048410732365108	0.982661996589092	1.28586389575268	-1.28586389575268	637	228	Intergenic	0	Heritable	0.12243326187396	0.80321520214579	0.013919762881529	26670	0	0	1.2243326187396	6.45676965557216	5.43372200355424	10.1913321117862	0.251430792651283
BA_only	hippocampus	AA	psi	chr1_28377482_28378272	chr1	28377482	28378272	62	62	0	0	0.0224365987909899	0.975932065139872	1.29815628325043	1.29815628325043	790	228	Genic/other	0	Heritable	0.121031405266024	0.822591869513149	0.0114932068911258	29190	0	0	1.21031405266024	6.67203294546107	5.43372200355424	10.281615721569	0.260945021857773
BA_only	hippocampus	AA	psi	chr1_28380079_28380351	chr1	28380079	28380351	62	62	0	0	0.0531979447515165	0.984783117109287	1.41272934613534	-1.41272934613534	272	241	Genic/other	0	Heritable	0.126783134648679	0.811381645190366	0.0105795074861236	27111	0	0	1.26783134648679	5.605802066296	5.48893772615669	10.2077317132869	0.345523546881919
BA_only	hippocampus	AA	psi	chr1_28394659_28396992	chr1	28394659	28396992	68	68	0	0	0.0269380970195421	0.975932065139872	1.4791637123966	-1.4791637123966	2333	244	Genic/other	0	Heritable	0.137087779074672	0.820238258452512	0.0109172274420339	10470	0	0	1.37087779074672	7.75491027202143	5.50125821054473	9.25636481028746	0.391476875639004
BA_only	hippocampus	AA	psi	chr1_28470552_28471330	chr1	28470552	28471330	70	70	0	0	0.0265605195103017	0.975932065139872	1.26111281675784	1.26111281675784	778	214	Genic/other	0	Non-heritable	0.0804417284799521	0.78452096707087	0.0138672776790491	11466	0	0	0.804417284799521	6.65672652417839	5.37063802812766	9.3472286240383	0.231994527014986
BA_only	hippocampus	AA	psi	chr1_28490166_28490488	chr1	28490166	28490488	72	72	0	0	0.0490757594278225	0.983041848537514	1.56699088569201	1.56699088569201	322	221	Genic/other	0	Non-heritable	0.0763856217370207	0.784451712944758	0.0103553961362553	0	0	0	0.763856217370207	5.77455154554441	5.40267738187228	0	0.449157153332762
BA_only	hippocampus	AA	psi	chr1_28504863_28505233	chr1	28504863	28505233	70	70	0	0	0.0301900326772133	0.976893291659941	1.29523232601949	-1.29523232601949	370	223	Promoter	0	Heritable	0.126790363594877	0.809068326109984	0.0158333260522166	0	0	0	1.26790363594877	5.91350300563827	5.41164605185504	0	0.258690089113102
BA_only	hippocampus	AA	psi	chr1_28533574_28534026	chr1	28533574	28534026	70	70	0	0	0.00950338953278601	0.939841915020693	1.5963632809951	-1.5963632809951	452	220	Genic/other	1	Non-heritable	0.0829347596096959	0.782764912996488	0.0105407472887475	0	0	0	0.829347596096959	6.11368217983223	5.39816270151775	0	0.467728099061544
BA_only	hippocampus	AA	psi	chr1_28539498_28540610	chr1	28539498	28540610	70	70	0	0	0.0211877030034979	0.975932065139872	1.23340422183446	-1.23340422183446	1112	217	Genic/other	0	Heritable	0.113656163597308	0.778228862907826	0.0157557695359288	3626	0	0	1.13656163597308	7.01391547481053	5.38449506278909	8.1961611392829	0.209778014601038
BA_only	hippocampus	AA	psi	chr1_28544137_28544473	chr1	28544137	28544473	70	70	0	0	0.0159309267820401	0.967716068030647	1.31818091877376	-1.31818091877376	336	216	Promoter	0	Heritable	0.146960833670232	0.773377984315288	0.0127443158897449	8265	0	0	1.46960833670232	5.8171111599632	5.37989735354046	9.01990599507168	0.276252701904576
BA_only	hippocampus	AA	psi	chr1_28575303_28576971	chr1	28575303	28576971	70	70	0	0	0.0343553165659744	0.980128324116792	1.14815817572306	-1.14815817572306	1668	205	Genic/other	0	Heritable	0.107779332640781	0.773242378245606	0.0189336561478183	0	0	0	1.07779332640781	7.41938058291869	5.32787616878958	0	0.138159080846558
BA_only	hippocampus	AA	psi	chr1_28626889_28627750	chr1	28626889	28627750	66	66	0	0	0.0299696885561087	0.976741514025636	1.09960014068249	-1.09960014068249	861	191	Genic/other	0	Heritable	0.167824118259881	0.765461570523134	0.0182797125529325	0	0	0	1.67824118259881	6.75809450442773	5.25749537202778	0	0.0949466143428565
BA_only	hippocampus	AA	psi	chr1_28633053_28634284	chr1	28633053	28634284	66	66	0	0	0.0226208171212792	0.975932065139872	0.903704631727398	-0.903704631727398	1231	189	Genic/other	0	Heritable	0.141527341219771	0.765150471388673	0.030133383279009	0	0	0	1.41527341219771	7.11558212618445	5.24702407216049	0	-0.101252695728673
BA_only	hippocampus	AA	psi	chr1_28638031_28638480	chr1	28638031	28638480	68	68	0	0	0.0129942435544544	0.964283399649536	1.58472559080788	-1.58472559080788	449	187	Genic/other	0	Heritable	0.146576611959983	0.762464946119134	0.0104123905593099	0	0	0	1.46576611959983	6.10702288774226	5.23644196282995	0	0.460411269823123
BA_only	hippocampus	AA	psi	chr1_28646690_28646993	chr1	28646690	28646993	71	71	0	0	0.0349009370707915	0.980327953711174	1.31063589518167	-1.31063589518167	303	178	Genic/other	1	Heritable	0.157660277590259	0.766523537074186	0.0146935280448668	0	0	0	1.57660277590259	5.71373280550937	5.18738580584076	0	0.270512443235841
BA_only	hippocampus	AA	psi	chr1_28674622_28675207	chr1	28674622	28675207	72	72	0	0	0.0245052385858914	0.975932065139872	1.7859329578719	1.7859329578719	585	179	Genic/other	0	Heritable	0.108203401967539	0.758789200478793	0.0184171423599451	0	0	0	1.08203401967539	6.37161184723186	5.19295685089021	0	0.579940949763347
BA_only	hippocampus	AA	psi	chr1_28698237_28698754	chr1	28698237	28698754	72	72	0	0	0.0375369587601659	0.980549382116533	2.06490429025119	2.06490429025119	517	183	Genic/other	0	Non-heritable	0.0715850784587785	0.775867372765936	0.0113995141774212	8132	0	0	0.715850784587785	6.24804287450843	5.21493575760899	9.00368513816678	0.725083881635069
BA_only	hippocampus	AA	psi	chr1_28712793_28713185	chr1	28712793	28713185	69	69	0	0	0.0224976471736335	0.975932065139872	2.0800039153819	2.0800039153819	392	185	Genic/other	0	Heritable	0.138832049907478	0.754118518022812	0.0107801284610054	22688	0	0	1.38832049907478	5.97126183979046	5.2257466737132	10.0296355045241	0.732369780914282
BA_only	hippocampus	AA	psi	chr1_28785343_28785773	chr1	28785343	28785773	63	63	0	0	0.0189961212001376	0.97294422691241	3.5630047595545	-3.5630047595545	430	179	Intergenic	0	Heritable	0.113956629516073	0.73747421159538	0.0109879642522893	42939	0	0	1.13956629516073	6.06378520868761	5.19295685089021	10.6675590714328	1.27060422525724
BA_only	hippocampus	AA	psi	chr1_28878035_28878863	chr1	28878035	28878863	51	51	0	0	0.0146146335157637	0.966089857218066	2.06196354673273	2.06196354673273	828	226	Promoter	0	Non-heritable	0.0952749691503605	0.773168986238743	0.0114734591948221	8346	0	0	0.952749691503605	6.71901315438526	5.4249500174814	9.02965747185074	0.723658711691122
BA_only	hippocampus	AA	psi	chr1_28969670_28971246	chr1	28969670	28971246	54	54	0	0	0.0196310149481318	0.973631121108853	2.09748124159588	2.09748124159588	1576	310	Genic/other	0	Non-heritable	0.0866612210931586	0.85735208616208	0.015633962201329	0	0	0	0.866612210931586	7.36264527041783	5.73979291217923	0	0.740737220866775
BA_only	hippocampus	AA	psi	chr1_29010064_29010325	chr1	29010064	29010325	51	51	0	0	0.0200500539262062	0.97573605073121	2.09217936608107	2.09217936608107	261	328	Genic/other	0	Heritable	0.142771622290047	0.867409590270995	0.0110791124006321	0	0	0	1.42771622290047	5.56452040732269	5.79605775076537	0	0.738206286351488
BA_only	hippocampus	AA	psi	chr1_29066776_29067832	chr1	29066776	29067832	53	53	0	0	0.0317635444736176	0.977060807838727	2.0686828833294	2.0686828833294	1056	357	Genic/other	0	Heritable	0.114620814638743	0.810301602399449	0.0144628283166734	0	0	0	1.14620814638743	6.96224346426621	5.8805329864007	0	0.726912121347328
BA_only	hippocampus	AA	psi	chr1_29074884_29075434	chr1	29074884	29075434	54	54	0	0	0.0327141698697286	0.978956589179054	1.68504708957205	1.68504708957205	550	362	Genic/other	0	Non-heritable	0.0966967318441548	0.822719821698809	0.0211218601233569	0	0	0	0.966967318441548	6.30991827822652	5.89440283426485	0	0.521793515681947
BA_only	hippocampus	AA	psi	chr1_29107568_29107648	chr1	29107568	29107648	54	54	0	0	0.0309451079705761	0.976893291659941	1.98712095990224	1.98712095990224	80	378	Genic/other	0	Heritable	0.167342340813864	0.846433678877495	0.010713134171904	0	0	0	1.67342340813864	4.38202663467388	5.93753620508243	0	0.686686842392038
BA_only	hippocampus	AA	psi	chr1_29126950_29127358	chr1	29126950	29127358	54	54	0	0	0.0277341933515328	0.975932065139872	2.16726217513214	2.16726217513214	408	373	Genic/other	2	Non-heritable	0.070167529210827	0.871248066092554	0.0100958478672263	3093	0	0	0.70167529210827	6.01126717440416	5.92425579741453	8.03722003113301	0.773464705144227
BA_only	hippocampus	AA	psi	chr1_29175974_29176230	chr1	29175974	29176230	54	54	0	0	0.0296120194908266	0.976741514025636	2.20837597765625	-2.20837597765625	256	389	Genic/other	0	Non-heritable	0.0749618518451029	0.880668311225717	0.0105039699993138	15598	0	0	0.749618518451029	5.54517744447956	5.96614673912369	9.65496208861887	0.792257398182735
BA_only	hippocampus	AA	psi	chr1_29241105_29242422	chr1	29241105	29242422	50	50	0	0	0.0260374813785348	0.975932065139872	2.11148715112894	2.11148715112894	1317	432	Genic/other	1	Heritable	0.132297212579229	0.895051441461633	0.0239126822427725	10373	0	0	1.32297212579229	7.18311170174328	6.07073772800249	9.24705795491135	0.747392514922956
BA_only	hippocampus	AA	psi	chr1_2949413_2949577	chr1	2949413	2949577	65	65	0	0	0.0349094048747378	0.980327953711174	2.87210464891894	2.87210464891894	164	597	Intergenic	0	Non-heritable	0.0919445967478207	0.96342119692844	0.0119573361472166	12007	0	0	0.919445967478207	5.0998664278242	6.39359075395063	9.3933283733133	1.05504509164978
BA_only	hippocampus	AA	psi	chr1_2967108_2967240	chr1	2967108	2967240	65	65	0	0	0.0124254304282418	0.960474211630298	2.40534441087822	-2.40534441087822	132	580	Genic/other	1	Non-heritable	0.0682824992052136	0.958975161418748	0.00888275865533551	5265	0	0	0.682824992052136	4.88280192258637	6.36475075685191	8.56902634005625	0.877693103648476
BA_only	hippocampus	AA	psi	chr1_2968467_2968783	chr1	2968467	2968783	65	65	0	0	0.0508468844495406	0.984153364580922	1.42770098431413	-1.42770098431413	316	583	Promoter	2	Heritable	0.133123533290756	0.954208777763859	0.010327883062942	6624	0	0	1.33123533290756	5.75574221358691	6.36990098282823	8.79860565085442	0.356065454257517
BA_only	hippocampus	AA	psi	chr1_2983029_2983369	chr1	2983029	2983369	65	65	0	0	0.00822951912814675	0.933559278800072	2.31885029828629	2.31885029828629	340	588	Intergenic	0	Heritable	0.124424637861254	0.953669695674056	0.0111849385383117	21186	0	0	1.24424637861254	5.82894561761021	6.37842618365159	9.96114306502429	0.841071506076229
BA_only	hippocampus	AA	psi	chr1_29905765_29906125	chr1	29905765	29906125	1	1	0	0	0.00703507655798423	0.931602204679102	0.0153162387395277	-0.0153162387395277	360	567	Promoter	0	Heritable	0.108860047805506	0.942798442395687	0.0162524448213929	219455	0	0	1.08860047805506	5.88610403145016	6.34212141872115	12.2989070358226	-4.17884100499703
BA_only	hippocampus	AA	psi	chr1_3010137_3010525	chr1	3010137	3010525	66	66	0	0	0.00128518554617722	0.748685029382681	2.23506334251685	-2.23506334251685	388	601	Intergenic	1	Non-heritable	0.0756943651826612	0.945568160608863	0.0156038167546676	48294	0	0	0.756943651826612	5.96100533962327	6.40025744530882	10.7850833146134	0.804269573308925
BA_only	hippocampus	AA	psi	chr1_3031165_3031621	chr1	3031165	3031621	66	66	0	0	0.0193116304357185	0.973353388707841	2.69257436581873	-2.69257436581873	456	602	Intergenic	0	Non-heritable	0.0955512913288814	0.955919778672864	0.00928025327098304	28115	0	0	0.955512913288814	6.12249280951439	6.40191719672719	10.2440940882958	0.990497752997894
BA_only	hippocampus	AA	psi	chr1_30972539_30972994	chr1	30972539	30972994	44	44	0	0	0.0410932066574342	0.980549382116533	1.70781191574779	-1.70781191574779	455	438	Genic/other	0	Non-heritable	0.0512798625914457	0.855408760927936	0.0105688814467558	4184	0	0	0.512798625914457	6.12029741895095	6.08449941307517	8.33926198292358	0.535212975572614
BA_only	hippocampus	AA	psi	chr1_31048716_31050213	chr1	31048716	31050213	46	46	0	0	0.0385393224877609	0.980549382116533	2.17364878871386	-2.17364878871386	1497	416	Promoter	0	Heritable	0.102077854264488	0.857686898370083	0.0143416230586306	0	0	0	1.02077854264488	7.31121838441963	6.0330862217988	0	0.776407229519257
BA_only	hippocampus	AA	psi	chr1_31090082_31090633	chr1	31090082	31090633	23	23	0	0	0.0188764363607863	0.972503866121758	1.87704359957433	-1.87704359957433	551	429	Intergenic	0	Heritable	0.101515965880914	0.864305493393301	0.0147331905122063	24392	0	0	1.01515965880914	6.31173480915292	6.06378520868761	10.1020514848759	0.62969799099155
BA_only	hippocampus	AA	psi	chr1_31131885_31132381	chr1	31131885	31132381	26	26	0	0	0.0150440206169739	0.966167725188189	1.90455591217293	-1.90455591217293	496	417	Intergenic	0	Non-heritable	0.0833275377768172	0.900069724996791	0.0167608469163748	2178	0	0	0.833275377768172	6.20657592672493	6.03548143252476	7.68662133494462	0.644248869683657
BA_only	hippocampus	AA	psi	chr1_31144677_31145539	chr1	31144677	31145539	26	26	0	0	0.0371553955650524	0.980549382116533	1.76893859943922	-1.76893859943922	862	401	Intergenic	0	Non-heritable	0.06893808768947	0.891135916801052	0.0146195891517212	8439	0	0	0.6893808768947	6.75925527066369	5.99645208861902	9.04073758759	0.570379711036303
BA_only	hippocampus	AA	psi	chr1_31154431_31154646	chr1	31154431	31154646	26	26	0	0	0.0172101770191076	0.970581273335112	1.83309839855157	-1.83309839855157	215	394	Intergenic	1	Heritable	0.330974082146201	0.858421030678731	0.0113034931064485	106	0	0	3.30974082146201	5.37063802812766	5.97888576490112	4.67282883446191	0.60600765456953
BA_only	hippocampus	AA	psi	chr1_31171351_31172549	chr1	31171351	31172549	26	26	0	0	0.014246662334938	0.964826773227435	2.15064320351489	-2.15064320351489	1198	402	Intergenic	0	Heritable	0.125724884370581	0.889745500615221	0.022516298773841	15625	0	0	1.25724884370581	7.0884087786754	5.99893656194668	9.65669147255669	0.76576696647412
BA_only	hippocampus	AA	psi	chr1_31194442_31195062	chr1	31194442	31195062	25	25	0	0	0.0114123520572003	0.951715111774742	1.75383737632852	-1.75383737632852	620	394	Promoter	0	Heritable	0.109741459045288	0.895288888201234	0.0184405248939825	38716	0	0	1.09741459045288	6.42971947803914	5.97888576490112	10.56403405905	0.561806179463151
BA_only	hippocampus	AA	psi	chr1_31196100_31197923	chr1	31196100	31197923	25	25	0	0	0.0282090711633682	0.975932065139872	1.99365016413651	-1.99365016413651	1823	389	Genic/other	0	Heritable	0.223853754711266	0.870539248930516	0.0193813086784499	40374	0	0	2.23853754711266	7.50823877467866	5.96614673912369	10.605966060525	0.689967216898888
BA_only	hippocampus	AA	psi	chr1_31586985_31587065	chr1	31586985	31587065	102	102	0	0	0.0172854381464107	0.970581273335112	2.60783401291967	2.60783401291967	80	302	Genic/other	1	Heritable	0.116472078251455	0.889550431097145	0.00954018269626344	274	0	0	1.16472078251455	4.38202663467388	5.71373280550937	5.61677109766657	0.958520000520668
BA_only	hippocampus	AA	psi	chr1_31599870_31600791	chr1	31599870	31600791	101	101	0	0	0.00679333551443869	0.927297122675783	5.64726384040431	-5.64726384040431	921	289	Intergenic	0	Non-heritable	0.0791455363192881	0.827624891791093	0.010042730648592	13159	0	0	0.791455363192881	6.82546003625531	5.66988092298052	9.48493720487931	1.73117115359497
BA_only	hippocampus	AA	psi	chr1_31609109_31609721	chr1	31609109	31609721	101	101	0	0	0.00843336907618297	0.933559278800072	5.41355936095214	-5.41355936095214	612	287	Intergenic	0	Heritable	0.106094317113494	0.852739221675154	0.0118006670629458	8159	0	0	1.06094317113494	6.41673228251233	5.66296048013595	9.00699944795815	1.68890680091144
BA_only	hippocampus	AA	psi	chr1_31851955_31852288	chr1	31851955	31852288	105	105	0	0	0.00389836588309142	0.875236523541043	2.15796669519543	-2.15796669519543	333	285	Genic/other	0	Non-heritable	0.0993063273467918	0.857382894099375	0.0114561430958815	0	0	0	0.993063273467918	5.80814248998044	5.65599181081985	0	0.769166438169855
BA_only	hippocampus	AA	psi	chr1_31942025_31942372	chr1	31942025	31942372	47	47	0	0	0.0320170873973307	0.97748455075509	2.02309936461828	-2.02309936461828	347	289	Genic/other	1	Non-heritable	0.0811662987595209	0.850529671727394	0.0110055003375667	0	0	0	0.811662987595209	5.84932477994686	5.66988092298052	0	0.704630679380665
BA_only	hippocampus	AA	psi	chr1_31953433_31954249	chr1	31953433	31954249	49	49	0	0	0.0270924656749539	0.975932065139872	1.70040742396736	-1.70040742396736	816	276	Intergenic	0	Non-heritable	0.0766995827562366	0.840648242057195	0.0152826285432628	0	0	0	0.766995827562366	6.70441435496411	5.62401750618734	0	0.530867889386237
BA_only	hippocampus	AA	psi	chr1_31966983_31967526	chr1	31966983	31967526	55	55	0	0	0.0236115041073984	0.975932065139872	2.37861482566137	-2.37861482566137	543	292	Intergenic	0	Non-heritable	0.0909703840859984	0.877011697845298	0.0112823109475043	9021	0	0	0.909703840859984	6.29710931993394	5.68017260901707	9.10742131796834	0.866518316431627
BA_only	hippocampus	AA	psi	chr1_32017182_32018256	chr1	32017182	32018256	289	289	0	0	0.000708609078088752	0.669575333167234	2.79719023199567	-2.79719023199567	1074	287	Genic/other	1	Non-heritable	0.0854202306755456	0.857931458092876	0.014621998357268	12165	0	0	0.854202306755456	6.97914527506881	5.66296048013595	9.40640045488065	1.02861542835145
BA_only	hippocampus	AA	psi	chr1_32057521_32057887	chr1	32057521	32057887	290	290	0	0	0.000696042564385766	0.666022945344683	3.4620792992501	3.4620792992501	366	268	Genic/other	0	Heritable	0.238262318776609	0.85788789284197	0.0107315348968142	14564	0	0	2.38262318776609	5.90263333340137	5.59471137960184	9.58637666939354	1.24186936499829
BA_only	hippocampus	AA	psi	chr1_32082579_32082837	chr1	32082579	32082837	288	288	0	0	0.000505730570817507	0.616996619877051	3.78616717830922	3.78616717830922	258	251	Genic/other	0	Non-heritable	0.0403340807291322	0.790840813914861	0.00973815258602761	0	0	0	0.403340807291322	5.55295958492162	5.52942908751142	0	1.33135421142893
BA_only	hippocampus	AA	psi	chr1_32093775_32094416	chr1	32093775	32094416	288	288	0	0	0.000252364035949209	0.503902674622265	2.97246927858447	-2.97246927858447	641	237	Genic/other	0	Non-heritable	0.0594710018102945	0.817437601142141	0.0123211158981527	554	0	0	0.594710018102945	6.46302945692067	5.47227067367148	6.31896811374643	1.08939301768232
BA_only	hippocampus	AA	psi	chr1_32120627_32121171	chr1	32120627	32121171	294	294	0	0	0.0010963233959591	0.726050490461723	3.64838167428937	-3.64838167428937	544	252	Genic/other	0	Non-heritable	0.0327527261830962	0.83172652135177	0.0123088388150034	0	0	0	0.327527261830962	6.29894924685594	5.53338948872752	0	1.29428369510772
BA_only	hippocampus	AA	psi	chr1_32162502_32163540	chr1	32162502	32163540	310	310	0	0	0.00236350241729649	0.823087269649574	2.99744218457823	-2.99744218457823	1038	246	Genic/other	0	Non-heritable	0.0661330070236253	0.833969357541559	0.0177030749106553	1882	0	0	0.661330070236253	6.94505106372583	5.50938833662798	7.54062152865715	1.09775932318921
BA_only	hippocampus	AA	psi	chr1_32293355_32294062	chr1	32293355	32294062	296	296	0	0	0.00111210980846023	0.726050490461723	3.21805470080138	-3.21805470080138	707	238	Genic/other	1	Heritable	0.108473842008826	0.781587230672577	0.013327337066663	0	0	0	1.08473842008826	6.56103066589657	5.47646355193151	0	1.16877704991771
BA_only	hippocampus	AA	psi	chr1_32392057_32392405	chr1	32392057	32392405	298	298	0	0	0.000605467659994919	0.65583464729973	3.15195344140025	-3.15195344140025	348	215	Genic/other	2	Heritable	0.108956571544548	0.836809566379152	0.010870233006162	0	0	0	1.08956571544548	5.85220247977447	5.37527840768417	0	1.14802240392981
BA_only	hippocampus	AA	psi	chr1_32586573_32587362	chr1	32586573	32587362	57	57	0	0	0.020668518689246	0.975856666808667	0.938965118361851	0.938965118361851	789	216	Genic/other	0	Non-heritable	0.0697493385000713	0.834287026276821	0.0151680395260884	7860	0	0	0.697493385000713	6.67076632084587	5.37989735354046	8.96966910379376	-0.0629769374583032
BA_only	hippocampus	AA	psi	chr1_32608702_32609307	chr1	32608702	32609307	51	51	0	0	0.0407773986135232	0.980549382116533	0.975156743189561	0.975156743189561	605	224	Genic/other	0	Non-heritable	0.0694061762437938	0.826341893651594	0.012434470508867	0	0	0	0.694061762437938	6.40522845803084	5.41610040220442	0	-0.0251570484046896
BA_only	hippocampus	AA	psi	chr1_32648547_32649225	chr1	32648547	32649225	38	38	0	0	0.0587071886183349	0.98577631996496	1.03299172266549	-1.03299172266549	678	218	Genic/other	2	Non-heritable	0.0976943529055938	0.793065795085834	0.0124560195767906	0	0	0	0.976943529055938	6.5191472879404	5.3890717298165	0	0.0324591868774891
BA_only	hippocampus	AA	psi	chr1_32685989_32687665	chr1	32685989	32687665	42	42	0	0	0.087545370491579	0.988592735795787	0.819508184985923	-0.819508184985923	1676	225	Genic/other	0	Heritable	0.106191071388874	0.830360659059487	0.015191654348303	1730	0	0	1.06191071388874	7.42416528104203	5.42053499927229	7.45645455517621	-0.19905088086543
BA_only	hippocampus	AA	psi	chr1_32714991_32715645	chr1	32714991	32715645	43	43	0	0	0.0508214004313376	0.984153364580922	0.960357357537075	-0.960357357537075	654	217	Intergenic	1	Non-heritable	0.091756562250866	0.772749971805335	0.0165219060158594	0	0	0	0.91756562250866	6.4831073514572	5.38449506278909	0	-0.0404498059398987
BA_only	hippocampus	AA	psi	chr1_32726932_32727742	chr1	32726932	32727742	43	43	0	0	0.0584779208237357	0.98577631996496	0.858330972557281	-0.858330972557281	810	228	Genic/other	0	Heritable	0.164430175773622	0.813811253416286	0.0161044890691682	1853	0	0	1.64430175773622	6.69703424766648	5.43372200355424	7.5251007461258	-0.152765493324377
BA_only	hippocampus	AA	psi	chr1_32730596_32731053	chr1	32730596	32731053	44	44	0	0	0.033722902486988	0.979164877002956	1.24651879232977	-1.24651879232977	457	216	Intergenic	0	Non-heritable	0.0880344417993972	0.781720567408508	0.0102591264819582	5517	0	0	0.880344417993972	6.12468339089421	5.37989735354046	8.61577075477723	0.220354707967006
BA_only	hippocampus	AA	psi	chr1_32739029_32739645	chr1	32739029	32739645	63	63	0	0	0.0691037910333018	0.985907779499035	1.41412563425786	-1.41412563425786	616	224	Genic/other	2	Heritable	0.135547622570828	0.810755763114779	0.0122393010294616	2543	0	0	1.35547622570828	6.42324696353352	5.41610040220442	7.84149292446001	0.346511420852022
BA_only	hippocampus	AA	psi	chr1_32778447_32778991	chr1	32778447	32778991	84	84	0	0	0.0425048104085518	0.980549382116533	1.08880963774354	-1.08880963774354	544	231	Genic/other	0	Non-heritable	0.0993954397055686	0.800463698294355	0.0142443950112618	7455	0	0	0.993954397055686	6.29894924685594	5.44673737166631	8.91677435636543	0.0850850332118388
BA_only	hippocampus	AA	psi	chr1_32953700_32954456	chr1	32953700	32954456	76	76	0	0	0.0291011425176042	0.97594902064411	1.98074918755661	-1.98074918755661	756	218	Genic/other	0	Heritable	0.10843891200562	0.836914817241628	0.0108620751771987	2272	0	0	1.0843891200562	6.62804137617953	5.3890717298165	7.72885582385254	0.683475155742148
BA_only	hippocampus	AA	psi	chr1_32988475_32990792	chr1	32988475	32990792	76	76	0	0	0.0211436987449946	0.975932065139872	2.58917459132195	-2.58917459132195	2317	223	Enhancer	0	Heritable	0.188573892914337	0.849174753867985	0.0120418565721716	0	0	0	1.88573892914337	7.74802852443238	5.41164605185504	0	0.951339138171751
BA_only	hippocampus	AA	psi	chr1_3360993_3361233	chr1	3360993	3361233	17	17	0	0	0.0381879801423913	0.980549382116533	1.02938649631251	1.02938649631251	240	798	Genic/other	1	Heritable	0.111158805710738	0.969976951117205	0.00977122544860291	0	0	0	1.11158805710738	5.48063892334199	6.68336094576628	0	0.0289629998472315
BA_only	hippocampus	AA	psi	chr1_34077100_34077609	chr1	34077100	34077609	13	13	0	0	0.205143656420471	0.991064867102684	0.653494139389817	-0.653494139389817	509	515	Genic/other	0	Non-heritable	0.0663715552757807	0.94976439295836	0.0120472252908675	11583	0	0	0.663715552757807	6.23244801655052	6.24610676548156	9.3573801146255	-0.425421698689662
BA_only	hippocampus	AA	psi	chr1_34109282_34111571	chr1	34109282	34111571	13	13	0	0	0.116232554186843	0.990898390030923	0.56761254864447	-0.56761254864447	2289	513	Genic/other	0	Heritable	0.11769623286362	0.956568635077596	0.0138971908964093	0	0	0	1.1769623286362	7.73587031995257	6.24222326545517	0	-0.566316208069864
BA_only	hippocampus	AA	psi	chr1_3441323_3441727	chr1	3441323	3441727	33	33	0	0	0.0247924256228785	0.975932065139872	2.15228439347015	2.15228439347015	404	804	Intergenic	0	Heritable	0.116471720035361	0.978126075872156	0.0103897766305091	7588	0	0	1.16471720035361	6.00141487796115	6.69084227741856	8.93445510940391	0.766529791313825
BA_only	hippocampus	AA	psi	chr1_34804644_34805629	chr1	34804644	34805629	9	9	0	0	0.0801466687940283	0.988137148207548	1.3294403942255	1.3294403942255	985	406	Genic/other	0	Heritable	0.166920482525537	0.931887854670949	0.0121356402724115	10446	0	0	1.66920482525537	6.89264164117209	6.0088131854426	9.25407013483751	0.284758104991459
BA_only	hippocampus	AA	psi	chr1_35013911_35016197	chr1	35013911	35016197	17	17	0	0	0.0758780831997993	0.987172063134315	0.795465279552873	0.795465279552873	2286	336	Genic/other	0	Heritable	0.129532302667667	0.887161853525425	0.0199945104879823	0	0	0	1.29532302667667	7.73455884435476	5.82008293035236	0	-0.228828065653595
BA_only	hippocampus	AA	psi	chr1_35047486_35048496	chr1	35047486	35048496	17	17	0	0	0.191165343739285	0.991064867102684	0.744588783669742	0.744588783669742	1010	329	Genic/other	0	Non-heritable	0.0915713097574498	0.875644004320883	0.0119009246110341	15670	0	0	0.915713097574498	6.91770560983531	5.79909265446053	9.65956714952322	-0.294923167791422
BA_only	hippocampus	AA	psi	chr1_35193907_35194424	chr1	35193907	35194424	18	18	0	0	0.0617026775750521	0.985907779499035	0.792412550262101	0.792412550262101	517	275	Promoter	1	Heritable	0.145415641497332	0.851490977859588	0.0190670262177776	16587	0	0	1.45415641497332	6.24804287450843	5.62040086571715	9.71643482136627	-0.232673113372082
BA_only	hippocampus	AA	psi	chr1_35218999_35219235	chr1	35218999	35219235	28	28	0	0	0.0933974892658064	0.98957470025223	1.37783641056707	1.37783641056707	236	257	Intergenic	0	Non-heritable	0.065482176773412	0.808773910103339	0.0111053731714395	41679	0	0	0.65482176773412	5.46383180502561	5.55295958492162	10.6377766764272	0.320514457683788
BA_only	hippocampus	AA	psi	chr1_35270403_35270731	chr1	35270403	35270731	36	36	0	0	0.0122518584677986	0.958155330657259	0.891893828600564	0.891893828600564	328	227	Genic/other	1	Heritable	0.116771165360096	0.818157967303771	0.0183804595980327	0	0	0	1.16771165360096	5.79301360838414	5.42934562895444	0	-0.114408168506767
BA_only	hippocampus	AA	psi	chr1_35307573_35307990	chr1	35307573	35307990	81	81	0	0	0.0139356732407146	0.964441318501853	4.32638625443031	4.32638625443031	417	210	Genic/other	0	Heritable	0.113728408655785	0.76606346904881	0.0164017342062983	0	0	0	1.13728408655785	6.0330862217988	5.35185813347607	0	1.46473261259484
BA_only	hippocampus	AA	psi	chr1_35314752_35315846	chr1	35314752	35315846	84	84	0	0	0.0401010766910499	0.980549382116533	8.02545572258335	8.02545572258335	1094	211	Genic/other	0	Non-heritable	0.0886640483330693	0.770008959610051	0.016242138730362	0	0	0	0.886640483330693	6.99759598298193	5.35658627467201	0	2.0826184565106
BA_only	hippocampus	AA	psi	chr1_35316859_35317583	chr1	35316859	35317583	84	84	0	0	0.0259676802298688	0.975932065139872	6.44726650034079	6.44726650034079	724	204	Genic/other	0	Non-heritable	0.0592419803173262	0.745366508845737	0.0187116478511036	0	0	0	0.592419803173262	6.58479139238572	5.32300997913841	0	1.86365624413403
BA_only	hippocampus	AA	psi	chr1_35322577_35322981	chr1	35322577	35322981	84	84	0	0	0.0242698800070223	0.975932065139872	4.7562783215661	4.7562783215661	404	213	Genic/other	0	Non-heritable	0.0717218715079587	0.717312483973993	0.0115698062908496	0	0	0	0.717218715079587	6.00141487796115	5.36597601502185	0	1.55946549931258
BA_only	hippocampus	AA	psi	chr1_35472874_35473387	chr1	35472874	35473387	83	83	0	0	0.0216763829011688	0.975932065139872	7.83868653500452	7.83868653500452	513	150	Genic/other	0	Non-heritable	0.0316265299723834	0.505341621948237	0.0110673555329484	0	0	0	0.316265299723834	6.24027584517077	5.01727983681492	0	2.05907128780224
BA_only	hippocampus	AA	psi	chr1_35474776_35477933	chr1	35474776	35477933	83	83	0	0	0.0252271946605796	0.975932065139872	7.41279909907716	7.41279909907716	3157	145	Genic/other	0	Non-heritable	0.0489386472867651	0.513636231553845	0.0107449497987139	0	0	0	0.489386472867651	8.05737748855799	4.98360662170834	0	2.00320811549315
BA_only	hippocampus	AA	psi	chr1_35610014_35610789	chr1	35610014	35610789	84	84	0	0	0.0095354743013392	0.939841915020693	10.2424853787209	10.2424853787209	775	143	Genic/other	0	Non-heritable	0.0511637542120559	0.589094096874429	0.0123010345538789	43190	0	0	0.511637542120559	6.65286302935335	4.969813299576	10.6733874191945	2.32654430390342
BA_only	hippocampus	AA	psi	chr1_35719498_35719633	chr1	35719498	35719633	82	82	0	0	0.0100754346914776	0.944902218841749	9.17571079068211	-9.17571079068211	135	147	Promoter	1	Non-heritable	0.0844678625932931	0.571723148327177	0.00923920909692612	1346	0	0	0.844678625932931	4.90527477843843	4.99721227376412	7.20563517641036	2.21655986240387
BA_only	hippocampus	AA	psi	chr1_35720338_35720725	chr1	35720338	35720725	82	82	0	0	0.0310548265960197	0.976893291659941	5.78910294536659	5.78910294536659	387	144	Genic/other	1	Non-heritable	0.0698882504520338	0.566584455184321	0.0112888278970347	254	0	0	0.698882504520338	5.95842469302978	4.97673374242057	5.54126354515843	1.75597734959351
BA_only	hippocampus	AA	psi	chr1_35747182_35748001	chr1	35747182	35748001	74	74	0	0	0.0297973050638892	0.976741514025636	6.53385255968202	6.53385255968202	819	139	Genic/other	0	Non-heritable	0.0771731775305817	0.578796036624426	0.00994855559945145	1650	0	0	0.771731775305817	6.70808408385307	4.9416424226093	7.40913644392013	1.87699674936172
BA_only	hippocampus	AA	psi	chr1_35766477_35767042	chr1	35766477	35767042	72	72	0	0	0.0514650260460181	0.984153364580922	4.32734267338898	4.32734267338898	565	134	Genic/other	1	Non-heritable	0.0268642924330664	0.52941662333864	0.0116250723581654	6134	0	0	0.268642924330664	6.33682573114644	4.90527477843843	8.72176535714501	1.46495365463772
BA_only	hippocampus	AA	psi	chr1_35794593_35795171	chr1	35794593	35795171	72	72	0	0	0.024393972072545	0.975932065139872	4.76899829193117	4.76899829193117	578	144	Intergenic	0	Non-heritable	0.0353896178418317	0.562956539082982	0.0133642179146029	34250	0	0	0.353896178418317	6.35957386867238	4.97673374242057	10.4414710403444	1.5621362832521
BA_only	hippocampus	AA	psi	chr1_35986793_35988016	chr1	35986793	35988016	24	24	0	0	0.0930353904644691	0.989446665475032	1.58199179928037	1.58199179928037	1223	176	Genic/other	0	Non-heritable	0.0805653205618997	0.685506734582518	0.0157534944156959	0	0	0	0.805653205618997	7.10906213568717	5.17614973257383	0	0.458684691886023
BA_only	hippocampus	AA	psi	chr1_36049994_36051230	chr1	36049994	36051230	19	19	0	0	0.0202941330973051	0.975856666808667	2.09508683504942	2.09508683504942	1236	210	Genic/other	0	Heritable	0.138387996361706	0.78432045510858	0.0138775678574423	31171	0	0	1.38387996361706	7.11963563801764	5.35185813347607	10.3472755349635	0.739595005999139
BA_only	hippocampus	AA	psi	chr1_36148369_36148585	chr1	36148369	36148585	26	26	0	0	0.00816212405542436	0.933559278800072	1.9119167703316	1.9119167703316	216	264	Genic/other	1	Heritable	0.107820397690831	0.855513235618197	0.0118253845584193	0	0	0	1.07820397690831	5.37527840768417	5.57972982598622	0	0.648106288750801
BA_only	hippocampus	AA	psi	chr1_36182288_36182691	chr1	36182288	36182691	26	26	0	0	0.0105823274156906	0.944902218841749	2.11724385238318	2.11724385238318	403	258	Intergenic	1	Heritable	0.108196103189037	0.858370310769049	0.0107620359603007	4414	0	0	1.08196103189037	5.99893656194668	5.55682806169954	8.39276311303806	0.750115177952779
BA_only	hippocampus	AA	psi	chr1_36221644_36222189	chr1	36221644	36222189	31	31	0	0	0.011163854728258	0.948703871232836	1.26899730383308	1.26899730383308	545	251	Genic/other	2	Heritable	0.237670456342318	0.882159718000606	0.0245924722958827	2315	0	0	2.37670456342318	6.30078579466324	5.52942908751142	7.74759683869289	0.238227071971208
BA_only	hippocampus	AA	psi	chr1_36260486_36261831	chr1	36260486	36261831	33	33	0	0	0.00514914346405162	0.909885926705608	1.66747587676951	1.66747587676951	1345	258	Genic/other	0	Heritable	0.137977673995809	0.870701357605272	0.0162962011536767	1103	0	0	1.37977673995809	7.20414929203594	5.55682806169954	7.00669522683704	0.511311037995145
BA_only	hippocampus	AA	psi	chr1_36394703_36395504	chr1	36394703	36395504	29	29	0	0	0.00737939533942871	0.933559278800072	1.86086555035492	-1.86086555035492	801	298	Genic/other	1	Heritable	0.177349984135969	0.869878467579333	0.0132841941155602	0	0	0	1.77349984135969	6.68586094706836	5.70044357339069	0	0.621041734510565
BA_only	hippocampus	AA	psi	chr1_36401072_36401380	chr1	36401072	36401380	25	25	0	0	0.019110167554364	0.97294422691241	1.75492114676595	1.75492114676595	308	301	Enhancer	1	Heritable	0.420616438396686	0.886155328181869	0.0116631377370135	37	0	0	4.20616438396686	5.73009978297357	5.71042701737487	3.63758615972639	0.562423930988988
BA_only	hippocampus	AA	psi	chr1_36406085_36406987	chr1	36406085	36406987	21	21	0	0	0.0144501921522721	0.966019156397088	1.3090403107218	-1.3090403107218	902	296	Genic/other	0	Heritable	0.127954716694799	0.886320763116606	0.0127303135335589	0	0	0	1.27954716694799	6.80461452006262	5.6937321388027	0	0.26929428914382
BA_only	hippocampus	AA	psi	chr1_36426373_36427651	chr1	36426373	36427651	21	21	0	0	0.0119961769122177	0.955696118255407	1.17019340722562	1.17019340722562	1278	307	Genic/other	0	Non-heritable	0.0531451356171246	0.900160082467947	0.0156732439607937	4222	0	0	0.531451356171246	7.15305163493748	5.73009978297357	8.34830105493394	0.157169049014884
BA_only	hippocampus	AA	psi	chr1_37458011_37458488	chr1	37458011	37458488	87	87	0	0	0.00399719532373454	0.876526751905212	1.50781842707686	1.50781842707686	477	329	Genic/other	0	Non-heritable	0.0926668696085858	0.871948483557879	0.0127584914651048	0	0	0	0.926668696085858	6.16751649088834	5.79909265446053	0	0.410663862520719
BA_only	hippocampus	AA	psi	chr1_37521062_37521725	chr1	37521062	37521725	94	94	0	0	0.0018071090315677	0.796268588634543	2.65877423562698	2.65877423562698	663	339	Intergenic	0	Non-heritable	0.0795842398585252	0.860876415040768	0.0118013873132788	6404	0	0	0.795842398585252	6.49677499018586	5.82894561761021	8.76483421433083	0.977865206673421
BA_only	hippocampus	AA	psi	chr1_37690964_37691146	chr1	37690964	37691146	89	89	0	0	0.000205668283951498	0.4907995675102	1.11607717969008	1.11607717969008	182	357	Promoter	1	Heritable	0.516288074897121	0.873420556260697	0.0121914782139063	0	0	0	5.16288074897121	5.2040066870768	5.8805329864007	0	0.109820027956195
BA_only	hippocampus	AA	psi	chr1_37818430_37818947	chr1	37818430	37818947	22	22	0	0	0.00448313519467357	0.893742532264485	2.37128405453229	2.37128405453229	517	377	Genic/other	0	Non-heritable	0.0479286861271108	0.931878701338779	0.0143332685168722	18585	0	0	0.479286861271108	6.24804287450843	5.93489419561959	9.83016388811729	0.863431607807461
BA_only	hippocampus	AA	psi	chr1_37935093_37935527	chr1	37935093	37935527	30	30	0	0	0.00488645945277105	0.903845859635741	2.21151640478566	2.21151640478566	434	379	Genic/other	1	Heritable	0.199094475312481	0.923458137253045	0.0175929879014997	5270	0	0	1.99094475312481	6.07304453410041	5.94017125272043	8.56997537685521	0.793678440765648
BA_only	hippocampus	AA	psi	chr1_3812561_3812935	chr1	3812561	3812935	119	119	0	0	0.00271415913472524	0.839143068686335	1.77177743718722	-1.77177743718722	374	833	Genic/other	2	Heritable	0.110972218853485	0.975951312880665	0.0319507913583652	3434	0	0	1.10972218853485	5.92425579741453	6.72623340235875	8.14177220465645	0.571983250157147
BA_only	hippocampus	AA	psi	chr1_38815893_38816192	chr1	38815893	38816192	34	34	0	0	0.0415072875784297	0.980549382116533	1.35630106741025	1.35630106741025	299	404	Promoter	2	Non-heritable	0.063182121146731	0.883994813660114	0.00993004823386278	16	0	0	0.63182121146731	5.70044357339069	6.00388706710654	2.83321334405622	0.304761198360802
BA_only	hippocampus	AA	psi	chr1_38883224_38884928	chr1	38883224	38884928	66	66	0	0	0.035727373004719	0.980494018606455	1.27022608967454	1.27022608967454	1704	390	Genic/other	0	Non-heritable	0.0340315165383765	0.821936276039293	0.0154045166849876	0	0	0	0.340315165383765	7.44073370738926	5.96870755998537	0	0.239194915864615
BA_only	hippocampus	AA	psi	chr1_38927198_38927478	chr1	38927198	38927478	70	70	0	0	0.0371337019220459	0.980549382116533	1.53489940820505	1.53489940820505	280	369	Promoter	0	Non-heritable	0.050175247649495	0.863758149073509	0.0155256673106187	0	0	0	0.50175247649495	5.63478960316925	5.91350300563827	0	0.428464853292949
BA_only	hippocampus	AA	psi	chr1_3901723_3902181	chr1	3901723	3902181	102	102	0	0	0.00875714770960714	0.933559278800072	1.7200399352801	-1.7200399352801	458	817	Genic/other	1	Non-heritable	0.0975602354832415	0.97315463263825	0.0199601865297827	0	0	0	0.975602354832415	6.12686918411419	6.70686233660275	0	0.542347514555747
BA_only	hippocampus	AA	psi	chr1_39038847_39039819	chr1	39038847	39039819	70	70	0	0	0.028827265425703	0.975932065139872	1.33701400920326	1.33701400920326	972	341	Intergenic	0	Non-heritable	0.0636211826099849	0.794054908679129	0.0170062418847256	10123	0	0	0.636211826099849	6.87935580446044	5.83481073706261	9.22266412166501	0.290438783631968
BA_only	hippocampus	AA	psi	chr1_39078034_39078463	chr1	39078034	39078463	71	71	0	0	0.028266122981554	0.975932065139872	1.11366133641903	1.11366133641903	429	319	Genic/other	1	Non-heritable	0.0705263741105408	0.850701274759372	0.0162604673596912	3079	0	0	0.705263741105408	6.06145691892802	5.76832099579377	8.03268487596762	0.107653097459867
BA_only	hippocampus	AA	psi	chr1_39232943_39233253	chr1	39232943	39233253	51	51	0	0	0.0456327595749223	0.981740677988412	1.68009531739298	1.68009531739298	310	311	Genic/other	0	Non-heritable	0.0712831451604725	0.861431759894702	0.0109708514206246	1760	0	0	0.712831451604725	5.73657229747919	5.74300318780948	7.47363710849621	0.518850534301194
BA_only	hippocampus	AA	psi	chr1_39246551_39247362	chr1	39246551	39247362	52	52	0	0	0.0274165759953302	0.975932065139872	1.22053885726617	1.22053885726617	811	315	Genic/other	0	Non-heritable	0.0613553340460758	0.82411405630272	0.0131961196806576	2740	0	0	0.613553340460758	6.69826805411541	5.75574221358691	7.91607809630279	0.19929245570734
BA_only	hippocampus	AA	psi	chr1_39770382_39771485	chr1	39770382	39771485	129	129	0	0	0.000110142747464709	0.405473785948733	3.84786889636915	3.84786889636915	1103	289	Promoter	1	Non-heritable	0.0918957281657937	0.851372064741942	0.00545336748187075	6692	0	0	0.918957281657937	7.0057890192535	5.66988092298052	8.80881748310064	1.34751946423175
BA_only	hippocampus	AA	psi	chr1_39799398_39799566	chr1	39799398	39799566	112	112	0	0	0.0170738856150154	0.970581273335112	7.99270280321002	7.99270280321002	168	291	Promoter	0	Heritable	0.210493126204699	0.838187118663121	0.00899802789572827	14	0	0	2.10493126204699	5.12396397940326	5.67675380226828	2.70805020110221	2.07852897707064
BA_only	hippocampus	AA	psi	chr1_39868440_39868983	chr1	39868440	39868983	66	66	0	0	0.00104222693423848	0.721965237965727	2.85739606192762	-2.85739606192762	543	320	Genic/other	0	Heritable	0.118746904574229	0.889208207402166	0.0140854629206228	0	0	0	1.18746904574229	6.29710931993394	5.77144112313002	0	1.04991074574637
BA_only	hippocampus	AA	psi	chr1_39971635_39972029	chr1	39971635	39972029	65	65	0	0	0.00287629619459871	0.844808629760907	2.8354982566451	-2.8354982566451	394	340	Intergenic	0	Heritable	0.107632556968663	0.875022852713748	0.0127119095832603	3830	0	0	1.07632556968663	5.97635090929793	5.83188247728352	8.25088114470065	1.04221767716691
BA_only	hippocampus	AA	psi	chr1_40052816_40053599	chr1	40052816	40053599	64	64	0	0	0.00510056667781446	0.909885926705608	1.67300367006082	1.67300367006082	783	359	Genic/other	0	Heritable	0.118758429426487	0.885951793002442	0.0114170675070449	0	0	0	1.18758429426487	6.6631326959908	5.88610403145016	0	0.514620621679984
BA_only	hippocampus	AA	psi	chr1_40566655_40567297	chr1	40566655	40567297	71	71	0	0	0.0392224054095751	0.980549382116533	2.15057593574215	2.15057593574215	642	345	Genic/other	0	Non-heritable	0.0705762951417356	0.803287839165748	0.0112451405830612	22238	0	0	0.705762951417356	6.46458830368996	5.84643877505773	10.0096027833248	0.765735688006199
BA_only	hippocampus	AA	psi	chr1_40615910_40616213	chr1	40615910	40616213	71	71	0	0	0.032560532153037	0.978660772153819	1.46338846604456	1.46338846604456	303	346	Intergenic	0	Non-heritable	0.0396436294415386	0.810215432852649	0.0182475666326443	31548	0	0	0.396436294415386	5.71373280550937	5.84932477994686	10.359297171746	0.380754620655154
BA_only	hippocampus	AA	psi	chr1_40775209_40775643	chr1	40775209	40775643	79	79	0	0	0.0356787066824875	0.980494018606455	1.83477092908636	-1.83477092908636	434	329	Intergenic	0	Non-heritable	0.0448271969827943	0.739353748135458	0.0112507817504503	4496	0	0	0.448271969827943	6.07304453410041	5.79909265446053	8.41116578677071	0.606919644878995
BA_only	hippocampus	AA	psi	chr1_40971203_40971382	chr1	40971203	40971382	81	81	0	0	0.00784268891410146	0.933559278800072	2.54864052128075	-2.54864052128075	179	341	Intergenic	0	Non-heritable	0.0366311433769754	0.799167801467788	0.0105246614797854	0	0	0	0.366311433769754	5.18738580584076	5.83481073706261	0	0.935560092020738
BA_only	hippocampus	AA	psi	chr1_41382519_41383382	chr1	41382519	41383382	69	69	0	0	0.00588738235773326	0.91660165241749	1.59963746642622	-1.59963746642622	863	335	Genic/other	1	Heritable	0.162930675037135	0.875993010049131	0.0105860077585535	902	0	0	1.62930675037135	6.76041469108343	5.8171111599632	6.80572255341699	0.469777026339624
BA_only	hippocampus	AA	psi	chr1_42277209_42278117	chr1	42277209	42278117	32	32	0	0	0.018981382451327	0.97294422691241	1.44444304808909	1.44444304808909	908	232	Genic/other	0	Non-heritable	0.0827755026224464	0.765783727000175	0.0214040912813357	32992	0	0	0.827755026224464	6.81124437860129	5.4510384535657	10.4040506967356	0.367723820340381
BA_only	hippocampus	AA	psi	chr1_42457446_42458252	chr1	42457446	42458252	90	90	0	0	0.032136307002438	0.977766397564809	1.34942690274888	-1.34942690274888	806	246	Promoter	1	Non-heritable	0.0679524098841044	0.747162932821842	0.0211089527789132	0	0	0	0.679524098841044	6.69208374250663	5.50938833662798	0	0.299679993245949
BA_only	hippocampus	AA	psi	chr1_42520492_42521230	chr1	42520492	42521230	105	105	0	0	0.0222706028268653	0.975932065139872	2.0135579686681	-2.0135579686681	738	276	Genic/other	0	Heritable	0.100026468219107	0.71188117025358	0.0135206644770963	0	0	0	1.00026468219107	6.60394382460047	5.62401750618734	0	0.699903295862821
BA_only	hippocampus	AA	psi	chr1_42725028_42726002	chr1	42725028	42726002	136	136	0	0	0.000335899258934049	0.556148969961787	2.0721866933377	-2.0721866933377	974	318	Intergenic	0	Non-heritable	0.0841524146063437	0.863586425113204	0.0164359877844655	9131	0	0	0.841524146063437	6.88141130364254	5.76519110278484	9.11954000764969	0.728604428126239
BA_only	hippocampus	AA	psi	chr1_42986486_42987535	chr1	42986486	42987535	62	62	0	0	0.000286860119815934	0.530896203541502	1.62477552883406	-1.62477552883406	1049	328	Genic/other	0	Non-heritable	0.067713800760529	0.813376766905038	0.0142553762985659	0	0	0	0.67713800760529	6.9555926083963	5.79605775076537	0	0.48536967629261
BA_only	hippocampus	AA	psi	chr1_43030260_43031068	chr1	43030260	43031068	49	49	0	0	0.000397731897997091	0.58294912801026	1.4320591546456	-1.4320591546456	808	338	Intergenic	0	Heritable	0.12171677704012	0.836694168853893	0.0240844915426992	34355	0	0	1.2171677704012	6.6945620585211	5.82600010738045	10.4445319548861	0.359113383778264
BA_only	hippocampus	AA	psi	chr1_43146876_43147143	chr1	43146876	43147143	92	92	0	0	0.000368077103564791	0.569477694536431	2.00638083811404	-2.00638083811404	267	338	Promoter	1	Non-heritable	0.0458225825130585	0.845254680397812	0.013246059558586	0	0	0	0.458225825130585	5.58724865840025	5.82600010738045	0	0.6963325260132
BA_only	hippocampus	AA	psi	chr1_43192483_43192875	chr1	43192483	43192875	92	92	0	0	0.000131916729497171	0.426914408246899	1.79661563415204	1.79661563415204	392	349	Genic/other	0	Non-heritable	0.0795917327800982	0.823238099789009	0.0140903677417331	10948	0	0	0.795917327800982	5.97126183979046	5.85793315448346	9.30100340687343	0.585904697418406
BA_only	hippocampus	AA	psi	chr1_43369295_43369450	chr1	43369295	43369450	83	83	0	0	0.0174940499016278	0.970581273335112	2.36532846931325	-2.36532846931325	155	331	Genic/other	1	Non-heritable	0.0986091632663413	0.844635207979423	0.00973353300011011	0	0	0	0.986091632663413	5.04342511691925	5.80513496891649	0	0.86091690418652
BA_only	hippocampus	AA	psi	chr1_43391803_43391877	chr1	43391803	43391877	84	84	0	0	0.0254047784707719	0.975932065139872	2.72666569799895	-2.72666569799895	74	325	Genic/other	1	Non-heritable	0.0644997900879602	0.834125297930548	0.0106532892563836	2043	0	0	0.644997900879602	4.30406509320417	5.78689738136671	7.6226639513236	1.00307951035686
BA_only	hippocampus	AA	psi	chr1_43401068_43402125	chr1	43401068	43402125	83	83	0	0	0.0272989253277617	0.975932065139872	1.35465597196116	-1.35465597196116	1057	319	Genic/other	0	Non-heritable	0.0937285346305145	0.795733296168775	0.0181387421506224	1176	0	0	0.937285346305145	6.96318998587024	5.76832099579377	7.07072410726028	0.303547534245145
BA_only	hippocampus	AA	psi	chr1_43558479_43558706	chr1	43558479	43558706	86	86	0	0	0.00971825590044932	0.939841915020693	1.9743110160744	1.9743110160744	227	234	Genic/other	0	Heritable	0.117050215630361	0.785139765892768	0.0094003524589214	11071	0	0	1.17050215630361	5.4249500174814	5.45958551414416	9.31217467785745	0.680219489934356
BA_only	hippocampus	AA	psi	chr1_43649126_43649301	chr1	43649126	43649301	35	35	0	0	0.0399429337228354	0.980549382116533	2.15787458447436	2.15787458447436	175	284	Promoter	1	Non-heritable	0.0905242373609354	0.818819286288526	0.0094625452813231	950	0	0	0.905242373609354	5.16478597392351	5.65248918026865	6.85751406254539	0.769123753226323
BA_only	hippocampus	AA	psi	chr1_44010966_44011761	chr1	44010966	44011761	192	192	0	0	0.00316494477644393	0.853185837570312	2.79057703784391	-2.79057703784391	795	279	Genic/other	0	Non-heritable	0.0474981747211462	0.81381609602138	0.00948986531868966	156	0	0	0.474981747211462	6.67834211465433	5.63478960316925	5.05624580534831	1.02624840163168
BA_only	hippocampus	AA	psi	chr1_44016337_44017127	chr1	44016337	44017127	192	192	0	0	0.000681394774174496	0.66356279177562	4.62806109228071	-4.62806109228071	790	287	Promoter	0	Non-heritable	0.0806087551922966	0.855341781428925	0.00780856941514005	5527	0	0	0.806087551922966	6.67203294546107	5.66296048013595	8.61758136544751	1.53213801198427
BA_only	hippocampus	AA	psi	chr1_44103532_44103726	chr1	44103532	44103726	191	191	0	0	0.00801559396216694	0.933559278800072	2.63833423326163	-2.63833423326163	194	328	Promoter	1	Heritable	0.625036854488002	0.904215974157061	0.0111366571100587	213	0	0	6.25036854488002	5.26785815906333	5.79605775076537	5.36597601502185	0.970147749552348
BA_only	hippocampus	AA	psi	chr1_44474695_44475438	chr1	44474695	44475438	19	19	0	0	0.161460398571206	0.991064867102684	1.47352780628347	1.47352780628347	743	359	Genic/other	0	Non-heritable	0.0650100905780411	0.881342573552868	0.0110324675064986	62713	0	0	0.650100905780411	6.61069604471776	5.88610403145016	11.046339987183	0.387659400712355
BA_only	hippocampus	AA	psi	chr1_44582344_44583135	chr1	44582344	44583135	26	26	0	0	0.108837161832903	0.990898390030923	1.77994058357738	1.77994058357738	791	317	Genic/other	0	Heritable	0.16716025964363	0.892181000645926	0.0127013223957253	49072	0	0	1.6716025964363	6.67329796776765	5.76205138278018	10.8010642643662	0.576579989352326
BA_only	hippocampus	AA	psi	chr1_44951810_44952031	chr1	44951810	44952031	46	46	0	0	0.0410949237473998	0.980549382116533	1.90779877360271	-1.90779877360271	221	271	Genic/other	0	Non-heritable	0.072752689780894	0.755544532622885	0.0120726532261123	0	0	0	0.72752689780894	5.39816270151775	5.605802066296	0	0.645950108137149
BA_only	hippocampus	AA	psi	chr1_44967777_44968016	chr1	44967777	44968016	45	45	0	0	0.0289632944384817	0.975932065139872	2.86776327049088	-2.86776327049088	239	278	Genic/other	0	Non-heritable	0.0542235462593989	0.66476360487064	0.0108216024284103	0	0	0	0.542235462593989	5.47646355193151	5.63121178182137	0	1.05353238114781
BA_only	hippocampus	AA	psi	chr1_45330442_45330859	chr1	45330442	45330859	159	159	0	0	0.0146044630765607	0.966089857218066	3.08558349650763	3.08558349650763	417	132	Genic/other	1	Heritable	0.127781021068113	0.657654857269511	0.0126354272163917	0	0	0	1.27781021068113	6.0330862217988	4.89034912822175	0	1.12674078258635
BA_only	hippocampus	AA	psi	chr1_45367353_45368290	chr1	45367353	45368290	172	172	0	0	0.0191825174975451	0.973092443585941	2.81070754901527	-2.81070754901527	937	141	Genic/other	0	Non-heritable	0.0980716677925638	0.706521672258364	0.0126492223696019	20373	0	0	0.980716677925638	6.84268328223842	4.95582705760126	9.92201485715001	1.03343625201057
BA_only	hippocampus	AA	psi	chr1_45436245_45436909	chr1	45436245	45436909	182	182	0	0	0.0148798649967061	0.966089857218066	3.66520429213043	-3.66520429213043	664	142	Genic/other	0	Non-heritable	0.0660325122029058	0.608244398935045	0.0113490227646869	58256	0	0	0.660325122029058	6.49828214947643	4.96284463025991	10.9726195358817	1.29888407788604
BA_only	hippocampus	AA	psi	chr1_45480785_45481087	chr1	45480785	45481087	183	183	0	0	0.0213478404092475	0.975932065139872	3.61874893474556	3.61874893474556	302	135	Genic/other	0	Non-heritable	0.0668167956378421	0.643720253949144	0.0111398485341551	14078	0	0	0.668167956378421	5.71042701737487	4.91265488573605	9.55243960446253	1.28612837073168
BA_only	hippocampus	AA	psi	chr1_45482460_45483321	chr1	45482460	45483321	183	183	0	0	0.02092160194674	0.975856666808667	4.55777683061914	-4.55777683061914	861	139	Genic/other	0	Non-heritable	0.071743634465847	0.656743922157102	0.0123278169646207	11844	0	0	0.71743634465847	6.75809450442773	4.9416424226093	9.37966111659289	1.51683496969055
BA_only	hippocampus	AA	psi	chr1_45556600_45557613	chr1	45556600	45557613	183	183	0	0	0.0196068711548358	0.973631121108853	2.90828514176212	-2.90828514176212	1013	129	Genic/other	0	Non-heritable	0.0636352771673414	0.68020011339219	0.0122138278354363	0	0	0	0.636352771673414	6.92067150424868	4.86753445045558	0	1.06756361255379
BA_only	hippocampus	AA	psi	chr1_45582920_45583021	chr1	45582920	45583021	179	179	0	0	0.0251664836611547	0.975932065139872	4.60420801927877	-4.60420801927877	101	132	Promoter	1	Non-heritable	0.0986549545934227	0.594858477882734	0.0100908426373752	1183	0	0	0.986549545934227	4.61512051684126	4.89034912822175	7.07665381544395	1.52697067430426
BA_only	hippocampus	AA	psi	chr1_45605523_45605713	chr1	45605523	45605713	34	34	0	0	0.0224041998965139	0.975932065139872	1.75616197149888	1.75616197149888	190	127	Genic/other	0	Non-heritable	0.0411621285724301	0.598604104376711	0.0130588458921406	0	0	0	0.411621285724301	5.24702407216049	4.85203026391962	0	0.563130735547994
BA_only	hippocampus	AA	psi	chr1_45733576_45734554	chr1	45733576	45734554	34	34	0	0	0.0638084364755671	0.985907779499035	2.03641014550496	2.03641014550496	978	143	Genic/other	0	Non-heritable	0.0408557277068921	0.593081777138266	0.0132375740225092	40371	0	0	0.408557277068921	6.88550967003482	4.969813299576	10.6058917543588	0.711188530022884
BA_only	hippocampus	AA	psi	chr1_45811618_45811876	chr1	45811618	45811876	27	27	0	0	0.0331688484800008	0.979164877002956	1.37427668115233	1.37427668115233	258	127	Genic/other	0	Heritable	0.108731016828212	0.651792727169369	0.0115049893753741	0	0	0	1.08731016828212	5.55295958492162	4.85203026391962	0	0.317927549911175
BA_only	hippocampus	AA	psi	chr1_46123971_46125030	chr1	46123971	46125030	94	94	0	0	0.0528364961952383	0.984783117109287	1.24243053420355	-1.24243053420355	1059	192	Genic/other	0	Non-heritable	0.0815161511381998	0.735984922556661	0.0189043933788191	0	0	0	0.815161511381998	6.96508034560141	5.26269018890489	0	0.217069577388797
BA_only	hippocampus	AA	psi	chr1_46358007_46358464	chr1	46358007	46358464	186	186	0	0	0.00285418777493023	0.844808629760907	2.21431335858541	-2.21431335858541	457	238	Genic/other	0	Non-heritable	0.0686688508155079	0.752048652390738	0.01234850387799	11085	0	0	0.686688508155079	6.12468339089421	5.47646355193151	9.31343832997975	0.794942363830472
BA_only	hippocampus	AA	psi	chr1_46587959_46588545	chr1	46587959	46588545	127	127	0	0	0.000877883703952039	0.696297367007034	2.31481460766831	-2.31481460766831	586	264	Genic/other	0	Non-heritable	0.0826260313326467	0.797032244687363	0.00985935633067286	0	0	0	0.826260313326467	6.37331978957701	5.57972982598622	0	0.839329605570733
BA_only	hippocampus	AA	psi	chr1_47322231_47323244	chr1	47322231	47323244	28	28	0	0	0.00869247132927494	0.933559278800072	1.32194957034071	1.32194957034071	1013	372	Intergenic	0	Non-heritable	0.0984371160110905	0.877605338063961	0.0157108567874924	8194	0	0	0.984371160110905	6.92067150424868	5.92157841964382	9.01127949117793	0.279107601776854
BA_only	hippocampus	AA	psi	chr1_47329188_47330329	chr1	47329188	47330329	28	28	0	0	0.00652615376270726	0.923561800805115	1.04289847410711	1.04289847410711	1141	384	Genic/other	1	Non-heritable	0.099949627274264	0.893109994514063	0.0203299320310643	15151	0	0	0.99949627274264	7.03966034986208	5.95324333428779	9.62588781542586	0.042003840607786
BA_only	hippocampus	AA	psi	chr1_47361892_47362715	chr1	47361892	47362715	28	28	0	0	0.00855367139515586	0.933559278800072	0.941008765272152	0.941008765272152	823	371	Genic/other	0	Non-heritable	0.0801120252912109	0.895485146457952	0.0165043458108374	12577	0	0	0.801120252912109	6.71295620067707	5.91889385427315	9.43970453510345	-0.0608028139650512
BA_only	hippocampus	AA	psi	chr1_47661756_47662177	chr1	47661756	47662177	8	8	0	0	0.0406284922148292	0.980549382116533	1.22217670312374	1.22217670312374	421	422	Intergenic	0	Non-heritable	0.0584276306888566	0.896516198383593	0.0105195393050903	26404	0	0	0.584276306888566	6.04263283368238	6.04737217904628	10.181308665141	0.200633460051982
BA_only	hippocampus	AA	psi	chr1_47983692_47983870	chr1	47983692	47983870	2	2	0	0	0.7275433646076	0.997543272146997	0.300106623998789	-0.300106623998789	178	360	Genic/other	1	Heritable	0.134012762794357	0.891314862728542	0.0121018478230477	112719	0	0	1.34012762794357	5.18178355029209	5.88887795833288	11.6326621465726	-1.20361742081951
BA_only	hippocampus	AA	psi	chr1_49938524_49939723	chr1	49938524	49939723	60	60	0	0	0.0299526568349989	0.976741514025636	2.92650928598255	-2.92650928598255	1199	144	Genic/other	0	Non-heritable	0.0444951882964189	0.497863412465853	0.0123588215613188	108000	0	0	0.444951882964189	7.08924315502751	4.97673374242057	11.5898957653227	1.07381034622882
BA_only	hippocampus	AA	psi	chr1_50677843_50679081	chr1	50677843	50679081	1	1	0	0	0.166867939915349	0.991064867102684	1.27361314239984	1.27361314239984	1238	142	Genic/other	0	Heritable	0.105870889528646	0.567152917994294	0.0111518718260175	202378	0	0	1.05870889528646	7.12125245324454	4.96284463025991	12.2178974560718	0.24185786300177
BA_only	hippocampus	AA	psi	chr1_5073540_5073805	chr1	5073540	5073805	1	1	0	0	0.42740453826062	0.994840206451052	0.028726778529335	0.028726778529335	265	689	Intergenic	0	Non-heritable	0.062106401092632	0.939073964603604	0.0110560939584962	109579	0	0	0.62106401092632	5.57972982598622	6.53669159759131	11.6044101550924	-3.54992519332715
BA_only	hippocampus	AA	psi	chr1_50952107_50952369	chr1	50952107	50952369	12	12	0	0	0.228277230033897	0.991497141402577	0.97903609451211	0.97903609451211	262	121	Genic/other	0	Non-heritable	0.0639378082201223	0.577951944914949	0.0125968712269737	24420	0	0	0.639378082201223	5.5683445037611	4.80402104473326	10.1031986968672	-0.0211867581611488
BA_only	hippocampus	AA	psi	chr1_50976125_50976511	chr1	50976125	50976511	12	12	0	0	0.353097359819797	0.993907636149293	0.522370269619571	0.522370269619571	386	131	Enhancer	1	Non-heritable	0.0984785211254329	0.69412946197359	0.0119790613155899	278	0	0	0.984785211254329	5.95583736946483	4.88280192258637	5.63121178182137	-0.649378594637617
BA_only	hippocampus	AA	psi	chr1_51205015_51207637	chr1	51205015	51207637	28	28	0	0	0.0125773948994166	0.961461717209863	1.29731532987736	-1.29731532987736	2622	142	Genic/other	0	Heritable	0.126254969347234	0.637972073286238	0.0184321871702892	29241	0	0	1.26254969347234	7.87169266432365	4.96284463025991	10.2833613109774	0.260297005989085
BA_only	hippocampus	AA	psi	chr1_51233002_51233644	chr1	51233002	51233644	23	23	0	0	0.00940823810609452	0.939841915020693	1.60772734764189	-1.60772734764189	642	139	Genic/other	1	Heritable	0.104186094644825	0.68599137430333	0.0127865771291712	3234	0	0	1.04186094644825	6.46458830368996	4.9416424226093	8.081784206935	0.474821602675628
BA_only	hippocampus	AA	psi	chr1_51291221_51292059	chr1	51291221	51292059	53	53	0	0	0.0668154708993579	0.985907779499035	7.62279749157132	7.62279749157132	838	151	Genic/other	0	Non-heritable	0.0740109421782862	0.718515395657156	0.0114619616511985	4110	0	0	0.740109421782862	6.73101810048208	5.02388052084628	8.32142158689788	2.03114342851469
BA_only	hippocampus	AA	psi	chr1_5159284_5159914	chr1	5159284	5159914	1	1	0	0	0.832564931992933	0.998349274136359	0.00655148696297434	0.00655148696297434	630	737	Intergenic	0	Heritable	0.10148501643281	0.958211300814004	0.013822421826164	195323	0	0	1.0148501643281	6.44571981938558	6.60394382460047	12.1824149971795	-5.02806171148162
BA_only	hippocampus	AA	psi	chr1_51730447_51730609	chr1	51730447	51730609	110	110	0	0	0.0130763313355719	0.964283399649536	3.52357648626783	-3.52357648626783	162	164	Genic/other	1	Heritable	0.116259868362851	0.775593165622418	0.0100930087339215	0	0	0	1.16259868362851	5.08759633523238	5.10594547390058	0	1.25947652385659
BA_only	hippocampus	AA	psi	chr1_52030768_52031447	chr1	52030768	52031447	10	10	0	0	0.127036285899904	0.991064867102684	0.961830807107233	-0.961830807107233	679	149	Genic/other	2	Non-heritable	0.0893709740840999	0.716197670121532	0.015501771259438	9841	0	0	0.893709740840999	6.5206211275587	5.01063529409626	9.19441422142592	-0.0389167095755295
BA_only	hippocampus	AA	psi	chr1_52041281_52041900	chr1	52041281	52041900	9	9	0	0	0.136604250325635	0.991064867102684	1.27174023726734	-1.27174023726734	619	140	Genic/other	0	Heritable	0.187750876116277	0.76349159765331	0.012189144117261	20354	0	0	1.87750876116277	6.4281052726846	4.94875989037817	9.92108186093708	0.240386235941452
BA_only	hippocampus	AA	psi	chr1_52108950_52110818	chr1	52108950	52110818	11	11	0	0	0.140829581950517	0.991064867102684	0.711128862749424	-0.711128862749424	1868	146	Intergenic	0	Heritable	0.101406353723535	0.630250609598086	0.0221300056240478	22837	0	0	1.01406353723535	7.53262361878879	4.99043258677874	10.0361810942616	-0.340901609978643
BA_only	hippocampus	AA	psi	chr1_52136674_52137013	chr1	52136674	52137013	11	11	0	0	0.119284309154531	0.99090322242539	2.27167879578095	-2.27167879578095	339	148	Intergenic	0	Non-heritable	0.0675109933103018	0.588408881480968	0.0136765853912495	5389	0	0	0.675109933103018	5.82600010738045	5.00394630594546	8.59230066390304	0.820519120170122
BA_only	hippocampus	AA	psi	chr1_52256210_52256534	chr1	52256210	52256534	17	17	0	0	0.0210624198123506	0.975932065139872	1.87690635367491	-1.87690635367491	324	194	Genic/other	0	Non-heritable	0.099071452220925	0.735046268344449	0.0115966115445665	7337	0	0	0.99071452220925	5.78074351579233	5.27299955856375	8.90082160491523	0.62962487019854
BA_only	hippocampus	AA	psi	chr1_52442966_52443721	chr1	52442966	52443721	21	21	0	0	0.00872534825548383	0.933559278800072	2.88432934101099	2.88432934101099	755	186	Genic/other	0	Non-heritable	0.0911476833993998	0.753576497658558	0.0135590412963419	4745	0	0	0.911476833993998	6.62671774924903	5.23110861685459	8.46505743699571	1.05929241228213
BA_only	hippocampus	AA	psi	chr1_52721000_52721482	chr1	52721000	52721482	40	40	0	0	0.075519318665797	0.987023137100836	1.36877033053122	-1.36877033053122	482	248	Intergenic	0	Non-heritable	0.0824035425631651	0.816214163683526	0.0170886170590992	22778	0	0	0.824035425631651	6.1779441140506	5.51745289646471	10.0335943378813	0.313912775134334
BA_only	hippocampus	AA	psi	chr1_52753626_52753875	chr1	52753626	52753875	40	40	0	0	0.099754896611255	0.990400450319684	1.60919659407903	-1.60919659407903	249	244	Promoter	0	Heritable	0.178306300932148	0.781668317631876	0.0107789538945384	48263	0	0	1.78306300932148	5.51745289646471	5.50125821054473	10.7844412201206	0.475735050774982
BA_only	hippocampus	AA	psi	chr1_5294996_5295361	chr1	5294996	5295361	3	3	0	0	0.710490940025019	0.997543272146997	0.191327521464008	0.191327521464008	365	757	Intergenic	0	Non-heritable	0.0973916735540655	0.964162930026503	0.0112163145304078	183479	0	0	0.973916735540655	5.89989735358249	6.63068338564237	12.1198609487111	-1.65376849514929
BA_only	hippocampus	AA	psi	chr1_53784250_53784777	chr1	53784250	53784777	29	29	0	0	0.051352938147134	0.984153364580922	2.17009719447091	-2.17009719447091	527	428	Genic/other	0	Non-heritable	0.0916878820167591	0.881606300153935	0.0101498138554466	47813	0	0	0.916878820167591	6.26720054854136	6.06145691892802	10.7750737626258	0.774771961236172
BA_only	hippocampus	AA	psi	chr1_53976998_53977601	chr1	53976998	53977601	39	39	0	0	0.0191334744906939	0.972945667390563	1.97519790881922	1.97519790881922	603	438	Promoter	0	Non-heritable	0.077777048030075	0.917001594051605	0.011938485637481	25011	0	0	0.77777048030075	6.40191719672719	6.08449941307517	10.1271109886872	0.680668605392557
BA_only	hippocampus	AA	psi	chr1_54213700_54214666	chr1	54213700	54214666	17	17	0	0	0.0224306863842482	0.975932065139872	1.9143822080927	-1.9143822080927	966	481	Genic/other	0	Heritable	0.107939160112536	0.89858675239053	0.0138788145481073	1677	0	0	1.07939160112536	6.87316383421252	6.1779441140506	7.42535788702715	0.649394969067373
BA_only	hippocampus	AA	psi	chr1_54308461_54308686	chr1	54308461	54308686	16	16	0	0	0.026524058467004	0.975932065139872	2.2235088325474	-2.2235088325474	225	482	Genic/other	0	Non-heritable	0.0762081008273902	0.89740843517119	0.0122071466899792	0	0	0	0.762081008273902	5.41610040220442	6.18001665365257	0	0.799086507820342
BA_only	hippocampus	AA	psi	chr1_54470707_54471099	chr1	54470707	54471099	15	15	0	0	0.0242111165272903	0.975932065139872	2.87743389774157	-2.87743389774157	392	496	Intergenic	1	Heritable	0.126159784689844	0.925977266369925	0.0106956669981913	43415	0	0	1.26159784689844	5.97126183979046	6.20859002609663	10.6785833157432	1.05689889271122
BA_only	hippocampus	AA	psi	chr1_56702240_56702374	chr1	56702240	56702374	17	17	0	0	0.0626732853497219	0.985907779499035	1.05470171403358	-1.05470171403358	134	478	Genic/other	0	Non-heritable	0.0595345887103842	0.926192650769242	0.0132160644178804	24208	0	0	0.595345887103842	4.89783979995091	6.17170059741092	10.0944797438333	0.0532580009189683
BA_only	hippocampus	AA	psi	chr1_6110840_6111482	chr1	6110840	6111482	163	163	0	0	0.0126747006557324	0.961717006536833	1.81046289307157	1.81046289307157	642	613	Genic/other	0	Heritable	0.121147569812162	0.949389882038838	0.0180587383541928	12354	0	0	1.21147569812162	6.46458830368996	6.41999492814714	9.42181611842271	0.593582560133257
BA_only	hippocampus	AA	psi	chr1_6114209_6115108	chr1	6114209	6115108	162	162	0	0	0.0131374834015832	0.964283399649536	2.06189140503802	-2.06189140503802	899	621	Genic/other	0	Non-heritable	0.0950893736096482	0.957697124888297	0.01343105106985	13960	0	0	0.950893736096482	6.80128303447162	6.43294009273918	9.54402300698865	0.723623724187822
BA_only	hippocampus	AA	psi	chr1_6123029_6123720	chr1	6123029	6123720	161	161	0	0	0.0245632429615612	0.975932065139872	2.48404766235615	2.48404766235615	691	598	Genic/other	1	Heritable	0.112674932497608	0.955705870002196	0.0167037139252679	5348	0	0	1.12674932497608	6.53813982376767	6.39526159811545	8.58466490653125	0.909889355656859
BA_only	hippocampus	AA	psi	chr1_61503213_61503999	chr1	61503213	61503999	29	29	0	0	0.0180690659880067	0.971452676751561	2.84291365424445	-2.84291365424445	786	479	Genic/other	0	Heritable	0.110592017562519	0.907562303856788	0.0112584616410285	47909	0	0	1.10592017562519	6.66695679242921	6.17378610390194	10.7770795298772	1.04482946437252
BA_only	hippocampus	AA	psi	chr1_6158653_6159302	chr1	6158653	6159302	160	160	0	0	0.00899571046502281	0.937974720665503	2.01788058926075	2.01788058926075	649	570	Genic/other	0	Heritable	0.134023181002811	0.952903269369619	0.0165294995823002	28448	0	0	1.34023181002811	6.47543271670409	6.34738920965601	10.2558682895518	0.702047752322035
BA_only	hippocampus	AA	psi	chr1_61773718_61775026	chr1	61773718	61775026	13	13	0	0	0.0299528665572519	0.976741514025636	2.68707398706121	-2.68707398706121	1308	533	Genic/other	0	Heritable	0.140477801117491	0.94284844878767	0.0117918871474547	48797	0	0	1.40477801117491	7.17625453201714	6.2803958389602	10.7954446073948	0.988452868167902
BA_only	hippocampus	AA	psi	chr1_6190288_6191723	chr1	6190288	6191723	162	162	0	0	0.004065210607834	0.880626276698998	1.76501907773589	-1.76501907773589	1435	539	Genic/other	0	Non-heritable	0.082015250077863	0.94102823656591	0.0189588142645862	6032	0	0	0.82015250077863	7.26892012819372	6.29156913955832	8.70499967844076	0.568161504908024
BA_only	hippocampus	AA	psi	chr1_61933917_61934360	chr1	61933917	61934360	14	14	0	0	0.0327781581354641	0.978956589179054	2.33198204319404	-2.33198204319404	443	557	Genic/other	0	Non-heritable	0.0685880858804365	0.9295951692861	0.0105143376206297	58673	0	0	0.685880858804365	6.09356977004514	6.32435896238131	10.9797519775403	0.846718572572715
BA_only	hippocampus	AA	psi	chr1_6202905_6203811	chr1	6202905	6203811	164	164	0	0	0.00935916267325262	0.939841915020693	3.04632337876929	3.04632337876929	906	529	Promoter	2	Heritable	0.10955970090209	0.938157861689268	0.0139859794186334	0	0	0	1.0955970090209	6.80903930604298	6.27287700654617	0	1.11393541717937
BA_only	hippocampus	AA	psi	chr1_6214851_6215323	chr1	6214851	6215323	167	167	0	0	0.0232783199339889	0.975932065139872	2.82841933821346	2.82841933821346	472	519	Genic/other	0	Non-heritable	0.0978994367219708	0.948035921423294	0.0114153386726136	1784	0	0	0.978994367219708	6.15697898558556	6.25382881157547	7.48717369421374	1.03971802141662
BA_only	hippocampus	AA	psi	chr1_62214674_62215297	chr1	62214674	62215297	4	4	0	0	0.403558357335653	0.99461028164865	1.13730156419214	-1.13730156419214	623	463	Intergenic	0	Non-heritable	0.0365365830858334	0.848273312210452	0.0139117980076705	36250	0	0	0.365365830858334	6.43454651878745	6.13988455222626	10.4982222461092	0.128658416355849
BA_only	hippocampus	AA	psi	chr1_62217039_62217813	chr1	62217039	62217813	4	4	0	0	0.272590060693742	0.993437465767387	1.75158965393257	-1.75158965393257	774	459	Intergenic	0	Non-heritable	0.0507127582165375	0.848086744097861	0.0154968959009451	38615	0	0	0.507127582165375	6.65157187358973	6.13122648948314	10.5614219773403	0.560523754998585
BA_only	hippocampus	AA	psi	chr1_62224558_62225205	chr1	62224558	62225205	4	4	0	0	0.212320268514731	0.991260076228469	1.95803887544769	-1.95803887544769	647	443	Intergenic	0	Non-heritable	0.0334958395100854	0.786663861828129	0.0129836956054738	46134	0	0	0.334958395100854	6.4723462945009	6.09582456243223	10.7393271600127	0.671943403690324
BA_only	hippocampus	AA	psi	chr1_62364181_62364581	chr1	62364181	62364581	9	9	0	0	0.312436461350826	0.993663620961428	2.02577950691362	-2.02577950691362	400	408	Intergenic	0	Non-heritable	0.0805970980034516	0.801514906888864	0.0107168998807803	71885	0	0	0.805970980034516	5.99146454710798	6.0137151560428	11.182836809868	0.705954573109569
BA_only	hippocampus	AA	psi	chr1_6323228_6323538	chr1	6323228	6323538	82	82	0	0	0.0102525494409154	0.944902218841749	4.35281734864491	-4.35281734864491	310	477	Genic/other	0	Heritable	0.14756291513174	0.936318187297726	0.0108909162681575	26327	0	0	1.4756291513174	5.73657229747919	6.16961073249146	10.1783882906232	1.47082330410777
BA_only	hippocampus	AA	psi	chr1_63299773_63300593	chr1	63299773	63300593	266	266	0	0	0.00595833384333328	0.918414150018684	2.74011183594032	2.74011183594032	820	454	Genic/other	0	Heritable	0.129381370280052	0.918692028118435	0.0151310387205377	0	0	0	1.29381370280052	6.7093043402583	6.12029741895095	0	1.00799873925313
BA_only	hippocampus	AA	psi	chr1_6334801_6335479	chr1	6334801	6335479	86	86	0	0	0.0132119543328328	0.964283399649536	3.03078767730003	-3.03078767730003	678	474	Genic/other	0	Heritable	0.148344678703452	0.936279760741246	0.0186426719752336	14386	0	0	1.48344678703452	6.5191472879404	6.16331480403464	9.57408030003703	1.10882254854209
BA_only	hippocampus	AA	psi	chr1_63594663_63594853	chr1	63594663	63594853	21	21	0	0	0.0156674378979891	0.967647585703613	1.04078907001028	1.04078907001028	190	365	Promoter	1	Non-heritable	0.0774113520335751	0.891544814441577	0.0115085236448858	23641	0	0	0.774113520335751	5.24702407216049	5.90263333340137	10.0707800703103	0.0399791562417097
BA_only	hippocampus	AA	psi	chr1_6363197_6363371	chr1	6363197	6363371	82	82	0	0	0.00558127698434366	0.914301706404424	2.8791253433071	-2.8791253433071	174	438	Genic/other	0	Heritable	0.167658791901325	0.930338495494494	0.00922829311399331	0	0	0	1.67658791901325	5.15905529921453	6.08449941307517	0	1.05748655125428
BA_only	hippocampus	AA	psi	chr1_6364155_6365399	chr1	6364155	6365399	82	82	0	0	0.00235230785966105	0.822334049093026	3.34245502687072	-3.34245502687072	1244	446	Genic/other	0	Non-heritable	0.0536178487220397	0.921085738742147	0.0137645997940668	0	0	0	0.536178487220397	7.12608727329913	6.10255859461357	0	1.20670557795755
BA_only	hippocampus	AA	psi	chr1_6375583_6376381	chr1	6375583	6376381	83	83	0	0	0.0121377262438162	0.957315147590704	3.23335231119703	-3.23335231119703	798	436	Genic/other	0	Heritable	0.121055955252357	0.926950030493735	0.0192260239231941	0	0	0	1.21055955252357	6.68210859744981	6.07993319509559	0	1.17351946935915
BA_only	hippocampus	AA	psi	chr1_6388567_6389035	chr1	6388567	6389035	88	88	0	0	0.00758088737696675	0.933559278800072	3.53753188220126	-3.53753188220126	468	430	Genic/other	1	Non-heritable	0.0998925938297983	0.92452021606932	0.0131156393933806	0	0	0	0.998925938297983	6.14846829591765	6.06610809010375	0	1.26342927839197
BA_only	hippocampus	AA	psi	chr1_6390250_6391612	chr1	6390250	6391612	88	88	0	0	0.0129631899423131	0.964283399649536	2.61483330851122	-2.61483330851122	1362	433	Genic/other	2	Heritable	0.11500278307132	0.925648101672992	0.0286276974855681	0	0	0	1.1500278307132	7.21670948670946	6.07304453410041	0	0.96120035495429
BA_only	hippocampus	AA	psi	chr1_6399915_6400080	chr1	6399915	6400080	92	92	0	0	0.0136820775415559	0.964283399649536	2.64200537139146	-2.64200537139146	165	434	Intergenic	0	Heritable	0.132161293524631	0.935281513468158	0.0101972255593506	6657	0	0	1.32161293524631	5.10594547390058	6.07534603108868	8.80357441813497	0.971538242960837
BA_only	hippocampus	AA	psi	chr1_6442446_6443305	chr1	6442446	6443305	94	94	0	0	0.00631772112544655	0.920376068783091	2.71783158589671	-2.71783158589671	859	435	Genic/other	2	Heritable	0.13809045398787	0.934166781978155	0.025129703188895	1786	0	0	1.3809045398787	6.75576892198426	6.07764224334903	7.48829351515943	0.999834354978192
BA_only	hippocampus	AA	psi	chr1_6458082_6459392	chr1	6458082	6459392	94	94	0	0	0.0110039983066451	0.947112350079702	2.00276385250818	-2.00276385250818	1310	436	Genic/other	2	Heritable	0.142381500432885	0.934198535463186	0.0292591664213105	897	0	0	1.42381500432885	7.1777824161952	6.07993319509559	6.8001700683022	0.694528157825836
BA_only	hippocampus	AA	psi	chr1_6481445_6482023	chr1	6481445	6482023	95	95	0	0	0.0110787113513851	0.948447257389615	2.95414163470879	-2.95414163470879	578	443	Genic/other	1	Heritable	0.141408758459277	0.93518746222164	0.0115437521569408	0	0	0	1.41408758459277	6.35957386867238	6.09582456243223	0	1.083208133098
BA_only	hippocampus	AA	psi	chr1_64957532_64958308	chr1	64957532	64958308	44	44	0	0	0.0125673413667425	0.961461717209863	4.1153553524046	4.1153553524046	776	376	Genic/other	0	Heritable	0.11355352602445	0.907005542116836	0.0132939724018983	0	0	0	1.1355352602445	6.65415252018322	5.93224518744801	0	1.41472518821441
BA_only	hippocampus	AA	psi	chr1_65034141_65034829	chr1	65034141	65034829	44	44	0	0	0.00868431725654904	0.933559278800072	7.55834014404222	7.55834014404222	688	345	Genic/other	0	Heritable	0.157086158260724	0.898150280894324	0.0129055478085492	0	0	0	1.57086158260724	6.53378883793334	5.84643877505773	0	2.0226516097418
BA_only	hippocampus	AA	psi	chr1_6522347_6523307	chr1	6522347	6523307	82	82	0	0	0.00880117365697866	0.934101276321172	3.49228714851969	-3.49228714851969	960	438	Genic/other	0	Heritable	0.111946932855884	0.917704774816969	0.0186461051308832	2901	0	0	1.11946932855884	6.86693328446188	6.08449941307517	7.97315543344413	1.25055686784945
BA_only	hippocampus	AA	psi	chr1_65255727_65256260	chr1	65255727	65256260	15	15	0	0	0.042647840496147	0.980549382116533	1.33893942968143	1.33893942968143	533	304	Genic/other	1	Heritable	0.16666603587878	0.881888630945375	0.0125638150585797	0	0	0	1.6666603587878	6.27852142416584	5.72031177660741	0	0.291877837666375
BA_only	hippocampus	AA	psi	chr1_6529857_6530408	chr1	6529857	6530408	82	82	0	0	0.00755830005189267	0.933559278800072	3.46292073065096	-3.46292073065096	551	444	Genic/other	0	Non-heritable	0.0632290218632593	0.927016843663553	0.014963465297465	10411	0	0	0.632290218632593	6.31173480915292	6.09807428216624	9.25071426611446	1.24211237767669
BA_only	hippocampus	AA	psi	chr1_6538333_6539374	chr1	6538333	6539374	85	85	0	0	0.0145721604591156	0.966089857218066	3.83012233604008	-3.83012233604008	1041	432	Genic/other	0	Non-heritable	0.0709691702689652	0.924773261511888	0.0202800162632405	10323	0	0	0.709691702689652	6.94793706861497	6.07073772800249	9.24222656083851	1.34289674681814
BA_only	hippocampus	AA	psi	chr1_65549458_65550736	chr1	65549458	65550736	9	9	0	0	0.0200772452734509	0.975813476900289	1.00727088883297	-1.00727088883297	1278	313	Genic/other	0	Heritable	0.382915821165903	0.882241020224647	0.0110571639619007	72244	0	0	3.82915821165903	7.15305163493748	5.74939298590825	11.1878183994277	0.00724459328109343
BA_only	hippocampus	AA	psi	chr1_6576813_6578067	chr1	6576813	6578067	96	96	0	0	0.0105433556561899	0.944902218841749	2.91537513651539	-2.91537513651539	1254	433	Genic/other	2	Heritable	0.148832360548709	0.926937474858134	0.0257272341971999	0	0	0	1.48832360548709	7.13409372119287	6.07304453410041	0	1.06999850672447
BA_only	hippocampus	AA	psi	chr1_6582793_6583843	chr1	6582793	6583843	96	96	0	0	0.00601436245642434	0.919417785088414	3.17969793558342	-3.17969793558342	1050	407	Genic/other	1	Heritable	0.12755519545417	0.92066851747848	0.0139902792695952	734	0	0	1.2755519545417	6.95654544315157	6.01126717440416	6.59987049921284	1.15678620661507
BA_only	hippocampus	AA	psi	chr1_6612183_6612386	chr1	6612183	6612386	95	95	0	0	0.0193878626263564	0.973353388707841	5.34931358182345	-5.34931358182345	203	429	Genic/other	1	Heritable	0.173096701583549	0.925449072542588	0.0116661135766498	0	0	0	1.73096701583549	5.31320597904179	6.06378520868761	0	1.67696825208294
BA_only	hippocampus	AA	psi	chr1_6615999_6616325	chr1	6615999	6616325	95	95	0	0	0.013864733501756	0.964441318501853	3.02627809023475	3.02627809023475	326	421	Genic/other	1	Non-heritable	0.0896567355237249	0.907690154162231	0.013534170624823	1548	0	0	0.896567355237249	5.78689738136671	6.04500531403601	7.34536484041687	1.10733351472384
BA_only	hippocampus	AA	psi	chr1_6659618_6660012	chr1	6659618	6660012	95	95	0	0	0.00718586954697302	0.931602204679102	3.49875330927838	-3.49875330927838	394	399	Genic/other	0	Heritable	0.104530231446281	0.894508134144878	0.0116969875453042	0	0	0	1.04530231446281	5.97635090929793	5.99146454710798	0	1.25240671055115
BA_only	hippocampus	AA	psi	chr1_6669007_6669611	chr1	6669007	6669611	95	95	0	0	0.0136820636196637	0.964283399649536	3.13570772203449	-3.13570772203449	604	395	Promoter	0	Heritable	0.116567087527587	0.89804085153488	0.0189927023488493	0	0	0	1.16567087527587	6.40357419793482	5.98141421125448	0	1.1428549004519
BA_only	hippocampus	AA	psi	chr1_6671273_6671767	chr1	6671273	6671767	93	93	0	0	0.00781661551994371	0.933559278800072	2.83350031680067	2.83350031680067	494	406	Genic/other	0	Non-heritable	0.0661057158055249	0.869846576452108	0.0110303237308819	0	0	0	0.661057158055249	6.20253551718792	6.0088131854426	0	1.04151281196216
BA_only	hippocampus	AA	psi	chr1_6703505_6704288	chr1	6703505	6704288	90	90	0	0	0.0120848899449135	0.95629185250073	3.8579894036422	-3.8579894036422	783	413	Genic/other	2	Heritable	0.155831338605168	0.903360376690542	0.0157319701903435	1775	0	0	1.55831338605168	6.6631326959908	6.02586597382531	7.48211892355212	1.35014617047827
BA_only	hippocampus	AA	psi	chr1_6709932_6710171	chr1	6709932	6710171	90	90	0	0	0.0103417973879405	0.944902218841749	3.41967584747344	3.41967584747344	239	407	Intergenic	0	Non-heritable	0.0720141467227799	0.892663795845828	0.0103529397242119	8202	0	0	0.720141467227799	5.47646355193151	6.01126717440416	9.01225522000275	1.22954576806621
BA_only	hippocampus	AA	psi	chr1_6712996_6713451	chr1	6712996	6713451	90	90	0	0	0.0102015499736423	0.944902218841749	4.56827075285584	-4.56827075285584	455	407	Intergenic	0	Heritable	0.117536374310794	0.883472891863086	0.0113694894628492	11266	0	0	1.17536374310794	6.12029741895095	6.01126717440416	9.32963337816417	1.51913474442717
BA_only	hippocampus	AA	psi	chr1_67305427_67305677	chr1	67305427	67305677	66	66	0	0	0.0357675628946291	0.980494018606455	2.08309128196779	-2.08309128196779	250	379	Genic/other	0	Heritable	0.114653110132493	0.882572075654092	0.0107203446792217	2289	0	0	1.14653110132493	5.52146091786225	5.94017125272043	7.73630709654829	0.733852988475337
BA_only	hippocampus	AA	psi	chr1_67363136_67365523	chr1	67363136	67365523	82	82	0	0	0.0177597957064314	0.970931943606436	3.8919001342922	3.8919001342922	2387	369	Genic/other	0	Heritable	0.123823410639597	0.890392294851189	0.010842646384431	14599	0	0	1.23823410639597	7.77779262633883	5.91350300563827	9.58877680769643	1.35889750733794
BA_only	hippocampus	AA	psi	chr1_6738660_6739567	chr1	6738660	6739567	80	80	0	0	0.00767235397941643	0.933559278800072	1.29194275892203	1.29194275892203	907	394	Intergenic	0	Non-heritable	0.0541105735267251	0.899945416582946	0.0235983007310217	8939	0	0	0.541105735267251	6.81014245011514	5.97888576490112	9.09829086816756	0.256147107879314
BA_only	hippocampus	AA	psi	chr1_6759274_6759903	chr1	6759274	6759903	57	57	0	0	0.0124220359398436	0.960474211630298	1.34112623873005	1.34112623873005	629	396	Intergenic	0	Heritable	0.128505748333011	0.831312183252004	0.0123762771008907	24141	0	0	1.28505748333011	6.44413125670044	5.98393628068719	10.0917083412611	0.293509745080724
BA_only	hippocampus	AA	psi	chr1_67658561_67660011	chr1	67658561	67660011	68	68	0	0	0.0220316500799548	0.975932065139872	3.27287002742339	3.27287002742339	1450	411	Genic/other	0	Non-heritable	0.0940371582792562	0.901163619068844	0.012093018078228	25526	0	0	0.940371582792562	7.27931883541462	6.02102334934953	10.1474919945177	1.18566728725234
BA_only	hippocampus	AA	psi	chr1_6769739_6770258	chr1	6769739	6770258	54	54	0	0	0.0157024299338651	0.967716068030647	1.37039174962364	1.37039174962364	519	395	Intergenic	0	Heritable	0.120809681799693	0.828800199515096	0.0178813201126059	13786	0	0	1.20809681799693	6.25190388316589	5.98141421125448	9.53148139817163	0.315096654892094
BA_only	hippocampus	AA	psi	chr1_6839153_6840194	chr1	6839153	6840194	47	47	0	0	0.00690938205007151	0.928872608627617	1.31799634589642	1.31799634589642	1041	416	Genic/other	0	Non-heritable	0.063868894480287	0.824598431009033	0.0131876483745998	0	0	0	0.63868894480287	6.94793706861497	6.0330862217988	0	0.27611267120276
BA_only	hippocampus	AA	psi	chr1_7030903_7031731	chr1	7030903	7031731	19	19	0	0	0.0509564025161279	0.984153364580922	0.996105857691559	-0.996105857691559	828	446	Genic/other	0	Non-heritable	0.0602424549915422	0.846452733926664	0.0117189585815586	0	0	0	0.602424549915422	6.71901315438526	6.10255859461357	0	-0.0039017341832138
BA_only	hippocampus	AA	psi	chr1_70480674_70482871	chr1	70480674	70482871	23	23	0	0	0.043198218091507	0.980549382116533	1.57455115039343	-1.57455115039343	2197	297	Intergenic	0	Non-heritable	0.0891995225587175	0.855704875681265	0.0138455207035525	13364	0	0	0.891995225587175	7.69484807238461	5.69709348650541	9.50039462857302	0.453970254135803
BA_only	hippocampus	AA	psi	chr1_72324264_72324382	chr1	72324264	72324382	19	19	0	0	0.0289727408336266	0.975932065139872	0.266887420830323	-0.266887420830323	118	214	Genic/other	0	Heritable	0.271950373490759	0.76853462780356	0.042314985972266	0	0	0	2.71950373490759	4.77068462446567	5.37063802812766	0	-1.32092831686033
BA_only	hippocampus	AA	psi	chr1_72334743_72334842	chr1	72334743	72334842	19	19	0	0	0.0244897657481874	0.975932065139872	0.541131250019738	0.541131250019738	99	209	Genic/other	0	Heritable	0.384739309772358	0.759411805656875	0.0265678628883529	0	0	0	3.84739309772358	4.59511985013459	5.34710753071747	0	-0.614093404758863
BA_only	hippocampus	AA	psi	chr1_7261998_7262817	chr1	7261998	7262817	6	6	0	0	0.119028493994467	0.99090322242539	1.40156225457036	-1.40156225457036	819	548	Genic/other	0	Non-heritable	0.0346451160929316	0.889163558153805	0.012094533349821	50133	0	0	0.346451160929316	6.70808408385307	6.30809844150953	10.8224546996137	0.33758751772851
BA_only	hippocampus	AA	psi	chr1_75125068_75127265	chr1	75125068	75127265	3	3	0	0	0.241136301824906	0.992215374758094	2.5484341710493	-2.5484341710493	2197	239	Enhancer	2	Non-heritable	0.0388842315465354	0.721669837869916	0.0159917894435488	99	0	0	0.388842315465354	7.69484807238461	5.48063892334199	4.60517018598809	0.935479123919147
BA_only	hippocampus	AA	psi	chr1_7665689_7666419	chr1	7665689	7666419	26	26	0	0	0.0206520151275999	0.975856666808667	2.49388762230711	2.49388762230711	730	593	Genic/other	1	Non-heritable	0.0935949049162811	0.939231734415713	0.018330197094264	0	0	0	0.935949049162811	6.59304453414244	6.38687931936265	0	0.913842791033169
BA_only	hippocampus	AA	psi	chr1_7758883_7759295	chr1	7758883	7759295	29	29	0	0	0.0018796498559759	0.801360789073658	2.86972622444686	2.86972622444686	412	599	Genic/other	0	Non-heritable	0.0732406293637334	0.960411786220531	0.0127789304645746	0	0	0	0.732406293637334	6.02102334934953	6.39692965521615	0	1.05421663652727
BA_only	hippocampus	AA	psi	chr1_77663896_77664475	chr1	77663896	77664475	19	19	0	0	0.0199381232959881	0.975252844975301	1.9556764790482	1.9556764790482	579	224	Genic/other	0	Heritable	0.118332642459542	0.660935943765497	0.0119357101776174	0	0	0	1.18332642459542	6.361302477573	5.41610040220442	0	0.670736163786368
BA_only	hippocampus	AA	psi	chr1_77734817_77735071	chr1	77734817	77735071	33	33	0	0	0.0344442708248265	0.980326001866796	1.19120351362573	-1.19120351362573	254	223	Genic/other	0	Non-heritable	0.0954372018590884	0.769761607433634	0.0114183279766698	5862	0	0	0.954372018590884	5.53733426701854	5.41164605185504	8.67641669696422	0.174964160430408
BA_only	hippocampus	AA	psi	chr1_77760813_77761864	chr1	77760813	77761864	35	35	0	0	0.00795618082390483	0.933559278800072	0.94554436771094	-0.94554436771094	1051	236	Promoter	1	Non-heritable	0.0916826676822845	0.78912781253986	0.0126835835499081	1111	0	0	0.916826676822845	6.95749737087695	5.46806014113513	7.01391547481053	-0.0559944562781008
BA_only	hippocampus	AA	psi	chr1_77878131_77878348	chr1	77878131	77878348	33	33	0	0	0.060668751443709	0.98577631996496	1.55479858399036	1.55479858399036	217	226	Genic/other	0	Non-heritable	0.0766736199799939	0.7629501290964	0.0148511772987171	0	0	0	0.766736199799939	5.37989735354046	5.4249500174814	0	0.44134601569295
BA_only	hippocampus	AA	psi	chr1_779478_779661	chr1	779478	779661	619	619	0	0	0.00203031056281869	0.808642696018039	3.7507768668225	3.7507768668225	183	125	Promoter	1	Non-heritable	0.0192635156290134	0.489666934186229	0.0125099500696293	0	0	0	0.192635156290134	5.20948615284142	4.83628190695148	0	1.32196298567883
BA_only	hippocampus	AA	psi	chr1_7807998_7808147	chr1	7807998	7808147	36	36	0	0	0.00141781942560831	0.760354180375728	4.16561714143947	4.16561714143947	149	587	Genic/other	0	Non-heritable	0.0323710536818779	0.949529102741402	0.0126156495694793	0	0	0	0.323710536818779	5.00394630594546	6.37672694789863	0	1.4268644402576
BA_only	hippocampus	AA	psi	chr1_7812236_7812669	chr1	7812236	7812669	36	36	0	0	0.00932947447199452	0.939841915020693	3.85553075790276	3.85553075790276	433	605	Genic/other	0	Non-heritable	0.0886027537882452	0.956877111339511	0.0127957939118259	0	0	0	0.886027537882452	6.07073772800249	6.40687998606931	0	1.34950868052172
BA_only	hippocampus	AA	psi	chr1_7823005_7823818	chr1	7823005	7823818	36	36	0	0	0.0251853587990604	0.975932065139872	2.70637810209309	2.70637810209309	813	610	Genic/other	1	Non-heritable	0.0729407471578787	0.96678203651295	0.0189491132486041	3719	0	0	0.729407471578787	6.70073110954781	6.4150969591716	8.22147894726719	0.995611250989749
BA_only	hippocampus	AA	psi	chr1_7849277_7849904	chr1	7849277	7849904	61	61	0	0	0.000539048878723221	0.636701188207898	2.5482980422188	2.5482980422188	627	605	Genic/other	0	Non-heritable	0.0394442066990263	0.898185417319297	0.0221047991323028	3018	0	0	0.394442066990263	6.44094654063292	6.40687998606931	8.01268092970684	0.935425705837011
BA_only	hippocampus	AA	psi	chr1_7854083_7854466	chr1	7854083	7854466	61	61	0	0	0.000424205288256688	0.595949298354404	3.18729946176484	3.18729946176484	383	609	Promoter	0	Non-heritable	0.0650191196655309	0.949792081892915	0.013464481897364	775	0	0	0.650191196655309	5.94803498918065	6.41345895716736	6.65415252018322	1.1591739976867
BA_only	hippocampus	AA	psi	chr1_78650228_78651295	chr1	78650228	78651295	12	12	0	0	0.10810586520609	0.990865662167886	1.17064956358056	1.17064956358056	1067	310	Genic/other	0	Non-heritable	0.0851322359325439	0.774101241133702	0.00868323795032742	0	0	0	0.851322359325439	6.97260625130175	5.73979291217923	0	0.157558785842605
BA_only	hippocampus	AA	psi	chr1_789726_790331	chr1	789726	790331	619	619	0	0	0.00130300216567089	0.751221462279749	6.88137017006496	-6.88137017006496	605	123	Genic/other	0	Non-heritable	0.03713608979951	0.539813754626167	0.0124810140681582	0	0	0	0.3713608979951	6.40522845803084	4.82028156560504	0	1.92881778619592
BA_only	hippocampus	AA	psi	chr1_7971654_7971990	chr1	7971654	7971990	93	93	0	0	5.52683983126645e-05	0.286286598115581	3.30015775570642	3.30015775570642	336	545	Genic/other	0	Heritable	0.107224771114561	0.943523696230734	0.014117018397375	759	0	0	1.07224771114561	5.8171111599632	6.30261897574491	6.63331843328038	1.1939702751195
BA_only	hippocampus	AA	psi	chr1_7977152_7978517	chr1	7977152	7978517	93	93	0	0	0.00033636585225768	0.556148969961787	2.66573427860176	2.66573427860176	1365	537	Genic/other	0	Heritable	0.128228056902471	0.937508602569318	0.0240139115786783	0	0	0	1.28228056902471	7.21890970761906	6.28785856016178	0	0.98047955009845
BA_only	hippocampus	AA	psi	chr1_8130206_8131446	chr1	8130206	8131446	80	80	0	0	0.000329217236000003	0.555431472364846	2.58480502610761	2.58480502610761	1240	410	Intergenic	0	Non-heritable	0.0846894780059639	0.865011548501012	0.0155274001844407	0	0	0	0.846894780059639	7.12286665859908	6.01859321449623	0	0.949650083881101
BA_only	hippocampus	AA	psi	chr1_8160491_8160740	chr1	8160491	8160740	80	80	0	0	0.000181620851679612	0.470391918000419	7.42227500004377	7.42227500004377	249	383	Intergenic	0	Non-heritable	0.0827753850813069	0.913319627322307	0.0107129424860324	5151	0	0	0.827753850813069	5.51745289646471	5.95064255258773	8.54714026778419	2.00448561531274
BA_only	hippocampus	AA	psi	chr1_817185_817843	chr1	817185	817843	742	742	0	0	0.00174787960505413	0.793095751495605	4.35094136604822	4.35094136604822	658	129	Promoter	0	Non-heritable	0.050970711084612	0.459781391340361	0.0146894099192703	0	0	0	0.50970711084612	6.48920493132532	4.86753445045558	0	1.47039222997464
BA_only	hippocampus	AA	psi	chr1_8182792_8183873	chr1	8182792	8183873	81	81	0	0	0.000675389039837476	0.66356279177562	2.90012398367032	2.90012398367032	1081	362	Intergenic	0	Non-heritable	0.0744600995181423	0.890317811022769	0.0161742925528971	0	0	0	0.744600995181423	6.98564181763921	5.89440283426485	0	1.06475349251644
BA_only	hippocampus	AA	psi	chr1_8186689_8187917	chr1	8186689	8187917	80	80	0	0	0.000135833281873593	0.427037609173052	3.38455941870188	3.38455941870188	1228	360	Genic/other	0	Heritable	0.113362745853133	0.902322437553373	0.0146045972739632	0	0	0	1.13362745853133	7.11314210870709	5.88887795833288	0	1.21922374389107
BA_only	hippocampus	AA	psi	chr1_8204314_8205080	chr1	8204314	8205080	80	80	0	0	0.000115737153017539	0.413849507326493	2.69228565227696	2.69228565227696	766	359	Enhancer	0	Heritable	0.115835032647664	0.861293704982495	0.0143235876399224	0	0	0	1.15835032647664	6.64118216974059	5.88610403145016	0	0.990390521411556
BA_only	hippocampus	AA	psi	chr1_8233895_8234123	chr1	8233895	8234123	78	78	0	0	0.000278911268084005	0.524623844350021	3.65555697719872	3.65555697719872	228	345	Intergenic	0	Heritable	0.126701734459786	0.873436156170247	0.0140403575250156	18815	0	0	1.26701734459786	5.42934562895444	5.84643877505773	9.84246285069835	1.29624847206994
BA_only	hippocampus	AA	psi	chr1_8240722_8241369	chr1	8240722	8241369	77	77	0	0	0.00068019640107733	0.66356279177562	2.35074490003863	2.35074490003863	647	345	Intergenic	0	Non-heritable	0.0747085253420894	0.879753701370662	0.0175207901927421	16493	0	0	0.747085253420894	6.4723462945009	5.84643877505773	9.7107519573933	0.854732260922734
BA_only	hippocampus	AA	psi	chr1_8255204_8255824	chr1	8255204	8255824	78	78	0	0	0.000450610784738132	0.604162640906295	4.81085843150236	4.81085843150236	620	344	Intergenic	0	Heritable	0.112729858425172	0.897757935843041	0.0111482974345868	2038	0	0	1.12729858425172	6.42971947803914	5.84354441703136	7.62021477057446	1.57087553836058
BA_only	hippocampus	AA	psi	chr1_8305769_8306651	chr1	8305769	8306651	72	72	0	0	0.000194479200263528	0.48214617732071	1.88723567521598	-1.88723567521598	882	328	Intergenic	0	Non-heritable	0.0837417844552491	0.888326126054846	0.0168436949038592	11386	0	0	0.837417844552491	6.78219205600679	5.79605775076537	9.3402276328106	0.635113158012662
BA_only	hippocampus	AA	psi	chr1_8332393_8332806	chr1	8332393	8332806	73	73	0	0	0.000317371782228968	0.546468896011319	3.30423481913003	3.30423481913003	413	324	Genic/other	2	Heritable	0.165848848798553	0.883897832988116	0.0161476964913565	38010	0	0	1.65848848798553	6.02344759296103	5.78382518232974	10.5456308705033	1.19520492732498
BA_only	hippocampus	AA	psi	chr1_8340914_8341851	chr1	8340914	8341851	73	73	0	0	0.00021267981310117	0.491811708572313	3.08759388254577	3.08759388254577	937	332	Genic/other	2	Non-heritable	0.0861611333765909	0.883182652334447	0.0193015139749479	46531	0	0	0.861611333765909	6.84268328223842	5.80814248998044	10.7478955269367	1.12739211203284
BA_only	hippocampus	AA	psi	chr1_8403043_8403510	chr1	8403043	8403510	67	67	0	0	0.000151081496946175	0.438120483327961	2.78140595700872	2.78140595700872	467	309	Genic/other	0	Non-heritable	0.0615182524831389	0.815179205208641	0.0110841530849295	19296	0	0	0.615182524831389	6.1463292576689	5.73657229747919	9.86770492239636	1.02295654338571
BA_only	hippocampus	AA	psi	chr1_84652743_84653492	chr1	84652743	84653492	33	33	0	0	0.00326030840132862	0.857374229512349	3.23737922690877	3.23737922690877	749	421	Promoter	0	Non-heritable	0.0815601738724032	0.912701000083919	0.0137746453068858	0	0	0	0.815601738724032	6.61873898351722	6.04500531403601	0	1.17476412498902
BA_only	hippocampus	AA	psi	chr1_8608217_8610015	chr1	8608217	8610015	5	5	0	0	0.0303385527201375	0.976893291659941	0.710522261941974	-0.710522261941974	1798	476	Genic/other	0	Non-heritable	0.0745849258491696	0.932539635747257	0.0189666317042278	0	0	0	0.745849258491696	7.49443021503157	6.16751649088834	0	-0.341754985079178
BA_only	hippocampus	AA	psi	chr1_86842001_86842447	chr1	86842001	86842447	12	12	0	0	0.0473161168055824	0.982661996589092	1.14745195241794	1.14745195241794	446	301	Intergenic	0	Heritable	0.123252865710927	0.894105708143708	0.0121228906547398	16129	0	0	1.23252865710927	6.10031895202006	5.71042701737487	9.68843617111926	0.137543799259681
BA_only	hippocampus	AA	psi	chr1_870226_870562	chr1	870226	870562	752	752	0	0	0.00107482310045242	0.722686423005282	4.56250320340226	4.56250320340226	336	127	Promoter	2	Non-heritable	0.0706986289964011	0.594166646840162	0.0167666771850293	0	0	0	0.706986289964011	5.8171111599632	4.85203026391962	0	1.51787142321571
BA_only	hippocampus	AA	psi	chr1_8713508_8714460	chr1	8713508	8714460	16	16	0	0	0.0701736068314316	0.985907779499035	0.545672942371065	-0.545672942371065	952	441	Genic/other	0	Heritable	0.130338414111675	0.927726329622695	0.0168433217606812	89197	0	0	1.30338414111675	6.85856503479137	6.0913098820777	11.3986138967921	-0.605735471033794
BA_only	hippocampus	AA	psi	chr1_8760086_8760421	chr1	8760086	8760421	17	17	0	0	0.0266754753092004	0.975932065139872	0.59862010497207	0.59862010497207	335	432	Genic/other	0	Heritable	0.113372553940579	0.897759697385393	0.01250067085735	107635	0	0	1.13372553940579	5.81413053182507	6.07073772800249	11.5865104432436	-0.513128080766826
BA_only	hippocampus	AA	psi	chr1_8774510_8775337	chr1	8774510	8775337	17	17	0	0	0.0313336634041983	0.977060807838727	0.738622528961582	0.738622528961582	827	436	Genic/other	0	Heritable	0.148075500194804	0.917800006968703	0.0115412244708282	92719	0	0	1.48075500194804	6.71780469502369	6.07993319509559	11.4373394780136	-0.302968261240506
BA_only	hippocampus	AA	psi	chr1_87890902_87891180	chr1	87890902	87891180	45	45	0	0	0.00381421333684137	0.871592970243331	2.18484180011546	-2.18484180011546	278	428	Genic/other	0	Heritable	0.143120063039435	0.936522138221172	0.0102707845130799	0	0	0	1.43120063039435	5.62762111369064	6.06145691892802	0	0.781543427810189
BA_only	hippocampus	AA	psi	chr1_8792533_8793113	chr1	8792533	8793113	15	15	0	0	0.13804961321547	0.991064867102684	0.658033328756233	-0.658033328756233	580	448	Genic/other	0	Heritable	0.166536470391861	0.921880662623481	0.0165677450228436	74943	0	0	1.66536470391861	6.36302810354047	6.10702288774226	11.2244964469574	-0.418499682137553
BA_only	hippocampus	AA	psi	chr1_8818960_8819118	chr1	8818960	8819118	15	15	0	0	0.14694307405675	0.991064867102684	2.40739533926995	2.40739533926995	158	455	Genic/other	1	Heritable	0.100491513005022	0.921692013243662	0.0119167461971919	48938	0	0	1.00491513005022	5.06259503302697	6.12249280951439	10.7983299036044	0.878545395113974
BA_only	hippocampus	AA	psi	chr1_882232_883488	chr1	882232	883488	752	752	0	0	0.00155096498760629	0.777132814755397	4.85202504912424	-4.85202504912424	1256	130	Intergenic	0	Non-heritable	0.0501319485973659	0.579198588694952	0.0129725230991035	5485	0	0	0.501319485973659	7.13568734702814	4.87519732320115	8.60995467149755	1.57939615576843
BA_only	hippocampus	AA	psi	chr1_8828727_8828988	chr1	8828727	8828988	16	16	0	0	0.152640306672984	0.991064867102684	1.38310576337776	1.38310576337776	261	454	Genic/other	0	Heritable	0.160060223793131	0.920908497559949	0.0111868926600004	39068	0	0	1.60060223793131	5.56452040732269	6.12029741895095	10.5730845926358	0.324331530869992
BA_only	hippocampus	AA	psi	chr1_8853051_8853571	chr1	8853051	8853571	19	19	0	0	0.0670452486584503	0.985907779499035	0.749538959792512	0.749538959792512	520	471	Genic/other	0	Heritable	0.153617930153931	0.938225771351329	0.0170238305895497	14485	0	0	1.53617930153931	6.25382881157547	6.15697898558556	9.58093794475527	-0.288296968404872
BA_only	hippocampus	AA	psi	chr1_8877442_8877593	chr1	8877442	8877593	18	18	0	0	0.10763709292943	0.990610842832516	2.35590208737514	-2.35590208737514	151	484	Genic/other	1	Non-heritable	0.0814155799759688	0.929034309499012	0.0114163123868778	0	0	0	0.814155799759688	5.01727983681492	6.18414889093748	0	0.856923710331332
BA_only	hippocampus	AA	psi	chr1_8881629_8882696	chr1	8881629	8882696	18	18	0	0	0.0755257554867003	0.987023137100836	0.815750374662024	0.815750374662024	1067	490	Genic/other	1	Non-heritable	0.095592579694349	0.9253528618944	0.0137141810676544	2055	0	0	0.95592579694349	6.97260625130175	6.19644412779452	7.62851762657506	-0.203646871964811
BA_only	hippocampus	AA	psi	chr1_8888276_8888959	chr1	8888276	8888959	18	18	0	0	0.0602783062010661	0.98577631996496	0.585344577811134	0.585344577811134	683	498	Genic/other	0	Non-heritable	0.0623962353442392	0.929436436220604	0.0174156846157341	5373	0	0	0.623962353442392	6.52649485957079	6.21260609575152	8.58932778917544	-0.535554566172261
BA_only	hippocampus	AA	psi	chr1_88991832_88992179	chr1	88991832	88992179	15	15	0	0	0.00191687611987818	0.801360789073658	1.63334300025282	-1.63334300025282	347	215	Genic/other	1	Heritable	0.130783745877512	0.812330488191627	0.011920121346629	0	0	0	1.30783745877512	5.84932477994686	5.37527840768417	0	0.490628841075504
BA_only	hippocampus	AA	psi	chr1_88993737_88993975	chr1	88993737	88993975	15	15	0	0	0.154336335950037	0.991064867102684	1.43799760277526	-1.43799760277526	238	213	Promoter	1	Heritable	0.319842961122099	0.838722430334245	0.0128493601376053	0	0	0	3.19842961122099	5.47227067367148	5.36597601502185	0	0.363251599196823
BA_only	hippocampus	AA	psi	chr1_8906387_8907271	chr1	8906387	8907271	20	20	0	0	0.0730941492319744	0.985907779499035	4.26408899640183	4.26408899640183	884	509	Genic/other	0	Heritable	0.115726144282593	0.93761936830245	0.019074801254727	0	0	0	1.15726144282593	6.78445706263764	6.23441072571837	0	1.45022856056732
BA_only	hippocampus	AA	psi	chr1_893038_893980	chr1	893038	893980	752	752	0	0	0.00120446975503907	0.741782412295099	4.24146767995445	-4.24146767995445	942	136	Intergenic	0	Non-heritable	0.0297844459102275	0.565219565140955	0.0115111954303146	10976	0	0	0.297844459102275	6.84800527457636	4.91998092582813	9.30355745368732	1.44490936263778
BA_only	hippocampus	AA	psi	chr1_8966004_8966648	chr1	8966004	8966648	107	107	0	0	0.0228491786676869	0.975932065139872	5.1921660122495	-5.1921660122495	644	557	Genic/other	0	Non-heritable	0.0824314973475765	0.942475678934041	0.0225289413526522	4022	0	0	0.824314973475765	6.46769872610435	6.32435896238131	8.29978317194979	1.64715095544092
BA_only	hippocampus	AA	psi	chr1_89707102_89707804	chr1	89707102	89707804	32	32	0	0	0.0284162826632615	0.975932065139872	2.88774477625459	-2.88774477625459	702	405	Genic/other	0	Non-heritable	0.0706487719758412	0.849844791891327	0.012228424374862	74444	0	0	0.706487719758412	6.55393340402581	6.00635315960173	11.2178158766897	1.06047584671522
BA_only	hippocampus	AA	psi	chr1_8975419_8975943	chr1	8975419	8975943	107	107	0	0	0.0237725788181764	0.975932065139872	8.54276897141169	-8.54276897141169	524	561	Genic/other	0	Non-heritable	0.0763390428656383	0.936592085529849	0.0161483177900985	796	0	0	0.763390428656383	6.26149168432104	6.33150184989369	6.68085467879022	2.14508519194638
BA_only	hippocampus	AA	psi	chr1_8995214_8996198	chr1	8995214	8996198	109	109	0	0	0.0381491832959747	0.980549382116533	8.26727094872793	-8.26727094872793	984	574	Intergenic	0	Heritable	0.116027349947061	0.944627733946433	0.019715920082546	20591	0	0	1.16027349947061	6.89162589705225	6.35437004079735	9.93265792983591	2.11230446167728
BA_only	hippocampus	AA	psi	chr1_904055_904381	chr1	904055	904381	752	752	0	0	0.00115630496910701	0.72939557362483	2.10042806821373	2.10042806821373	326	140	Promoter	2	Heritable	0.108575458943037	0.649546973939086	0.018938439642824	575	0	0	1.08575458943037	5.78689738136671	4.94875989037817	6.35610766069589	0.742141170723891
BA_only	hippocampus	AA	psi	chr1_9043628_9044011	chr1	9043628	9044011	111	111	0	0	0.0420231988005734	0.980549382116533	7.45059438543416	-7.45059438543416	383	608	Genic/other	1	Non-heritable	0.0816471332951157	0.954124635205117	0.0114317040388541	25582	0	0	0.816471332951157	5.94803498918065	6.4118182677099	10.1496833473805	2.00829381383088
BA_only	hippocampus	AA	psi	chr1_9063781_9063990	chr1	9063781	9063990	111	111	0	0	0.00805063790516004	0.933559278800072	14.3818861067277	-14.3818861067277	209	606	Genic/other	0	Non-heritable	0.074873875013841	0.951878747510187	0.00995436320068961	5603	0	0	0.74873875013841	5.34233425196481	6.4085287910595	8.6312359074569	2.6659695061903
BA_only	hippocampus	AA	psi	chr1_90909787_90910134	chr1	90909787	90910134	67	67	0	0	0.0115659859562201	0.95315577890577	1.41645581502464	-1.41645581502464	347	281	Intergenic	0	Non-heritable	0.0359686340555652	0.740183391878491	0.0177195384261652	8019	0	0	0.359686340555652	5.84932477994686	5.64190707093811	8.98969370086056	0.348157853797651
BA_only	hippocampus	AA	psi	chr1_909800_909898	chr1	909800	909898	752	752	0	0	0.000768249934720581	0.680199019000458	3.15346987876486	-3.15346987876486	98	134	Genic/other	1	Heritable	0.11009731202052	0.671762050077103	0.021159740046662	0	0	0	1.1009731202052	4.58496747867057	4.90527477843843	0	1.14850339856317
BA_only	hippocampus	AA	psi	chr1_9109027_9110220	chr1	9109027	9110220	111	111	0	0	0.0215949568185899	0.975932065139872	11.5686964959854	-11.5686964959854	1193	598	Genic/other	0	Heritable	0.105372463574493	0.950589781669433	0.0141614139022232	20654	0	0	1.05372463574493	7.08422642209792	6.39526159811545	9.93571269983086	2.44830287331907
BA_only	hippocampus	AA	psi	chr1_9138087_9138672	chr1	9138087	9138672	103	103	0	0	0.0183901440798762	0.972503866121758	6.81571321543177	-6.81571321543177	585	611	Intergenic	0	Non-heritable	0.0902664508593622	0.957546552097441	0.0145709511786178	1348	0	0	0.902664508593622	6.37161184723186	6.41673228251233	7.20711885620776	1.91923071490829
BA_only	hippocampus	AA	psi	chr1_92876411_92877406	chr1	92876411	92877406	19	19	0	0	0.000349155139049122	0.557627972728277	0.711418622175339	-0.711418622175339	995	159	Promoter	0	Non-heritable	0.0581921845104042	0.665919414940542	0.012803128987529	0	0	0	0.581921845104042	6.90274273715859	5.07517381523383	0	-0.340494228954222
BA_only	hippocampus	AA	psi	chr1_9407927_9408758	chr1	9407927	9408758	152	152	0	0	0.00681864192499585	0.928034838482957	4.33224917701149	4.33224917701149	831	647	Intergenic	0	Non-heritable	0.0807488838008349	0.934601955670329	0.0162013667865319	5827	0	0	0.807488838008349	6.72262979485545	6.47389069635227	8.6704291673151	1.46608684987855
BA_only	hippocampus	AA	psi	chr1_9478805_9479363	chr1	9478805	9479363	70	70	0	0	0.00907967347581253	0.938585776116121	2.40322713929242	-2.40322713929242	558	570	Intergenic	0	Heritable	0.11187370685047	0.934584463282644	0.0134555386460902	23423	0	0	1.1187370685047	6.32435896238131	6.34738920965601	10.061516416761	0.876812479666185
BA_only	hippocampus	AA	psi	chr1_9514811_9515615	chr1	9514811	9515615	68	68	0	0	0.0317812131696718	0.977060807838727	2.383786531336	-2.383786531336	804	539	Intergenic	0	Heritable	0.113468582516837	0.937549330210424	0.0136256225563477	59429	0	0	1.13468582516837	6.68959926917897	6.29156913955832	10.9925544283607	0.868690207164133
BA_only	hippocampus	AA	psi	chr1_95232696_95233271	chr1	95232696	95233271	47	47	0	0	0.0209479015624253	0.975856666808667	1.6778975120945	1.6778975120945	575	352	Promoter	1	Heritable	0.212169161472793	0.899264053584092	0.0122457092268474	0	0	0	2.12169161472793	6.35437004079735	5.8664680569333	0	0.517541534722687
BA_only	hippocampus	AA	psi	chr1_95236052_95237460	chr1	95236052	95237460	47	47	0	0	0.0129152615657994	0.964283399649536	4.55870750011091	4.55870750011091	1408	339	Genic/other	2	Non-heritable	0.0761438684720477	0.893732812521771	0.0152606292985656	0	0	0	0.761438684720477	7.24992553671799	5.82894561761021	0	1.51703914258422
BA_only	hippocampus	AA	psi	chr1_9531019_9532263	chr1	9531019	9532263	68	68	0	0	0.0218770782589798	0.975932065139872	2.30271983369428	-2.30271983369428	1244	520	Intergenic	0	Heritable	0.140156471360271	0.94152455906179	0.0154505563350294	75525	0	0	1.40156471360271	7.12608727329913	6.25575004175337	11.232232246816	0.834090965021185
BA_only	hippocampus	AA	psi	chr1_9536906_9537576	chr1	9536906	9537576	68	68	0	0	0.0209932321312925	0.975856666808667	2.26213144212772	2.26213144212772	670	529	Genic/other	2	Heritable	0.131637565422045	0.924716446470411	0.0223727645068982	70212	0	0	1.31637565422045	6.50727771238501	6.27287700654617	11.1592887580544	0.816307489236066
BA_only	hippocampus	AA	psi	chr1_9540619_9541129	chr1	9540619	9541129	68	68	0	0	0.0274712996495383	0.975932065139872	2.804487925616	2.804487925616	510	527	Genic/other	1	Heritable	0.127502657843278	0.94678051136235	0.0113531205295327	66659	0	0	1.27502657843278	6.23441072571837	6.26909628370626	11.1073603518617	1.03122096816203
BA_only	hippocampus	AA	psi	chr1_9575443_9575741	chr1	9575443	9575741	68	68	0	0	0.0286503054519322	0.975932065139872	2.05042785106499	-2.05042785106499	298	511	Promoter	0	Heritable	0.10924082678712	0.935833337896234	0.00979990459324426	32047	0	0	1.0924082678712	5.69709348650541	6.23832462503951	10.3749900579056	0.718048484087478
BA_only	hippocampus	AA	psi	chr1_9580595_9580841	chr1	9580595	9580841	68	68	0	0	0.0193374287415552	0.973353388707841	5.16645585541374	-5.16645585541374	246	505	Genic/other	0	Heritable	0.11493219317151	0.896211805870022	0.0113290055810787	26947	0	0	1.1493219317151	5.50533153593236	6.22653666928747	10.2016643620805	1.64218693418224
BA_only	hippocampus	AA	psi	chr1_9587739_9588107	chr1	9587739	9588107	68	68	0	0	0.0224274985407688	0.975932065139872	2.76158464449338	2.76158464449338	368	504	Promoter	1	Non-heritable	0.0800786719806038	0.934345413415511	0.0124164538498723	19681	0	0	0.800786719806038	5.90808293816893	6.22455842927536	9.88745979145893	1.01580466514667
BA_only	hippocampus	AA	psi	chr1_9660973_9661778	chr1	9660973	9661778	69	69	0	0	0.0209050359565252	0.975856666808667	2.76811212274124	-2.76811212274124	805	475	Genic/other	0	Heritable	0.116764516100411	0.931720396467396	0.0140472145124607	0	0	0	1.16764516100411	6.69084227741856	6.16541785423142	0	1.0181655473183
BA_only	hippocampus	AA	psi	chr1_96631576_96631805	chr1	96631576	96631805	9	9	0	0	0.141858269840298	0.991064867102684	0.317781684114311	-0.317781684114311	229	223	Intergenic	0	Heritable	0.143287861222647	0.804630791574609	0.0169014745340423	90066	0	0	1.43287861222647	5.43372200355424	5.41164605185504	11.4083091167955	-1.14639062844446
BA_only	hippocampus	AA	psi	chr1_9674947_9675113	chr1	9674947	9675113	79	79	0	0	0.0201700015720114	0.975856666808667	2.20638805125288	-2.20638805125288	166	470	Genic/other	0	Heritable	0.101175524027396	0.896252537386565	0.0114221040488271	0	0	0	1.01175524027396	5.11198778835654	6.15485809401642	0	0.791356817080006
BA_only	hippocampus	AA	psi	chr1_9695418_9695790	chr1	9695418	9695790	62	62	0	0	0.00590930764404351	0.917215821057826	2.52079066959529	-2.52079066959529	372	481	Genic/other	0	Non-heritable	0.0627304015855949	0.919334535664631	0.014384714822761	0	0	0	0.627304015855949	5.91889385427315	6.1779441140506	0	0.924572614054572
BA_only	hippocampus	AA	psi	chr1_9761977_9762578	chr1	9761977	9762578	41	41	0	0	0.00503058270272799	0.909885926705608	1.50326598299068	1.50326598299068	601	441	Genic/other	2	Non-heritable	0.0614060645306092	0.863582749418313	0.0122925642696654	20882	0	0	0.614060645306092	6.39859493453521	6.0913098820777	9.94669070983678	0.407640069823692
BA_only	hippocampus	AA	psi	chr1_9771154_9771826	chr1	9771154	9771826	41	41	0	0	0.0124526170225065	0.960836098876319	0.90104543460458	0.90104543460458	672	435	Genic/other	0	Non-heritable	0.064441931002031	0.887912629558496	0.016980679641158	30059	0	0	0.64441931002031	6.51025834052315	6.07764224334903	10.310950663307	-0.104199584682843
BA_only	hippocampus	AA	psi	chr1_9782961_9784278	chr1	9782961	9784278	41	41	0	0	0.00641501254410165	0.921986326914528	0.967405867649126	0.967405867649126	1317	417	Genic/other	0	Non-heritable	0.0781402228376092	0.871747043585995	0.0191236302941426	41866	0	0	0.781402228376092	7.18311170174328	6.03548143252476	10.6422532060999	-0.0331371428941943
BA_only	hippocampus	AA	psi	chr1_9803600_9804406	chr1	9803600	9804406	41	41	0	0	0.0106244624004733	0.944902218841749	1.70071258099322	1.70071258099322	806	400	Genic/other	0	Non-heritable	0.0811842260100656	0.892905548424913	0.0117934209447644	62505	0	0	0.811842260100656	6.69208374250663	5.99396142730657	11.0430178311168	0.531047334406959
BA_only	hippocampus	AA	psi	chr1_9805206_9805798	chr1	9805206	9805798	41	41	0	0	0.00824081870121158	0.933559278800072	1.26101038517541	1.26101038517541	592	405	Genic/other	0	Non-heritable	0.0936393171396524	0.897566036701321	0.0115706908505979	64111	0	0	0.936393171396524	6.38350663488401	6.00635315960173	11.0683868328759	0.231913300545481
BA_only	hippocampus	AA	psi	chr1_98293711_98294976	chr1	98293711	98294976	3	3	0	0	0.126150917688793	0.991064867102684	0.314187015827269	0.314187015827269	1265	249	Intergenic	0	Heritable	0.129940895204647	0.842557440359828	0.0123267619959181	162296	0	0	1.29940895204647	7.14282740116162	5.52146091786225	11.9971832690435	-1.15776684673352
BA_only	hippocampus	AA	psi	chr1_9829588_9830096	chr1	9829588	9830096	41	41	0	0	0.0247118936984186	0.975932065139872	1.50344174001549	1.50344174001549	508	389	Enhancer	0	Non-heritable	0.0774986865459857	0.895218898944725	0.013005996373508	47892	0	0	0.774986865459857	6.23048144757848	5.96614673912369	10.7767246349328	0.407756979773067
BA_only	hippocampus	AA	psi	chr1_9831964_9832946	chr1	9831964	9832946	41	41	0	0	0.0119874007712492	0.955696118255407	1.07385693432741	1.07385693432741	982	381	Genic/other	0	Non-heritable	0.0868557486240832	0.878283488617202	0.0132170868050916	45042	0	0	0.868557486240832	6.88959130835447	5.94542060860658	10.7153728680554	0.0712567882646349
BA_only	hippocampus	AA	psi	chr1_9908023_9908442	chr1	9908023	9908442	40	40	0	0	0.0290917814007658	0.97594902064411	1.13476675106841	1.13476675106841	419	305	Genic/other	1	Non-heritable	0.0943365763736806	0.797452710256576	0.0121788678848646	0	0	0	0.943365763736806	6.03787091992214	5.72358510195238	0	0.126427132959968
BA_only	hippocampus	AA	psi	chr1_9919693_9920022	chr1	9919693	9920022	40	40	0	0	0.0146846697057706	0.966089857218066	1.3143916023712	1.3143916023712	329	297	Intergenic	0	Heritable	0.174706056018098	0.803963139573989	0.0107272678005085	0	0	0	1.74706056018098	5.79605775076537	5.69709348650541	0	0.273373906383981
BA_only	hippocampus	AA	psi	chr1_9925738_9926651	chr1	9925738	9926651	40	40	0	0	0.00254074929317859	0.830971100751158	0.922290575396454	0.922290575396454	913	310	Genic/other	0	Heritable	0.182652678199295	0.859426040201565	0.0183592379732707	0	0	0	1.82652678199295	6.81673588059497	5.73979291217923	0	-0.0808949365379237
BA_only	hippocampus	AA	psi	chr1_9932063_9932678	chr1	9932063	9932678	40	40	0	0	0.0130642575511109	0.964283399649536	0.691596523948113	0.691596523948113	615	317	Promoter	0	Non-heritable	0.0859524287054884	0.860857228129838	0.0150692492392728	0	0	0	0.859524287054884	6.42162226780652	5.76205138278018	0	-0.368752536827964
BA_only	hippocampus	AA	psi	chr1_9936739_9937168	chr1	9936739	9937168	40	40	0	0	0.0140472994869945	0.964826773227435	1.50768569134371	1.50768569134371	429	310	Genic/other	0	Non-heritable	0.098599195431096	0.858197268948293	0.00960073440514922	0	0	0	0.98599195431096	6.06145691892802	5.73979291217923	0	0.41057582700351
BA_only	hippocampus	AA	psi	chr1_9944227_9944329	chr1	9944227	9944329	29	29	0	0	0.0196382534225622	0.973631121108853	1.06251396215252	1.06251396215252	102	303	Promoter	1	Non-heritable	0.0638473309019284	0.789320451368626	0.00987647314384818	0	0	0	0.638473309019284	4.62497281328427	5.71702770140622	0	0.0606377719911661
BA_only	hippocampus	AA	psi	chr1_9953666_9956151	chr1	9953666	9956151	29	29	0	0	0.0110399820807037	0.948122932222781	1.01404951112944	1.01404951112944	2485	288	Genic/other	0	Non-heritable	0.0918595796879677	0.849520529203651	0.0207314338201659	4027	0	0	0.918595796879677	7.81802793853073	5.66642668811243	8.30102525383845	0.0139517413822435
BA_only	hippocampus	AA	psi	chr1_9958673_9959666	chr1	9958673	9959666	29	29	0	0	0.00494191688523034	0.904433110222233	1.02939218471737	1.02939218471737	993	281	Genic/other	0	Heritable	0.127610503000515	0.852099373368917	0.0212174266470315	9034	0	0	1.27610503000515	6.90073066404517	5.64190707093811	9.10886120302633	0.0289685258465603
BA_only	hippocampus	AA	psi	chr1_9962704_9962916	chr1	9962704	9962916	34	34	0	0	0.00990650764219027	0.944072183983139	1.31067399181171	1.31067399181171	212	289	Genic/other	0	Heritable	0.128239424777775	0.839526601793861	0.0111895196580073	13065	0	0	1.28239424777775	5.35658627467201	5.66988092298052	9.4777687154007	0.27054151010042
BA_only	hippocampus	AA	psi	chr1_9965640_9966350	chr1	9965640	9966350	34	34	0	0	0.0162312216689948	0.968886794647869	1.65752301796858	1.65752301796858	710	287	Genic/other	0	Heritable	0.124447352852795	0.840294594819474	0.0123251031589924	14819	0	0	1.24447352852795	6.56526497003536	5.66296048013595	9.60373289885008	0.505324336175085
BA_only	hippocampus	AA	psi	chr1_9976506_9977638	chr1	9976506	9977638	29	29	0	0	0.0313550635105592	0.977060807838727	1.29637076638161	1.29637076638161	1132	284	Genic/other	0	Non-heritable	0.082044641054129	0.799451552303448	0.0188005258192137	3531	0	0	0.82044641054129	7.03174125876313	5.65248918026865	8.16961956172385	0.259568649900361
BA_only	hippocampus	AA	psi	chr1_9980151_9980907	chr1	9980151	9980907	29	29	0	0	0.0131871493957992	0.964283399649536	1.70339698902507	1.70339698902507	756	284	Promoter	0	Heritable	0.100924226047293	0.788310467144405	0.0144317952607273	262	0	0	1.00924226047293	6.62804137617953	5.65248918026865	5.57215403217777	0.532624491967433
BA_only	hippocampus	AA	psi	chr1_99837521_99838524	chr1	99837521	99838524	58	58	0	0	0.00230924057120569	0.821042528762186	1.59499343836575	1.59499343836575	1003	258	Intergenic	0	Heritable	0.11556729946127	0.845382591106201	0.014272951494189	11890	0	0	1.1556729946127	6.91075078796194	5.55682806169954	9.38353709043758	0.466869628620691
BA_only	hippocampus	AA	psi	chr1_9986613_9987634	chr1	9986613	9987634	29	29	0	0	0.00848426683102065	0.933559278800072	1.41210987515274	1.41210987515274	1021	287	Intergenic	0	Non-heritable	0.0709793841376107	0.811353287846303	0.013168576337454	1476	0	0	0.709793841376107	6.92853781816467	5.66296048013595	7.29776828253138	0.345084958389182
BA_only	hippocampus	AA	psi	chr1_9994533_9995043	chr1	9994533	9995043	29	29	0	0	0.0269028535619829	0.975932065139872	1.24713915031153	1.24713915031153	510	279	Genic/other	1	Non-heritable	0.0681152020286681	0.775442829035262	0.0138704909669215	2287	0	0	0.681152020286681	6.23441072571837	5.63478960316925	7.73543335249969	0.220852256551336
BA_only	hippocampus	AA	psi	chr20_10604359_10605573	chr20	10604359	10605573	26	26	0	0	0.0845108615258433	0.988137148207548	1.88310629110951	1.88310629110951	1214	525	Enhancer	0	Heritable	0.1920265902336	0.928240058181321	0.010416511047117	43102	0	0	1.920265902336	7.10167597161944	6.26530121273771	10.6713478792379	0.63292270114029
BA_only	hippocampus	AA	psi	chr20_11357464_11359541	chr20	11357464	11359541	7	7	0	0	0.0560929194643713	0.98577631996496	0.552244836847521	-0.552244836847521	2077	429	Intergenic	0	Heritable	0.585958137559192	0.913478230389365	0.0109319373256953	62827	0	0	5.85958137559192	7.63867982387611	6.06378520868761	11.0481561129629	-0.593763767920519
BA_only	hippocampus	AA	psi	chr20_13219202_13219464	chr20	13219202	13219464	38	38	0	0	0.059204603894679	0.98577631996496	2.22000691100153	2.22000691100153	262	420	Genic/other	1	Non-heritable	0.0940450605058982	0.915172680702492	0.00842677614938646	54447	0	0	0.940450605058982	5.5683445037611	6.04263283368238	10.9050013967407	0.797510313447585
BA_only	hippocampus	AA	psi	chr20_14226233_14226902	chr20	14226233	14226902	2	2	0	0	0.812982331873496	0.997974489028642	0.0747798372516715	0.0747798372516715	669	230	Genic/other	0	Heritable	0.206755205088034	0.80227946810792	0.0159637270845089	100655	0	0	2.06755205088034	6.50578406012823	5.44241771052179	11.5194640418098	-2.59320685207137
BA_only	hippocampus	AA	psi	chr20_15141395_15142184	chr20	15141395	15142184	11	11	0	0	0.0413629431564708	0.980549382116533	0.268430397174815	0.268430397174815	789	486	Genic/other	0	Heritable	0.361411781083263	0.928147422024536	0.010954550745443	212019	0	0	3.61411781083263	6.67076632084587	6.18826412308259	12.2644358888271	-1.3151635897843
BA_only	hippocampus	AA	psi	chr20_17316198_17316669	chr20	17316198	17316669	11	11	0	0	0.00218012614549268	0.815187053503819	2.56762694742963	2.56762694742963	471	486	Genic/other	1	Non-heritable	0.0738494427740821	0.921179273177236	0.00555112236728229	0	0	0	0.738494427740821	6.15485809401642	6.18826412308259	0	0.942982109477186
BA_only	hippocampus	AA	psi	chr20_17505394_17505707	chr20	17505394	17505707	5	5	0	0	0.265797829531047	0.993121663014024	2.25030697963717	2.25030697963717	313	560	Genic/other	0	Heritable	0.575704346270947	0.912565670685538	0.00589310295963073	108512	0	0	5.75704346270947	5.74620319054015	6.3297209055227	11.5946252604535	0.811066646748003
BA_only	hippocampus	AA	psi	chr20_17636517_17637042	chr20	17636517	17637042	6	6	0	0	0.0376871588823339	0.980549382116533	2.02987515201756	2.02987515201756	525	616	Genic/other	0	Non-heritable	0.0749067652133655	0.960639594788114	0.00933429468756361	6084	0	0	0.749067652133655	6.26339826259162	6.42486902390539	8.71358200542163	0.707974294619632
BA_only	hippocampus	AA	psi	chr20_17662955_17663752	chr20	17662955	17663752	6	6	0	0	0.0178015268793745	0.970931943606436	3.60492074664551	3.60492074664551	797	614	Genic/other	0	Non-heritable	0.0886225913596425	0.959409380629573	0.008780356361177	0	0	0	0.886225913596425	6.68085467879022	6.42162226780652	0	1.28229978898228
BA_only	hippocampus	AA	psi	chr20_17882077_17882720	chr20	17882077	17882720	27	27	0	0	0.0241660326692659	0.975932065139872	4.13056406907332	4.13056406907332	643	596	Intergenic	0	Heritable	0.193059813579135	0.954298246178662	0.00704917924125931	9223	0	0	1.93059813579135	6.46614472423762	6.3919171133926	9.12956406194889	1.41841397853604
BA_only	hippocampus	AA	psi	chr20_17895190_17895663	chr20	17895190	17895663	41	41	0	0	0.023731176222632	0.975932065139872	6.1502489820442	6.1502489820442	473	599	Intergenic	0	Heritable	0.236740793096657	0.938783433546956	0.0075477755953055	22336	0	0	2.36740793096657	6.15909538849193	6.39692965521615	10.0139997753336	1.81649256751012
BA_only	hippocampus	AA	psi	chr20_19213694_19214511	chr20	19213694	19214511	10	10	0	0	0.0603397089711954	0.98577631996496	0.494452796868014	-0.494452796868014	817	434	Promoter	1	Non-heritable	0.0700126504855075	0.896135533896585	0.00972552174853425	2064	0	0	0.700126504855075	6.70563909486	6.07534603108868	7.63288550539513	-0.70430356853432
BA_only	hippocampus	AA	psi	chr20_20199480_20199834	chr20	20199480	20199834	31	31	0	0	0.0316405306568252	0.977060807838727	1.55623191013624	-1.55623191013624	354	496	Genic/other	0	Non-heritable	0.0910843116715645	0.937659414080742	0.00846035120901356	0	0	0	0.910843116715645	5.86929691313377	6.20859002609663	0	0.442267463580257
BA_only	hippocampus	AA	psi	chr20_20410637_20411542	chr20	20410637	20411542	3	3	0	0	0.34118523166219	0.993832821375533	0.514952121515027	-0.514952121515027	905	417	Enhancer	0	Non-heritable	0.0784874686841255	0.916622757311954	0.00546324149831415	120336	0	0	0.784874686841255	6.80793494369993	6.03548143252476	11.6980514190968	-0.663681331152892
BA_only	hippocampus	AA	psi	chr20_20492418_20493183	chr20	20492418	20493183	12	12	0	0	0.0121843366372896	0.95809323095415	1.52076587021512	-1.52076587021512	765	343	Genic/other	0	Non-heritable	0.0916965115914589	0.841811048224973	0.00883053653625044	202117	0	0	0.916965115914589	6.63987583382654	5.8406416573734	12.2166069642451	0.419214076521625
BA_only	hippocampus	AA	psi	chr20_21089447_21090647	chr20	21089447	21090647	123	123	0	0	5.00100528374116e-05	0.27028390983384	2.39471532259121	2.39471532259121	1200	271	Promoter	0	Heritable	0.110588625552089	0.857844921457602	0.00854143301634303	0	0	0	1.10588625552089	7.09007683577609	5.605802066296	0	0.873264364755246
BA_only	hippocampus	AA	psi	chr20_21103815_21104854	chr20	21103815	21104854	123	123	0	0	0.0184722344059381	0.972503866121758	2.94403971334061	-2.94403971334061	1039	264	Promoter	1	Non-heritable	0.0833732514847664	0.808045894352895	0.00868323915703065	0	0	0	0.833732514847664	6.94601399109923	5.57972982598622	0	1.07978269375814
BA_only	hippocampus	AA	psi	chr20_21232390_21234889	chr20	21232390	21234889	123	123	0	0	0.00147905925767029	0.766510580643325	4.00653080760135	-4.00653080760135	2499	281	Genic/other	0	Heritable	0.106263708005454	0.846665829743105	0.00761035288302655	3378	0	0	1.06263708005454	7.82364593083495	5.64190707093811	8.12533508671429	1.3879257341074
BA_only	hippocampus	AA	psi	chr20_2130230_2130511	chr20	2130230	2130511	14	14	0	0	0.0528463369200509	0.984783117109287	1.22441858606615	-1.22441858606615	281	688	Genic/other	0	Non-heritable	0.0788556042881062	0.965220061878946	0.00655520736079627	101629	0	0	0.788556042881062	5.63835466933375	6.53524127101366	11.5290940461318	0.202466115874921
BA_only	hippocampus	AA	psi	chr20_21392038_21392225	chr20	21392038	21392225	109	109	0	0	0.0083079761686417	0.933559278800072	3.53470675149937	-3.53470675149937	187	257	Intergenic	1	Non-heritable	0.0561690641535774	0.734977046772477	0.0111540624758218	5191	0	0	0.561690641535774	5.23110861685459	5.55295958492162	8.55487425838393	1.262630343008
BA_only	hippocampus	AA	psi	chr20_21516542_21517298	chr20	21516542	21517298	117	117	0	0	0.00412592415566345	0.882277433336612	2.23082197421493	-2.23082197421493	756	219	Genic/other	1	Heritable	0.133551722741057	0.720856791029973	0.00804072856599929	0	0	0	1.33551722741057	6.62804137617953	5.39362754635236	0	0.802370120341673
BA_only	hippocampus	AA	psi	chr20_21519283_21519652	chr20	21519283	21519652	117	117	0	0	0.000502139447453474	0.61537095529214	3.8837828677801	-3.8837828677801	369	217	Genic/other	2	Heritable	0.148793916454656	0.747044345913463	0.00854695614032694	2	0	0	1.48793916454656	5.91079664404053	5.38449506278909	1.09861228866811	1.35680964716212
BA_only	hippocampus	AA	psi	chr20_21523706_21523928	chr20	21523706	21523928	117	117	0	0	0.00259956163387016	0.833258918532135	2.84466984376106	-2.84466984376106	222	215	Genic/other	1	Heritable	0.152630201170448	0.794721892744441	0.00797760718473605	1140	0	0	1.52630201170448	5.40267738187228	5.37527840768417	7.03966034986208	1.04544701647241
BA_only	hippocampus	AA	psi	chr20_21715860_21716036	chr20	21715860	21716036	120	120	0	0	0.0106547461616755	0.944902218841749	7.48383394866563	-7.48383394866563	176	188	Genic/other	1	Non-heritable	0.052048886394665	0.679635539171618	0.00723904534756992	1378	0	0	0.52048886394665	5.17048399503815	5.24174701505964	7.2291138777933	2.01274522199064
BA_only	hippocampus	AA	psi	chr20_22312468_22313472	chr20	22312468	22313472	31	31	0	0	0.00273143114605029	0.840817154309229	1.82146344921214	1.82146344921214	1004	268	Intergenic	0	Heritable	0.111255354116271	0.760579373782408	0.0101844262503218	28484	0	0	1.11255354116271	6.91174730025167	5.59471137960184	10.2571329119145	0.599640276442938
BA_only	hippocampus	AA	psi	chr20_22580142_22581314	chr20	22580142	22581314	38	38	0	0	0.000934306999440072	0.707181162723943	1.78155164781036	-1.78155164781036	1172	316	Genic/other	1	Heritable	0.129888519522006	0.877312639045005	0.00734359788171615	12347	0	0	1.29888519522006	7.06646697013696	5.75890177387728	9.42124938562205	0.577484702449619
BA_only	hippocampus	AA	psi	chr20_23359127_23359409	chr20	23359127	23359409	144	144	0	0	0.0175730350294668	0.970581273335112	3.57737255334535	-3.57737255334535	282	370	Promoter	1	Non-heritable	0.0410648666029104	0.821978503146112	0.00673758451050283	1171	0	0	0.410648666029104	5.64190707093811	5.91620206260744	7.06646697013696	1.2746286101076
BA_only	hippocampus	AA	psi	chr20_23890584_23891357	chr20	23890584	23891357	21	21	0	0	0.0489344145633951	0.983001075860572	2.47924307402963	-2.47924307402963	773	351	Intergenic	0	Heritable	0.699280772682695	0.893263849280493	0.00733100802683834	28818	0	0	6.99280772682695	6.65027904858742	5.8636311755981	10.2687901708252	0.907953305538866
BA_only	hippocampus	AA	psi	chr20_24473303_24473691	chr20	24473303	24473691	66	66	0	0	0.00137301856346822	0.758185047287174	4.85469819616356	4.85469819616356	388	348	Genic/other	2	Heritable	0.10771646628952	0.844598187727715	0.00944372034544207	7063	0	0	1.0771646628952	5.96100533962327	5.85507192220243	8.8627667422838	1.57994693836187
BA_only	hippocampus	AA	psi	chr20_24502869_24503277	chr20	24502869	24503277	66	66	0	0	0.0144185711113091	0.966012740036302	4.03290131806011	4.03290131806011	408	319	Promoter	0	Non-heritable	0.0998275886469581	0.879076766886859	0.00655749628860846	36629	0	0	0.998275886469581	6.01126717440416	5.76832099579377	10.5086228557729	1.39448604945261
BA_only	hippocampus	AA	psi	chr20_24977555_24978867	chr20	24977555	24978867	69	69	0	0	0.0197317874934053	0.974612769745579	2.5468021961233	2.5468021961233	1312	267	Genic/other	0	Heritable	0.148906518910658	0.837584817624706	0.0100268371940749	8662	0	0	1.48906518910658	7.17930796950403	5.59098698051086	9.06681636189014	0.934838535393788
BA_only	hippocampus	AA	psi	chr20_25145081_25145680	chr20	25145081	25145680	82	82	0	0	0.012556885943924	0.961461717209863	2.00141875720914	2.00141875720914	599	211	Promoter	1	Heritable	0.379678957447432	0.757222773428855	0.00883234710803592	0	0	0	3.79678957447432	6.39526159811545	5.35658627467201	0	0.693856312670896
BA_only	hippocampus	AA	psi	chr20_25310126_25310248	chr20	25310126	25310248	92	92	0	0	0.00185046145427234	0.800632140208814	5.69250061896088	5.69250061896088	122	171	Promoter	0	Non-heritable	0.0774154082193991	0.681040505763721	0.00790336258592222	0	0	0	0.774154082193991	4.80402104473326	5.14749447681345	0	1.73914962944515
BA_only	hippocampus	AA	psi	chr20_25318873_25319202	chr20	25318873	25319202	92	92	0	0	0.00243671933438908	0.824728302674626	2.67240484171608	-2.67240484171608	329	159	Enhancer	0	Non-heritable	0.0880190632375891	0.668481843518237	0.00708884710972492	0	0	0	0.880190632375891	5.79605775076537	5.07517381523383	0	0.982978760557763
BA_only	hippocampus	AA	psi	chr20_2533917_2534791	chr20	2533917	2534791	32	32	0	0	0.0744682375329775	0.986186896048602	3.09121055601729	-3.09121055601729	874	550	Genic/other	0	Heritable	0.275701954215527	0.938267599882656	0.00680660244281797	9461	0	0	2.75701954215527	6.77308037565554	6.31173480915292	9.15503905619109	1.12856278312588
BA_only	hippocampus	AA	psi	chr20_25750913_25752036	chr20	25750913	25752036	793	793	0	0	0.00218378371137665	0.81613128877796	5.01317593298321	5.01317593298321	1123	106	Promoter	0	Non-heritable	0.0298594826983577	0.520033290074134	0.0105618781585686	0	0	0	0.298594826983577	7.02375895473844	4.67282883446191	0	1.61206963500902
BA_only	hippocampus	AA	psi	chr20_25853036_25854413	chr20	25853036	25854413	1145	1145	0	0	0.00063235375991444	0.657105411686211	5.04470424541689	5.04470424541689	1377	103	Promoter	0	Heritable	0.140322493287639	0.666202605895588	0.00856224283164617	0	0	0	1.40322493287639	7.22766249872865	4.64439089914137	0	1.61833903076258
BA_only	hippocampus	AA	psi	chr20_25858044_25858135	chr20	25858044	25858135	1145	1145	0	0	0.000351932039097245	0.560677323208382	6.07570426448151	-6.07570426448151	91	102	Genic/other	0	Non-heritable	0.0992881463622626	0.639290877823123	0.00765805204577128	0	0	0	0.992881463622626	4.51085950651685	4.63472898822964	0	1.80429791246306
BA_only	hippocampus	AA	psi	chr20_25867827_25868038	chr20	25867827	25868038	1157	1157	0	0	0.00349674709385772	0.866906756094015	8.38872884363787	-8.38872884363787	211	102	Genic/other	0	Non-heritable	0.0665792371313134	0.575469582689201	0.0102443916768956	0	0	0	0.665792371313134	5.35185813347607	4.63472898822964	0	2.126889001687
BA_only	hippocampus	AA	psi	chr20_25984743_25985503	chr20	25984743	25985503	1869	1869	0	0	0.000313754924029545	0.543852328669051	6.43013033935096	6.43013033935096	760	97	Promoter	0	Heritable	0.167202589604094	0.725577280813452	0.0101514671890596	0	0	0	1.67202589604094	6.63331843328038	4.58496747867057	0	1.86099481010486
BA_only	hippocampus	AA	psi	chr20_25987030_25987683	chr20	25987030	25987683	1865	1865	0	0	0.000876507804903781	0.696297367007034	9.20228187605638	9.20228187605638	653	100	Promoter	0	Heritable	0.238183581233904	0.701082612404588	0.0109500074696531	0	0	0	2.38183581233904	6.48157712927643	4.61512051684126	0	2.21945148439345
BA_only	hippocampus	AA	psi	chr20_26009541_26009967	chr20	26009541	26009967	1856	1856	0	0	0.000251626773014618	0.503902674622265	10.1108222635353	10.1108222635353	426	99	Promoter	2	Non-heritable	0.0439509773185157	0.473605788810743	0.00656872415847508	0	0	0	0.439509773185157	6.05443934626937	4.60517018598809	0	2.31360636241895
BA_only	hippocampus	AA	psi	chr20_26208003_26208041	chr20	26208003	26208041	1183	1183	0	0	0.000544531774888507	0.636920160415722	10.9526477040966	10.9526477040966	38	72	Promoter	1	Heritable	0.357650977295021	0.538492633060046	0.010215159706895	0	0	0	3.57650977295021	3.63758615972639	4.29045944114839	0	2.39358122740763
BA_only	hippocampus	AA	psi	chr20_2751449_2751764	chr20	2751449	2751764	30	30	0	0	0.015745971708437	0.967716068030647	3.07557515038705	-3.07557515038705	315	581	Promoter	2	Non-heritable	0.0900844166011769	0.943956054365962	0.00718187138600006	57787	0	0	0.900844166011769	5.75257263882563	6.36647044773144	10.9645364206493	1.12349192779624
BA_only	hippocampus	AA	psi	chr20_30281388_30282095	chr20	30281388	30282095	139	139	0	0	0.0028446127471431	0.844808629760907	3.43633030478678	-3.43633030478678	707	20	Promoter	0	Low prediction	0.0790090484706521	0.236930176668191	0.0190225178004664	5376	0	0	0.790090484706521	6.56103066589657	3.04452243772342	8.58988587680968	1.23440413302499
BA_only	hippocampus	AA	psi	chr20_30283328_30286267	chr20	30283328	30286267	139	139	0	0	0.000407809573865057	0.590819217756675	7.35426248710551	7.35426248710551	2939	20	Enhancer	0	Low prediction	0.0827592081358225	0.226395605542461	0.0136323129750062	1204	0	0	0.827592081358225	7.98582466641892	3.04452243772342	7.09423484592476	1.99528007670839
BA_only	hippocampus	AA	psi	chr20_30289062_30291025	chr20	30289062	30291025	140	140	0	0	0.00686753690450966	0.928603340265007	3.47446365131058	-3.47446365131058	1963	18	Promoter	0	Low prediction	0.133017360330121	0.292445112723242	0.0282524413654004	0	0	0	1.33017360330121	7.58222919427646	2.94443897916644	0	1.24544012503589
BA_only	hippocampus	AA	psi	chr20_30293308_30296632	chr20	30293308	30296632	140	140	0	0	0.00279449633282417	0.842320220530838	4.42110706517116	-4.42110706517116	3324	19	Promoter	1	Non-heritable	0.099571419908579	0.315189761360909	0.00640851260730552	0	0	0	0.99571419908579	8.10892415597534	2.99573227355399	0	1.4863901342231
BA_only	hippocampus	AA	psi	chr20_30300119_30300664	chr20	30300119	30300664	142	142	0	0	0.000341527118773945	0.556375455174152	2.90440597896776	-2.90440597896776	545	20	Genic/other	2	Low prediction	0.0833772229687367	0.216724823386019	0.0104975871797728	0	0	0	0.833772229687367	6.30078579466324	3.04452243772342	0	1.06622889055452
BA_only	hippocampus	AA	psi	chr20_30305956_30308379	chr20	30305956	30308379	142	142	0	0	0.0111417739159474	0.948703871232836	5.0077721140293	-5.0077721140293	2423	19	Genic/other	0	Heritable	0.188407635903739	0.389161894104215	0.00613250317117812	0	0	0	1.88407635903739	7.79276172081653	2.99573227355399	0	1.61099113037222
BA_only	hippocampus	AA	psi	chr20_30314138_30317218	chr20	30314138	30317218	142	142	0	0	0.00412370377992917	0.882277433336612	5.46923198880461	-5.46923198880461	3080	18	Intergenic	3	Low prediction	0.157891259763394	0.298158827411778	0.0118949478092227	0	0	0	1.57891259763394	8.03268487596762	2.94443897916644	0	1.69913820416423
BA_only	hippocampus	AA	psi	chr20_30339004_30342218	chr20	30339004	30342218	147	147	0	0	0.00522755346664521	0.910521893616427	7.18825587734939	-7.18825587734939	3214	19	Genic/other	0	Heritable	0.129236666336327	0.33678876706099	0.0116440401714298	0	0	0	1.29236666336327	8.07527154629746	2.99573227355399	0	1.97244856752938
BA_only	hippocampus	AA	psi	chr20_30343749_30345411	chr20	30343749	30345411	147	147	0	0	0.0154969624827921	0.967076513219291	4.58149284716826	-4.58149284716826	1662	20	Genic/other	0	Low prediction	0.0595905611963984	0.257538633392794	0.00738373831751021	0	0	0	0.595905611963984	7.41577697541539	3.04452243772342	0	1.52202489636228
BA_only	hippocampus	AA	psi	chr20_30376769_30377494	chr20	30376769	30377494	151	151	0	0	0.000831103897214684	0.686906302042197	5.07450334095278	-5.07450334095278	725	21	Promoter	1	Heritable	0.156508028610442	0.400601390309312	0.00771347131035484	0	0	0	1.56508028610442	6.58617165485468	3.09104245335832	0	1.62422865825784
BA_only	hippocampus	AA	psi	chr20_30400045_30402299	chr20	30400045	30402299	151	151	0	0	0.0153588014252513	0.967076513219291	7.36969288029018	-7.36969288029018	2254	22	Enhancer	0	Heritable	0.163608250534293	0.363543716498011	0.00670155497157856	0	0	0	1.63608250534293	7.72046169459972	3.13549421592915	0	1.99737603508745
BA_only	hippocampus	AA	psi	chr20_30488252_30489949	chr20	30488252	30489949	153	153	0	0	0.00432348720155728	0.888539612676336	3.03148446692697	-3.03148446692697	1697	29	Genic/other	1	Low prediction	0.0549407477490579	0.28381193604123	0.0193070234507749	47709	0	0	0.549407477490579	7.43661726523423	3.40119738166216	10.7728962985102	1.10905242592507
BA_only	hippocampus	AA	psi	chr20_30499650_30500815	chr20	30499650	30500815	153	153	0	0	0.00112613990736706	0.726050490461723	4.16300603414114	-4.16300603414114	1165	31	Intergenic	0	Non-heritable	0.0729466125535767	0.364372783721356	0.00924870714240751	36843	0	0	0.729466125535767	7.0604763659998	3.46573590279973	10.5144480621081	1.42623742008331
BA_only	hippocampus	AA	psi	chr20_30537206_30537963	chr20	30537206	30537963	153	153	0	0	0.00286086181205631	0.844808629760907	4.33647680877645	-4.33647680877645	757	27	Promoter	0	Low prediction	0.0585795471895912	0.267079643003634	0.00988041505776507	0	0	0	0.585795471895912	6.62936325343745	3.3322045101752	0	1.46706222552136
BA_only	hippocampus	AA	psi	chr20_30541011_30544151	chr20	30541011	30544151	107	107	0	0	0.00366466716500739	0.867953489674172	6.90761612177718	-6.90761612177718	3140	26	Genic/other	0	Heritable	0.146323688312311	0.406176375307431	0.00748817311614692	2764	0	0	1.46323688312311	8.0519780789023	3.29583686600433	7.92479591395644	1.93262459009209
BA_only	hippocampus	AA	psi	chr20_30579714_30581132	chr20	30579714	30581132	99	99	0	0	0.0031797834054229	0.853185837570312	3.91008911727288	3.91008911727288	1418	31	Intergenic	2	Low prediction	0.0746999811854717	0.245844037047288	0.00936943625189699	397	0	0	0.746999811854717	7.25700270709207	3.46573590279973	5.98645200528444	1.36356016843643
BA_only	hippocampus	AA	psi	chr20_30585346_30586487	chr20	30585346	30586487	99	99	0	0	0.00954790142943602	0.939841915020693	6.97083174511239	6.97083174511239	1141	31	Intergenic	2	Non-heritable	0.066203207110015	0.313812613888691	0.018809122228657	6029	0	0	0.66203207110015	7.03966034986208	3.46573590279973	8.70450228972123	1.94173455124132
BA_only	hippocampus	AA	psi	chr20_30593572_30593717	chr20	30593572	30593717	95	95	0	0	0.00617378205271793	0.920376068783091	2.50924750423688	-2.50924750423688	145	31	Intergenic	0	Low prediction	0.063330998554093	0.287763457557383	0.0094293529346555	7959	0	0	0.63330998554093	4.97673374242057	3.46573590279973	8.98218427883843	0.919982913071401
BA_only	hippocampus	AA	psi	chr20_30639336_30640452	chr20	30639336	30640452	44	44	0	0	0.0168324779290073	0.970581273335112	5.5485796743629	5.5485796743629	1116	32	Intergenic	0	Non-heritable	0.0823758356900378	0.319915648244396	0.00723165072327872	27528	0	0	0.823758356900378	7.01750614294126	3.49650756146648	10.2229952734667	1.71354198227969
BA_only	hippocampus	AA	psi	chr20_30691050_30692181	chr20	30691050	30692181	15	15	0	0	0.0175039688180821	0.970581273335112	1.83220721314961	1.83220721314961	1131	38	Genic/other	0	Heritable	0.126128770474836	0.407645210876933	0.00736746225431875	6635	0	0	1.26128770474836	7.03085747611612	3.66356164612965	8.80026465131034	0.605521372928069
BA_only	hippocampus	AA	psi	chr20_30694010_30694221	chr20	30694010	30694221	15	15	0	0	0.00615677294568463	0.920376068783091	2.0056275297083	-2.0056275297083	211	40	Genic/other	0	Non-heritable	0.0619020860780871	0.387553576349516	0.00579036228307105	4595	0	0	0.619020860780871	5.35185813347607	3.71357206670431	8.43294163896865	0.695956999173884
BA_only	hippocampus	AA	psi	chr20_30705632_30708403	chr20	30705632	30708403	15	15	0	0	0.0293219947078907	0.976515220352512	2.35466653309	2.35466653309	2771	38	Genic/other	0	Heritable	0.126787622490544	0.437646707022256	0.0102245100108617	0	0	0	1.26787622490544	7.92696354486298	3.66356164612965	0	0.856399122151951
BA_only	hippocampus	AA	psi	chr20_30710127_30711091	chr20	30710127	30711091	15	15	0	0	0.0748912998748641	0.986497298823626	4.12457798079168	4.12457798079168	964	38	Genic/other	0	Heritable	0.148421018774929	0.463581859535015	0.00838898829500122	0	0	0	1.48421018774929	6.87109129461055	3.66356164612965	0	1.41696370929048
BA_only	hippocampus	AA	psi	chr20_30723346_30724582	chr20	30723346	30724582	15	15	0	0	0.0139290223033127	0.964441318501853	3.50004251069142	-3.50004251069142	1236	40	Promoter	2	Non-heritable	0.0866560713307549	0.390384236904503	0.0155402617107632	8589	0	0	0.866560713307549	7.11963563801764	3.71357206670431	9.0583540149783	1.25277511719055
BA_only	hippocampus	AA	psi	chr20_30891334_30895689	chr20	30891334	30895689	3	3	0	0	0.535804866699768	0.995941578974193	3.46918091445784	-3.46918091445784	4355	72	Intergenic	2	Non-heritable	0.0630938209965497	0.37371341010602	0.0246356797939731	0	0	0	0.630938209965497	8.3790798892866	4.29045944114839	0	1.24391852127097
BA_only	hippocampus	AA	psi	chr20_30898676_30900713	chr20	30898676	30900713	3	3	0	0	0.451738081192191	0.994840206451052	3.27143859098921	-3.27143859098921	2037	70	Intergenic	2	Heritable	0.132622546858177	0.505581668258977	0.0179182109656761	0	0	0	1.32622546858177	7.61923341622681	4.26267987704132	0	1.18522982730474
BA_only	hippocampus	AA	psi	chr20_30911727_30913310	chr20	30911727	30913310	3	3	0	0	0.0325977433595638	0.978660772153819	6.79753988752331	-6.79753988752331	1583	74	Intergenic	0	Non-heritable	0.0653655390220743	0.514035395151501	0.0139695256871031	0	0	0	0.653655390220743	7.36707705988101	4.31748811353631	0	1.91656076694799
BA_only	hippocampus	AA	psi	chr20_31570866_31571190	chr20	31570866	31571190	50	50	0	0	0.0246908622476585	0.975932065139872	2.16321435627912	2.16321435627912	324	185	Enhancer	2	Non-heritable	0.0970951929495611	0.732994187024831	0.00904732554104602	0	0	0	0.970951929495611	5.78074351579233	5.2257466737132	0	0.771595248060764
BA_only	hippocampus	AA	psi	chr20_3222799_3223001	chr20	3222799	3223001	43	43	0	0	0.0242786943329217	0.975932065139872	1.73302500745316	-1.73302500745316	202	443	Genic/other	0	Heritable	0.118224297777692	0.898637482610215	0.00721079263944344	5354	0	0	1.18224297777692	5.30826769740121	6.09582456243223	8.58578598288185	0.549868446551465
BA_only	hippocampus	AA	psi	chr20_32528285_32528651	chr20	32528285	32528651	61	61	0	0	0.00139885701904354	0.759071555562182	2.5447724246279	2.5447724246279	366	289	Genic/other	0	Non-heritable	0.0462531373567329	0.820313053764783	0.0082970843583858	0	0	0	0.462531373567329	5.90263333340137	5.66988092298052	0	0.934041229355424
BA_only	hippocampus	AA	psi	chr20_32541599_32542129	chr20	32541599	32542129	61	61	0	0	0.0114559206803941	0.952135290626284	2.59250088432816	2.59250088432816	530	289	Genic/other	0	Non-heritable	0.0516049964826544	0.748423178948307	0.00669161580074697	0	0	0	0.516049964826544	6.27287700654617	5.66988092298052	0	0.952623006088954
BA_only	hippocampus	AA	psi	chr20_33667404_33668265	chr20	33667404	33668265	40	40	0	0	0.0523143831557467	0.98435172557532	3.36237181027548	3.36237181027548	861	247	Promoter	2	Heritable	0.114708465939049	0.734102957384088	0.00748648131627892	0	0	0	1.14708465939049	6.75809450442773	5.51342874616498	0	1.21264662383719
BA_only	hippocampus	AA	psi	chr20_33697020_33697341	chr20	33697020	33697341	41	41	0	0	0.00139376890389499	0.759071555562182	4.02897314171206	-4.02897314171206	321	258	Intergenic	0	Non-heritable	0.0505890454839991	0.763240056515563	0.00789771054975904	13411	0	0	0.505890454839991	5.77144112313002	5.55682806169954	9.50390510758612	1.39351154242728
BA_only	hippocampus	AA	psi	chr20_34473432_34474639	chr20	34473432	34474639	27	27	0	0	0.120304929322833	0.991064867102684	1.01947087663885	-1.01947087663885	1207	120	Genic/other	0	Heritable	0.144661226908473	0.70460038690344	0.00885853695514563	3220	0	0	1.44661226908473	7.09589322109753	4.79579054559674	8.0774471493312	0.0192837541154077
BA_only	hippocampus	AA	psi	chr20_34559817_34560452	chr20	34559817	34560452	25	25	0	0	0.0354585710473181	0.980327953711174	2.01557396042924	-2.01557396042924	635	125	Intergenic	2	Heritable	0.130944352292064	0.657434184201071	0.0092438022860519	0	0	0	1.30944352292064	6.45362499889269	4.83628190695148	0	0.700904003685174
BA_only	hippocampus	AA	psi	chr20_34655065_34655819	chr20	34655065	34655819	44	44	0	0	0.0589301979385334	0.98577631996496	1.00465003271345	1.00465003271345	754	128	Genic/other	0	Heritable	0.152931362753814	0.679746197193605	0.020668905313069	0	0	0	1.52931362753814	6.62539236800796	4.85981240436167	0	0.00463926466417578
BA_only	hippocampus	AA	psi	chr20_35700589_35700898	chr20	35700589	35700898	177	177	0	0	0.0108156892758232	0.944902218841749	4.222118910246	-4.222118910246	309	175	Genic/other	1	Non-heritable	0.063507861551673	0.726866072140532	0.0124355225090922	0	0	0	0.63507861551673	5.73334127689775	5.17048399503815	0	1.44033711583334
BA_only	hippocampus	AA	psi	chr20_36845441_36845653	chr20	36845441	36845653	31	31	0	0	0.0395722753750419	0.980549382116533	2.2071511102867	-2.2071511102867	212	215	Genic/other	0	Non-heritable	0.0532066471118822	0.74257862905246	0.00731940064418715	41874	0	0	0.532066471118822	5.35658627467201	5.37527840768417	10.6424442691274	0.79170259810065
BA_only	hippocampus	AA	psi	chr20_36853035_36853500	chr20	36853035	36853500	30	30	0	0	0.0111720048011175	0.948703871232836	5.3958092238479	-5.3958092238479	465	227	Genic/other	0	Heritable	0.142384915392141	0.807432814993388	0.00740584422969608	34027	0	0	1.42384915392141	6.14203740558736	5.42934562895444	10.4349389940958	1.68562258446777
BA_only	hippocampus	AA	psi	chr20_3698064_3698231	chr20	3698064	3698231	28	28	0	0	0.000326636965795848	0.554941236144542	2.29495274385681	-2.29495274385681	167	533	Genic/other	0	Non-heritable	0.0928570952795221	0.930965128592579	0.00736266266441696	24709	0	0	0.928570952795221	5.11799381241676	6.2803958389602	10.1149632989827	0.830712256745836
BA_only	hippocampus	AA	psi	chr20_37267566_37268151	chr20	37267566	37268151	18	18	0	0	0.0122204897187957	0.95809323095415	3.59769336746999	-3.59769336746999	585	325	Intergenic	0	Heritable	0.152688331640054	0.886892691714784	0.00758827065069248	13355	0	0	1.52688331640054	6.37161184723186	5.78689738136671	9.49972100106354	1.28029291162729
BA_only	hippocampus	AA	psi	chr20_37396324_37396683	chr20	37396324	37396683	38	38	0	0	0.0263278065628889	0.975932065139872	3.09235719175206	-3.09235719175206	359	296	Promoter	0	Heritable	0.220839187936978	0.88445040131263	0.00772182885098366	2428	0	0	2.20839187936978	5.88332238848828	5.6937321388027	7.79523492900217	1.12893364855211
BA_only	hippocampus	AA	psi	chr20_38278260_38278921	chr20	38278260	38278921	343	343	0	0	0.000427297889359813	0.597963260570597	4.96970838740911	-4.96970838740911	661	399	Genic/other	0	Non-heritable	0.0617972273208329	0.914543842372804	0.00563343904056242	0	0	0	0.617972273208329	6.49375383985169	5.99146454710798	0	1.60336116583374
BA_only	hippocampus	AA	psi	chr20_38379369_38379905	chr20	38379369	38379905	341	341	0	0	0.000208298546254874	0.491440403246537	4.15334860566968	-4.15334860566968	536	417	Genic/other	0	Non-heritable	0.0819174248826189	0.915786768633607	0.00875588072216934	40994	0	0	0.819174248826189	6.2841341610708	6.03548143252476	10.6212053870303	1.42391490421966
BA_only	hippocampus	AA	psi	chr20_38508791_38510173	chr20	38508791	38510173	416	416	0	0	0.00486903336308498	0.903845859635741	4.17626061838476	4.17626061838476	1382	407	Promoter	0	Heritable	0.129178207866874	0.927936014042102	0.00703591811079805	20387	0	0	1.29178207866874	7.23128700432762	6.01126717440416	9.92270177145993	1.42941625964453
BA_only	hippocampus	AA	psi	chr20_38790592_38791083	chr20	38790592	38791083	83	83	0	0	0.00866838880547437	0.933559278800072	2.73546840235947	2.73546840235947	491	298	Intergenic	0	Heritable	0.353884173723944	0.858201105898028	0.00657965862333317	45091	0	0	3.53884173723944	6.19644412779452	5.70044357339069	10.7164601261644	1.00630268715457
BA_only	hippocampus	AA	psi	chr20_38807557_38808174	chr20	38807557	38808174	83	83	0	0	0.00766724211840515	0.933559278800072	2.48870062741949	2.48870062741949	617	295	Enhancer	1	Heritable	0.128702899138302	0.892218637917607	0.0100225739537103	28000	0	0	1.28702899138302	6.42486902390539	5.69035945432406	10.2399955028053	0.911760741913074
BA_only	hippocampus	AA	psi	chr20_38835536_38836123	chr20	38835536	38836123	83	83	0	0	0.0123942159703691	0.959836775961539	2.09464312185067	2.09464312185067	587	276	Promoter	2	Heritable	0.116803246282801	0.841391730775717	0.00929157563712204	51	0	0	1.16803246282801	6.3750248198281	5.62401750618734	3.95124371858143	0.739383196072077
BA_only	hippocampus	AA	psi	chr20_38888720_38889881	chr20	38888720	38889881	82	82	0	0	0.0269937399449007	0.975932065139872	3.19626606097532	3.19626606097532	1161	243	Genic/other	0	Non-heritable	0.0663405860777274	0.790121361985675	0.00665332447807378	0	0	0	0.663405860777274	7.05703698169789	5.4971682252932	0	1.16198327568268
BA_only	hippocampus	AA	psi	chr20_38900886_38901301	chr20	38900886	38901301	82	82	0	0	0.02601411434921	0.975932065139872	1.76662025325078	1.76662025325078	415	247	Genic/other	0	Non-heritable	0.0711502898512293	0.83612550485134	0.00643337478496987	1490	0	0	0.711502898512293	6.0282785202307	5.51342874616498	7.30720231476474	0.569068265460543
BA_only	hippocampus	AA	psi	chr20_40098222_40098517	chr20	40098222	40098517	24	24	0	0	0.0173096422001655	0.970581273335112	1.78566173806752	1.78566173806752	295	312	Intergenic	0	Heritable	0.481076599364611	0.854666862395421	0.00704718253500187	64060	0	0	4.81076599364611	5.68697535633982	5.74620319054015	11.0675910334066	0.579789073737945
BA_only	hippocampus	AA	psi	chr20_40287371_40287723	chr20	40287371	40287723	3	3	0	0	0.422680260870494	0.994840206451052	0.0806925675201799	-0.0806925675201799	352	374	Intergenic	0	Heritable	0.129898190313681	0.888307930323232	0.00826531000376193	5052	0	0	1.29898190313681	5.8636311755981	5.92692602597041	8.52773740529191	-2.51710868414225
BA_only	hippocampus	AA	psi	chr20_40682803_40683061	chr20	40682803	40683061	5	5	0	0	0.0972715962012675	0.990400450319684	1.9209430745657	-1.9209430745657	258	354	Intergenic	1	Heritable	0.12256357196977	0.926163589111093	0.006137881559348	11735	0	0	1.2256357196977	5.55295958492162	5.87211778947542	9.37041631982282	0.652816255323399
BA_only	hippocampus	AA	psi	chr20_40710683_40710846	chr20	40710683	40710846	8	8	0	0	0.0482586762530116	0.982661996589092	2.19340562532713	2.19340562532713	163	355	Enhancer	0	Non-heritable	0.0798199657089278	0.881110362982498	0.00788273947036387	0	0	0	0.798199657089278	5.09375020080676	5.87493073085203	0	0.785455420560663
BA_only	hippocampus	AA	psi	chr20_4084514_4084964	chr20	4084514	4084964	23	23	0	0	0.118005811236987	0.990898390030923	2.13936195222085	2.13936195222085	450	697	Intergenic	0	Non-heritable	0.0952922622121801	0.961612613409199	0.012281752598462	36219	0	0	0.952922622121801	6.10924758276437	6.54821910276237	10.4973667314374	0.760507636083731
BA_only	hippocampus	AA	psi	chr20_41204670_41205980	chr20	41204670	41205980	65	65	0	0	0.0229789942277765	0.975932065139872	3.48844206834042	3.48844206834042	1310	248	Promoter	0	Non-heritable	0.066240197882849	0.765295863199238	0.0094537646798914	0	0	0	0.66240197882849	7.1777824161952	5.51745289646471	0	1.24945524065903
BA_only	hippocampus	AA	psi	chr20_4129471_4130068	chr20	4129471	4130068	23	23	0	0	0.0216735937430035	0.975932065139872	1.40935656103744	-1.40935656103744	597	718	Genic/other	0	Heritable	0.610375612142322	0.937752087634421	0.00938357072204051	0	0	0	6.10375612142322	6.3919171133926	6.57786135772105	0	0.34313326764111
BA_only	hippocampus	AA	psi	chr20_43564716_43566009	chr20	43564716	43566009	41	41	0	0	0.0198366215602898	0.974913375101634	1.23449479820439	-1.23449479820439	1293	450	Promoter	0	Heritable	0.157242920940179	0.944794016709655	0.00994456458741779	0	0	0	1.57242920940179	7.16472037877186	6.11146733950268	0	0.210661824208502
BA_only	hippocampus	AA	psi	chr20_44070382_44070721	chr20	44070382	44070721	19	19	0	0	0.072349079432335	0.985907779499035	4.57206215085101	-4.57206215085101	339	457	Enhancer	0	Heritable	0.123902487502624	0.919349520624946	0.00703791333355839	3651	0	0	1.23902487502624	5.82600010738045	6.12686918411419	8.20303024171486	1.5199643418268
BA_only	hippocampus	AA	psi	chr20_44683675_44684181	chr20	44683675	44684181	132	132	0	0	0.00279530533726655	0.842320220530838	2.33035688713734	2.33035688713734	506	391	Genic/other	0	Heritable	0.42110910894073	0.878440300371139	0.00967871776563536	11325	0	0	4.2110910894073	6.22653666928747	5.97126183979046	9.33485624667375	0.846021430584613
BA_only	hippocampus	AA	psi	chr20_44750184_44750796	chr20	44750184	44750796	158	158	0	0	0.00353909459469719	0.866906756094015	2.29701965378477	2.29701965378477	612	367	Genic/other	1	Heritable	0.28429268635255	0.861043149513222	0.0112360670444686	11363	0	0	2.8429268635255	6.41673228251233	5.90808293816893	9.33820574297408	0.831612484308007
BA_only	hippocampus	AA	psi	chr20_44901471_44901786	chr20	44901471	44901786	125	125	0	0	0.00540327323387484	0.9135930038698	3.40742480054701	3.40742480054701	315	366	Promoter	0	Non-heritable	0.0720199505765821	0.885488336946697	0.00855091704008146	0	0	0	0.720199505765821	5.75257263882563	5.90536184805457	0	1.22595681847481
BA_only	hippocampus	AA	psi	chr20_45304127_45304593	chr20	45304127	45304593	145	145	0	0	0.00811716704615507	0.933559278800072	4.1184898120579	4.1184898120579	466	260	Genic/other	2	Heritable	0.112294730353213	0.843503151562194	0.00958220713496289	0	0	0	1.12294730353213	6.14418563412565	5.56452040732269	0	1.41548654812208
BA_only	hippocampus	AA	psi	chr20_45372804_45373497	chr20	45372804	45373497	143	143	0	0	0.00617841315790675	0.920376068783091	3.79079138099007	3.79079138099007	693	264	Enhancer	0	Heritable	0.120830167406194	0.818217118010581	0.00728140399726432	0	0	0	1.20830167406194	6.5410299991899	5.57972982598622	0	1.33257480758412
BA_only	hippocampus	AA	psi	chr20_45407907_45410673	chr20	45407907	45410673	140	140	0	0	0.00199306463998537	0.80651122630121	3.17778797947572	-3.17778797947572	2766	267	Promoter	2	Non-heritable	0.0882519148348242	0.742299831795855	0.00881819435661221	0	0	0	0.882519148348242	7.9251575122247	5.59098698051086	0	1.1561853539558
BA_only	hippocampus	AA	psi	chr20_46153115_46153583	chr20	46153115	46153583	40	40	0	0	0.0276820875190931	0.975932065139872	4.6821392834148	4.6821392834148	468	426	Intergenic	2	Heritable	0.198225505228127	0.923587456970919	0.00780173491653114	24784	0	0	1.98225505228127	6.14846829591765	6.05678401322863	10.1179939104547	1.54375511946231
BA_only	hippocampus	AA	psi	chr20_46199543_46199696	chr20	46199543	46199696	46	46	0	0	0.026227457960925	0.975932065139872	2.85975667402018	-2.85975667402018	153	425	Genic/other	1	Non-heritable	0.0766612993996569	0.910263069947398	0.00638768026642557	71212	0	0	0.766612993996569	5.03043792139244	6.05443934626937	11.1734306650033	1.05073654569521
BA_only	hippocampus	AA	psi	chr20_4687736_4688443	chr20	4687736	4688443	11	11	0	0	0.00849910224653956	0.933559278800072	1.29826414579103	1.29826414579103	707	702	Genic/other	1	Non-heritable	0.0751436287700647	0.95652984555815	0.00644919899838542	0	0	0	0.751436287700647	6.56103066589657	6.55535689181067	0	0.261028107430991
BA_only	hippocampus	AA	psi	chr20_4761712_4761845	chr20	4761712	4761845	11	11	0	0	0.0860524474881817	0.988137148207548	0.519736474109681	-0.519736474109681	133	697	Enhancer	1	Non-heritable	0.0841033670770269	0.948412304349557	0.012618891914119	0	0	0	0.841033670770269	4.89034912822175	6.54821910276237	0	-0.654433357181118
BA_only	hippocampus	AA	psi	chr20_4775894_4776285	chr20	4775894	4776285	11	11	0	0	0.00857639923464116	0.933559278800072	0.2780502801637	0.2780502801637	391	703	Intergenic	0	Heritable	0.260470684335064	0.932366421922824	0.0068291329206665	11415	0	0	2.60470684335064	5.96870755998537	6.55677835615804	9.34277115915667	-1.27995328178248
BA_only	hippocampus	AA	psi	chr20_48155346_48155846	chr20	48155346	48155846	85	85	0	0	0.00185926982499414	0.800632140208814	2.0336529818931	-2.0336529818931	500	670	Intergenic	0	Non-heritable	0.0809713738107663	0.969092959623724	0.0071562707783037	19610	0	0	0.809713738107663	6.21460809842219	6.50876913697168	9.88384591228084	0.70983367928285
BA_only	hippocampus	AA	psi	chr20_48374172_48374624	chr20	48374172	48374624	36	36	0	0	0.0175544288266119	0.970581273335112	2.12835056207535	2.12835056207535	452	522	Intergenic	1	Non-heritable	0.0973587579066877	0.940957816016742	0.00938991044926367	6091	0	0	0.973587579066877	6.11368217983223	6.25958146406492	8.71473171401505	0.755347300427452
BA_only	hippocampus	AA	psi	chr20_48655623_48656947	chr20	48655623	48656947	4	4	0	0	0.0962550275115993	0.990400450319684	0.409098637094644	-0.409098637094644	1324	406	Promoter	0	Heritable	0.121021834472894	0.915200571451571	0.00746901389680719	23126	0	0	1.21021834472894	7.18841273649695	6.0088131854426	10.0487560451274	-0.893798961080744
BA_only	hippocampus	AA	psi	chr20_48690900_48691239	chr20	48690900	48691239	3	3	0	0	0.025535305558193	0.975932065139872	0.723887982914926	0.723887982914926	339	388	Genic/other	0	Non-heritable	0.0902795970977216	0.914729872609415	0.00882734428414907	58403	0	0	0.902795970977216	5.82600010738045	5.96357934361845	10.9751396596215	-0.323118604483226
BA_only	hippocampus	AA	psi	chr20_48727838_48728966	chr20	48727838	48728966	8	8	0	0	0.0369537960356197	0.980549382116533	1.0908543260946	1.0908543260946	1128	320	Enhancer	0	Non-heritable	0.0751609602007525	0.778783406529482	0.0084223307515666	93062	0	0	0.751609602007525	7.02820143205801	5.77144112313002	11.4410319621453	0.0869611838166901
BA_only	hippocampus	AA	psi	chr20_48737687_48739019	chr20	48737687	48739019	8	8	0	0	0.0639487379979191	0.985907779499035	1.61326507691827	1.61326507691827	1332	312	Genic/other	0	Heritable	0.130089477774754	0.86047789805372	0.00715690093892965	83009	0	0	1.30089477774754	7.19443685110034	5.74620319054015	11.3267163614491	0.478260129668757
BA_only	hippocampus	AA	psi	chr20_48747410_48747936	chr20	48747410	48747936	8	8	0	0	0.0800240389340696	0.988137148207548	1.45075029810226	1.45075029810226	526	321	Genic/other	0	Heritable	0.120446066359306	0.836893143551528	0.00732275128268905	74092	0	0	1.20446066359306	6.26530121273771	5.77455154554441	11.2130763398853	0.372080876463026
BA_only	hippocampus	AA	psi	chr20_48787446_48787590	chr20	48787446	48787590	11	11	0	0	0.13145721025337	0.991064867102684	1.08912785604428	1.08912785604428	144	302	Genic/other	0	Non-heritable	0.0576248173433909	0.87089987108769	0.00750396536942434	34438	0	0	0.576248173433909	4.969813299576	5.71373280550937	10.4469449221155	0.0853772530767249
BA_only	hippocampus	AA	psi	chr20_49916832_49917292	chr20	49916832	49917292	108	108	0	0	0.00211179523371963	0.815187053503819	1.49530481847819	1.49530481847819	460	445	Genic/other	1	Heritable	0.482082607240923	0.931082260230988	0.00803973741980087	1451	0	0	4.82082607240923	6.13122648948314	6.10031895202006	7.28069719538474	0.402330084705764
BA_only	hippocampus	AA	psi	chr20_51003829_51003973	chr20	51003829	51003973	143	143	0	0	0.000163735290803222	0.453184094074848	1.73841458703454	-1.73841458703454	144	541	Genic/other	2	Heritable	0.10776236522178	0.949158017072577	0.00906926915426022	6390	0	0	1.0776236522178	4.969813299576	6.29526600143965	8.76264602965028	0.552973546746355
BA_only	hippocampus	AA	psi	chr20_51543495_51543698	chr20	51543495	51543698	6	6	0	0	0.00983212320994977	0.941397586311041	1.90129191651256	1.90129191651256	203	599	Promoter	1	Non-heritable	0.0794338817146505	0.938738598705705	0.00798845897108912	0	0	0	0.794338817146505	5.31320597904179	6.39692965521615	0	0.642533616425834
BA_only	hippocampus	AA	psi	chr20_51662159_51662611	chr20	51662159	51662611	6	6	0	0	0.269880413872198	0.993437465767387	1.62320781196083	-1.62320781196083	452	574	Genic/other	0	Heritable	0.626320373578152	0.93571555398795	0.0077739614335207	99598	0	0	6.26320373578152	6.11368217983223	6.35437004079735	11.5089074033616	0.48440432837002
BA_only	hippocampus	AA	psi	chr20_52422872_52424276	chr20	52422872	52424276	222	222	0	0	0.00204707090385022	0.810782914414352	4.85470629936198	-4.85470629936198	1404	357	Genic/other	0	Heritable	0.245996319178637	0.896430782694608	0.00682188053910876	0	0	0	2.45996319178637	7.24708058458576	5.8805329864007	0	1.57994860750613
BA_only	hippocampus	AA	psi	chr20_5308292_5309286	chr20	5308292	5309286	112	112	0	0	0.000915991405952869	0.704421462184525	4.57249870074	-4.57249870074	994	720	Genic/other	0	Heritable	0.716642116208825	0.945625475091987	0.00947780135431796	4996	0	0	7.16642116208825	6.90173720665657	6.58063913728495	8.51659301134421	1.5200598193233
BA_only	hippocampus	AA	psi	chr20_53591250_53592275	chr20	53591250	53592275	14	14	0	0	0.125662125467721	0.991064867102684	1.3853305917967	-1.3853305917967	1025	588	Genic/other	1	Heritable	0.164941569629823	0.955036868309173	0.00811121290201666	0	0	0	1.64941569629823	6.93244789157251	6.37842618365159	0	0.325938812812861
BA_only	hippocampus	AA	psi	chr20_53751385_53752213	chr20	53751385	53752213	23	23	0	0	0.0103613694620118	0.944902218841749	1.81926250046909	-1.81926250046909	828	636	Enhancer	0	Heritable	0.109728929250541	0.956625307726327	0.0088012079953134	10980	0	0	1.09728929250541	6.71901315438526	6.45676965557216	9.30392178559771	0.598431204939342
BA_only	hippocampus	AA	psi	chr20_53859299_53862428	chr20	53859299	53862428	22	22	0	0	0.0187376920949995	0.972503866121758	1.23612530918258	-1.23612530918258	3129	607	Intergenic	0	Non-heritable	0.0995862527498545	0.95850461382036	0.00981920650191627	2828	0	0	0.995862527498545	8.04846874366888	6.41017488196617	7.94767857130157	0.211981744820204
BA_only	hippocampus	AA	psi	chr20_53863917_53865342	chr20	53863917	53865342	22	22	0	0	0.0467555169420638	0.982445572707507	1.16341974401373	-1.16341974401373	1425	607	Enhancer	0	Heritable	0.113295391253739	0.958654863791573	0.00792955291705663	0	0	0	1.13295391253739	7.26192709270275	6.41017488196617	0	0.151363731904894
BA_only	hippocampus	AA	psi	chr20_53996303_53997100	chr20	53996303	53997100	211	211	0	0	0.00298270005672713	0.846261736290652	5.1254847806167	-5.1254847806167	797	606	Promoter	0	Non-heritable	0.0546523746781108	0.911110633887745	0.00788355272726549	11015	0	0	0.546523746781108	6.68085467879022	6.4085287910595	9.30710404040849	1.63422511384187
BA_only	hippocampus	AA	psi	chr20_54014199_54016012	chr20	54014199	54016012	211	211	0	0	0.0138168682469966	0.964441318501853	3.790765608588	-3.790765608588	1813	608	Genic/other	0	Non-heritable	0.0761953352527264	0.959616491464752	0.0059984245787164	28911	0	0	0.761953352527264	7.50273821075485	6.4118182677099	10.272012012832	1.33256800887456
BA_only	hippocampus	AA	psi	chr20_54026418_54029864	chr20	54026418	54029864	211	211	0	0	0.00439914170412565	0.889848816018623	6.13404130527788	-6.13404130527788	3446	596	Promoter	0	Non-heritable	0.0822138488903901	0.955398404869934	0.00835198369681593	28858	0	0	0.822138488903901	8.14496941708788	6.3919171133926	10.2701771816929	1.81385380112387
BA_only	hippocampus	AA	psi	chr20_54162556_54163050	chr20	54162556	54163050	206	206	0	0	0.0125525267916519	0.96140783590236	5.07600587676686	5.07600587676686	494	580	Genic/other	0	Heritable	0.15026268438948	0.954344338357622	0.00714979248497477	0	0	0	1.5026268438948	6.20253551718792	6.36475075685191	0	1.62452470957701
BA_only	hippocampus	AA	psi	chr20_5454613_5454862	chr20	5454613	5454862	98	98	0	0	0.00155378631438716	0.777132814755397	10.6507046227467	10.6507046227467	249	699	Genic/other	0	Heritable	0.283423110646402	0.957152176799124	0.00967487176858795	8987	0	0	2.83423110646402	5.51745289646471	6.5510803350434	9.10364563330522	2.365626052666
BA_only	hippocampus	AA	psi	chr20_54624818_54625457	chr20	54624818	54625457	0	0	0	0					639	515	Genic/other	0	Heritable	0.153514382105934	0.923174351704276	0.00794544026778213	69884	0	0	1.53514382105934	6.45990445437754	6.24610676548156	11.154606312919	
BA_only	hippocampus	AA	psi	chr20_54675139_54677624	chr20	54675139	54677624	0	0	0	0					2485	487	Intergenic	0	Heritable	0.707920587998679	0.910993915460527	0.0113461795274291	120205	0	0	7.07920587998679	7.81802793853073	6.19031540585315	11.6969622166428	
BA_only	hippocampus	AA	psi	chr20_5503511_5504880	chr20	5503511	5504880	102	102	0	0	0.00318434977036742	0.853185837570312	2.99095640112012	2.99095640112012	1369	695	Promoter	0	Heritable	0.124848960918493	0.971945151672793	0.00993496765077723	0	0	0	1.24848960918493	7.22183582528845	6.54534966033442	0	1.09559320619495
BA_only	hippocampus	AA	psi	chr20_56465906_56466274	chr20	56465906	56466274	34	34	0	0	0.0796169326512426	0.988137148207548	1.71979668275941	1.71979668275941	368	662	Enhancer	1	Heritable	0.426262641109437	0.927701893802951	0.00994328654251666	2491	0	0	4.26262641109437	5.90808293816893	6.49677499018586	7.82084087990734	0.542206081954905
BA_only	hippocampus	AA	psi	chr20_56516782_56517584	chr20	56516782	56517584	36	36	0	0	0.0394941860835894	0.980549382116533	4.95829797904437	-4.95829797904437	802	679	Promoter	0	Heritable	0.103354031849631	0.949117133806436	0.0102557560954593	0	0	0	1.03354031849631	6.68710860786652	6.52209279817015	0	1.60106253447822
BA_only	hippocampus	AA	psi	chr20_56625615_56626112	chr20	56625615	56626112	40	40	0	0	0.00300589315537956	0.846513053928579	8.97250652495483	8.97250652495483	497	774	Genic/other	1	Non-heritable	0.0989914627657971	0.965974700233466	0.00975465443514478	3479	0	0	0.989914627657971	6.20859002609663	6.65286302935335	8.15478757276852	2.19416507237091
BA_only	hippocampus	AA	psi	chr20_56627381_56627713	chr20	56627381	56627713	40	40	0	0	0.0090763387320647	0.938585776116121	1.96117990683422	-1.96117990683422	332	780	Genic/other	1	Non-heritable	0.0767279702903702	0.953835673116423	0.0117262649379612	1878	0	0	0.767279702903702	5.80513496891649	6.66057514983969	7.53849499941347	0.673546290498893
BA_only	hippocampus	AA	psi	chr20_56703096_56703699	chr20	56703096	56703699	21	21	0	0	0.0263630491009809	0.975932065139872	3.26198982537703	-3.26198982537703	603	803	Genic/other	0	Non-heritable	0.0578617939006556	0.9379912591566	0.00996501024726394	45161	0	0	0.578617939006556	6.40191719672719	6.68959926917897	10.7180113042626	1.18233738812316
BA_only	hippocampus	AA	psi	chr20_57263724_57264240	chr20	57263724	57264240	22	22	0	0	0.0351755176233213	0.980327953711174	1.55732385293888	-1.55732385293888	516	806	Enhancer	2	Non-heritable	0.052328127818864	0.978795883300655	0.00886201623163869	0	0	0	0.52328127818864	6.24610676548156	6.69332366826995	0	0.442968875678504
BA_only	hippocampus	AA	psi	chr20_57672117_57672288	chr20	57672117	57672288	30	30	0	0	0.0310831616688447	0.976893291659941	1.44691605148047	-1.44691605148047	171	716	Enhancer	2	Heritable	0.104544579928864	0.971004980391953	0.00928720263991382	0	0	0	1.04544579928864	5.14166355650266	6.57507584059962	0	0.36943443731472
BA_only	hippocampus	AA	psi	chr20_57685055_57685736	chr20	57685055	57685736	30	30	0	0	0.00776748954211402	0.933559278800072	2.44727752233855	-2.44727752233855	681	687	Genic/other	0	Heritable	0.122042882803335	0.958454371151643	0.00870608378430916	0	0	0	1.22042882803335	6.52356230614951	6.53378883793334	0	0.894976195413229
BA_only	hippocampus	AA	psi	chr20_57725141_57725434	chr20	57725141	57725434	28	28	0	0	0.00380593876030392	0.871332559521944	3.21792155237777	3.21792155237777	293	714	Intergenic	0	Non-heritable	0.0939891278155349	0.970011450297018	0.00956078574317577	13816	0	0	0.939891278155349	5.68017260901707	6.57228254269401	9.53365499705667	1.16873567362358
BA_only	hippocampus	AA	psi	chr20_58016904_58017833	chr20	58016904	58017833	25	25	0	0	0.005621717151171	0.914301706404424	3.74565672212229	-3.74565672212229	929	706	Enhancer	0	Non-heritable	0.0844787052023593	0.975941008305841	0.00782613338868379	51893	0	0	0.844787052023593	6.83410873881384	6.56103066589657	10.8569584555346	1.32059696397745
BA_only	hippocampus	AA	psi	chr20_59524773_59525363	chr20	59524773	59525363	24	24	0	0	0.0932642619269222	0.989446665475032	1.6747470836253	1.6747470836253	590	580	Intergenic	0	Heritable	0.12965044742967	0.963118187289089	0.0147173609745057	52253	0	0	1.2965044742967	6.38012253689977	6.36475075685191	10.8638717219208	0.515662164996643
BA_only	hippocampus	AA	psi	chr20_59606192_59606820	chr20	59606192	59606820	19	19	0	0	0.190445673428126	0.991064867102684	2.17308236777826	2.17308236777826	628	627	Genic/other	1	Non-heritable	0.080357153084844	0.959158772495895	0.0111368357051297	0	0	0	0.80357153084844	6.4425401664682	6.4425401664682	0	0.776146610255812
BA_only	hippocampus	AA	psi	chr20_59627961_59628338	chr20	59627961	59628338	20	20	0	0	0.0304069942185728	0.976893291659941	2.96700710975468	2.96700710975468	377	653	Promoter	0	Non-heritable	0.0690761644928331	0.965401960182404	0.00757259224878461	0	0	0	0.690761644928331	5.93224518744801	6.4831073514572	0	1.08755374095349
BA_only	hippocampus	AA	psi	chr20_60087379_60088142	chr20	60087379	60088142	278	278	0	0	0.00608863853233999	0.920376068783091	4.11348573828255	4.11348573828255	763	512	Promoter	2	Heritable	0.116465275838488	0.93518706535959	0.0121607006019825	0	0	0	1.16465275838488	6.63725803128446	6.24027584517077	0	1.4142707830001
BA_only	hippocampus	AA	psi	chr20_60240158_60241289	chr20	60240158	60241289	286	286	0	0	0.00162711485672876	0.786209776683368	6.53270654386182	6.53270654386182	1131	475	Genic/other	0	Heritable	0.123498181614993	0.899489257789793	0.00834512650318477	0	0	0	1.23498181614993	7.03085747611612	6.16541785423142	0	1.87682133733285
BA_only	hippocampus	AA	psi	chr20_60910356_60910894	chr20	60910356	60910894	36	36	0	0	0.0633517760456512	0.985907779499035	2.22418855924368	-2.22418855924368	538	627	Intergenic	0	Heritable	0.684644889529322	0.912711810149371	0.00705879040963082	135114	0	0	6.84644889529322	6.28785856016178	6.4425401664682	11.8138815466525	0.799392161123002
BA_only	hippocampus	AA	psi	chr20_60967373_60967957	chr20	60967373	60967957	36	36	0	0	0.0374945994612517	0.980549382116533	2.57171535973129	-2.57171535973129	584	633	Intergenic	2	Heritable	0.397655355380669	0.946827171733976	0.017726448603034	111372	0	0	3.97655355380669	6.36990098282823	6.45204895443723	11.6206402072606	0.944573135294825
BA_only	hippocampus	AA	psi	chr20_61387585_61387847	chr20	61387585	61387847	16	16	0	0	0.108705759719945	0.990898390030923	0.598377314933824	0.598377314933824	262	829	Genic/other	1	Heritable	0.107840426230445	0.970674258799073	0.00836984383548878	35073	0	0	1.07840426230445	5.5683445037611	6.72142570079064	10.4652153942292	-0.513533745864313
BA_only	hippocampus	AA	psi	chr20_61440689_61440802	chr20	61440689	61440802	10	10	0	0	0.146963507590969	0.991064867102684	0.93192096360142	-0.93192096360142	113	843	Genic/other	0	Heritable	0.268375952788502	0.964528769833408	0.00815565333613839	3647	0	0	2.68375952788502	4.72738781871234	6.73815249459596	8.20193435119422	-0.0705072601647684
BA_only	hippocampus	AA	psi	chr20_61448294_61448902	chr20	61448294	61448902	10	10	0	0	0.0528689553101166	0.984783117109287	0.813860625509515	-0.813860625509515	608	857	Genic/other	0	Heritable	0.104286243822738	0.984430769249927	0.00760713012280995	11252	0	0	1.04286243822738	6.41017488196617	6.75460409948796	9.32839003875	-0.205966137085378
BA_only	hippocampus	AA	psi	chr20_61555988_61556364	chr20	61555988	61556364	11	11	0	0	0.125660329671923	0.991064867102684	0.592028545053041	-0.592028545053041	376	804	Genic/other	0	Heritable	0.213203619656482	0.962557188924739	0.00933707681345683	118946	0	0	2.13203619656482	5.9295891433899	6.69084227741856	11.6864332947321	-0.524200410374502
BA_only	hippocampus	AA	psi	chr20_61619857_61620513	chr20	61619857	61620513	11	11	0	0	0.145049925952015	0.991064867102684	0.934912428737033	0.934912428737033	656	806	Genic/other	0	Heritable	0.103493434882267	0.977571868669095	0.00723092863315675	123113	0	0	1.03493434882267	6.48616078894409	6.69332366826995	11.7208660343818	-0.0673024024883265
BA_only	hippocampus	AA	psi	chr20_61639584_61640297	chr20	61639584	61640297	11	11	0	0	0.0946741122216145	0.990163865662712	1.50246690776869	-1.50246690776869	713	754	Genic/other	0	Heritable	0.10196115813725	0.972740189931039	0.00826368125171753	103329	0	0	1.0196115813725	6.5694814204143	6.62671774924903	11.5456830292084	0.407108369060823
BA_only	hippocampus	AA	psi	chr20_61662179_61662464	chr20	61662179	61662464	11	11	0	0	0.142396989265388	0.991064867102684	0.477391638854632	-0.477391638854632	285	762	Genic/other	0	Heritable	0.644245044645731	0.940264714691406	0.00910137802637879	81162	0	0	6.44245044645731	5.65248918026865	6.63725803128446	11.3042147572783	-0.739418058203532
BA_only	hippocampus	AA	psi	chr20_61705792_61706206	chr20	61705792	61706206	2	2	0	0	0.536081042479212	0.995991398085629	0.148392630118902	-0.148392630118902	414	759	Genic/other	0	Non-heritable	0.0971027986996613	0.975242009884206	0.00787178763339495	37420	0	0	0.971027986996613	6.02586597382531	6.63331843328038	10.5299873231482	-1.90789354436483
BA_only	hippocampus	AA	psi	chr20_61803632_61804118	chr20	61803632	61804118	3	3	0	0	0.0246568627022001	0.975932065139872	0.555065309310757	0.555065309310757	486	705	Genic/other	0	Heritable	0.247400977704444	0.951823835485957	0.00752906500855902	30628	0	0	2.47400977704444	6.18620862390049	6.55961523749324	10.3297025515629	-0.588669479709101
BA_only	hippocampus	AA	psi	chr20_61840478_61840761	chr20	61840478	61840761	14	14	0	0	0.0802546121329335	0.988137148207548	0.876658821160035	-0.876658821160035	283	716	Genic/other	0	Heritable	0.148100489486529	0.978173484187484	0.00852155860685888	67474	0	0	1.48100489486529	5.64544689764324	6.57507584059962	11.1195124378862	-0.131637380358643
BA_only	hippocampus	AA	psi	chr20_61970316_61970734	chr20	61970316	61970734	27	27	0	0	0.0150434548275632	0.966167725188189	1.27681822121988	1.27681822121988	418	740	Genic/other	2	Heritable	0.104667882316458	0.97498448008584	0.0145319756209063	0	0	0	1.04667882316458	6.03548143252476	6.60800062529609	0	0.244371226449091
BA_only	hippocampus	AA	psi	chr20_62091642_62091950	chr20	62091642	62091950	43	43	0	0	0.0309673274612146	0.976893291659941	2.54453638897131	2.54453638897131	308	724	Intergenic	0	Heritable	0.117241791344978	0.970092317688091	0.00596907593194574	24699	0	0	1.17241791344978	5.73009978297357	6.58617165485468	10.1145585226161	0.933948471904667
BA_only	hippocampus	AA	psi	chr20_6213839_6214605	chr20	6213839	6214605	5	5	0	0	0.436476630791705	0.994840206451052	0.100042490848805	0.100042490848805	766	559	Genic/other	1	Non-heritable	0.0669034136782582	0.961058654769649	0.0132937042157561	91064	0	0	0.669034136782582	6.64118216974059	6.3279367837292	11.4193288162326	-2.30216017479652
BA_only	hippocampus	AA	psi	chr20_62477388_62477669	chr20	62477388	62477669	131	131	0	0	0.0254528214282717	0.975932065139872	4.211271608133	4.211271608133	281	597	Promoter	1	Non-heritable	0.0512560387654776	0.925652200931449	0.00759739008688369	1961	0	0	0.512560387654776	5.63835466933375	6.39359075395063	7.58171964012531	1.43776464914973
BA_only	hippocampus	AA	psi	chr20_62539328_62539433	chr20	62539328	62539433	147	147	0	0	0.00961518791625687	0.939841915020693	4.8967189274866	4.8967189274866	105	658	Intergenic	0	Heritable	0.261627889598199	0.924977472623704	0.0081273269936664	3240	0	0	2.61627889598199	4.65396035015752	6.49072353450251	8.08363720314155	1.58856537623673
BA_only	hippocampus	AA	psi	chr20_62581541_62581687	chr20	62581541	62581687	153	153	0	0	0.00898629041601358	0.937974720665503	6.02923960940494	-6.02923960940494	146	644	Intergenic	0	Heritable	0.177223625302766	0.926754178669048	0.0091182465360822	11003	0	0	1.77223625302766	4.98360662170834	6.46925031679577	9.30601412204446	1.7966209031867
BA_only	hippocampus	AA	psi	chr20_62603878_62604264	chr20	62603878	62604264	157	157	0	0	0.0087634418620359	0.933559278800072	6.97985347810877	-6.97985347810877	386	648	Promoter	2	Heritable	0.111227513505922	0.962874744481409	0.00774879058453846	899	0	0	1.11227513505922	5.95583736946483	6.47543271670409	6.80239476332431	1.94302792631169
BA_only	hippocampus	AA	psi	chr20_62666792_62667865	chr20	62666792	62667865	152	152	0	0	0.00683885799741268	0.928034838482957	7.05589341655249	7.05589341655249	1073	708	Promoter	0	Non-heritable	0.0830126766903629	0.962631311466078	0.00692304885984621	44	0	0	0.830126766903629	6.9782137426307	6.56385552653213	3.80666248977032	1.95386321464378
BA_only	hippocampus	AA	psi	chr20_62741010_62741440	chr20	62741010	62741440	143	143	0	0	0.00540401253263471	0.9135930038698	4.25789670633493	-4.25789670633493	430	661	Genic/other	0	Heritable	0.129726944056627	0.959769941746987	0.00639648218235274	33124	0	0	1.29726944056627	6.06378520868761	6.49526555593701	10.4080435632885	1.44877530979732
BA_only	hippocampus	AA	psi	chr20_62744549_62745121	chr20	62744549	62745121	143	143	0	0	0.00367442152486236	0.867953489674172	3.87875245978626	3.87875245978626	572	685	Genic/other	0	Heritable	0.299677779301447	0.949703870458357	0.00773116452895701	29443	0	0	2.99677779301447	6.3491389913798	6.53087762772589	10.2902454331786	1.35551357352824
BA_only	hippocampus	AA	psi	chr20_62788562_62788696	chr20	62788562	62788696	145	145	0	0	0.00571480438005537	0.91440075671538	27.0560987026437	27.0560987026437	134	722	Intergenic	0	Heritable	0.143307308750579	0.966798810100872	0.00711111998597098	1615	0	0	1.43307308750579	4.89783979995091	6.58340922215877	7.38770923908104	3.29791244060624
BA_only	hippocampus	AA	psi	chr20_62817860_62818460	chr20	62817860	62818460	77	77	0	0	0.00259870981673359	0.833258918532135	2.24941989689848	-2.24941989689848	600	709	Genic/other	1	Heritable	0.12422935338656	0.969501111052129	0.00740067170676899	6560	0	0	1.2422935338656	6.39692965521615	6.56526497003536	8.78889830934488	0.810672363819025
BA_only	hippocampus	AA	psi	chr20_62824720_62825212	chr20	62824720	62825212	69	69	0	0	0.00978992506918959	0.939841915020693	3.10377950714667	3.10377950714667	492	705	Genic/other	2	Heritable	0.117695119222953	0.953021630152658	0.00913815336595379	0	0	0	1.17695119222953	6.19847871649231	6.55961523749324	0	1.13262056795101
BA_only	hippocampus	AA	psi	chr20_62832158_62833214	chr20	62832158	62833214	69	69	0	0	0.0117778122127184	0.954402191811006	3.28513091039351	-3.28513091039351	1056	710	Promoter	1	Non-heritable	0.0871216016065081	0.949012260281162	0.0086613909639393	3	0	0	0.871216016065081	6.96224346426621	6.56667242980324	1.38629436111989	1.18940650514349
BA_only	hippocampus	AA	psi	chr20_62850164_62851674	chr20	62850164	62851674	72	72	0	0	0.0129566680250446	0.964283399649536	4.26617888970515	4.26617888970515	1510	716	Genic/other	0	Heritable	0.127771042494327	0.974390756972821	0.00972230986806844	0	0	0	1.27771042494327	7.31986492980897	6.57507584059962	0	1.45071855534078
BA_only	hippocampus	AA	psi	chr20_63009969_63011049	chr20	63009969	63011049	60	60	0	0	0.0174578315806451	0.970581273335112	2.45842631770809	-2.45842631770809	1080	676	Enhancer	1	Heritable	0.121127366511253	0.971475221925125	0.00961636000842149	0	0	0	1.21127366511253	6.98471632011827	6.51767127291228	0	0.899521441062545
BA_only	hippocampus	AA	psi	chr20_63028721_63029861	chr20	63028721	63029861	35	35	0	0	0.0313214571429472	0.977060807838727	3.39394805513667	-3.39394805513667	1140	699	Genic/other	2	Heritable	0.2449393196861	0.959013937429821	0.0131958733920045	4847	0	0	2.449393196861	7.03878354138854	6.5510803350434	8.48632152774915	1.22199386473169
BA_only	hippocampus	AA	psi	chr20_63036553_63036677	chr20	63036553	63036677	39	39	0	0	0.0174978024885973	0.970581273335112	2.54540703588838	-2.54540703588838	124	687	Promoter	1	Heritable	0.441054755258226	0.944476133094246	0.00732124237146911	987	0	0	4.41054755258226	4.82028156560504	6.53378883793334	6.89568269774787	0.934290576658872
BA_only	hippocampus	AA	psi	chr20_63118889_63119138	chr20	63118889	63119138	41	41	0	0	0.027061462904124	0.975932065139872	1.90197087454431	1.90197087454431	249	680	Intergenic	0	Non-heritable	0.091969839107733	0.956638863098236	0.00839829644913876	15253	0	0	0.91969839107733	5.51745289646471	6.52356230614951	9.63259704272418	0.64289065619547
BA_only	hippocampus	AA	psi	chr20_63252599_63252843	chr20	63252599	63252843	139	139	0	0	0.00377001043305672	0.87063109180913	3.0524113219883	3.0524113219883	244	617	Enhancer	1	Heritable	0.113952381975972	0.956571824050448	0.00725117649501304	0	0	0	1.13952381975972	5.4971682252932	6.42648845745769	0	1.11593187891115
BA_only	hippocampus	AA	psi	chr20_63378348_63378434	chr20	63378348	63378434	146	146	0	0	0.000253846742316453	0.503902674622265	3.73685572443314	-3.73685572443314	86	558	Promoter	0	Non-heritable	0.0758999490308127	0.941307558547973	0.00658917104951861	17170	0	0	0.758999490308127	4.45434729625351	6.3261494731551	9.7509771933138	1.3182445451109
BA_only	hippocampus	AA	psi	chr20_63568966_63569737	chr20	63568966	63569737	182	182	0	0	0.00319942010615055	0.853185837570312	2.36526419777696	-2.36526419777696	771	510	Promoter	2	Heritable	0.435221571948789	0.874030472036836	0.0165765497647871	1130	0	0	4.35221571948789	6.64768837356333	6.2363695902037	7.03085747611612	0.860889731466083
BA_only	hippocampus	AA	psi	chr20_63696681_63697233	chr20	63696681	63697233	175	175	0	0	0.00357128399991888	0.866906756094015	2.32651591887087	-2.32651591887087	552	485	Genic/other	2	Non-heritable	0.0923535877277072	0.914532347329365	0.00914297067636396	0	0	0	0.923535877277072	6.3135480462771	6.18620862390049	0	0.844371838989151
BA_only	hippocampus	AA	psi	chr20_63735618_63735862	chr20	63735618	63735862	109	109	0	0	0.013555016832743	0.964283399649536	2.07139883097606	2.07139883097606	244	494	Promoter	1	Non-heritable	0.0678435313020287	0.885224021297527	0.00951410513539853	912	0	0	0.678435313020287	5.4971682252932	6.20455776256869	6.81673588059497	0.728224147635968
BA_only	hippocampus	AA	psi	chr20_63919232_63919478	chr20	63919232	63919478	62	62	0	0	0.0929232112559058	0.989446665475032	1.54735084430682	1.54735084430682	246	412	Promoter	2	Heritable	0.20937208335608	0.851240728877443	0.010098281275394	0	0	0	2.0937208335608	5.50533153593236	6.02344759296103	0	0.436544342454896
BA_only	hippocampus	AA	psi	chr20_63947892_63948731	chr20	63947892	63948731	49	49	0	0	0.0138099289668888	0.964441318501853	0.817097918649011	0.817097918649011	839	390	Genic/other	1	Heritable	0.147010012848566	0.914929768255138	0.0214898311827992	0	0	0	1.47010012848566	6.73221070646721	5.96870755998537	0	-0.201996327597734
BA_only	hippocampus	AA	psi	chr20_64099120_64099410	chr20	64099120	64099410	46	46	0	0	0.011219971288269	0.948703871232836	3.08943873928934	3.08943873928934	290	302	Genic/other	1	Non-heritable	0.0809950490242804	0.709310058096835	0.00745487075010343	3144	0	0	0.809950490242804	5.66988092298052	5.71373280550937	8.05356916913454	1.12798943987791
BA_only	hippocampus	AA	psi	chr20_64205717_64206230	chr20	64205717	64206230	28	28	0	0	0.163970454799463	0.991064867102684	0.871929094375712	-0.871929094375712	513	249	Genic/other	0	Non-heritable	0.0327760292748574	0.720188456596218	0.00821069768812117	6854	0	0	0.327760292748574	6.24027584517077	5.52146091786225	8.83273359199642	-0.137047160699801
BA_only	hippocampus	AA	psi	chr20_646254_646470	chr20	646254	646470	119	119	0	0	0.0120819471238759	0.95629185250073	2.15142080345149	-2.15142080345149	216	1039	Intergenic	1	Heritable	0.100740156488541	0.979646694172821	0.009653813357595	14427	0	0	1.00740156488541	5.37527840768417	6.94697599213542	9.57692604202343	0.76612846734449
BA_only	hippocampus	AA	psi	chr20_6920915_6921512	chr20	6920915	6921512	16	16	0	0	0.0158742857763955	0.967716068030647	0.799804722394801	-0.799804722394801	597	571	Intergenic	0	Heritable	0.107074371464803	0.959754767675465	0.011083571669687	152315	0	0	1.07074371464803	6.3919171133926	6.3491389913798	11.9337125891762	-0.22338766561418
BA_only	hippocampus	AA	psi	chr20_7803781_7804001	chr20	7803781	7804001	3	3	0	0	0.489347051317626	0.994840206451052	0.0112673522318292	0.0112673522318292	220	412	Intergenic	0	Heritable	0.11370272119393	0.906499314138612	0.00784604287312292	955	0	0	1.1370272119393	5.39362754635236	6.02344759296103	6.8627579130514	-4.48584503051401
BA_only	hippocampus	AA	psi	chr20_8808095_8808379	chr20	8808095	8808379	18	18	0	0	0.147246473982925	0.991064867102684	1.40270257212052	1.40270257212052	284	505	Genic/other	0	Heritable	0.140823430374148	0.905106686083756	0.00850260769647588	0	0	0	1.40823430374148	5.64897423816121	6.22653666928747	0	0.338400791563438
BA_only	hippocampus	AA	psi	chr20_8829754_8830976	chr20	8829754	8830976	34	34	0	0	0.0156103743916269	0.967605562340161	3.05476794591458	-3.05476794591458	1222	509	Promoter	0	Heritable	0.715130307478137	0.901552325479948	0.00720310872677654	0	0	0	7.15130307478137	7.10824413973154	6.23441072571837	0	1.11670363422802
BA_only	hippocampus	AA	psi	chr20_885748_886254	chr20	885748	886254	32	32	0	0	0.000883056028939336	0.696489914639024	1.55078905175858	-1.55078905175858	506	968	Genic/other	1	Non-heritable	0.0806621940754332	0.986081872540749	0.0127072967892427	41036	0	0	0.806621940754332	6.22653666928747	6.87626461189077	10.6222293777576	0.438763873500222
BA_only	hippocampus	AA	psi	chr20_9516564_9516849	chr20	9516564	9516849	24	24	0	0	0.0678564465663047	0.985907779499035	4.75315473428701	4.75315473428701	285	491	Genic/other	1	Non-heritable	0.0982743076995475	0.931409245647648	0.00815900539751406	12605	0	0	0.982743076995475	5.65248918026865	6.19847871649231	9.44192817007306	1.5588085542841
BA_only	hippocampus	AA	psi	chr20_953954_954130	chr20	953954	954130	34	34	0	0	0.0149766769637987	0.966167725188189	2.24076277123397	2.24076277123397	176	937	Intergenic	0	Heritable	0.490915763576773	0.970851088540786	0.0109135397175329	6335	0	0	4.90915763576773	5.17048399503815	6.84374994900623	8.75400293349426	0.806816335237268
BA_only	hippocampus	AA	psi	chr21_13979473_13981062	chr21	13979473	13981062	144	144	0	0	0.00398304725528512	0.876453522128082	2.11577416056589	-2.11577416056589	1589	312	Promoter	2	Heritable	0.298520842412873	0.877119328464921	0.0238903901243109	0	0	0	2.98520842412873	7.37086016653672	5.74620319054015	0	0.749420783615261
BA_only	hippocampus	AA	psi	chr21_14063822_14064884	chr21	14063822	14064884	186	186	0	0	0.00197625962239835	0.80614848610333	7.66620429935597	-7.66620429935597	1062	371	Promoter	2	Heritable	0.556475482658511	0.867810238517031	0.0125747355792777	0	0	0	5.56475482658511	6.96790920180188	5.91889385427315	0	2.03682161796716
BA_only	hippocampus	AA	psi	chr21_14280805_14281632	chr21	14280805	14281632	125	125	0	0	0.0032604351270271	0.857374229512349	5.52133264614803	-5.52133264614803	827	456	Genic/other	0	Heritable	0.279141247107556	0.89247306798004	0.0106773249472942	0	0	0	2.79141247107556	6.71780469502369	6.12468339089421	0	1.70861925436633
BA_only	hippocampus	AA	psi	chr21_14715442_14715910	chr21	14715442	14715910	103	103	0	0	0.000553223834438851	0.636920160415722	3.40802875821045	-3.40802875821045	468	530	Genic/other	0	Heritable	0.661133269980734	0.917226104849082	0.00563537166702242	0	0	0	6.61133269980734	6.14846829591765	6.27476202124194	0	1.22613405030775
BA_only	hippocampus	AA	psi	chr21_15731367_15732802	chr21	15731367	15732802	47	47	0	0	0.052953667395923	0.984783117109287	2.12486111963946	-2.12486111963946	1435	424	Enhancer	2	Non-heritable	0.0880374670849917	0.913712530978837	0.00892874840740181	104320	0	0	0.880374670849917	7.26892012819372	6.05208916892442	11.5552279630041	0.753706449483025
BA_only	hippocampus	AA	psi	chr21_16279705_16280269	chr21	16279705	16280269	628	628	0	0	0.000290094761362571	0.532630066323697	4.46221641882806	-4.46221641882806	564	471	Promoter	0	Heritable	0.18305954257921	0.949079913893611	0.00981617942238672	0	0	0	1.8305954257921	6.33505425149806	6.15697898558556	0	1.49564559972601
BA_only	hippocampus	AA	psi	chr21_18849776_18851911	chr21	18849776	18851911	1	1	0	0	0.843964448135442	0.998377898929997	0.135728362479647	-0.135728362479647	2135	460	Intergenic	0	Heritable	0.608168862328709	0.902584607791212	0.0101411509994869	90001	0	0	6.08168862328709	7.66622192566273	6.13339804299665	11.4075871712877	-1.99709965161097
BA_only	hippocampus	AA	psi	chr21_21000882_21002237	chr21	21000882	21002237	55	55	0	0	0.0046570078618653	0.900841552712699	4.27133334261048	-4.27133334261048	1355	487	Genic/other	1	Non-heritable	0.0956094698906682	0.938962767239075	0.00964524456643797	0	0	0	0.956094698906682	7.2115567333138	6.19031540585315	0	1.45192603906187
BA_only	hippocampus	AA	psi	chr21_25870195_25870630	chr21	25870195	25870630	34	34	0	0	0.0308580045894962	0.976893291659941	1.21563478244926	1.21563478244926	435	319	Intergenic	0	Heritable	0.113257704437748	0.872787083195305	0.00796007376318206	27042	0	0	1.13257704437748	6.07534603108868	5.76832099579377	10.2051834707483	0.195266403277481
BA_only	hippocampus	AA	psi	chr21_25930048_25930925	chr21	25930048	25930925	43	43	0	0	0.028658487137442	0.975932065139872	4.93631193241598	-4.93631193241598	877	365	Genic/other	0	Non-heritable	0.0886822114451732	0.846381886690174	0.0072278789301083	3263	0	0	0.886822114451732	6.77650699237218	5.90263333340137	8.090708716084	1.59661848201626
BA_only	hippocampus	AA	psi	chr21_26167673_26167953	chr21	26167673	26167953	32	32	0	0	0.0614029856871335	0.985907779499035	2.36413835639559	-2.36413835639559	280	438	Genic/other	1	Non-heritable	0.0868009116837243	0.81818052826535	0.00688451513557223	0	0	0	0.868009116837243	5.63478960316925	6.08449941307517	0	0.860413628455194
BA_only	hippocampus	AA	psi	chr21_27813961_27814634	chr21	27813961	27814634	5	5	0	0	0.443901879377151	0.994840206451052	0.240813668756717	0.240813668756717	673	414	Enhancer	0	Non-heritable	0.0453360719878413	0.881873148482398	0.0116130858799644	62888	0	0	0.453360719878413	6.51174532964473	6.0282785202307	11.049126546632	-1.42373176169275
BA_only	hippocampus	AA	psi	chr21_28417149_28417863	chr21	28417149	28417863	55	55	0	0	0.0114316741860083	0.951715111774742	1.83158292357934	-1.83158292357934	714	327	Genic/other	0	Heritable	0.185598570275147	0.890261158518305	0.0104607101079251	13395	0	0	1.85598570275147	6.57088296233958	5.79301360838414	9.5027114339141	0.605180583991145
BA_only	hippocampus	AA	psi	chr21_29018399_29018819	chr21	29018399	29018819	73	73	0	0	0.00707761419582854	0.931602204679102	4.08331708070497	4.08331708070497	420	231	Enhancer	1	Heritable	0.244823118204347	0.768867420574594	0.0117586823564909	0	0	0	2.44823118204347	6.04025471127741	5.44673737166631	0	1.40690967052818
BA_only	hippocampus	AA	psi	chr21_29024006_29024219	chr21	29024006	29024219	70	70	0	0	0.00207560241121516	0.811090501848299	4.52157244842804	-4.52157244842804	213	230	Promoter	1	Heritable	0.269575883346057	0.821744631751298	0.00466433332286209	557	0	0	2.69575883346057	5.36129216570943	5.44241771052179	6.32435896238131	1.50885982237753
BA_only	hippocampus	AA	psi	chr21_29077145_29077915	chr21	29077145	29077915	73	73	0	0	0.0256043959511372	0.975932065139872	2.23302830458183	-2.23302830458183	770	228	Promoter	1	Non-heritable	0.0627385441342652	0.727648987201949	0.00931441679204272	0	0	0	0.627385441342652	6.64639051484773	5.43372200355424	0	0.803358652841145
BA_only	hippocampus	AA	psi	chr21_31265468_31265780	chr21	31265468	31265780	4	4	0	0	0.393044792729354	0.99451450116979	0.450374372557433	-0.450374372557433	312	474	Genic/other	0	Non-heritable	0.0961171211828746	0.926543395533249	0.00647371287865909	47914	0	0	0.961171211828746	5.74300318780948	6.16331480403464	10.7771838867779	-0.797676080866953
BA_only	hippocampus	AA	psi	chr21_31543280_31543573	chr21	31543280	31543573	4	4	0	0	0.0468014952100832	0.982445572707507	0.72726754958744	-0.72726754958744	293	523	Genic/other	0	Heritable	0.104845666406481	0.899705743026939	0.00801306369191306	0	0	0	1.04845666406481	5.68017260901707	6.26149168432104	0	-0.318460836711049
BA_only	hippocampus	AA	psi	chr21_31875336_31875906	chr21	31875336	31875906	3	3	0	0	0.380398428264494	0.994416868537123	0.248181323760005	-0.248181323760005	570	496	Genic/other	1	Heritable	0.102386874803175	0.892450138494159	0.00819821459416965	169061	0	0	1.02386874803175	6.3456363608286	6.20859002609663	12.0380207905324	-1.39359561548617
BA_only	hippocampus	AA	psi	chr21_32256473_32256567	chr21	32256473	32256567	20	20	0	0	0.00406904092916477	0.880626276698998	2.14915461366368	-2.14915461366368	94	482	Intergenic	0	Heritable	0.137617757005859	0.933169243198224	0.00847552647710692	27587	0	0	1.37617757005859	4.54329478227	6.18001665365257	10.2251361745512	0.765074566520889
BA_only	hippocampus	AA	psi	chr21_32335025_32336136	chr21	32335025	32336136	59	59	0	0	0.0140378786270851	0.964826773227435	2.5221201107671	2.5221201107671	1111	468	Promoter	0	Non-heritable	0.0788451727885639	0.919674715503695	0.00955565964276064	20473	0	0	0.788451727885639	7.01301578963963	6.15060276844628	9.92691106747972	0.925099865578638
BA_only	hippocampus	AA	psi	chr21_32393575_32393798	chr21	32393575	32393798	66	66	0	0	0.0224061479740045	0.975932065139872	3.94985732425043	3.94985732425043	223	456	Promoter	1	Heritable	0.384508509451952	0.884237318611841	0.0116856368329015	9181	0	0	3.84508509451952	5.40717177146012	6.12468339089421	9.12500032480917	1.37367946034948
BA_only	hippocampus	AA	psi	chr21_32772751_32772849	chr21	32772751	32772849	84	84	0	0	0.00158599804065674	0.781791638108056	2.31302517745848	2.31302517745848	98	424	Promoter	1	Heritable	0.254075890739687	0.890690394224581	0.00945632003019944	0	0	0	2.54075890739687	4.58496747867057	6.05208916892442	0	0.838556272709458
BA_only	hippocampus	AA	psi	chr21_32977609_32978775	chr21	32977609	32978775	47	47	0	0	0.0356375846108775	0.98040154141593	0.937800170825992	-0.937800170825992	1166	459	Enhancer	2	Non-heritable	0.0705037967664335	0.921812433926073	0.0102563673563936	0	0	0	0.705037967664335	7.06133436691044	6.13122648948314	0	-0.0642183795073137
BA_only	hippocampus	AA	psi	chr21_33052060_33052385	chr21	33052060	33052385	48	48	0	0	0.00932917086964883	0.939841915020693	1.37466569799714	1.37466569799714	325	419	Genic/other	0	Heritable	0.112162000781847	0.897478037022054	0.00990007785555524	0	0	0	1.12162000781847	5.78382518232974	6.04025471127741	0	0.318210580103097
BA_only	hippocampus	AA	psi	chr21_33116107_33118108	chr21	33116107	33118108	55	55	0	0	0.0258529147979822	0.975932065139872	1.1458344028387	1.1458344028387	2001	403	Genic/other	0	Heritable	0.110260387313259	0.91539261594358	0.00889995868769832	0	0	0	1.10260387313259	7.60140233458373	6.00141487796115	0	0.136133116437911
BA_only	hippocampus	AA	psi	chr21_33895386_33895458	chr21	33895386	33895458	101	101	0	0	0.00373198182213176	0.868236155887141	2.67902164868064	2.67902164868064	72	358	Genic/other	0	Heritable	0.315110986268038	0.84774642905652	0.00970540780280386	8180	0	0	3.15110986268038	4.27666611901606	5.88332238848828	9.0095696715137	0.985451675143692
BA_only	hippocampus	AA	psi	chr21_34533619_34534901	chr21	34533619	34534901	22	22	0	0	0.0811439101970244	0.988137148207548	1.99154754025356	-1.99154754025356	1282	479	Genic/other	0	Heritable	0.475979490205025	0.907344461359207	0.00823950038156702	0	0	0	4.75979490205025	7.15617663748062	6.17378610390194	0	0.68891199995686
BA_only	hippocampus	AA	psi	chr21_34613406_34613724	chr21	34613406	34613724	23	23	0	0	0.0957410907512538	0.990400450319684	1.62593726948328	1.62593726948328	318	512	Genic/other	1	Non-heritable	0.0890225552410366	0.929111524700217	0.0106385433957858	0	0	0	0.890225552410366	5.76205138278018	6.24027584517077	0	0.486084436878124
BA_only	hippocampus	AA	psi	chr21_34687960_34688946	chr21	34687960	34688946	19	19	0	0	0.0234548933215034	0.975932065139872	1.62289810319451	-1.62289810319451	986	531	Genic/other	0	Heritable	0.684888739686993	0.927403135186679	0.0302458245715414	0	0	0	6.84888739686993	6.89365635460264	6.27664348934165	0	0.484213509725498
BA_only	hippocampus	AA	psi	chr21_36654253_36654814	chr21	36654253	36654814	11	11	0	0	0.177815753512889	0.991064867102684	1.57863967522887	1.57863967522887	561	516	Intergenic	0	Non-heritable	0.072564588867225	0.931813384417035	0.00988438298121854	27257	0	0	0.72564588867225	6.3297209055227	6.24804287450843	10.2131023349875	0.456563517485149
BA_only	hippocampus	AA	psi	chr21_36711033_36711286	chr21	36711033	36711286	12	12	0	0	0.170824403353869	0.991064867102684	0.749222494326093	0.749222494326093	253	494	Genic/other	1	Heritable	0.152208450123539	0.938997142449856	0.00930119274706912	33849	0	0	1.52208450123539	5.53338948872752	6.20455776256869	10.4296942783404	-0.288719271054876
BA_only	hippocampus	AA	psi	chr21_36756708_36757506	chr21	36756708	36757506	12	12	0	0	0.382606460344501	0.994454186046711	0.653416637894856	0.653416637894856	798	479	Genic/other	0	Heritable	0.105421399626282	0.936434388835214	0.0102807064073176	0	0	0	1.05421399626282	6.68210859744981	6.17378610390194	0	-0.425540301267915
BA_only	hippocampus	AA	psi	chr21_36768637_36768772	chr21	36768637	36768772	13	13	0	0	0.093950593614489	0.9898374025692	0.48315220103488	0.48315220103488	135	481	Genic/other	0	Non-heritable	0.0922967700853095	0.943641351485919	0.0077561266927706	8909	0	0	0.922967700853095	4.90527477843843	6.1779441140506	9.09492952046486	-0.727423538256532
BA_only	hippocampus	AA	psi	chr21_37364941_37365170	chr21	37364941	37365170	48	48	0	0	0.0578628693191995	0.98577631996496	4.76896478027215	-4.76896478027215	229	364	Promoter	1	Non-heritable	0.0429357574267655	0.829351630201444	0.00986350143412782	663	0	0	0.429357574267655	5.43372200355424	5.89989735358249	6.49828214947643	1.56212925624672
BA_only	hippocampus	AA	psi	chr21_39387535_39388224	chr21	39387535	39388224	125	125	0	0	0.0022003591438369	0.817420768810123	3.04031457877786	-3.04031457877786	689	510	Promoter	1	Non-heritable	0.0742880220627854	0.92176757404053	0.0103182541662704	0	0	0	0.742880220627854	6.53524127101366	6.2363695902037	0	1.11196099321473
BA_only	hippocampus	AA	psi	chr21_40618213_40618413	chr21	40618213	40618413	12	12	0	0	0.123217888491206	0.991064867102684	1.00762097374589	-1.00762097374589	200	612	Genic/other	0	Non-heritable	0.0937290596587294	0.945824722532204	0.00904472744002838	0	0	0	0.937290596587294	5.29831736654804	6.41836493593621	0	0.0075920907517715
BA_only	hippocampus	AA	psi	chr21_40618722_40619037	chr21	40618722	40619037	12	12	0	0	0.0605563536307749	0.98577631996496	1.11683750447021	-1.11683750447021	315	622	Genic/other	0	Heritable	0.151609556478388	0.955334792882227	0.013017657301977	0	0	0	1.51609556478388	5.75257263882563	6.43454651878745	0	0.110501043498884
BA_only	hippocampus	AA	psi	chr21_40840851_40841084	chr21	40840851	40841084	2	2	0	0	0.0779587454938958	0.987720536119146	0.426270581424277	-0.426270581424277	233	680	Enhancer	1	Non-heritable	0.0685292970213305	0.943560004206851	0.0089078855871865	169996	0	0	0.685292970213305	5.4510384535657	6.52356230614951	12.0435360688179	-0.852680943224471
BA_only	hippocampus	AA	psi	chr21_41369531_41370077	chr21	41369531	41370077	110	110	0	0	0.0151045763845051	0.966167725188189	3.596410639882	3.596410639882	546	867	Promoter	0	Non-heritable	0.0839358355274449	0.957450724384689	0.00904520336225411	0	0	0	0.839358355274449	6.30261897574491	6.76619171466035	0	1.27993630638591
BA_only	hippocampus	AA	psi	chr21_41725423_41725585	chr21	41725423	41725585	44	44	0	0	0.011622951217973	0.95315577890577	2.53051965722386	-2.53051965722386	162	878	Intergenic	0	Heritable	0.115834912083846	0.979137727550489	0.00855502730847977	8060	0	0	1.15834912083846	5.08759633523238	6.77878489768518	8.9947928972836	0.92842468371208
BA_only	hippocampus	AA	psi	chr21_42107907_42108273	chr21	42107907	42108273	98	98	0	0	0.000431899923468312	0.600933463320688	2.31474996081985	-2.31474996081985	366	912	Genic/other	1	Heritable	0.335833009807848	0.973381366518449	0.0128194847788362	8980	0	0	3.35833009807848	5.90263333340137	6.81673588059497	9.10286651367095	0.839301677739842
BA_only	hippocampus	AA	psi	chr21_42171140_42171842	chr21	42171140	42171842	106	106	0	0	0.00214758718460088	0.815187053503819	2.750738500941	2.750738500941	702	886	Intergenic	0	Non-heritable	0.0859868154525315	0.979439119947418	0.007873894511273	29880	0	0	0.859868154525315	6.55393340402581	6.78784498230958	10.3049781058889	1.01186942505863
BA_only	hippocampus	AA	psi	chr21_42254285_42254798	chr21	42254285	42254798	111	111	0	0	0.0224796974251252	0.975932065139872	3.50846793911283	3.50846793911283	513	805	Genic/other	0	Non-heritable	0.09914677520674	0.979615320410446	0.0074949094709574	28613	0	0	0.9914677520674	6.24027584517077	6.69208374250663	10.2616513875263	1.25517946045766
BA_only	hippocampus	AA	psi	chr21_42666975_42667378	chr21	42666975	42667378	51	51	0	0	0.00506064285811442	0.909885926705608	1.90106783362899	1.90106783362899	403	549	Enhancer	1	Heritable	0.117531416565546	0.952262692794261	0.00814078663855583	0	0	0	1.17531416565546	5.99893656194668	6.30991827822652	0	0.642415751259266
BA_only	hippocampus	AA	psi	chr21_42777855_42778524	chr21	42777855	42778524	40	40	0	0	0.00656918260524911	0.924278699698427	2.2029500275276	2.2029500275276	669	522	Genic/other	0	Heritable	0.127049993565199	0.946460153775613	0.0115940690845233	0	0	0	1.27049993565199	6.50578406012823	6.25958146406492	0	0.789797388274602
BA_only	hippocampus	AA	psi	chr21_42837633_42838188	chr21	42837633	42838188	47	47	0	0	0.0116021725712301	0.95315577890577	3.86966777558691	3.86966777558691	555	552	Genic/other	2	Heritable	0.188594697341873	0.926634804429254	0.00891208457985245	20221	0	0	1.88594697341873	6.31896811374643	6.31535800152234	9.91452639965134	1.35316865983933
BA_only	hippocampus	AA	psi	chr21_43028233_43028404	chr21	43028233	43028404	41	41	0	0	0.0189616467428171	0.97294422691241	2.78422664488317	2.78422664488317	171	433	Genic/other	0	Heritable	0.145108246207245	0.932457376542667	0.00890645521742592	3361	0	0	1.45108246207245	5.14166355650266	6.07304453410041	8.12029131396856	1.02397015255023
BA_only	hippocampus	AA	psi	chr21_43038005_43039931	chr21	43038005	43039931	29	29	0	0	0.046234732563087	0.981811673682598	3.50272353831816	-3.50272353831816	1926	453	Intergenic	0	Non-heritable	0.0816594794429635	0.894908656908653	0.00135500404755671	13133	0	0	0.816594794429635	7.56320059235807	6.11809719804135	9.48295956675092	1.25354082255078
BA_only	hippocampus	AA	psi	chr21_43043606_43046703	chr21	43043606	43046703	29	29	0	0	0.00764538886156616	0.933559278800072	3.74123547522345	-3.74123547522345	3097	435	Enhancer	0	Non-heritable	0.0317262153848397	0.834299488476603	0.00306230803087518	6943	0	0	0.317262153848397	8.0381891799732	6.07764224334903	8.84563325634019	1.31941590051763
BA_only	hippocampus	AA	psi	chr21_43159822_43160496	chr21	43159822	43160496	27	27	0	0	0.0326075242832006	0.978660772153819	1.05273611392197	1.05273611392197	674	375	Genic/other	0	Heritable	0.150814094383835	0.862383522205765	0.0144444166342965	0	0	0	1.50814094383835	6.51323011091231	5.9295891433899	0	0.0513926071817432
BA_only	hippocampus	AA	psi	chr21_43319482_43319915	chr21	43319482	43319915	123	123	0	0	0.0169780628502579	0.970581273335112	2.55936741446204	-2.55936741446204	433	310	Intergenic	0	Heritable	0.185110654588663	0.880784435991785	0.00858306034786449	39570	0	0	1.85110654588663	6.07073772800249	5.73979291217923	10.5858518057306	0.939760128137765
BA_only	hippocampus	AA	psi	chr21_43359265_43359595	chr21	43359265	43359595	113	113	0	0	0.0323076924712098	0.978291599206987	2.0296935486021	2.0296935486021	330	338	Genic/other	1	Non-heritable	0.0883385841610601	0.876848629401727	0.00865827663393725	0	0	0	0.883385841610601	5.79909265446053	5.82600010738045	0	0.707884825304994
BA_only	hippocampus	AA	psi	chr21_43725878_43725999	chr21	43725878	43725999	66	66	0	0	0.000746524661904727	0.677254417144753	4.72339074353525	4.72339074353525	121	317	Genic/other	1	Non-heritable	0.0911963995881921	0.863038490094417	0.00897682504785246	0	0	0	0.911963995881921	4.79579054559674	5.76205138278018	0	1.55252692167236
BA_only	hippocampus	AA	psi	chr21_43740642_43741722	chr21	43740642	43741722	47	47	0	0	0.0173625495853711	0.970581273335112	2.53030102379868	-2.53030102379868	1080	328	Promoter	0	Heritable	0.114170404520723	0.854510082745826	0.00708522708891099	0	0	0	1.14170404520723	6.98471632011827	5.79605775076537	0	0.928338281352371
BA_only	hippocampus	AA	psi	chr21_43971260_43971389	chr21	43971260	43971389	83	83	0	0	0.0392480105208419	0.980549382116533	3.15692436712658	-3.15692436712658	129	334	Promoter	1	Heritable	0.227418320256393	0.890918198853741	0.00799599365129464	3313	0	0	2.27418320256393	4.85981240436167	5.81413053182507	8.10591119798651	1.14959825525873
BA_only	hippocampus	AA	psi	chr21_44163287_44163435	chr21	44163287	44163435	89	89	0	0	0.00646979804693807	0.92284858637232	2.05261589508776	-2.05261589508776	148	464	Genic/other	1	Heritable	0.143499282435947	0.920681969570618	0.0167997551292952	0	0	0	1.43499282435947	4.99721227376412	6.14203740558736	0	0.719115030951166
BA_only	hippocampus	AA	psi	chr21_44199287_44199514	chr21	44199287	44199514	89	89	0	0	0.011066820255129	0.948447257389615	1.39198761080543	1.39198761080543	227	478	Genic/other	1	Non-heritable	0.0956798388755638	0.874919316518877	0.0109443023070672	0	0	0	0.956798388755638	5.4249500174814	6.17170059741092	0	0.330732668773137
BA_only	hippocampus	AA	psi	chr21_44317315_44317650	chr21	44317315	44317650	82	82	0	0	0.0413470452318039	0.980549382116533	2.06883357534921	-2.06883357534921	335	514	Genic/other	1	Non-heritable	0.0998460263116234	0.925699375736151	0.00938110666616923	1070	0	0	0.998460263116234	5.81413053182507	6.24416690066374	6.97634807044775	0.726984963121205
BA_only	hippocampus	AA	psi	chr21_44505659_44505869	chr21	44505659	44505869	23	23	0	0	0.0301407626391504	0.976893291659941	1.20929663654031	1.20929663654031	210	559	Promoter	1	Non-heritable	0.0563169873991579	0.958587468726727	0.0111199877559825	11892	0	0	0.563169873991579	5.34710753071747	6.3279367837292	9.38370527072725	0.19003890674671
BA_only	hippocampus	AA	psi	chr21_44626841_44627626	chr21	44626841	44627626	21	21	0	0	0.0110946204607607	0.948447257389615	2.35322346953195	-2.35322346953195	785	592	Promoter	0	Heritable	0.48871922127093	0.928899868529382	0.0160643849469976	0	0	0	4.8871922127093	6.66568371778241	6.38519439899773	0	0.855786081661918
BA_only	hippocampus	AA	psi	chr21_44708056_44708136	chr21	44708056	44708136	74	74	0	0	0.0074720876963967	0.933559278800072	4.70829145628719	4.70829145628719	80	623	Genic/other	1	Non-heritable	0.0940131780672212	0.955828394314297	0.00897067099197722	0	0	0	0.940131780672212	4.38202663467388	6.43615036836943	0	1.54932509620887
BA_only	hippocampus	AA	psi	chr21_44918655_44920077	chr21	44918655	44920077	85	85	0	0	0.00394837510461365	0.876132919298309	4.12751551716982	-4.12751551716982	1422	668	Promoter	0	Heritable	0.522085866118484	0.934367032855226	0.021130830293963	0	0	0	5.22085866118484	7.25981961036319	6.50578406012823	0	1.41767565868752
BA_only	hippocampus	AA	psi	chr21_45029771_45029979	chr21	45029771	45029979	108	108	0	0	0.0154541571018923	0.967076513219291	4.06651376016759	-4.06651376016759	208	704	Intergenic	1	Non-heritable	0.0582583480359724	0.96163845651167	0.00753814268233838	20019	0	0	0.582583480359724	5.33753807970132	6.55819780281227	9.90448705286921	1.40278606486452
BA_only	hippocampus	AA	psi	chr21_45281297_45281594	chr21	45281297	45281594	75	75	0	0	0.0253945082253144	0.975932065139872	3.45556509275864	3.45556509275864	297	578	Genic/other	1	Heritable	0.105310471992555	0.951864579059084	0.0094693151160417	0	0	0	1.05310471992555	5.6937321388027	6.361302477573	0	1.23998600470135
BA_only	hippocampus	AA	psi	chr21_45325975_45326592	chr21	45325975	45326592	86	86	0	0	0.0264532747850041	0.975932065139872	2.86160560148502	2.86160560148502	617	576	Intergenic	0	Non-heritable	0.0958686962843673	0.955910157140469	0.00947992820555792	0	0	0	0.958686962843673	6.42486902390539	6.3578422665081	0	1.05138286992141
BA_only	hippocampus	AA	psi	chr21_45339889_45339987	chr21	45339889	45339987	86	86	0	0	0.02597524980172	0.975932065139872	2.72632459574532	2.72632459574532	98	563	Genic/other	0	Non-heritable	0.0704804154258641	0.876189550806501	0.00708237620644926	0	0	0	0.704804154258641	4.58496747867057	6.33505425149806	0	1.00295440386136
BA_only	hippocampus	AA	psi	chr21_45349698_45349979	chr21	45349698	45349979	91	91	0	0	0.00224713004488939	0.818039030279412	3.43793350740715	-3.43793350740715	281	544	Enhancer	1	Heritable	0.115456290905305	0.945327954297045	0.0082785842071468	0	0	0	1.15456290905305	5.63835466933375	6.30078579466324	0	1.23487056919578
BA_only	hippocampus	AA	psi	chr21_45466987_45467136	chr21	45466987	45467136	94	94	0	0	0.0112808928055238	0.950081225852059	2.77886293025184	2.77886293025184	149	488	Genic/other	1	Non-heritable	0.0806901114286506	0.860181070158637	0.00659440061306598	0	0	0	0.806901114286506	5.00394630594546	6.19236248947487	0	1.02204182973548
BA_only	hippocampus	AA	psi	chr21_45469722_45470286	chr21	45469722	45470286	94	94	0	0	0.00604017410337586	0.919417785088414	4.79813307369637	4.79813307369637	564	510	Genic/other	1	Non-heritable	0.0654015999857267	0.93377709423647	0.00910523115547145	1479	0	0	0.654015999857267	6.33505425149806	6.2363695902037	7.29979736675816	1.56822690136013
BA_only	hippocampus	AA	psi	chr21_45473200_45473241	chr21	45473200	45473241	93	93	0	0	0.00627838677138465	0.920376068783091	4.64234067545975	4.64234067545975	41	496	Genic/other	1	Heritable	0.146516585735101	0.92914139073772	0.00706913216582322	4957	0	0	1.46516585735101	3.71357206670431	6.20859002609663	8.50875771259514	1.53521869711519
BA_only	hippocampus	AA	psi	chr21_45495607_45495864	chr21	45495607	45495864	90	90	0	0	0.0558194029982845	0.98577631996496	1.63312983883752	-1.63312983883752	257	484	Genic/other	1	Heritable	0.303941123868731	0.907923792088669	0.00770830056319132	2747	0	0	3.03941123868731	5.54907608489522	6.18414889093748	7.91862865334224	0.490498326343071
BA_only	hippocampus	AA	psi	chr21_45556145_45556426	chr21	45556145	45556426	58	58	0	0	0.0389536986093531	0.980549382116533	2.63749618970366	2.63749618970366	281	458	Genic/other	1	Heritable	0.630701612674579	0.883365964529033	0.0155874958451605	0	0	0	6.30701612674579	5.63835466933375	6.12905021006055	0	0.969830057930497
BA_only	hippocampus	AA	psi	chr21_45612035_45612418	chr21	45612035	45612418	33	33	0	0	0.0302816477517837	0.976893291659941	2.11318738169459	2.11318738169459	383	509	Genic/other	0	Non-heritable	0.0736782212922312	0.95366382387979	0.00826196931550482	0	0	0	0.736782212922312	5.94803498918065	6.23441072571837	0	0.748197419838677
BA_only	hippocampus	AA	psi	chr21_45634636_45635608	chr21	45634636	45635608	30	30	0	0	0.0261189896031454	0.975932065139872	2.76722425435773	-2.76722425435773	972	528	Intergenic	1	Non-heritable	0.0935156128945373	0.930483744139082	0.00980893818079059	8259	0	0	0.935156128945373	6.87935580446044	6.2709884318583	9.01917986651502	1.01784474716184
BA_only	hippocampus	AA	psi	chr21_45922763_45923078	chr21	45922763	45923078	14	14	0	0	0.0764183230823222	0.987408598172976	4.38684164508344	4.38684164508344	315	444	Genic/other	1	Non-heritable	0.0948840204315612	0.871281266213566	0.00634015301963362	0	0	0	0.948840204315612	5.75257263882563	6.09807428216624	0	1.47860952740991
BA_only	hippocampus	AA	psi	chr21_45971908_45972093	chr21	45971908	45972093	25	25	0	0	0.087859332898137	0.988867920402182	2.78250644645203	2.78250644645203	185	405	Genic/other	1	Non-heritable	0.0679557735405278	0.913914526340499	0.00696185302606033	31763	0	0	0.679557735405278	5.22035582507832	6.00635315960173	10.3660888520151	1.02335212454296
BA_only	hippocampus	AA	psi	chr21_46152952_46153744	chr21	46152952	46153744	81	81	0	0	0.0210736713643142	0.975932065139872	3.16155926457287	3.16155926457287	792	336	Genic/other	0	Heritable	0.388768794820875	0.875333385669283	0.0175734006431902	44	0	0	3.88768794820875	6.67456139181443	5.82008293035236	3.80666248977032	1.15106534721721
BA_only	hippocampus	AA	psi	chr21_46160810_46162689	chr21	46160810	46162689	81	81	0	0	0.014175200573192	0.964826773227435	0.843749119635869	0.843749119635869	1879	349	Intergenic	2	Heritable	0.622937896977072	0.89297378283103	0.0558566333351138	5968	0	0	6.22937896977072	7.53849499941347	5.85793315448346	8.69433468816865	-0.169900068338603
BA_only	hippocampus	AA	psi	chr21_46183464_46185546	chr21	46183464	46185546	82	82	0	0	0.0153694279403834	0.967076513219291	0.794198026222778	-0.794198026222778	2082	349	Promoter	2	Heritable	0.273878677291413	0.910732424125252	0.06826178810574	0	0	0	2.73878677291413	7.64108424917491	5.85793315448346	0	-0.23042243293627
BA_only	hippocampus	AA	psi	chr21_46285107_46285239	chr21	46285107	46285239	100	100	0	0	0.00829025661159754	0.933559278800072	3.58069300386995	3.58069300386995	132	348	Genic/other	1	Non-heritable	0.0659817695542863	0.802394169862336	0.0119871014853992	154	0	0	0.659817695542863	4.88280192258637	5.85507192220243	5.04342511691925	1.27555636097184
BA_only	hippocampus	AA	psi	chr21_46298039_46298530	chr21	46298039	46298530	100	100	0	0	0.112359988472006	0.990898390030923	8.68580535254742	8.68580535254742	491	341	Intergenic	2	Heritable	0.385979543099209	0.868008715597206	0.00889158441208547	1876	0	0	3.85979543099209	6.19644412779452	5.83481073706261	7.53743003658651	2.16169012568144
BA_only	hippocampus	AA	psi	chr21_46304806_46305251	chr21	46304806	46305251	100	100	0	0	0.00179190165009907	0.796268588634543	10.7525200817684	-10.7525200817684	445	345	Enhancer	2	Heritable	0.121023852659256	0.91342999934287	0.0108653425239863	2320	0	0	1.21023852659256	6.09807428216624	5.84643877505773	7.74975340627444	2.37514015424117
BA_only	hippocampus	AA	psi	chr21_46661614_46661850	chr21	46661614	46661850	35	35	0	0	0.0449108510386205	0.981395945960329	1.98267020867893	-1.98267020867893	236	127	Genic/other	1	Non-heritable	0.0796887584246947	0.630505952172562	0.00853770461256876	0	0	0	0.796887584246947	5.46383180502561	4.85203026391962	0	0.684444531460943
BA_only	hippocampus	AA	psi	chr22_16386679_16386762	chr22	16386679	16386762	32	32	0	0	0.0103461129237757	0.944902218841749	2.41582326353269	-2.41582326353269	83	120	Promoter	1	Non-heritable	0.0647417986640477	0.557915286303805	0.0115261668244392	191310	0	0	0.647417986640477	4.4188406077966	4.79579054559674	12.1616556550821	0.882040129024865
BA_only	hippocampus	AA	psi	chr22_16563525_16563601	chr22	16563525	16563601	42	42	0	0	0.0652573377866497	0.985907779499035	4.33988474739488	4.33988474739488	76	211	Intergenic	0	Non-heritable	0.0856903794008398	0.759101412970941	0.00682738856017185	14471	0	0	0.856903794008398	4.33073334028633	5.35658627467201	9.57997102707513	1.46784779416411
BA_only	hippocampus	AA	psi	chr22_17035344_17037671	chr22	17035344	17037671	309	309	0	0	0.00461237534246776	0.899419277320037	5.5453213321912	5.5453213321912	2327	657	Promoter	2	Heritable	0.100463554632646	0.962355728920164	0.00619919610980798	0	0	0	1.00463554632646	7.75233516330229	6.48920493132532	0	1.71295457082585
BA_only	hippocampus	AA	psi	chr22_17398232_17398688	chr22	17398232	17398688	45	45	0	0	0.000689285592201736	0.66356279177562	3.65561934769685	3.65561934769685	456	771	Genic/other	0	Non-heritable	0.0793964400944622	0.981432989350173	0.0114750909173967	0	0	0	0.793964400944622	6.12249280951439	6.64898455002478	0	1.2962655337561
BA_only	hippocampus	AA	psi	chr22_17411388_17412397	chr22	17411388	17412397	46	46	0	0	0.00194794547993923	0.804679915749906	4.55394251000579	4.55394251000579	1009	762	Genic/other	0	Heritable	0.117908196339953	0.974583557683473	0.00667795438902511	0	0	0	1.17908196339953	6.91671502035361	6.63725803128446	0	1.51599334569228
BA_only	hippocampus	AA	psi	chr22_17477220_17477819	chr22	17477220	17477819	31	31	0	0	0.0722088530783788	0.985907779499035	1.43397329955032	1.43397329955032	599	770	Genic/other	0	Non-heritable	0.0778939096171816	0.959146280412952	0.0115527161708286	0	0	0	0.778939096171816	6.39526159811545	6.64768837356333	0	0.360449129417267
BA_only	hippocampus	AA	psi	chr22_17760633_17760961	chr22	17760633	17760961	41	41	0	0	0.0901068795158716	0.989446665475032	2.58102324436345	2.58102324436345	328	777	Enhancer	0	Non-heritable	0.0847103738486332	0.975442986032009	0.00789867367292672	0	0	0	0.847103738486332	5.79301360838414	6.65672652417839	0	0.948185930522874
BA_only	hippocampus	AA	psi	chr22_17872195_17872641	chr22	17872195	17872641	50	50	0	0	0.0079565499749879	0.933559278800072	3.46571179289849	3.46571179289849	446	672	Genic/other	0	Non-heritable	0.058172954590068	0.952819714382738	0.00977706553454043	0	0	0	0.58172954590068	6.10031895202006	6.51174532964473	0	1.24291803806666
BA_only	hippocampus	AA	psi	chr22_18042715_18042836	chr22	18042715	18042836	37	37	0	0	0.0223877167208479	0.975932065139872	2.37371396807082	-2.37371396807082	121	505	Intergenic	0	Non-heritable	0.0819209536892	0.931193878272429	0.00832504818424103	284	0	0	0.819209536892	4.79579054559674	6.22653666928747	5.65248918026865	0.864455807914237
BA_only	hippocampus	AA	psi	chr22_18044751_18045015	chr22	18044751	18045015	37	37	0	0	0.0157778238322628	0.967716068030647	2.39767803268382	-2.39767803268382	264	498	Enhancer	1	Non-heritable	0.0731463696362237	0.891234891029066	0.00666593997662992	0	0	0	0.731463696362237	5.57594910314632	6.21260609575152	0	0.874500786825826
BA_only	hippocampus	AA	psi	chr22_18157540_18157674	chr22	18157540	18157674	30	30	0	0	0.0384369080080386	0.980549382116533	2.55413536514001	-2.55413536514001	134	434	Genic/other	0	Heritable	0.179316671467192	0.849594349190774	0.00789370822086154	145	0	0	1.79316671467192	4.89783979995091	6.07534603108868	4.98360662170834	0.937713761350499
BA_only	hippocampus	AA	psi	chr22_18903747_18905854	chr22	18903747	18905854	316	316	0	0	2.94353968101242e-05	0.202168410411271	9.48486657497688	-9.48486657497688	2107	190	Promoter	2	Heritable	0.103688082182271	0.739540322297761	0.00411606587377019	259	0	0	1.03688082182271	7.65302041380419	5.25227342804663	5.56068163101553	2.2496975373921
BA_only	hippocampus	AA	psi	chr22_18907007_18912125	chr22	18907007	18912125	316	316	1	1	1.67837837202253e-07	0.00676611240680985	5.6080316943409	5.6080316943409	5118	183	Promoter	2	Heritable	0.105009107585846	0.748321559551928	0.00612961439666923	0	1	1	1.05009107585846	8.54051901671974	5.21493575760899	0	1.72419980312945
BA_only	hippocampus	AA	psi	chr22_18913169_18913491	chr22	18913169	18913491	316	316	2	2	1.59317943726303e-06	0.0301471167278731	8.55376988812654	8.55376988812654	322	188	Genic/other	0	Heritable	0.132958640357747	0.668779492400252	0.00583381730894211	2989	1	1	1.32958640357747	5.77455154554441	5.24174701505964	8.00302866638473	2.14637210952784
BA_only	hippocampus	AA	psi	chr22_18917559_18917814	chr22	18917559	18917814	316	316	0	0	0.0113028553066429	0.950081225852059	3.76964468319029	-3.76964468319029	255	178	Genic/other	0	Non-heritable	0.0835716348578269	0.764596787164164	0.00868654441279787	1782	0	0	0.835716348578269	5.54126354515843	5.18738580584076	7.48605261786314	1.32698075118038
BA_only	hippocampus	AA	psi	chr22_18954093_18954590	chr22	18954093	18954590	321	321	0	0	0.00056283501839551	0.636920160415722	4.44563204410103	-4.44563204410103	497	181	Genic/other	0	Non-heritable	0.0483520079268224	0.745517191666742	0.00660787273853523	7301	0	0	0.483520079268224	6.20859002609663	5.2040066870768	8.89590356221558	1.49192205325563
BA_only	hippocampus	AA	psi	chr22_19213195_19213697	chr22	19213195	19213697	278	278	0	0	0.00227808181877842	0.820192749465547	4.12565584346905	-4.12565584346905	502	370	Genic/other	0	Non-heritable	0.0829003033224386	0.860917039473204	0.0090838163488269	4272	0	0	0.829003033224386	6.21860011969173	5.91620206260744	8.36007143564403	1.41722500192869
BA_only	hippocampus	AA	psi	chr22_19448520_19448794	chr22	19448520	19448794	28	28	0	0	0.00230414743172505	0.820969786058905	1.69264015080775	-1.69264015080775	274	509	Promoter	1	Heritable	0.169685478176324	0.922231947030678	0.00587121365404511	1141	0	0	1.69685478176324	5.61312810638807	6.23441072571837	7.04053639021596	0.526289535260429
BA_only	hippocampus	AA	psi	chr22_19584692_19585011	chr22	19584692	19585011	34	34	0	0	0.0163461787411411	0.969245141301252	1.86888594375457	-1.86888594375457	319	522	Intergenic	0	Heritable	0.149524718166668	0.940550173093707	0.00839659647821869	58174	0	0	1.49524718166668	5.76519110278484	6.25958146406492	10.9712109881705	0.625342506683635
BA_only	hippocampus	AA	psi	chr22_19641192_19642083	chr22	19641192	19642083	46	46	0	0	0.0194554160777467	0.973401339742928	1.27690717593465	1.27690717593465	891	524	Intergenic	0	Heritable	0.471383082689319	0.923670663893847	0.0188478552925847	46194	0	0	4.71383082689319	6.79234442747081	6.26339826259162	10.7406268461048	0.244440893073551
BA_only	hippocampus	AA	psi	chr22_19909717_19910193	chr22	19909717	19910193	141	141	0	0	0.00246950067627098	0.824728302674626	9.35216919615181	9.35216919615181	476	580	Genic/other	2	Heritable	0.130626411118769	0.950863717439568	0.00710991461787769	8810	0	0	1.30626411118769	6.16541785423142	6.36475075685191	9.08375621986673	2.23560831705055
BA_only	hippocampus	AA	psi	chr22_20241889_20242169	chr22	20241889	20242169	131	131	0	0	0.00914567951781645	0.939077729475158	2.74560260079261	2.74560260079261	280	569	Genic/other	1	Non-heritable	0.0878103533813309	0.880350017463319	0.00940662013890604	940	0	0	0.878103533813309	5.63478960316925	6.3456363608286	6.84694313958538	1.01000058121163
BA_only	hippocampus	AA	psi	chr22_20591889_20592485	chr22	20591889	20592485	154	154	0	0	0.00483827571225223	0.903845859635741	3.04999790964716	3.04999790964716	596	531	Promoter	0	Heritable	0.555457809312919	0.906865870930609	0.011081897499033	0	0	0	5.55457809312919	6.39024066706535	6.27664348934165	0	1.11514090853619
BA_only	hippocampus	AA	psi	chr22_20670846_20671773	chr22	20670846	20671773	137	137	0	0	0.007842238337978	0.933559278800072	2.4193700265984	-2.4193700265984	927	517	Promoter	2	Heritable	0.124077946643237	0.939064497623483	0.0101218054419693	13981	0	0	1.24077946643237	6.83195356556586	6.24997524225948	9.54552606707193	0.883507190825439
BA_only	hippocampus	AA	psi	chr22_20717709_20719058	chr22	20717709	20719058	141	141	0	0	0.0174006988676768	0.970581273335112	2.62649783358838	2.62649783358838	1349	488	Promoter	0	Heritable	0.346929615390042	0.881318908450945	0.0105768836175684	2359	0	0	3.46929615390042	7.20711885620776	6.19236248947487	7.76641689801966	0.965651340390556
BA_only	hippocampus	AA	psi	chr22_20772242_20772588	chr22	20772242	20772588	161	161	0	0	0.00155402111656056	0.777132814755397	3.04229218854162	3.04229218854162	346	430	Genic/other	0	Heritable	0.156900968702576	0.916246764644488	0.0090626083099584	45743	0	0	1.56900968702576	5.84643877505773	6.06610809010375	10.7308159145621	1.11261124397155
BA_only	hippocampus	AA	psi	chr22_21101539_21101808	chr22	21101539	21101808	167	167	0	0	0.00272940678403863	0.840773357280694	3.54417977812631	3.54417977812631	269	361	Genic/other	0	Heritable	0.100938100993331	0.893460219238941	0.00712866426969063	1417	0	0	1.00938100993331	5.59471137960184	5.89164421182577	7.25700270709207	1.26530676174004
BA_only	hippocampus	AA	psi	chr22_21102958_21103921	chr22	21102958	21103921	167	167	0	0	0.00596898076899568	0.918595975343477	4.37321012264982	4.37321012264982	963	349	Promoter	0	Heritable	0.110148773372489	0.864960847555023	0.00798012072019036	0	0	0	1.10148773372489	6.87005341179813	5.85793315448346	0	1.47549732356303
BA_only	hippocampus	AA	psi	chr22_21149865_21151153	chr22	21149865	21151153	167	167	0	0	0.000473964134943113	0.604162640906295	3.12388273940363	-3.12388273940363	1288	308	Intergenic	1	Non-heritable	0.0724946674225913	0.736573428553711	0.00899042430627693	0	0	0	0.724946674225913	7.1608459066643	5.73334127689775	0	1.13907669907195
BA_only	hippocampus	AA	psi	chr22_21802994_21804193	chr22	21802994	21804193	175	175	0	0	0.00989737720678504	0.943739955280619	3.89504720396887	-3.89504720396887	1199	374	Genic/other	0	Heritable	0.113558816170401	0.891461520022467	0.0118557788904132	14299	0	0	1.13558816170401	7.08924315502751	5.92692602597041	9.568014816248	1.35970580093573
BA_only	hippocampus	AA	psi	chr22_21864903_21866114	chr22	21864903	21866114	174	174	0	0	0.0037228583918868	0.868236155887141	4.59702078606426	4.59702078606426	1211	375	Enhancer	1	Non-heritable	0.0914159266138285	0.868050303191984	0.00615387808043302	2101	0	0	0.914159266138285	7.09920174355309	5.9295891433899	7.6506445514369	1.52540844064772
BA_only	hippocampus	AA	psi	chr22_21933831_21934368	chr22	21933831	21934368	41	41	0	0	0.0567537702639041	0.98577631996496	2.58355036928524	2.58355036928524	537	388	Genic/other	2	Non-heritable	0.0659562468334613	0.897985452995988	0.00877904457529099	0	0	0	0.659562468334613	6.28599809450887	5.96357934361845	0	0.949164568955684
BA_only	hippocampus	AA	psi	chr22_22117880_22118374	chr22	22117880	22118374	16	16	0	0	0.0318104464097863	0.977060807838727	3.81859810823468	-3.81859810823468	494	360	Promoter	2	Non-heritable	0.0769108273993607	0.82277570178772	0.0119670557795214	126484	0	0	0.769108273993607	6.20253551718792	5.88887795833288	11.7478790030438	1.33988337050778
BA_only	hippocampus	AA	psi	chr22_22218026_22219664	chr22	22218026	22219664	5	5	0	0	0.24552981522006	0.992299860644177	1.09319366183182	-1.09319366183182	1638	339	Promoter	1	Heritable	0.584097737129441	0.865862422210947	0.00896146632615618	25194	0	0	5.84097737129441	7.40123126441302	5.82894561761021	10.1344008411147	0.0891033863903856
BA_only	hippocampus	AA	psi	chr22_22463155_22464112	chr22	22463155	22464112	17	17	0	0	0.0101467513718832	0.944902218841749	0.666688874824616	0.666688874824616	957	380	Genic/other	0	Non-heritable	0.0989439599404471	0.889459816544293	0.0112528283579208	86976	0	0	0.989439599404471	6.86380339145295	5.9427993751267	11.3733989948693	-0.40543178142658
BA_only	hippocampus	AA	psi	chr22_22651353_22651895	chr22	22651353	22651895	17	17	0	0	0.0186968920762207	0.972503866121758	1.18954834151146	-1.18954834151146	542	295	Intergenic	0	Non-heritable	0.0999069656327939	0.859565996277512	0.0115285418720738	4211	0	0	0.999069656327939	6.29526600143965	5.69035945432406	8.34569287325387	0.173573698536223
BA_only	hippocampus	AA	psi	chr22_22740131_22741416	chr22	22740131	22741416	17	17	0	0	0.00417626683288766	0.88413881341503	1.25130965989219	-1.25130965989219	1285	235	Intergenic	0	Heritable	0.17206633386719	0.764639312937079	0.00913943534706958	92989	0	0	1.7206633386719	7.15851399732932	5.46383180502561	11.4402472394722	0.224190738735772
BA_only	hippocampus	AA	psi	chr22_23080270_23080823	chr22	23080270	23080823	16	16	0	0	0.0309554477858067	0.976893291659941	0.529825191768231	-0.529825191768231	553	433	Genic/other	0	Heritable	0.185596301246599	0.904377941042631	0.00657461337045053	0	0	0	1.85596301246599	6.31535800152234	6.07304453410041	0	-0.635208134819054
BA_only	hippocampus	AA	psi	chr22_23113673_23114390	chr22	23113673	23114390	17	17	0	0	0.00454853261552507	0.89713589223054	1.6507304944989	-1.6507304944989	717	506	Genic/other	0	Heritable	0.153971105394503	0.949298959607088	0.00758093066385499	10109	0	0	1.53971105394503	6.57507584059962	6.22851100359118	9.22128031201452	0.501217919935813
BA_only	hippocampus	AA	psi	chr22_23342029_23342372	chr22	23342029	23342372	93	93	0	0	0.00783087866321569	0.933559278800072	1.78537529050237	-1.78537529050237	343	567	Intergenic	0	Heritable	0.10373540810187	0.93661002618301	0.00889381012610501	17380	0	0	1.0373540810187	5.83773044716594	6.34212141872115	9.76313293456348	0.579628645513948
BA_only	hippocampus	AA	psi	chr22_23485578_23487619	chr22	23485578	23487619	921	921	0	0	0.000760074485919537	0.680174427388751	5.77690114114214	-5.77690114114214	2041	560	Promoter	0	Heritable	0.11806832375302	0.959439223710508	0.0210590961533162	0	0	0	1.1806832375302	7.62119516280985	6.3297209055227	0	1.7538674058932
BA_only	hippocampus	AA	psi	chr22_23540995_23541384	chr22	23540995	23541384	943	943	0	0	0.0018067449623659	0.796268588634543	7.15150034505576	-7.15150034505576	389	572	Genic/other	0	Non-heritable	0.0647438468680144	0.936661577061014	0.00859657590189341	31516	0	0	0.647438468680144	5.96357934361845	6.35088571671474	10.3582823617772	1.96732217456055
BA_only	hippocampus	AA	psi	chr22_23781093_23781710	chr22	23781093	23781710	933	933	0	0	0.00186515131115022	0.800632140208814	7.01762165474023	-7.01762165474023	617	553	Promoter	0	Heritable	0.109210112234821	0.951646167029775	0.00755657901264389	0	0	0	1.09210112234821	6.42486902390539	6.31716468674728	0	1.94842436643745
BA_only	hippocampus	AA	psi	chr22_23834593_23834865	chr22	23834593	23834865	934	934	0	0	0.000798359384339098	0.683148985370606	4.67553973518798	-4.67553973518798	272	527	Genic/other	1	Heritable	0.264248134620003	0.916638788644363	0.00790429871708872	66	0	0	2.64248134620003	5.605802066296	6.26909628370626	4.20469261939097	1.54234460959255
BA_only	hippocampus	AA	psi	chr22_23935395_23935722	chr22	23935395	23935722	349	349	0	0	0.00166759234823131	0.786661074605562	3.5387778819556	-3.5387778819556	327	442	Genic/other	0	Heritable	0.233973786023401	0.904018410141059	0.00927628465608991	0	0	0	2.33973786023401	5.78996017089725	6.09356977004514	0	1.26378143927956
BA_only	hippocampus	AA	psi	chr22_23956410_23956736	chr22	23956410	23956736	129	129	0	0	8.55805718042609e-05	0.357115007671868	2.39905684064724	2.39905684064724	326	437	Genic/other	0	Heritable	0.195745223008752	0.875222152174311	0.0102541777976827	0	0	0	1.95745223008752	5.78689738136671	6.08221891037645	0	0.875075681220474
BA_only	hippocampus	AA	psi	chr22_23960741_23960944	chr22	23960741	23960944	118	118	0	0	0.00388756588766389	0.874445816920646	2.51183620729085	-2.51183620729085	203	448	Genic/other	2	Non-heritable	0.0757380063216649	0.906616790708973	0.0231052771663292	0	0	0	0.757380063216649	5.31320597904179	6.10702288774226	0	0.921014046357263
BA_only	hippocampus	AA	psi	chr22_23984626_23984833	chr22	23984626	23984833	104	104	0	0	0.00302673839971571	0.846513053928579	2.45378353224809	2.45378353224809	207	425	Genic/other	0	Non-heritable	0.0786984116920163	0.893422009962113	0.0085718173332328	1228	0	0	0.786984116920163	5.33271879326537	6.05443934626937	7.11395610956603	0.897631136305461
BA_only	hippocampus	AA	psi	chr22_23985960_23987052	chr22	23985960	23987052	104	104	1	1	7.34810762527308e-08	0.00358590746053379	3.47884906601541	-3.47884906601541	1092	423	Genic/other	0	Heritable	0.184185133716514	0.872620015337757	0.00592691215441471	2562	1	1	1.84185133716514	6.99576615630485	6.04973345523196	7.84893372636407	1.24670151380179
BA_only	hippocampus	AA	psi	chr22_24157393_24157641	chr22	24157393	24157641	78	78	0	0	0.00141218857474042	0.760354180375728	1.75702292531425	1.75702292531425	248	288	Genic/other	1	Non-heritable	0.0849289837377587	0.871260839709352	0.00880086838776205	26004	0	0	0.849289837377587	5.51342874616498	5.66642668811243	10.1660441062072	0.563620862798902
BA_only	hippocampus	AA	psi	chr22_24430137_24430616	chr22	24430137	24430616	182	182	0	0	0.00730813247126089	0.932841257215428	7.37494495528537	7.37494495528537	479	382	Genic/other	0	Heritable	0.122978300294754	0.880899653671036	0.0073334716901104	0	0	0	1.22978300294754	6.17170059741092	5.94803498918065	0	1.99808843986385
BA_only	hippocampus	AA	psi	chr22_24728516_24729410	chr22	24728516	24729410	118	118	0	0	0.00362884566192236	0.866906756094015	4.26221931071679	-4.26221931071679	894	444	Genic/other	0	Non-heritable	0.0986737684444624	0.881914435647797	0.0106480961324209	0	0	0	0.986737684444624	6.79570577517351	6.09807428216624	0	1.44978999192934
BA_only	hippocampus	AA	psi	chr22_24894583_24895270	chr22	24894583	24895270	39	39	0	0	0.00633581046820242	0.920376068783091	7.32024874731549	-7.32024874731549	687	579	Genic/other	0	Heritable	0.221591876194449	0.920803449875399	0.00572360452642918	44180	0	0	2.21591876194449	6.53233429222235	6.36302810354047	10.6960501113943	1.99064431063562
BA_only	hippocampus	AA	psi	chr22_24985315_24985500	chr22	24985315	24985500	5	5	0	0	0.071353590197902	0.985907779499035	2.22592010743967	2.22592010743967	185	609	Genic/other	0	Non-heritable	0.0759362258471841	0.947733619442027	0.00714854231820503	0	0	0	0.759362258471841	5.22035582507832	6.41345895716736	0	0.800170366063729
BA_only	hippocampus	AA	psi	chr22_24989469_24989821	chr22	24989469	24989821	5	5	0	0	0.1568874625222	0.991064867102684	3.28501664340171	3.28501664340171	352	610	Genic/other	0	Non-heritable	0.0576447159599553	0.930730299370823	0.00663234183791179	0	0	0	0.576447159599553	5.8636311755981	6.4150969591716	0	1.1893717214524
BA_only	hippocampus	AA	psi	chr22_25216431_25217215	chr22	25216431	25217215	62	62	0	0	0.0184307297279443	0.972503866121758	3.33798967552655	3.33798967552655	784	577	Genic/other	0	Heritable	0.464550314473936	0.924762372179239	0.00722705433098136	0	0	0	4.64550314473936	6.66440902035041	6.35957386867238	0	1.20536873521886
BA_only	hippocampus	AA	psi	chr22_25284838_25285290	chr22	25284838	25285290	74	74	0	0	0.0426882947450714	0.980549382116533	2.52246620050768	2.52246620050768	452	588	Genic/other	1	Heritable	0.150133380332269	0.932855323175405	0.00767627908242965	0	0	0	1.50133380332269	6.11368217983223	6.37842618365159	0	0.92523707791614
BA_only	hippocampus	AA	psi	chr22_25333627_25334024	chr22	25333627	25334024	139	139	0	0	0.0148606941436833	0.966089857218066	5.09483466773405	-5.09483466773405	397	587	Genic/other	0	Heritable	0.119112254663481	0.937666182038221	0.00774280544126868	5962	0	0	1.19112254663481	5.98393628068719	6.37672694789863	8.69332898912311	1.62822721820596
BA_only	hippocampus	AA	psi	chr22_25389227_25389430	chr22	25389227	25389430	138	138	0	0	0.00178992401371815	0.796268588634543	3.82221231497334	-3.82221231497334	203	598	Genic/other	0	Heritable	0.103511241635937	0.949041253454097	0.0099837174027554	13413	0	0	1.03511241635937	5.31320597904179	6.39526159811545	9.50405421665968	1.34082939764327
BA_only	hippocampus	AA	psi	chr22_25419798_25420638	chr22	25419798	25420638	138	138	0	0	0.0018539314916553	0.800632140208814	5.36224233840524	5.36224233840524	840	570	Enhancer	1	Non-heritable	0.090086935225559	0.942722599920413	0.00493749826508154	0	0	0	0.90086935225559	6.73340189183736	6.34738920965601	0	1.67938223618241
BA_only	hippocampus	AA	psi	chr22_26367981_26368575	chr22	26367981	26368575	51	51	0	0	0.00704753277589887	0.931602204679102	2.82998927893276	2.82998927893276	594	682	Genic/other	0	Non-heritable	0.0658498031165861	0.971095243466428	0.0065839524350921	0	0	0	0.658498031165861	6.38687931936265	6.52649485957079	0	1.04027292681857
BA_only	hippocampus	AA	psi	chr22_26610162_26610626	chr22	26610162	26610626	493	493	0	0	0.00032471150946155	0.554466131242771	6.82904025430984	-6.82904025430984	464	719	Genic/other	0	Heritable	0.120660306291259	0.975852527231194	0.00944807280365227	0	0	0	1.20660306291259	6.13988455222626	6.5792512120101	0	1.92118414603857
BA_only	hippocampus	AA	psi	chr22_26613865_26614149	chr22	26613865	26614149	511	511	0	0	0.00168427118968084	0.786661074605562	6.47548209180475	6.47548209180475	284	716	Genic/other	0	Non-heritable	0.0554436420693139	0.975922962968612	0.00595559303876534	3496	0	0	0.554436420693139	5.64897423816121	6.57507584059962	8.15966073706338	1.86802306069108
BA_only	hippocampus	AA	psi	chr22_26767654_26768228	chr22	26767654	26768228	484	484	0	0	0.00522424583809348	0.910521893616427	5.17019116925827	5.17019116925827	574	811	Genic/other	0	Non-heritable	0.0992723414678687	0.977022015548874	0.00945941666297663	0	0	0	0.992723414678687	6.35262939631957	6.69950034016168	0	1.64290966641658
BA_only	hippocampus	AA	psi	chr22_27151794_27152132	chr22	27151794	27152132	48	48	0	0	0.0179420398663951	0.970931943606436	2.86920463815868	-2.86920463815868	338	974	Genic/other	0	Non-heritable	0.0863632780345356	0.967729673834021	0.00802629822416259	7958	0	0	0.863632780345356	5.82304589548302	6.88243747099785	8.98205864280585	1.05403486528789
BA_only	hippocampus	AA	psi	chr22_27437554_27438059	chr22	27437554	27438059	21	21	0	0	0.0648172533021704	0.985907779499035	0.936770105453015	0.936770105453015	505	895	Genic/other	1	Non-heritable	0.0544089257719302	0.981713610272169	0.00835561489259683	365	0	0	0.544089257719302	6.22455842927536	6.79794041297493	5.90263333340137	-0.0653173678767503
BA_only	hippocampus	AA	psi	chr22_27540672_27540851	chr22	27540672	27540851	9	9	0	0	0.0415127103691623	0.980549382116533	0.577518224814795	0.577518224814795	179	766	Intergenic	0	Heritable	0.105293652761234	0.966716563528856	0.00915549661693395	23070	0	0	1.05293652761234	5.18738580584076	6.64248680136726	10.0463316965656	-0.549015261647808
BA_only	hippocampus	AA	psi	chr22_27641964_27642585	chr22	27641964	27642585	5	5	0	0	0.1272978395518	0.991064867102684	0.930128828014973	0.930128828014973	621	697	Intergenic	1	Non-heritable	0.0749075231590627	0.95603852716576	0.0085142605161666	31771	0	0	0.749075231590627	6.43133108193348	6.54821910276237	10.366340677753	-0.0724321669300206
BA_only	hippocampus	AA	psi	chr22_27794914_27795359	chr22	27794914	27795359	99	99	0	0	0.0189554163023219	0.97294422691241	1.74875444089847	-1.74875444089847	445	541	Genic/other	1	Heritable	0.155096831586449	0.942550586892518	0.00895153088989799	0	0	0	1.55096831586449	6.09807428216624	6.29526600143965	0	0.558903792182861
BA_only	hippocampus	AA	psi	chr22_27821167_27821429	chr22	27821167	27821429	99	99	0	0	0.00826443037800162	0.933559278800072	2.70754849821507	-2.70754849821507	262	522	Intergenic	0	Heritable	0.11970783453447	0.940317596561616	0.00838981647460328	4323	0	0	1.1970783453447	5.5683445037611	6.25958146406492	8.3719361787591	0.996043615970768
BA_only	hippocampus	AA	psi	chr22_28505710_28506318	chr22	28505710	28506318	6	6	0	0	0.37370149697238	0.994416868537123	0.525393403290453	-0.525393403290453	608	131	Genic/other	0	Heritable	0.286991623217696	0.737251947860505	0.00817006918905269	188890	0	0	2.86991623217696	6.41017488196617	4.88280192258637	12.1489254080984	-0.643607938371038
BA_only	hippocampus	AA	psi	chr22_29096555_29097258	chr22	29096555	29097258	33	33	0	0	0.148410569458989	0.991064867102684	2.11051242733225	-2.11051242733225	703	276	Genic/other	0	Non-heritable	0.0937136104759847	0.784232519367356	0.00902468675528175	2296	0	0	0.937136104759847	6.55535689181067	5.62401750618734	7.7393592026891	0.74693077929685
BA_only	hippocampus	AA	psi	chr22_29150273_29150518	chr22	29150273	29150518	33	33	0	0	0.0474180642461265	0.982661996589092	1.85458579756108	-1.85458579756108	245	283	Genic/other	0	Heritable	0.111548609025077	0.845682466922955	0.00792386607511958	9990	0	0	1.11548609025077	5.50125821054473	5.64897423816121	9.20943996673302	0.617661386794091
BA_only	hippocampus	AA	psi	chr22_29153200_29153755	chr22	29153200	29153755	33	33	0	0	0.0121777878939223	0.95809323095415	1.74173007838617	1.74173007838617	555	281	Genic/other	0	Heritable	0.10853864303604	0.842095548780253	0.00914345069746795	12917	0	0	1.0853864303604	6.31896811374643	5.64190707093811	9.46637696659242	0.554878922904181
BA_only	hippocampus	AA	psi	chr22_29154522_29154733	chr22	29154522	29154733	33	33	0	0	0.00747486782006654	0.933559278800072	1.21501141983171	-1.21501141983171	211	279	Genic/other	0	Heritable	0.116120566621315	0.857826796940741	0.0135496192881605	14239	0	0	1.16120566621315	5.35185813347607	5.63478960316925	9.56381018496597	0.194753484017161
BA_only	hippocampus	AA	psi	chr22_29155483_29155829	chr22	29155483	29155829	33	33	0	0	0.0180647387580375	0.971452676751561	2.00018928554992	2.00018928554992	346	277	Genic/other	0	Non-heritable	0.0963857999261686	0.82566673888955	0.00909092480775786	15200	0	0	0.963857999261686	5.84643877505773	5.62762111369064	9.62911649414402	0.693241823856087
BA_only	hippocampus	AA	psi	chr22_29470012_29470228	chr22	29470012	29470228	49	49	0	0	0.00206416807402553	0.811090501848299	3.5880662381223	3.5880662381223	216	275	Genic/other	1	Heritable	0.432730042051343	0.782116274024482	0.00744565068461991	0	0	0	4.32730042051343	5.37527840768417	5.62040086571715	0	1.2776134078283
BA_only	hippocampus	AA	psi	chr22_29581688_29581860	chr22	29581688	29581860	37	37	0	0	0.0256319000767578	0.975932065139872	2.05646152374593	2.05646152374593	172	253	Promoter	1	Heritable	0.156955126775435	0.763991778141074	0.00829029027339015	499	0	0	1.56955126775435	5.14749447681345	5.53733426701854	6.21460809842219	0.720986803794675
BA_only	hippocampus	AA	psi	chr22_29695278_29695555	chr22	29695278	29695555	39	39	0	0	0.0576205085030906	0.98577631996496	4.22213774562418	-4.22213774562418	277	223	Genic/other	0	Non-heritable	0.0577514566262608	0.60485554288441	0.00705985485742314	525	0	0	0.577514566262608	5.62401750618734	5.41164605185504	6.26530121273771	1.44034157694315
BA_only	hippocampus	AA	psi	chr22_30210405_30210751	chr22	30210405	30210751	60	60	0	0	0.0241062644245645	0.975932065139872	3.33631220437049	3.33631220437049	346	240	Genic/other	0	Non-heritable	0.0489802968454638	0.693479052624151	0.00962993003607994	33309	0	0	0.489802968454638	5.84643877505773	5.48479693349066	10.4136129311877	1.20486606955688
BA_only	hippocampus	AA	psi	chr22_30277834_30278401	chr22	30277834	30278401	66	66	0	0	0.043027138900574	0.980549382116533	3.86879863258454	3.86879863258454	567	244	Promoter	0	Non-heritable	0.0950269347217377	0.730724528389467	0.00771916629879818	1462	0	0	0.950269347217377	6.34035930372775	5.50125821054473	7.28824440102012	1.35294403057613
BA_only	hippocampus	AA	psi	chr22_30573546_30574025	chr22	30573546	30574025	110	110	0	0	0.00665239224792008	0.925548995875172	3.74871360311627	-3.74871360311627	479	276	Promoter	1	Non-heritable	0.0934386284537387	0.843922568889213	0.00772145240628806	0	0	0	0.934386284537387	6.17170059741092	5.62401750618734	0	1.32141274462951
BA_only	hippocampus	AA	psi	chr22_30575328_30575618	chr22	30575328	30575618	110	110	0	0	0.000347794190771096	0.557627972728277	2.12428289083447	2.12428289083447	290	271	Promoter	1	Non-heritable	0.0467763680843018	0.729463858740695	0.00707720688836602	861	0	0	0.467763680843018	5.66988092298052	5.605802066296	6.75925527066369	0.753434286993633
BA_only	hippocampus	AA	psi	chr22_30706209_30706438	chr22	30706209	30706438	94	94	0	0	0.00325466182653206	0.857374229512349	1.4388549927619	1.4388549927619	229	286	Genic/other	0	Heritable	0.142280712248914	0.8403437839484	0.00994311588828712	38746	0	0	1.42280712248914	5.43372200355424	5.65948221575962	10.5648086124296	0.363847660327932
BA_only	hippocampus	AA	psi	chr22_30922054_30922324	chr22	30922054	30922324	61	61	0	0	0.00901894453380994	0.938585776116121	3.42176287094154	3.42176287094154	270	256	Promoter	2	Non-heritable	0.0667265822224744	0.792173085514217	0.00541284475685011	0	0	0	0.667265822224744	5.59842195899838	5.54907608489522	0	1.23015588053308
BA_only	hippocampus	AA	psi	chr22_31681678_31682131	chr22	31681678	31682131	183	183	0	0	0.00790285440761844	0.933559278800072	4.1957629252068	4.1957629252068	453	161	Genic/other	0	Heritable	0.123734810399657	0.728431643775287	0.00868603184616661	19533	0	0	1.23734810399657	6.11589212548303	5.08759633523238	9.87991181600742	1.43407519113217
BA_only	hippocampus	AA	psi	chr22_31825886_31826825	chr22	31825886	31826825	180	180	0	0	0.00789251716039331	0.933559278800072	4.30287646612366	4.30287646612366	939	224	Genic/other	0	Heritable	0.113078343223766	0.775273561350659	0.00827105598518158	0	0	0	1.13078343223766	6.84481547920826	5.41610040220442	0	1.45928374698931
BA_only	hippocampus	AA	psi	chr22_32042566_32043721	chr22	32042566	32043721	37	37	0	0	0.00929196937037459	0.939841915020693	2.77611516399315	-2.77611516399315	1155	337	Promoter	2	Heritable	0.193626838215652	0.866930118875207	0.00944959493612938	78395	0	0	1.93626838215652	7.05185562295589	5.82304589548302	11.2695281846288	1.02105253097452
BA_only	hippocampus	AA	psi	chr22_32202898_32205401	chr22	32202898	32205401	22	22	0	0	0.0747446643471587	0.986273715994367	1.27625803021705	1.27625803021705	2503	440	Promoter	0	Heritable	0.10266667183996	0.927718740203366	0.0128097221461972	0	0	0	1.0266667183996	7.82524529143177	6.08904487544685	0	0.243932390353133
BA_only	hippocampus	AA	psi	chr22_32473576_32474109	chr22	32473576	32474109	9	9	0	0	0.0136566378114056	0.964283399649536	1.12803311137	-1.12803311137	533	482	Promoter	1	Heritable	0.153600068201755	0.887890592127676	0.00622688367157379	1014	0	0	1.53600068201755	6.27852142416584	6.18001665365257	6.92264389147589	0.120475515561452
BA_only	hippocampus	AA	psi	chr22_32509033_32509284	chr22	32509033	32509284	9	9	0	0	0.0618380742589905	0.985907779499035	1.77825110054198	-1.77825110054198	251	476	Genic/other	0	Non-heritable	0.0560447680817994	0.896850715437658	0.00632058945483055	4539	0	0	0.560447680817994	5.52545293913178	6.16751649088834	8.42068229103539	0.57563035914527
BA_only	hippocampus	AA	psi	chr22_32528170_32528593	chr22	32528170	32528593	9	9	0	0	0.0201228067078607	0.975856666808667	1.38524364963608	1.38524364963608	423	480	Genic/other	0	Non-heritable	0.0875364971291199	0.915487800012503	0.00954284445851306	0	0	0	0.875364971291199	6.04737217904628	6.17586727010576	0	0.325876051700944
BA_only	hippocampus	AA	psi	chr22_32802735_32803841	chr22	32802735	32803841	0	0	0	0					1106	507	Enhancer	1	Non-heritable	0.0773178286260101	0.942008663915873	0.00711185963982132	218857	0	0	0.773178286260101	7.00850518208228	6.23048144757848	12.2961783966688	
BA_only	hippocampus	AA	psi	chr22_33105537_33105820	chr22	33105537	33105820	13	13	0	0	0.0267347294670087	0.975932065139872	2.35814654031462	2.35814654031462	283	469	Genic/other	0	Non-heritable	0.0687638173522909	0.914151942161972	0.00764688351752066	2804	0	0	0.687638173522909	5.64544689764324	6.1527326947041	7.9391588179568	0.857875950444585
BA_only	hippocampus	AA	psi	chr22_33203779_33205004	chr22	33203779	33205004	13	13	0	0	0.0350317404545017	0.980327953711174	1.78629425873432	-1.78629425873432	1225	463	Enhancer	0	Non-heritable	0.0855590213030557	0.912645342670417	0.00904484632592636	0	0	0	0.855590213030557	7.11069612297883	6.13988455222626	0	0.580143233011148
BA_only	hippocampus	AA	psi	chr22_33533174_33533570	chr22	33533174	33533570	18	18	0	0	0.00081282309583646	0.683148985370606	2.28736790785153	-2.28736790785153	396	519	Genic/other	0	Non-heritable	0.0813692797725732	0.925887757423236	0.00829041519058966	31448	0	0	0.813692797725732	5.98141421125448	6.25382881157547	10.3561224651207	0.827401775670541
BA_only	hippocampus	AA	psi	chr22_33853893_33854907	chr22	33853893	33854907	22	22	0	0	0.0207094486169257	0.975856666808667	1.4005932531887	1.4005932531887	1014	471	Enhancer	0	Non-heritable	0.0807589094428823	0.912073728683302	0.00786166013355721	0	0	0	0.807589094428823	6.92165818415113	6.15697898558556	0	0.336895906281047
BA_only	hippocampus	AA	psi	chr22_34155738_34156236	chr22	34155738	34156236	52	52	0	0	0.0068859258162616	0.928872608627617	1.29483719111517	1.29483719111517	498	398	Genic/other	0	Heritable	0.562442133741569	0.91051564353507	0.00887836779993264	0	0	0	5.62442133741569	6.21060007702465	5.98896141688986	0	0.258384973824327
BA_only	hippocampus	AA	psi	chr22_35525060_35525845	chr22	35525060	35525845	46	46	0	0	0.0612526200340922	0.985907779499035	1.55187528695156	-1.55187528695156	785	365	Genic/other	0	Heritable	0.106385709173645	0.822365531876958	0.0123685390748003	37945	0	0	1.06385709173645	6.66568371778241	5.90263333340137	10.5439193754241	0.439464068630455
BA_only	hippocampus	AA	psi	chr22_35541641_35542057	chr22	35541641	35542057	48	48	0	0	0.0277500391608527	0.975932065139872	5.08114341192728	5.08114341192728	416	371	Genic/other	1	Heritable	0.252739772137186	0.862767192160142	0.00897711174941628	21733	0	0	2.52739772137186	6.03068526026126	5.91889385427315	9.9866331336228	1.62553631931955
BA_only	hippocampus	AA	psi	chr22_36123642_36123869	chr22	36123642	36123869	41	41	0	0	0.0158182407006597	0.967716068030647	1.2473490290913	1.2473490290913	227	406	Intergenic	0	Non-heritable	0.0849349738344523	0.913350034943311	0.00798570974193856	21629	0	0	0.849349738344523	5.4249500174814	6.0088131854426	9.98183651894711	0.221020530572688
BA_only	hippocampus	AA	psi	chr22_36124456_36124529	chr22	36124456	36124529	41	41	0	0	0.00823019785090534	0.933559278800072	0.888468470718481	-0.888468470718481	73	410	Intergenic	0	Non-heritable	0.0567411607444441	0.887723191545142	0.0078973486431158	20969	0	0	0.567411607444441	4.29045944114839	6.01859321449623	9.95084812389597	-0.118256106728569
BA_only	hippocampus	AA	psi	chr22_36184560_36184945	chr22	36184560	36184945	51	51	0	0	0.0365798655119388	0.980549382116533	2.61167529036158	2.61167529036158	385	403	Intergenic	0	Non-heritable	0.0920233998892652	0.879925052968771	0.0114120980550466	6966	0	0	0.920233998892652	5.95324333428779	6.00141487796115	8.84893999503012	0.959991892952501
BA_only	hippocampus	AA	psi	chr22_36221908_36222275	chr22	36221908	36222275	50	50	0	0	0.017317658686762	0.970581273335112	1.27296824852484	-1.27296824852484	367	408	Intergenic	0	Heritable	0.10243731324487	0.918720660770469	0.0093646767321394	11179	0	0	1.0243731324487	5.90536184805457	6.0137151560428	9.32188174670909	0.241351384877003
BA_only	hippocampus	AA	psi	chr22_36240443_36240828	chr22	36240443	36240828	53	53	0	0	0.000862121872221794	0.695706089555288	1.62839827674648	1.62839827674648	385	391	Promoter	0	Heritable	0.187659154926953	0.87830184092665	0.00699105028847552	710	0	0	1.87659154926953	5.95324333428779	5.97126183979046	6.56667242980324	0.48759688553761
BA_only	hippocampus	AA	psi	chr22_36335075_36335428	chr22	36335075	36335428	70	70	0	0	0.0100531023574692	0.944902218841749	3.70935025705298	3.70935025705298	353	446	Promoter	0	Non-heritable	0.0761906997378803	0.912462842517254	0.00779205719961564	8506	0	0	0.761906997378803	5.8664680569333	6.10255859461357	9.04864463297588	1.31085673110787
BA_only	hippocampus	AA	psi	chr22_36343406_36344385	chr22	36343406	36344385	70	70	0	0	0.0203179467142349	0.975856666808667	1.41671177427732	-1.41671177427732	979	430	Genic/other	0	Heritable	0.155438582749092	0.93465225273088	0.00591308376431507	4869	0	0	1.55438582749092	6.88653164253051	6.06610809010375	8.49084921607664	0.348338541486255
BA_only	hippocampus	AA	psi	chr22_36564323_36564370	chr22	36564323	36564370	45	45	0	0	0.0219364455254607	0.975932065139872	4.72043121714108	4.72043121714108	47	563	Genic/other	1	Non-heritable	0.0990053546128922	0.947364372934215	0.00751445702904098	35246	0	0	0.990053546128922	3.85014760171006	6.33505425149806	10.4701356982357	1.55190015710667
BA_only	hippocampus	AA	psi	chr22_36570185_36570263	chr22	36570185	36570263	48	48	0	0	0.0370331374104836	0.980549382116533	2.6043072169621	-2.6043072169621	78	575	Genic/other	0	Heritable	0.10866818729451	0.940436598440955	0.00660546630012964	41108	0	0	1.0866818729451	4.35670882668959	6.35610766069589	10.6239823546143	0.957166700091251
BA_only	hippocampus	AA	psi	chr22_36702104_36702560	chr22	36702104	36702560	53	53	0	0	0.0260784586998669	0.975932065139872	3.90768976714945	3.90768976714945	456	609	Genic/other	1	Non-heritable	0.0830908907636153	0.950650493416771	0.0084085140861207	1431	0	0	0.830908907636153	6.12249280951439	6.41345895716736	7.26682734752059	1.36294634954282
BA_only	hippocampus	AA	psi	chr22_36748081_36748496	chr22	36748081	36748496	48	48	0	0	0.00738405298985732	0.933559278800072	3.77384119973426	3.77384119973426	415	630	Intergenic	0	Non-heritable	0.0525260202312093	0.885440054123404	0.00835378119879507	0	0	0	0.525260202312093	6.0282785202307	6.44730586254121	0	1.328093371269
BA_only	hippocampus	AA	psi	chr22_36855720_36856109	chr22	36855720	36856109	45	45	0	0	0.0178576665777068	0.970931943606436	1.67478470757463	-1.67478470757463	389	636	Genic/other	1	Heritable	0.126360151333594	0.964227945879613	0.0102345555167569	0	0	0	1.26360151333594	5.96357934361845	6.45676965557216	0	0.515684630195634
BA_only	hippocampus	AA	psi	chr22_37177018_37177595	chr22	37177018	37177595	74	74	0	0	0.0178985049144707	0.970931943606436	2.00737593008867	-2.00737593008867	577	715	Genic/other	0	Non-heritable	0.0862286630768974	0.965587377941854	0.00851898879131371	2023	0	0	0.862286630768974	6.3578422665081	6.57368016696065	7.61283103040736	0.696828366716823
BA_only	hippocampus	AA	psi	chr22_37562591_37564577	chr22	37562591	37564577	61	61	0	0	0.00980854454136224	0.940589612897653	3.27662058543938	3.27662058543938	1986	550	Promoter	2	Non-heritable	0.0619470816913797	0.868215504720312	0.00655027984145884	0	0	0	0.619470816913797	7.59387784460512	6.31173480915292	0	1.18681258499722
BA_only	hippocampus	AA	psi	chr22_37566250_37566811	chr22	37566250	37566811	61	61	0	0	0.0455863231410047	0.98171760103388	2.48346684196301	2.48346684196301	561	537	Genic/other	2	Non-heritable	0.0737474421662145	0.885337604688546	0.00890469701380326	177	0	0	0.737474421662145	6.3297209055227	6.28785856016178	5.18178355029209	0.90965550816917
BA_only	hippocampus	AA	psi	chr22_37568572_37569730	chr22	37568572	37569730	61	61	0	0	0.0621196860226348	0.985907779499035	2.98988410997166	-2.98988410997166	1158	559	Intergenic	2	Heritable	0.108059914937314	0.897364354385948	0.00740993502488631	2499	0	0	1.08059914937314	7.05444965813294	6.3279367837292	7.82404601085629	1.09523463078925
BA_only	hippocampus	AA	psi	chr22_37592550_37592678	chr22	37592550	37592678	80	80	0	0	0.0276445543422481	0.975932065139872	3.21528787315081	-3.21528787315081	128	562	Intergenic	0	Heritable	0.104946411822707	0.944161599717598	0.00990722999267905	16224	0	0	1.04946411822707	4.85203026391962	6.33327962813969	9.69430854157229	1.16791689742909
BA_only	hippocampus	AA	psi	chr22_37898640_37899075	chr22	37898640	37899075	125	125	0	0	0.0082007000394062	0.933559278800072	6.50279117660459	6.50279117660459	435	435	Enhancer	0	Non-heritable	0.0558198457863247	0.866837063420076	0.00781633524004797	6650	0	0	0.558198457863247	6.07534603108868	6.07764224334903	8.80252249828442	1.87223149805386
BA_only	hippocampus	AA	psi	chr22_37934635_37934697	chr22	37934635	37934697	142	142	0	0	0.00268970504225875	0.837193558318007	3.17963700756131	3.17963700756131	62	421	Genic/other	0	Heritable	0.107523403401981	0.922035927629096	0.0104320214906223	0	0	0	1.07523403401981	4.12713438504509	6.04500531403601	0	1.15676704485603
BA_only	hippocampus	AA	psi	chr22_37968177_37969304	chr22	37968177	37969304	140	140	0	0	0.0101161731510815	0.944902218841749	2.6154217913739	2.6154217913739	1127	405	Genic/other	0	Non-heritable	0.0497967157530828	0.797690740610701	0.00694370284762999	0	0	0	0.497967157530828	7.02731451403978	6.00635315960173	0	0.961425385225921
BA_only	hippocampus	AA	psi	chr22_37976878_37990115	chr22	37976878	37990115	143	143	0	0	0.0161049095048655	0.968106276565941	4.84297883774616	4.84297883774616	13237	416	Promoter	3	Non-heritable	0.0434516591976332	0.861845205816158	0.00771272683254611	0	0	0	0.434516591976332	9.49077121771377	6.0330862217988	0	1.57752999581836
BA_only	hippocampus	AA	psi	chr22_37997251_37999331	chr22	37997251	37999331	144	144	0	0	0.000523939952897354	0.627129031536563	2.81929567290998	2.81929567290998	2080	416	Genic/other	0	Non-heritable	0.0589273196726453	0.88710682449615	0.00829348768075865	0	0	0	0.589273196726453	7.64012317269536	6.0330862217988	0	1.036487095922
BA_only	hippocampus	AA	psi	chr22_38000846_38001280	chr22	38000846	38001280	144	144	0	0	8.82138649486375e-05	0.357115007671868	3.50165263171036	3.50165263171036	434	420	Genic/other	0	Non-heritable	0.070843390118924	0.914686758355067	0.00723494319710706	0	0	0	0.70843390118924	6.07304453410041	6.04263283368238	0	1.25323504039771
BA_only	hippocampus	AA	psi	chr22_38018074_38018850	chr22	38018074	38018850	132	132	0	0	0.0195756547932143	0.973631121108853	3.70317162354516	3.70317162354516	776	408	Genic/other	0	Non-heritable	0.0794861004941978	0.850100635930764	0.00738219321236657	0	0	0	0.794861004941978	6.65415252018322	6.0137151560428	0	1.30918965072102
BA_only	hippocampus	AA	psi	chr22_38026525_38027795	chr22	38026525	38027795	132	132	0	0	0.0126685680925344	0.961717006536833	4.27408244279245	-4.27408244279245	1270	397	Enhancer	0	Non-heritable	0.0981498725819613	0.877571771700038	0.00871452469007432	0	0	0	0.981498725819613	7.14677217945264	5.98645200528444	0	1.45256944842647
BA_only	hippocampus	AA	psi	chr22_38037964_38039719	chr22	38037964	38039719	132	132	0	0	0.00656423555585541	0.924278699698427	4.43119479564337	4.43119479564337	1755	385	Promoter	2	Non-heritable	0.0644962857360697	0.844615228850639	0.00914547011225283	0	0	0	0.644962857360697	7.47022413589997	5.95583736946483	0	1.4886692555126
BA_only	hippocampus	AA	psi	chr22_38050007_38050639	chr22	38050007	38050639	136	136	0	0	0.0310842841476749	0.976893291659941	5.4720560163379	5.4720560163379	632	382	Intergenic	0	Non-heritable	0.0307059109548681	0.784480934716441	0.00701077229499645	6796	0	0	0.307059109548681	6.44888939414686	5.94803498918065	8.82423661734664	1.69965441899918
BA_only	hippocampus	AA	psi	chr22_38051380_38051745	chr22	38051380	38051745	136	136	0	0	0.00369640677817825	0.867953489674172	6.78743051186801	6.78743051186801	365	382	Genic/other	0	Heritable	0.125540175224758	0.891010874713124	0.00566139555319774	5690	0	0	1.25540175224758	5.89989735358249	5.94803498918065	8.64664125860312	1.91507244901879
BA_only	hippocampus	AA	psi	chr22_38082058_38082248	chr22	38082058	38082248	135	135	0	0	0.00182098306719102	0.796447609036794	5.15442972358493	-5.15442972358493	190	343	Genic/other	1	Non-heritable	0.0867936073730964	0.890262338161283	0.0067494629767166	3126	0	0	0.867936073730964	5.24702407216049	5.8406416573734	8.04782935745784	1.6398564874088
BA_only	hippocampus	AA	psi	chr22_38160201_38160584	chr22	38160201	38160584	110	110	0	0	0.00871974776410995	0.933559278800072	2.81509265439346	2.81509265439346	383	335	Genic/other	0	Non-heritable	0.0622331705519008	0.851101673758326	0.00674279887494436	0	0	0	0.622331705519008	5.94803498918065	5.8171111599632	0	1.03499517912925
BA_only	hippocampus	AA	psi	chr22_38172255_38173124	chr22	38172255	38173124	105	105	0	0	0.0142667734891302	0.964974748568303	2.57938243637192	2.57938243637192	869	322	Enhancer	0	Heritable	0.22562864984682	0.828838496583543	0.00755576515024405	0	0	0	2.2562864984682	6.76734312526539	5.77765232322266	0	0.947550008410552
BA_only	hippocampus	AA	psi	chr22_38327822_38328211	chr22	38327822	38328211	77	77	0	0	0.0160655861382988	0.968106276565941	2.48850868039609	-2.48850868039609	389	316	Genic/other	0	Heritable	0.223416785002005	0.880307322950958	0.005902167346545	9835	0	0	2.23416785002005	5.96357934361845	5.75890177387728	9.19380440333608	0.911683611533034
BA_only	hippocampus	AA	psi	chr22_38335729_38335866	chr22	38335729	38335866	78	78	0	0	0.00379071879826539	0.871232310780983	7.76348743726443	-7.76348743726443	137	321	Genic/other	1	Heritable	0.136140742212758	0.894920887987268	0.0125700355793579	8874	0	0	1.36140742212758	4.91998092582813	5.77455154554441	9.09099361434362	2.04943164654649
BA_only	hippocampus	AA	psi	chr22_38397225_38397330	chr22	38397225	38397330	65	65	0	0	0.0109800717440339	0.946775224156087	1.91783516961612	1.91783516961612	105	346	Genic/other	1	Non-heritable	0.0913507482538607	0.886176092188993	0.00728743847823816	0	0	0	0.913507482538607	4.65396035015752	5.84932477994686	0	0.651197039304792
BA_only	hippocampus	AA	psi	chr22_38451964_38452442	chr22	38451964	38452442	42	42	0	0	0.0190448785103988	0.97294422691241	1.58569727548906	-1.58569727548906	478	368	Genic/other	1	Heritable	0.132461204283353	0.912730510794144	0.00752087412008597	15881	0	0	1.32461204283353	6.16961073249146	5.91079664404053	9.67294167145516	0.461024238342751
BA_only	hippocampus	AA	psi	chr22_38508713_38509005	chr22	38508713	38509005	52	52	0	0	0.0153054066113502	0.967076513219291	3.28833369322856	3.28833369322856	292	407	Genic/other	2	Non-heritable	0.0924179639125829	0.890276708148349	0.00976128010364193	1121	0	0	0.924179639125829	5.67675380226828	6.01126717440416	7.02286808608264	1.19038096329361
BA_only	hippocampus	AA	psi	chr22_38678963_38679128	chr22	38678963	38679128	44	44	0	0	0.0459368035124772	0.981789757189854	4.13738204902329	4.13738204902329	165	411	Genic/other	1	Heritable	0.227896154764474	0.87915440056402	0.00555978088870815	0	0	0	2.27896154764474	5.10594547390058	6.02102334934953	0	1.42006323492488
BA_only	hippocampus	AA	psi	chr22_38762717_38762827	chr22	38762717	38762827	39	39	0	0	0.00154242836993517	0.777003330423925	2.99811369736659	2.99811369736659	110	408	Genic/other	0	Non-heritable	0.0737136659340519	0.859348751547818	0.00706800541311471	6953	0	0	0.737136659340519	4.70048036579242	6.0137151560428	8.84707231256781	1.09798332670186
BA_only	hippocampus	AA	psi	chr22_38927884_38927962	chr22	38927884	38927962	46	46	0	0	0.0101265367853276	0.944902218841749	3.11911011402573	-3.11911011402573	78	386	Intergenic	1	Heritable	0.139159493671233	0.894724847802255	0.00784362443370808	3766	0	0	1.39159493671233	4.35670882668959	5.95842469302978	8.23403420769204	1.13754774448096
BA_only	hippocampus	AA	psi	chr22_39061854_39062213	chr22	39061854	39062213	22	22	0	0	0.00839553569406652	0.933559278800072	3.8396178872002	-3.8396178872002	359	414	Genic/other	0	Heritable	0.470214213960669	0.866933290991886	0.00708780540845742	4144	0	0	4.70214213960669	5.88332238848828	6.0282785202307	8.3296580675694	1.34537285571114
BA_only	hippocampus	AA	psi	chr22_39077248_39077577	chr22	39077248	39077577	40	40	0	0	0.0039494261513475	0.876132919298309	4.1858750278567	-4.1858750278567	329	424	Promoter	0	Heritable	0.116510047272979	0.905779526565809	0.00633946506944873	0	0	0	1.16510047272979	5.79605775076537	6.05208916892442	0	1.43171577117896
BA_only	hippocampus	AA	psi	chr22_39185595_39185944	chr22	39185595	39185944	46	46	0	0	0.0444289105216072	0.981340730902826	2.96547820602544	-2.96547820602544	349	452	Intergenic	0	Non-heritable	0.0855127869049075	0.912250546567664	0.00805824253313735	35805	0	0	0.855127869049075	5.85507192220243	6.11589212548303	10.4858707561112	1.08703830646809
BA_only	hippocampus	AA	psi	chr22_39433609_39434617	chr22	39433609	39434617	52	52	0	0	0.00245464844316864	0.824728302674626	4.52584258838188	-4.52584258838188	1008	424	Genic/other	0	Non-heritable	0.0867497993464377	0.908776992548129	0.00732436113011207	0	0	0	0.867497993464377	6.91572344863131	6.05208916892442	0	1.50980376940419
BA_only	hippocampus	AA	psi	chr22_39469439_39470451	chr22	39469439	39470451	52	52	0	0	0.0176717460186568	0.970931943606436	4.3842398368769	-4.3842398368769	1012	418	Genic/other	0	Heritable	0.111137567408303	0.882544650687753	0.0086322828996731	0	0	0	1.11137567408303	6.91968384984741	6.03787091992214	0	1.47801625774703
BA_only	hippocampus	AA	psi	chr22_39717159_39717341	chr22	39717159	39717341	21	21	0	0	0.00443078867030303	0.891375990765259	2.17145774129707	-2.17145774129707	182	354	Intergenic	0	Heritable	0.109692813509556	0.861041018581009	0.00844179634283021	159716	0	0	1.09692813509556	5.2040066870768	5.87211778947542	11.9811587781307	0.775398716803962
BA_only	hippocampus	AA	psi	chr22_40024983_40025287	chr22	40024983	40025287	7	7	0	0	0.148972972773438	0.991064867102684	1.38225940381308	1.38225940381308	304	258	Genic/other	1	Non-heritable	0.0790538996353178	0.827981522176997	0.00592635821303301	19710	0	0	0.790538996353178	5.71702770140622	5.55682806169954	9.88893213452693	0.32371941671232
BA_only	hippocampus	AA	psi	chr22_40043297_40043839	chr22	40043297	40043839	7	7	0	0	0.0818313935532665	0.988137148207548	0.904839116736635	-0.904839116736635	542	256	Promoter	1	Heritable	0.149385607552884	0.815437091945438	0.00591033400944762	1158	0	0	1.49385607552884	6.29526600143965	5.54907608489522	7.05531284333975	-0.0999981115954888
BA_only	hippocampus	AA	psi	chr22_40418739_40418876	chr22	40418739	40418876	55	55	0	0	0.00145113956445611	0.762484248609066	5.84652234010976	5.84652234010976	137	180	Genic/other	2	Non-heritable	0.0585505218298653	0.691093428538704	0.00665982127671934	1752	0	0	0.585505218298653	4.91998092582813	5.19849703126583	7.46908388492123	1.76584701440967
BA_only	hippocampus	AA	psi	chr22_41217562_41217944	chr22	41217562	41217944	129	129	0	0	0.0121850305803302	0.95809323095415	1.65089399179444	1.65089399179444	382	158	Promoter	0	Non-heritable	0.0519762693231958	0.505594260584279	0.00806245818220809	0	0	0	0.519762693231958	5.94542060860658	5.06890420222023	0	0.501316960450785
BA_only	hippocampus	AA	psi	chr22_41239454_41240299	chr22	41239454	41240299	141	141	0	0	0.0116001048552381	0.95315577890577	4.06527853970876	4.06527853970876	845	159	Promoter	1	Heritable	0.104534542513627	0.629855428607804	0.00797869277865266	11649	0	0	1.04534542513627	6.73933662735717	5.07517381523383	9.36306145899385	1.40248226456571
BA_only	hippocampus	AA	psi	chr22_41264503_41265225	chr22	41264503	41265225	141	141	0	0	0.00664319984300527	0.925354564313795	2.28274913068731	-2.28274913068731	722	162	Genic/other	0	Non-heritable	0.0537646339022483	0.582972578963923	0.00716178084495159	0	0	0	0.537646339022483	6.58202513889283	5.09375020080676	0	0.825380480076747
BA_only	hippocampus	AA	psi	chr22_41326757_41327423	chr22	41326757	41327423	156	156	0	0	0.00436348453795597	0.889521220752069	2.08701503089383	-2.08701503089383	666	156	Genic/other	0	Heritable	0.107663963489289	0.64979011528792	0.0072401382277096	40175	0	0	1.07663963489289	6.50128967054039	5.05624580534831	10.6010250813974	0.735734835013909
BA_only	hippocampus	AA	psi	chr22_41666339_41666563	chr22	41666339	41666563	57	57	0	0	0.0346148622782293	0.980327953711174	4.78212891728574	4.78212891728574	224	184	Intergenic	1	Heritable	0.192007226014752	0.681295421676616	0.00770306894664494	13800	0	0	1.92007226014752	5.41164605185504	5.22035582507832	9.53249633228804	1.56488582962747
BA_only	hippocampus	AA	psi	chr22_41667285_41667424	chr22	41667285	41667424	57	57	0	0	0.00700310467847114	0.931516361210935	2.28820732980053	2.28820732980053	139	176	Intergenic	1	Non-heritable	0.0574377026401664	0.540074833234856	0.00807622502066185	12939	0	0	0.574377026401664	4.93447393313069	5.17614973257383	9.46807856805489	0.827768689953948
BA_only	hippocampus	AA	psi	chr22_41699105_41699210	chr22	41699105	41699210	57	57	0	0	0.068984384109617	0.985907779499035	1.33195681469707	1.33195681469707	105	182	Promoter	1	Heritable	0.182077918226443	0.706044710711988	0.00837451076985096	5641	0	0	1.82077918226443	4.65396035015752	5.20948615284142	8.63799389156194	0.286649157701767
BA_only	hippocampus	AA	psi	chr22_41744319_41745321	chr22	41744319	41745321	60	60	0	0	0.0111170551351844	0.948703871232836	2.47418526562893	-2.47418526562893	1002	163	Genic/other	0	Non-heritable	0.0905466685918646	0.678346958988494	0.0103871717919882	7329	0	0	0.905466685918646	6.90975328164481	5.0998664278242	8.8997307948807	0.905911160264441
BA_only	hippocampus	AA	psi	chr22_42338452_42338814	chr22	42338452	42338814	82	82	0	0	0.0148042173544955	0.966089857218066	3.71427350634038	-3.71427350634038	362	368	Genic/other	2	Non-heritable	0.092549281128211	0.894109710228831	0.00651132045960316	0	0	0	0.92549281128211	5.89164421182577	5.91079664404053	0	1.31218310489857
BA_only	hippocampus	AA	psi	chr22_42483790_42484094	chr22	42483790	42484094	136	136	0	0	0.00140752522370567	0.760188330071088	4.29775391876132	-4.29775391876132	304	355	Intergenic	0	Non-heritable	0.0568487666047257	0.863341498192997	0.0110935312717379	17679	0	0	0.568487666047257	5.71702770140622	5.87493073085203	9.78018933619163	1.4580925440828
BA_only	hippocampus	AA	psi	chr22_42552144_42552274	chr22	42552144	42552274	134	134	0	0	0.00545240391868154	0.91390327133611	6.27184478368856	-6.27184478368856	130	379	Genic/other	1	Heritable	0.119066574497079	0.890647721804062	0.00624044639054886	1438	0	0	1.19066574497079	4.86753445045558	5.94017125272043	7.27170370688737	1.83607053683767
BA_only	hippocampus	AA	psi	chr22_42869962_42870300	chr22	42869962	42870300	92	92	0	0	0.00697108409811916	0.93133651470931	3.96108067028596	-3.96108067028596	338	578	Genic/other	2	Heritable	0.101725661338717	0.864070985661844	0.00947442123108939	6032	0	0	1.01725661338717	5.82304589548302	6.361302477573	8.70499967844076	1.37651688709832
BA_only	hippocampus	AA	psi	chr22_43089654_43089789	chr22	43089654	43089789	29	29	0	0	0.063543572945645	0.985907779499035	1.47362514293385	-1.47362514293385	135	592	Promoter	1	Non-heritable	0.0857069367942808	0.951206329329873	0.00964713203901226	14179	0	0	0.857069367942808	4.90527477843843	6.38519439899773	9.55958780008612	0.38772545541086
BA_only	hippocampus	AA	psi	chr22_43153261_43153948	chr22	43153261	43153948	30	30	0	0	0.00474632243424134	0.903845859635741	0.692275337035163	-0.692275337035163	687	565	Genic/other	1	Heritable	0.683370796186945	0.914259167044719	0.0308716825650939	0	0	0	6.83370796186945	6.53233429222235	6.33859407820318	0	-0.367771502165984
BA_only	hippocampus	AA	psi	chr22_43187960_43188047	chr22	43187960	43188047	31	31	0	0	0.00213180591967763	0.815187053503819	2.10927648295393	2.10927648295393	87	567	Promoter	1	Heritable	0.128327068175086	0.911678814373983	0.0118354914682123	26907	0	0	1.28327068175086	4.46590811865458	6.34212141872115	10.2001789191455	0.74634499435164
BA_only	hippocampus	AA	psi	chr22_43386591_43386856	chr22	43386591	43386856	11	11	0	0	0.0325385334754525	0.978660772153819	3.09330742763629	3.09330742763629	265	515	Intergenic	0	Non-heritable	0.0979267066788225	0.94767380710828	0.00872796742597844	4223	0	0	0.979267066788225	5.57972982598622	6.24610676548156	8.3485378253861	1.12924088664117
BA_only	hippocampus	AA	psi	chr22_43467345_43468029	chr22	43467345	43468029	8	8	0	0	0.051937557938066	0.984191523535161	0.590453937615739	0.590453937615739	684	583	Genic/other	0	Heritable	0.502433549164665	0.877583916045333	0.00660498030511593	42436	0	0	5.02433549164665	6.52795791762255	6.36990098282823	10.6557759021992	-0.526863635182382
BA_only	hippocampus	AA	psi	chr22_43561627_43562272	chr22	43561627	43562272	10	10	0	0	0.023298270847655	0.975932065139872	1.96662879092392	-1.96662879092392	645	632	Genic/other	0	Non-heritable	0.0496913917930017	0.852702662382604	0.00882245302313386	46327	0	0	0.496913917930017	6.46925031679577	6.45047042214418	10.7435018089056	0.67632080829071
BA_only	hippocampus	AA	psi	chr22_43985333_43985869	chr22	43985333	43985869	15	15	0	0	0.0123137629197493	0.958949015439713	8.93845441686575	8.93845441686575	536	754	Promoter	0	Heritable	0.110899887658568	0.964549912630393	0.00827619325743963	20880	0	0	1.10899887658568	6.2841341610708	6.62671774924903	9.94659493357006	2.19036269133853
BA_only	hippocampus	AA	psi	chr22_44057269_44057477	chr22	44057269	44057477	15	15	0	0	0.0713981193890176	0.985907779499035	4.56258598027175	-4.56258598027175	208	765	Genic/other	0	Non-heritable	0.0596684231737705	0.974165799204888	0.00790124937423673	90444	0	0	0.596684231737705	5.33753807970132	6.64118216974059	11.4124972101357	1.51788956591385
BA_only	hippocampus	AA	psi	chr22_44129646_44130397	chr22	44129646	44130397	12	12	0	0	0.0796618933542202	0.988137148207548	1.89075341526485	-1.89075341526485	751	826	Genic/other	0	Non-heritable	0.0608118304035606	0.956803459294406	0.00917117072968922	17524	0	0	0.608118304035606	6.62140565176413	6.71780469502369	9.77138371190279	0.63697538734292
BA_only	hippocampus	AA	psi	chr22_44275919_44276146	chr22	44275919	44276146	10	10	0	0	0.0972618837204795	0.990400450319684	0.643777052147876	0.643777052147876	227	958	Genic/other	0	Non-heritable	0.0527453535770056	0.969782789613068	0.00736439419494507	36996	0	0	0.527453535770056	5.4249500174814	6.86589107488344	10.518592107258	-0.440402789599812
BA_only	hippocampus	AA	psi	chr22_44368978_44369087	chr22	44368978	44369087	20	20	0	0	0.0168219650688898	0.970581273335112	1.27512006314845	1.27512006314845	109	1077	Intergenic	0	Non-heritable	0.0683127104449115	0.98055237086116	0.00705004091484222	95	0	0	0.683127104449115	4.69134788222914	6.98286275146894	4.56434819146784	0.243040349194593
BA_only	hippocampus	AA	psi	chr22_44441835_44442031	chr22	44441835	44442031	19	19	0	0	0.0217574317251777	0.975932065139872	1.31339026267314	1.31339026267314	196	1067	Genic/other	0	Heritable	0.739570900389983	0.961857737457105	0.0074030108528172	1305	0	0	7.39570900389983	5.27811465923052	6.97354301952014	7.17472430983638	0.272611788529203
BA_only	hippocampus	AA	psi	chr22_44526192_44526282	chr22	44526192	44526282	23	23	0	0	0.0082776659163976	0.933559278800072	1.57467955631051	-1.57467955631051	90	1043	Intergenic	0	Non-heritable	0.0872372799873609	0.976141290318414	0.00601417634258203	43158	0	0	0.872372799873609	4.49980967033027	6.95081476844258	10.6726462495022	0.454051801617265
BA_only	hippocampus	AA	psi	chr22_44587420_44587696	chr22	44587420	44587696	23	23	0	0	0.0547301360167106	0.98577631996496	1.42192915265667	1.42192915265667	276	1053	Intergenic	0	Heritable	0.142538384890692	0.985212927162155	0.00630894287179519	16043	0	0	1.42538384890692	5.62040086571715	6.96034772910131	9.68309022688994	0.352014514849558
BA_only	hippocampus	AA	psi	chr22_44746516_44746878	chr22	44746516	44746878	22	22	0	0	0.0310224154419918	0.976893291659941	1.51167000805348	-1.51167000805348	362	997	Genic/other	0	Non-heritable	0.091280116142691	0.984132803892586	0.00660931948572258	5748	0	0	0.91280116142691	5.89164421182577	6.90575327631146	8.65678120562329	0.413215011910963
BA_only	hippocampus	AA	psi	chr22_44935822_44936348	chr22	44935822	44936348	57	57	0	0	0.0135706115866907	0.964283399649536	5.40610362972989	5.40610362972989	526	831	Genic/other	0	Heritable	0.269878741079128	0.959887084531845	0.00695437049877498	0	0	0	2.69878741079128	6.26530121273771	6.72383244082121	0	1.68752861891168
BA_only	hippocampus	AA	psi	chr22_45077958_45078356	chr22	45077958	45078356	75	75	0	0	0.00166840446825089	0.786661074605562	1.75062383294755	1.75062383294755	398	864	Intergenic	0	Heritable	0.380681640491976	0.942909347750161	0.00705636416509354	3939	0	0	3.80681640491976	5.98645200528444	6.76272950693188	8.27893600229198	0.559972206095238
BA_only	hippocampus	AA	psi	chr22_45101971_45102346	chr22	45101971	45102346	76	76	0	0	0.0021850946247156	0.816292190488842	2.24974923933217	2.24974923933217	375	858	Intergenic	0	Heritable	0.317226356148831	0.959365368350829	0.00761791272805643	27952	0	0	3.17226356148831	5.92692602597041	6.75576892198426	10.2382798073492	0.810818765264644
BA_only	hippocampus	AA	psi	chr22_45165380_45165492	chr22	45165380	45165492	76	76	0	0	0.00286730061808989	0.844808629760907	3.03713585003105	-3.03713585003105	112	831	Genic/other	1	Heritable	0.109884958015287	0.969154985048438	0.00809601791049641	0	0	0	1.09884958015287	4.71849887129509	6.72383244082121	0	1.11091492000905
BA_only	hippocampus	AA	psi	chr22_45216145_45216735	chr22	45216145	45216735	76	76	0	0	0.0119924253898995	0.955696118255407	4.04669619389668	4.04669619389668	590	786	Genic/other	0	Heritable	0.1153484869403	0.970865510840058	0.00787013347279175	0	0	0	1.153484869403	6.38012253689977	6.6682282484174	0	1.39790079608735
BA_only	hippocampus	AA	psi	chr22_45261980_45262719	chr22	45261980	45262719	64	64	0	0	0.0153026157957879	0.967076513219291	1.7359171346997	-1.7359171346997	739	739	Intergenic	0	Heritable	0.524280770038424	0.922955581822242	0.0079783836356138	867	0	0	5.24280770038424	6.6052979209482	6.60665018619822	6.76619171466035	0.551535887391609
BA_only	hippocampus	AA	psi	chr22_45329067_45329965	chr22	45329067	45329965	65	65	0	0	0.0108051936858448	0.944902218841749	1.81942493688201	-1.81942493688201	898	676	Promoter	0	Heritable	0.127736335448364	0.964276410579673	0.00949657238371109	0	0	0	1.27736335448364	6.8001700683022	6.51767127291228	0	0.598520487910156
BA_only	hippocampus	AA	psi	chr22_45335114_45335227	chr22	45335114	45335227	65	65	0	0	5.50292214414116e-05	0.286286598115581	2.89364170105196	-2.89364170105196	113	668	Promoter	0	Non-heritable	0.0979940567387885	0.945785101224458	0.00646703784237259	1183	0	0	0.979940567387885	4.72738781871234	6.50578406012823	7.07665381544395	1.06251581648549
BA_only	hippocampus	AA	psi	chr22_45436977_45437361	chr22	45436977	45437361	50	50	0	0	0.0296442612963907	0.976741514025636	1.39722716966927	1.39722716966927	384	638	Genic/other	0	Heritable	0.488714844795138	0.933711015817302	0.0115780970598241	65702	0	0	4.88714844795138	5.95064255258773	6.45990445437754	11.0928998655307	0.334489686716723
BA_only	hippocampus	AA	psi	chr22_45631003_45631907	chr22	45631003	45631907	38	38	0	0	0.01002730995642	0.944902218841749	2.17126141994299	-2.17126141994299	904	565	Intergenic	0	Non-heritable	0.0938479272757788	0.949634732078799	0.0112858335343883	0	0	0	0.938479272757788	6.80682936039218	6.33859407820318	0	0.77530830278177
BA_only	hippocampus	AA	psi	chr22_45866073_45866388	chr22	45866073	45866388	173	173	0	0	0.000404829482140528	0.587419615769256	3.17185285447755	-3.17185285447755	315	513	Intergenic	2	Heritable	0.12163893301884	0.936770598157919	0.0072687930328913	10152	0	0	1.2163893301884	5.75257263882563	6.24222326545517	9.22552450730122	1.15431591697088
BA_only	hippocampus	AA	psi	chr22_45867327_45867591	chr22	45867327	45867591	173	173	0	0	0.00379682409532926	0.871232310780983	4.68792461598825	4.68792461598825	264	519	Intergenic	1	Non-heritable	0.0817896785350831	0.931988289099854	0.00674967185509596	8949	0	0	0.817896785350831	5.57594910314632	6.25382881157547	9.0994088112689	1.54498997407128
BA_only	hippocampus	AA	psi	chr22_46011014_46012018	chr22	46011014	46012018	170	170	0	0	0.00339803159330263	0.86593481253084	3.50399840932449	-3.50399840932449	1004	558	Genic/other	0	Non-heritable	0.0568480574590646	0.944730416136618	0.00718022127047863	1463	0	0	0.568480574590646	6.91174730025167	6.3261494731551	7.28892769452126	1.25390472196802
BA_only	hippocampus	AA	psi	chr22_46040515_46040687	chr22	46040515	46040687	170	170	0	0	0.00689836976554007	0.928872608627617	5.02019423882429	-5.02019423882429	172	569	Genic/other	1	Heritable	0.113530303025083	0.947911296667963	0.00673113200716715	0	0	0	1.13530303025083	5.14749447681345	6.3456363608286	0	1.61346862793992
BA_only	hippocampus	AA	psi	chr22_46043661_46044015	chr22	46043661	46044015	170	170	0	0	0.00180187589055824	0.796268588634543	4.50619220276121	-4.50619220276121	354	587	Genic/other	1	Heritable	0.111292439496429	0.961836637089486	0.00778495523880752	0	0	0	1.11292439496429	5.86929691313377	6.37672694789863	0	1.50545249817111
BA_only	hippocampus	AA	psi	chr22_46062331_46062533	chr22	46062331	46062533	170	170	0	0	0.000118621942344277	0.413849507326493	4.27239011511809	4.27239011511809	202	561	Genic/other	1	Non-heritable	0.0972435491305196	0.949222282150349	0.00621176911119508	0	0	0	0.972435491305196	5.30826769740121	6.33150184989369	0	1.45217341891112
BA_only	hippocampus	AA	psi	chr22_46064155_46064602	chr22	46064155	46064602	170	170	0	0	0.00171436349069196	0.787994014818457	3.90212064287794	3.90212064287794	447	564	Genic/other	1	Heritable	0.10378207230719	0.951526226786625	0.00751273682072831	0	0	0	1.0378207230719	6.10255859461357	6.33682573114644	0	1.36152016250144
BA_only	hippocampus	AA	psi	chr22_46066769_46066981	chr22	46066769	46066981	170	170	0	0	3.30097106134132e-05	0.220193293226199	3.74374583613506	-3.74374583613506	212	572	Enhancer	1	Heritable	0.246216063734387	0.949579714456445	0.00880236393459351	0	0	0	2.46216063734387	5.35658627467201	6.35088571671474	0	1.32008667333445
BA_only	hippocampus	AA	psi	chr22_46084050_46084741	chr22	46084050	46084741	171	171	0	0	0.000156660571928445	0.445573422014201	2.91307059291801	2.91307059291801	691	566	Promoter	1	Heritable	0.122160677129407	0.952381217680981	0.00659211618908544	0	0	0	1.22160677129407	6.53813982376767	6.34035930372775	0	1.06920771486793
BA_only	hippocampus	AA	psi	chr22_46103763_46104418	chr22	46103763	46104418	184	184	0	0	0.00213972899569825	0.815187053503819	2.47490429769695	-2.47490429769695	655	554	Genic/other	0	Non-heritable	0.0843017514968315	0.933054350104029	0.00626910967104621	0	0	0	0.843017514968315	6.48463523563525	6.31896811374643	0	0.906201731716411
BA_only	hippocampus	AA	psi	chr22_46238020_46239011	chr22	46238020	46239011	174	174	0	0	0.000166241882074885	0.454692634203216	3.13475147282423	-3.13475147282423	991	571	Genic/other	0	Non-heritable	0.060853394928335	0.933250148184465	0.00904924037631999	6226	0	0	0.60853394928335	6.89871453432999	6.3491389913798	8.73664995487245	1.1425498991163
BA_only	hippocampus	AA	psi	chr22_46251084_46251495	chr22	46251084	46251495	174	174	0	0	0.00521298414520638	0.910521893616427	3.57175989351581	-3.57175989351581	411	596	Promoter	1	Heritable	0.170609033909977	0.905601660763481	0.00863824491408674	827	0	0	1.70609033909977	6.01859321449623	6.3919171133926	6.71901315438526	1.27305844449417
BA_only	hippocampus	AA	psi	chr22_46256039_46256839	chr22	46256039	46256839	174	174	0	0	0.0193086874498155	0.973353388707841	5.43557027804633	5.43557027804633	800	593	Genic/other	0	Heritable	0.654542643896967	0.897569330193036	0.00913951411733932	5782	0	0	6.54542643896967	6.68461172766793	6.38687931936265	8.66267785815822	1.6929644438719
BA_only	hippocampus	AA	psi	chr22_46366897_46368058	chr22	46366897	46368058	49	49	0	0	0.0329550217467779	0.979164877002956	1.91657557134148	-1.91657557134148	1161	596	Promoter	2	Heritable	0.295871110253127	0.923858162943131	0.00640631716699049	1745	0	0	2.95871110253127	7.05703698169789	6.3919171133926	7.46508273639955	0.650540042233548
BA_only	hippocampus	AA	psi	chr22_46378391_46378752	chr22	46378391	46378752	50	50	0	0	0.0105883617869772	0.944902218841749	5.26339880552608	-5.26339880552608	361	588	Promoter	1	Heritable	0.135017205052693	0.953794218648659	0.00705645211737116	5507	0	0	1.35017205052693	5.88887795833288	6.37842618365159	8.61395685984855	1.66077698072397
BA_only	hippocampus	AA	psi	chr22_46415819_46416317	chr22	46415819	46416317	44	44	0	0	0.0584214463385594	0.98577631996496	2.83928874656934	-2.83928874656934	498	565	Enhancer	0	Heritable	0.198037459834792	0.945162074498596	0.00918891847370865	6822	0	0	1.98037459834792	6.21060007702465	6.33859407820318	8.82805453681542	1.04355358298063
BA_only	hippocampus	AA	psi	chr22_46432514_46432738	chr22	46432514	46432738	44	44	0	0	0.00526327924730979	0.910718986954723	2.26845725276238	-2.26845725276238	224	572	Genic/other	0	Non-heritable	0.0712578932913023	0.924781046367346	0.00830564491996941	23517	0	0	0.712578932913023	5.41164605185504	6.35088571671474	10.0655213643834	0.819099980518532
BA_only	hippocampus	AA	psi	chr22_46437993_46438368	chr22	46437993	46438368	44	44	0	0	0.059912459824889	0.98577631996496	4.49403020691318	-4.49403020691318	375	567	Genic/other	1	Heritable	0.138744057878379	0.948968158399141	0.00708373840147475	28996	0	0	1.38744057878379	5.92692602597041	6.34212141872115	10.2749476553416	1.50274989757524
BA_only	hippocampus	AA	psi	chr22_46535154_46536345	chr22	46535154	46536345	45	45	0	0	0.00327375161720244	0.857599671675802	2.76155085651445	-2.76155085651445	1191	579	Promoter	1	Heritable	0.130239741277891	0.941421310732824	0.0165864921192296	2399	0	0	1.30239741277891	7.0825485693553	6.36302810354047	7.78322401633604	1.01579243007519
BA_only	hippocampus	AA	psi	chr22_46652796_46653162	chr22	46652796	46653162	27	27	0	0	0.0014850967224193	0.767554939688382	1.83715416684515	-1.83715416684515	366	594	Genic/other	0	Non-heritable	0.0685073925095548	0.940297198353897	0.00903437054324328	14955	0	0	0.685073925095548	5.90263333340137	6.38856140554563	9.612867836097	0.608217731314964
BA_only	hippocampus	AA	psi	chr22_46845849_46845951	chr22	46845849	46845951	11	11	0	0	0.348786020992141	0.993907636149293	0.511074307966342	0.511074307966342	102	677	Genic/other	0	Heritable	0.15670236660509	0.964874179558896	0.0066257305371464	0	0	0	1.5670236660509	4.62497281328427	6.5191472879404	0	-0.671240263019921
BA_only	hippocampus	AA	psi	chr22_46966311_46966686	chr22	46966311	46966686	8	8	0	0	0.297745956768429	0.993663620961428	1.27416365151346	-1.27416365151346	375	648	Genic/other	0	Non-heritable	0.0391313915691	0.935833022368105	0.00994968624548413	0	0	0	0.391313915691	5.92692602597041	6.47543271670409	0	0.242290011625763
BA_only	hippocampus	AA	psi	chr22_47064540_47064774	chr22	47064540	47064774	3	3	0	0	0.0545439625227193	0.98577631996496	0.419988558000965	-0.419988558000965	234	629	Genic/other	1	Heritable	0.500673001425866	0.910458679486659	0.00590185077141872	66905	0	0	5.00673001425866	5.4553211153577	6.44571981938558	11.1110439281934	-0.867527787120489
BA_only	hippocampus	AA	psi	chr22_47161665_47162290	chr22	47161665	47162290	1	1	0	0	0.0487886052380599	0.982844443292717	0.275917278026271	0.275917278026271	625	640	Genic/other	1	Heritable	0.687508822337183	0.928316722729327	0.00927115905038631	164030	0	0	6.87508822337183	6.4377516497364	6.46302945692067	12.0078107133337	-1.28765413924257
BA_only	hippocampus	AA	psi	chr22_48343605_48343952	chr22	48343605	48343952	26	26	0	0	0.0156369422712417	0.967613773757012	2.77062017049113	-2.77062017049113	347	973	Intergenic	0	Non-heritable	0.0810035743509231	0.982615093287638	0.00846173035058772	3122	0	0	0.810035743509231	5.84932477994686	6.88141130364254	8.04654935728308	1.01907118701326
BA_only	hippocampus	AA	psi	chr22_48491461_48491883	chr22	48491461	48491883	14	14	0	0	0.318390067066941	0.993828622005322	1.89621601745591	-1.89621601745591	422	1046	Genic/other	1	Non-heritable	0.0744405784391809	0.972741478282484	0.0085603000323942	0	0	0	0.744405784391809	6.04500531403601	6.95368421087054	0	0.639860335873927
BA_only	hippocampus	AA	psi	chr22_48568608_48569239	chr22	48568608	48569239	12	12	0	0	0.206052985006998	0.991064867102684	1.88179368004723	1.88179368004723	631	1081	Genic/other	0	Non-heritable	0.0991627787492716	0.984061138041032	0.00948391986218501	0	0	0	0.991627787492716	6.44730586254121	6.98656645940643	0	0.63222541243751
BA_only	hippocampus	AA	psi	chr22_48607113_48608007	chr22	48607113	48608007	11	11	0	0	0.00756118109307681	0.933559278800072	3.05848492742912	3.05848492742912	894	1087	Genic/other	0	Heritable	0.499126188319316	0.967231970389847	0.00788413685193584	0	0	0	4.99126188319316	6.79570577517351	6.99209642741589	0	1.11791967486544
BA_only	hippocampus	AA	psi	chr22_48629769_48630498	chr22	48629769	48630498	11	11	0	0	0.0380984555933247	0.980549382116533	2.23349196796892	2.23349196796892	729	1066	Enhancer	0	Non-heritable	0.0581338569295902	0.982598873138828	0.00696453299830128	0	0	0	0.581338569295902	6.59167373200866	6.97260625130175	0	0.803566270117408
BA_only	hippocampus	AA	psi	chr22_48918674_48919395	chr22	48918674	48919395	6	6	0	0	0.0048789058092046	0.903845859635741	1.94762520745755	-1.94762520745755	721	1175	Intergenic	0	Non-heritable	0.0593617398331146	0.982962929178952	0.00799180577480196	67915	0	0	0.593617398331146	6.58063913728495	7.06987412845857	11.1260269264359	0.666610793208055
BA_only	hippocampus	AA	psi	chr22_48920710_48921752	chr22	48920710	48921752	6	6	0	0	0.063401920156726	0.985907779499035	1.45340145534764	-1.45340145534764	1042	1170	Enhancer	0	Non-heritable	0.057228496592715	0.988162902662524	0.00909876090212171	69951	0	0	0.57228496592715	6.94889722231331	7.06561336359772	11.1555645715362	0.373906647420366
BA_only	hippocampus	AA	psi	chr22_49036865_49037018	chr22	49036865	49037018	6	6	0	0	0.0409051972663599	0.980549382116533	1.83425937913185	-1.83425937913185	153	1179	Intergenic	0	Non-heritable	0.0308159615725272	0.988494796061858	0.00773440928443491	0	0	0	0.308159615725272	5.03043792139244	7.07326971745971	0	0.606640797384118
BA_only	hippocampus	AA	psi	chr22_49052018_49052642	chr22	49052018	49052642	6	6	0	0	0.182321155241373	0.991064867102684	1.15984691519209	1.15984691519209	624	1162	Promoter	2	Non-heritable	0.0855484835325487	0.981296019998907	0.0138546575467361	1661	0	0	0.855484835325487	6.43615036836943	7.05875815251866	7.41577697541539	0.148288035369347
BA_only	hippocampus	AA	psi	chr22_49119177_49119297	chr22	49119177	49119297	5	5	0	0	0.137374957648848	0.991064867102684	0.848136668286386	0.848136668286386	120	1110	Intergenic	0	Heritable	0.448557813045018	0.962818676141135	0.010457419060024	29037	0	0	4.48557813045018	4.78749174278205	7.01301578963963	10.2763605960436	-0.164713478953375
BA_only	hippocampus	AA	psi	chr22_49352080_49352187	chr22	49352080	49352187	32	32	0	0	0.0166513192420742	0.970177563875914	2.25121187417843	2.25121187417843	107	941	Intergenic	0	Heritable	0.103195057789327	0.977442228365247	0.00860485956848703	17538	0	0	1.03195057789327	4.67282883446191	6.84800527457636	9.77218225175814	0.811468686405645
BA_only	hippocampus	AA	psi	chr22_49448490_49449238	chr22	49448490	49449238	47	47	0	0	0.00582276212279218	0.91658260669542	4.25822972867524	4.25822972867524	748	883	Genic/other	1	Non-heritable	0.076556918148398	0.971588608203418	0.00795407304782148	0	0	0	0.76556918148398	6.61740297797448	6.78445706263764	0	1.44885351961308
BA_only	hippocampus	AA	psi	chr22_49481730_49482427	chr22	49481730	49482427	47	47	0	0	0.0349722067910736	0.980327953711174	4.19914535658137	4.19914535658137	697	885	Genic/other	0	Non-heritable	0.0769122911466699	0.974464270423894	0.00767013603593339	15201	0	0	0.769122911466699	6.54678541076052	6.78671695060508	9.62918227712599	1.43488102043632
BA_only	hippocampus	AA	psi	chr22_49613901_49614052	chr22	49613901	49614052	48	48	0	0	0.000923585130028991	0.704421462184525	4.11809748474302	-4.11809748474302	151	837	Genic/other	1	Heritable	0.120177221179529	0.97911594818332	0.00803411919638486	0	0	0	1.20177221179529	5.01727983681492	6.73101810048208	0	1.41539128359077
BA_only	hippocampus	AA	psi	chr22_49639045_49639080	chr22	49639045	49639080	39	39	0	0	0.00472638575745121	0.903017244054156	2.79510473587546	-2.79510473587546	35	795	Genic/other	0	Heritable	0.135505292433462	0.974895114886007	0.00675337471371072	0	0	0	1.35505292433462	3.55534806148941	6.67959918584438	0	1.0278695820678
BA_only	hippocampus	AA	psi	chr22_49725398_49725520	chr22	49725398	49725520	39	39	0	0	0.0218391106059401	0.975932065139872	3.10488936951439	3.10488936951439	122	742	Promoter	1	Non-heritable	0.0673779501056466	0.962951091505387	0.00806834046951773	61973	0	0	0.673779501056466	4.80402104473326	6.61069604471776	11.0344702212347	1.13297808818539
BA_only	hippocampus	AA	psi	chr22_49782534_49782817	chr22	49782534	49782817	38	38	0	0	0.00414535718177569	0.88305907935774	4.15590100380138	4.15590100380138	283	711	Genic/other	1	Non-heritable	0.0612618098041978	0.965666445236099	0.00694745866879978	4676	0	0	0.612618098041978	5.64544689764324	6.56807791141198	8.45041215772589	1.42452925529246
BA_only	hippocampus	AA	psi	chr22_49917622_49917786	chr22	49917622	49917786	17	17	0	0	0.0590708872788517	0.98577631996496	2.05591670349895	2.05591670349895	164	522	Promoter	1	Heritable	0.490156628066975	0.930317350557673	0.00806385027158159	3974	0	0	4.90156628066975	5.0998664278242	6.25958146406492	8.28778002708843	0.720721837773842
BA_only	hippocampus	AA	psi	chr22_49937007_49938286	chr22	49937007	49938286	18	18	0	0	0.12622817498238	0.991064867102684	2.76447130610721	-2.76447130610721	1279	507	Enhancer	1	Non-heritable	0.0642399545082964	0.931968259057561	0.00807460057132565	11589	0	0	0.642399545082964	7.15383380157884	6.23048144757848	9.3578979363338	1.0168494109443
BA_only	hippocampus	AA	psi	chr22_50057904_50058118	chr22	50057904	50058118	52	52	0	0	0.0160530752254971	0.968049414896919	3.24544227723082	3.24544227723082	214	501	Genic/other	2	Heritable	0.273614797851977	0.912238189351362	0.0096253589074864	8654	0	0	2.73614797851977	5.36597601502185	6.21860011969173	9.06589246761031	1.17725163893636
BA_only	hippocampus	AA	psi	chr22_50146957_50147654	chr22	50146957	50147654	55	55	0	0	0.0187199311839105	0.972503866121758	3.51867052775858	-3.51867052775858	697	546	Promoter	0	Non-heritable	0.0802769251535662	0.933103536313827	0.00730110341958003	12130	0	0	0.802769251535662	6.54678541076052	6.30444880242198	9.40351943877092	1.25808323013111
BA_only	hippocampus	AA	psi	chr22_50498800_50499166	chr22	50498800	50499166	169	169	0	0	0.000880239939430243	0.696297367007034	2.43672274958974	2.43672274958974	366	420	Intergenic	0	Heritable	0.547164785245303	0.89178897928921	0.00790770448955753	5284	0	0	5.47164785245303	5.90263333340137	6.04263283368238	8.57262789830434	0.89065400518008
BA_only	hippocampus	AA	psi	chr22_50546787_50548119	chr22	50546787	50548119	453	453	0	0	0.00367467234434769	0.867953489674172	4.05218010907009	-4.05218010907009	1332	393	Promoter	1	Heritable	0.199469889026967	0.895276076309775	0.012560603098299	0	0	0	1.99469889026967	7.19443685110034	5.97635090929793	0	1.3992550372914
BA_only	hippocampus	AA	psi	chr22_50713086_50713684	chr22	50713086	50713684	383	383	0	0	0.000738636468172963	0.676748658479957	4.09029824816127	4.09029824816127	598	326	Genic/other	2	Heritable	0.10072613048717	0.873410747028659	0.00779465501015213	7013	0	0	1.0072613048717	6.39359075395063	5.78996017089725	8.85566343070012	1.40861789115171
BA_only	hippocampus	AA	psi	chr22_50757122_50758244	chr22	50757122	50758244	361	361	0	0	0.00103692026747111	0.721965237965727	3.23892487451603	3.23892487451603	1122	293	Genic/other	0	Heritable	0.187200743670104	0.837183514269187	0.00957372184000249	0	0	0	1.87200743670104	7.02286808608264	5.68357976733868	0	1.17524144897123
BA_only	hippocampus	AA	psi	chr2_10006465_10006900	chr2	10006465	10006900	138	138	0	0	0.000914016043671299	0.704421462184525	10.9262404450086	-10.9262404450086	435	748	Promoter	1	Heritable	0.10886750794808	0.9709459519917	0.0100741933579533	0	0	0	1.0886750794808	6.07534603108868	6.61873898351722	0	2.39116727732871
BA_only	hippocampus	AA	psi	chr2_100105946_100106218	chr2	100105946	100106218	9	9	0	0	0.0233725525378407	0.975932065139872	2.54739951815102	-2.54739951815102	272	276	Promoter	1	Heritable	0.119465299194381	0.825681134871325	0.00744506295408612	0	0	0	1.19465299194381	5.605802066296	5.62401750618734	0	0.93507304594583
BA_only	hippocampus	AA	psi	chr2_100283821_100284579	chr2	100283821	100284579	30	30	0	0	0.0399541322805035	0.980549382116533	2.78763862922691	2.78763862922691	758	308	Genic/other	0	Heritable	0.142685166572618	0.858356834014688	0.00765299634729863	24645	0	0	1.42685166572618	6.63068338564237	5.73334127689775	10.1123698944981	1.02519487159497
BA_only	hippocampus	AA	psi	chr2_100320352_100320717	chr2	100320352	100320717	31	31	0	0	0.0092988191516108	0.939841915020693	1.60695287534676	-1.60695287534676	365	321	Genic/other	1	Heritable	0.121500746131042	0.858296288810955	0.00722712837105913	0	0	0	1.21500746131042	5.89989735358249	5.77455154554441	0	0.474339767935266
BA_only	hippocampus	AA	psi	chr2_10042486_10042679	chr2	10042486	10042679	137	137	0	0	0.0482116182934675	0.982661996589092	4.04785714962804	-4.04785714962804	193	807	Promoter	2	Heritable	0.111332049563338	0.973657850646665	0.00785362571318118	0	0	0	1.11332049563338	5.26269018890489	6.6945620585211	0	1.39818764470942
BA_only	hippocampus	AA	psi	chr2_10044442_10044711	chr2	10044442	10044711	137	137	0	0	0.000391804387019225	0.579438373379997	3.46796265234468	3.46796265234468	269	792	Genic/other	2	Heritable	0.125513447308193	0.972007792515151	0.00836386920968466	0	0	0	1.25513447308193	5.59471137960184	6.67582322163485	0	1.24356729252374
BA_only	hippocampus	AA	psi	chr2_100604102_100605850	chr2	100604102	100605850	46	46	0	0	0.0186475534266214	0.972503866121758	4.10930817091587	-4.10930817091587	1748	369	Genic/other	0	Heritable	0.122299178877996	0.890744257589535	0.00510911959636017	0	0	0	1.22299178877996	7.46622755621548	5.91350300563827	0	1.41325468852854
BA_only	hippocampus	AA	psi	chr2_100632118_100632318	chr2	100632118	100632318	46	46	0	0	0.0452050390660834	0.981395945960329	1.68860594579353	1.68860594579353	200	370	Intergenic	0	Heritable	0.456203611524347	0.872001244080442	0.00551159109140293	21662	0	0	4.56203611524347	5.29831736654804	5.91620206260744	9.98336101511929	0.523903310307051
BA_only	hippocampus	AA	psi	chr2_101434398_101434640	chr2	101434398	101434640	24	24	0	0	0.000254349098086475	0.503902674622265	2.85909542514916	-2.85909542514916	242	341	Genic/other	0	Non-heritable	0.0568495397078399	0.877459392661564	0.00515010841773422	12673	0	0	0.568495397078399	5.48893772615669	5.83481073706261	9.44730792988346	1.05050529338787
BA_only	hippocampus	AA	psi	chr2_101438833_101438960	chr2	101438833	101438960	24	24	0	0	0.0893363295135118	0.989232456056335	0.876972266557491	-0.876972266557491	127	334	Genic/other	0	Heritable	0.605350821504989	0.879697430801632	0.0102167248689764	17108	0	0	6.05350821504989	4.84418708645859	5.81413053182507	9.74735991982465	-0.131279898788643
BA_only	hippocampus	AA	psi	chr2_101474856_101475145	chr2	101474856	101475145	24	24	0	0	0.037619352360392	0.980549382116533	1.43869870342117	1.43869870342117	289	330	Promoter	1	Heritable	0.149119476033726	0.883193024215076	0.00781040650667003	219	0	0	1.49119476033726	5.66642668811243	5.80211837537706	5.39362754635236	0.363739033795607
BA_only	hippocampus	AA	psi	chr2_101533654_101534551	chr2	101533654	101534551	24	24	0	0	0.0377172418122604	0.980549382116533	2.15114363274324	-2.15114363274324	897	328	Enhancer	0	Non-heritable	0.0513943682147357	0.787239741678731	0.00540796437732324	17217	0	0	0.513943682147357	6.7990558620588	5.79605775076537	9.7537106272179	0.76599962757395
BA_only	hippocampus	AA	psi	chr2_101609704_101611093	chr2	101609704	101611093	26	26	0	0	0.000540669058036634	0.636920160415722	1.2028948986559	-1.2028948986559	1389	335	Intergenic	0	Heritable	0.130938171993451	0.871906712828942	0.011978926489877	5649	0	0	1.30938171993451	7.23633934275434	5.8171111599632	8.63941082414049	0.184731075450865
BA_only	hippocampus	AA	psi	chr2_101616309_101617176	chr2	101616309	101617176	27	27	0	0	0.0046064188048656	0.898802265829508	1.81124623902316	1.81124623902316	867	343	Intergenic	0	Heritable	0.261933132038159	0.86551349027849	0.010745295510394	0	0	0	2.61933132038159	6.76503897678054	5.8406416573734	0	0.594015143717918
BA_only	hippocampus	AA	psi	chr2_101631030_101631310	chr2	101631030	101631310	28	28	0	0	0.00363833323844901	0.866906756094015	1.84513396951524	-1.84513396951524	280	339	Intergenic	0	Non-heritable	0.0422640356887105	0.748009100600692	0.00616123374797369	8395	0	0	0.422640356887105	5.63478960316925	5.82894561761021	9.03551068094052	0.612551892479395
BA_only	hippocampus	AA	psi	chr2_101701296_101701951	chr2	101701296	101701951	27	27	0	0	0.00379892346969344	0.871232310780983	1.06905791344002	-1.06905791344002	655	334	Genic/other	1	Non-heritable	0.0569709366258582	0.810066184218035	0.00794216730587811	78661	0	0	0.569709366258582	6.48463523563525	5.81413053182507	11.2729154715461	0.0667778152709668
BA_only	hippocampus	AA	psi	chr2_101779945_101781866	chr2	101779945	101781866	57	57	0	0	0.000513581872188583	0.621667389749649	2.11292864636235	2.11292864636235	1921	335	Genic/other	0	Non-heritable	0.0886867091744578	0.854180685535444	0.00724792058574659	77215	0	0	0.886867091744578	7.56060116276856	5.8171111599632	11.2543619684248	0.748074973919246
BA_only	hippocampus	AA	psi	chr2_10185183_10185588	chr2	10185183	10185588	164	164	0	0	0.00141606449014964	0.760354180375728	5.2646452157827	-5.2646452157827	405	737	Genic/other	0	Non-heritable	0.0654215186274055	0.968918516561068	0.00895914381577711	0	0	0	0.654215186274055	6.00388706710654	6.60394382460047	0	1.66101375979851
BA_only	hippocampus	AA	psi	chr2_10196374_10196899	chr2	10196374	10196899	169	169	0	0	0.0151588032310999	0.966228276045537	4.20663829647884	-4.20663829647884	525	721	Genic/other	0	Heritable	0.109579236282346	0.974264500321897	0.0119986822525392	0	0	0	1.09579236282346	6.26339826259162	6.58202513889283	0	1.43666382669771
BA_only	hippocampus	AA	psi	chr2_10204718_10205100	chr2	10204718	10205100	172	172	0	0	0.0108093493576513	0.944902218841749	3.28710236500366	3.28710236500366	382	710	Genic/other	0	Non-heritable	0.0871018784128556	0.968568835011588	0.00785597043075937	0	0	0	0.871018784128556	5.94542060860658	6.56667242980324	0	1.19000643961954
BA_only	hippocampus	AA	psi	chr2_10221134_10221537	chr2	10221134	10221537	170	170	0	0	0.00565833886026833	0.914301706404424	4.55977925003397	4.55977925003397	403	737	Intergenic	0	Non-heritable	0.0413773417145091	0.953997035356047	0.00726955474690498	10822	0	0	0.413773417145091	5.99893656194668	6.60394382460047	9.28942877829515	1.51727421446731
BA_only	hippocampus	AA	psi	chr2_10283395_10284758	chr2	10283395	10284758	156	156	0	0	0.0116738033910798	0.953492238780509	3.39138767050495	-3.39138767050495	1363	721	Enhancer	0	Non-heritable	0.0837511533963421	0.952373374474075	0.00877821538166923	0	0	0	0.837511533963421	7.21744343169653	6.58202513889283	0	1.22123918291513
BA_only	hippocampus	AA	psi	chr2_10360988_10361412	chr2	10360988	10361412	68	68	0	0	0.0066136487617243	0.9249109675864	2.68345198386327	-2.68345198386327	424	713	Enhancer	0	Non-heritable	0.0701035794123899	0.957106161261392	0.00697171525832209	0	0	0	0.701035794123899	6.04973345523196	6.57088296233958	0	0.987104023100133
BA_only	hippocampus	AA	psi	chr2_10371786_10373122	chr2	10371786	10373122	69	69	0	0	0.0132068776621207	0.964283399649536	2.22221624388788	-2.22221624388788	1336	729	Genic/other	0	Non-heritable	0.0741549305764115	0.949079372711837	0.0073598982595474	0	0	0	0.741549305764115	7.19743535409659	6.59304453414244	0	0.798505010463711
BA_only	hippocampus	AA	psi	chr2_104043856_104044679	chr2	104043856	104044679	190	190	0	0	0.0173284005034046	0.970581273335112	4.15894416034444	4.15894416034444	823	273	Genic/other	0	Non-heritable	0.0636361075422258	0.872479386922379	0.00696558800789782	0	0	0	0.636361075422258	6.71295620067707	5.61312810638807	0	1.42526123685352
BA_only	hippocampus	AA	psi	chr2_104321394_104322006	chr2	104321394	104322006	214	214	0	0	0.00385445629261224	0.872800716794875	3.13773908361377	-3.13773908361377	612	302	Intergenic	0	Heritable	0.138825174280654	0.861542574901685	0.00704634710988452	0	0	0	1.38825174280654	6.41673228251233	5.71373280550937	0	1.1435025066903
BA_only	hippocampus	AA	psi	chr2_10432228_10432528	chr2	10432228	10432528	69	69	0	0	0.00207060768403179	0.811090501848299	5.2609024971775	5.2609024971775	300	752	Intergenic	2	Heritable	0.119235165462783	0.970347261034531	0.00710627611567322	0	0	0	1.19235165462783	5.7037824746562	6.62406522779989	0	1.66030259134288
BA_only	hippocampus	AA	psi	chr2_104429350_104433411	chr2	104429350	104433411	200	200	0	0	0.00300254652651756	0.846513053928579	4.1255132138122	4.1255132138122	4061	315	Promoter	0	Heritable	0.10998269834788	0.896759720292657	0.00702946318631547	0	0	0	1.0998269834788	8.3091845276863	5.75574221358691	0	1.41719042994125
BA_only	hippocampus	AA	psi	chr2_104475911_104476907	chr2	104475911	104476907	218	218	0	0	0.00724531437176559	0.931791869604965	3.3048024767716	3.3048024767716	996	301	Promoter	0	Heritable	0.101935278945758	0.859161237054427	0.00627290348831246	0	0	0	1.01935278945758	6.9037472575846	5.71042701737487	0	1.19537670957278
BA_only	hippocampus	AA	psi	chr2_104501013_104502195	chr2	104501013	104502195	240	240	0	0	0.00471740082946426	0.902044089149494	3.17893459990136	3.17893459990136	1182	312	Promoter	0	Heritable	0.142686811390052	0.879648855121717	0.00748958677324205	0	0	0	1.42686811390052	7.07496319796604	5.74620319054015	0	1.15654611232465
BA_only	hippocampus	AA	psi	chr2_104658424_104658775	chr2	104658424	104658775	438	438	0	0	0.00369220405106983	0.867953489674172	4.69479643831815	-4.69479643831815	351	304	Promoter	1	Non-heritable	0.0872051750493548	0.859256715086875	0.0104922677971267	0	0	0	0.872051750493548	5.86078622346587	5.72031177660741	0	1.54645475672956
BA_only	hippocampus	AA	psi	chr2_104834198_104834891	chr2	104834198	104834891	289	289	0	0	0.00108276887624422	0.725388163675873	5.5069967981327	-5.5069967981327	693	328	Genic/other	0	Non-heritable	0.0749183764728217	0.898076422798819	0.00724321087265854	0	0	0	0.749183764728217	6.5410299991899	5.79605775076537	0	1.70601943067834
BA_only	hippocampus	AA	psi	chr2_104845880_104846544	chr2	104845880	104846544	289	289	0	0	0.0080933389394216	0.933559278800072	5.44283812916523	-5.44283812916523	664	348	Genic/other	1	Heritable	0.144033835642494	0.885886383957662	0.00743531447085119	0	0	0	1.44033835642494	6.49828214947643	5.85507192220243	0	1.69430064157929
BA_only	hippocampus	AA	psi	chr2_104858535_104861444	chr2	104858535	104861444	302	302	0	0	0.00100234386584508	0.718185739473938	6.31250355087051	-6.31250355087051	2909	341	Promoter	2	Heritable	0.230436809889501	0.915123094731807	0.00812360646138293	0	0	0	2.30436809889501	7.9755646584952	5.83481073706261	0	1.84253235869962
BA_only	hippocampus	AA	psi	chr2_104863456_104865074	chr2	104863456	104865074	302	302	0	0	0.0103051836113327	0.944902218841749	6.01064006941831	-6.01064006941831	1618	343	Enhancer	2	Non-heritable	0.0957153372832362	0.75805832703142	0.00565287414861652	0	0	0	0.957153372832362	7.38894609761844	5.8406416573734	0	1.79353124527519
BA_only	hippocampus	AA	psi	chr2_104876498_104876885	chr2	104876498	104876885	302	302	0	0	0.00130989226015211	0.751221462279749	5.39431770804577	-5.39431770804577	387	336	Genic/other	1	Heritable	0.138664160198872	0.892341648629596	0.0081800082977791	0	0	0	1.38664160198872	5.95842469302978	5.82008293035236	0	1.68534612510482
BA_only	hippocampus	AA	psi	chr2_105236709_105237502	chr2	105236709	105237502	77	77	0	0	0.0566529072481722	0.98577631996496	1.92210620617741	-1.92210620617741	793	451	Intergenic	2	Heritable	0.228867611384746	0.937334392069546	0.0114119715278201	92219	0	0	2.28867611384746	6.67582322163485	6.11368217983223	11.4319323057607	0.653421572380872
BA_only	hippocampus	AA	psi	chr2_105643840_105644641	chr2	105643840	105644641	76	76	0	0	0.0203602328987049	0.975856666808667	3.39250548568204	3.39250548568204	801	500	Intergenic	0	Non-heritable	0.0515072964736539	0.932650745745946	0.00765396401120223	0	0	0	0.515072964736539	6.68586094706836	6.21660610108487	0	1.22156873267607
BA_only	hippocampus	AA	psi	chr2_10565300_10566078	chr2	10565300	10566078	33	33	0	0	0.0184430997529648	0.972503866121758	1.74516519242893	-1.74516519242893	778	784	Genic/other	0	Non-heritable	0.0795457839386524	0.937522599103591	0.00839358314599696	6111	0	0	0.795457839386524	6.65672652417839	6.66568371778241	8.71800933084636	0.556849223052334
BA_only	hippocampus	AA	psi	chr2_105746260_105746520	chr2	105746260	105746520	63	63	0	0	0.0206038438465463	0.975856666808667	1.93243415224803	-1.93243415224803	260	466	Genic/other	1	Heritable	0.135406008398499	0.939443794383854	0.0101918211264708	0	0	0	1.35406008398499	5.56068163101553	6.1463292576689	0	0.658780432204667
BA_only	hippocampus	AA	psi	chr2_106066223_106066524	chr2	106066223	106066524	22	22	0	0	0.0440441582197468	0.980789550235948	2.08976021847962	2.08976021847962	301	371	Genic/other	1	Heritable	0.257209122660922	0.873116037235413	0.00874708830521025	0	0	0	2.57209122660922	5.70711026474888	5.91889385427315	0	0.737049336180015
BA_only	hippocampus	AA	psi	chr2_106263298_106265958	chr2	106263298	106265958	23	23	0	0	0.00179640521676259	0.796268588634543	4.55868879112112	4.55868879112112	2660	321	Intergenic	1	Heritable	0.316750037437404	0.859000509283783	0.00873455339217816	69149	0	0	3.16750037437404	7.88608140177575	5.77455154554441	11.1440333370929	1.51703503856391
BA_only	hippocampus	AA	psi	chr2_106269546_106269717	chr2	106269546	106269717	23	23	0	0	0.0352603958532519	0.980327953711174	2.08250813073141	2.08250813073141	171	316	Intergenic	2	Non-heritable	0.078592552173226	0.833030638985149	0.00925868174924709	75397	0	0	0.78592552173226	5.14166355650266	5.75890177387728	11.2305360284453	0.733573004165943
BA_only	hippocampus	AA	psi	chr2_106487817_106488007	chr2	106487817	106488007	27	27	0	0	0.0558396298312413	0.98577631996496	1.72030597635916	-1.72030597635916	190	307	Genic/other	1	Heritable	0.117530596825398	0.862264693243715	0.00707972240054746	16317	0	0	1.17530596825398	5.24702407216049	5.73009978297357	9.70002407198874	0.542502174049226
BA_only	hippocampus	AA	psi	chr2_106584287_106584691	chr2	106584287	106584691	29	29	0	0	0.0604346666533144	0.98577631996496	2.30150572657536	-2.30150572657536	404	258	Intergenic	0	Heritable	0.145616931128713	0.858270900526466	0.0104462632655458	1321	0	0	1.45616931128713	6.00141487796115	5.55682806169954	7.18690102041163	0.833563576809685
BA_only	hippocampus	AA	psi	chr2_108189630_108189883	chr2	108189630	108189883	9	9	0	0	0.0187459120061523	0.972503866121758	14.5809100195055	-14.5809100195055	253	237	Enhancer	0	Heritable	0.212626084555638	0.850689924100158	0.0093291176050959	0	0	0	2.12626084555638	5.53338948872752	5.47227067367148	0	2.67971314092251
BA_only	hippocampus	AA	psi	chr2_10844159_10844481	chr2	10844159	10844481	32	32	0	0	0.00629347653026263	0.920376068783091	2.25225457572093	-2.25225457572093	322	668	Promoter	0	Heritable	0.375263206114932	0.938534845736613	0.00802809549850993	0	0	0	3.75263206114932	5.77455154554441	6.50578406012823	0	0.811931752609468
BA_only	hippocampus	AA	psi	chr2_108696760_108697058	chr2	108696760	108697058	85	85	0	0	0.00813579809858487	0.933559278800072	2.78212236906957	-2.78212236906957	298	265	Genic/other	0	Non-heritable	0.0500144989785321	0.71110282161368	0.00792357943388877	12874	0	0	0.500144989785321	5.69709348650541	5.5834963087817	9.46304272553194	1.02321408213459
BA_only	hippocampus	AA	psi	chr2_108718852_108718927	chr2	108718852	108718927	83	83	0	0	0.00114583266560799	0.729356756088484	3.75455432297125	-3.75455432297125	75	269	Promoter	1	Heritable	0.14412518738637	0.834940974927896	0.00673517558871158	10271	0	0	1.4412518738637	4.31748811353631	5.59842195899838	9.23717702592974	1.32296959187971
BA_only	hippocampus	AA	psi	chr2_108720766_108720843	chr2	108720766	108720843	80	80	0	0	0.0223048896544996	0.975932065139872	4.25068397019059	4.25068397019059	77	270	Genic/other	1	Heritable	0.332590014026449	0.79887586483113	0.00855903732604634	8355	0	0	3.32590014026449	4.34380542185368	5.6021188208797	9.03073512267646	1.44707990650287
BA_only	hippocampus	AA	psi	chr2_108963242_108963527	chr2	108963242	108963527	11	11	0	0	0.0340652275425035	0.979302031268167	0.995902898838925	-0.995902898838925	285	283	Genic/other	0	Heritable	0.120062048828009	0.832429114732824	0.00468010694082121	87153	0	0	1.20062048828009	5.65248918026865	5.64897423816121	11.3754319477721	-0.00410550723454522
BA_only	hippocampus	AA	psi	chr2_10903669_10904282	chr2	10903669	10904282	64	64	0	0	0.0349835196385166	0.980327953711174	1.69053436574494	1.69053436574494	613	666	Intergenic	0	Heritable	0.159343677995853	0.958034753798847	0.0101084311628164	2452	0	0	1.59343677995853	6.41836493593621	6.50279004591562	7.80506704425849	0.525044677620365
BA_only	hippocampus	AA	psi	chr2_109315062_109316278	chr2	109315062	109316278	3	3	0	0	0.298682665490697	0.993663620961428	0.606582625525335	-0.606582625525335	1216	356	Genic/other	0	Heritable	0.66030400198562	0.864382841125394	0.00833976577229729	228045	0	0	6.6030400198562	7.10332206252611	5.87773578177964	12.3373026419729	-0.499914310043526
BA_only	hippocampus	AA	psi	chr2_10983284_10983762	chr2	10983284	10983762	64	64	0	0	0.000312234583652255	0.54339566756082	7.76193606327196	-7.76193606327196	478	621	Intergenic	0	Heritable	0.137938992226614	0.950193201947932	0.00774955065245349	82067	0	0	1.37938992226614	6.16961073249146	6.43294009273918	11.3153034508861	2.04923179705503
BA_only	hippocampus	AA	psi	chr2_110211679_110213540	chr2	110211679	110213540	39	39	0	0	0.00363473641468935	0.866906756094015	5.5532484630136	5.5532484630136	1861	84	Promoter	2	Heritable	0.158355226693966	0.54481212794202	0.00968630439592909	21347	0	0	1.58355226693966	7.52886925664225	4.44265125649032	9.96871333745383	1.71438306698389
BA_only	hippocampus	AA	psi	chr2_110858289_110859334	chr2	110858289	110859334	19	19	0	0	0.00610565585812813	0.920376068783091	1.86781750560793	1.86781750560793	1045	205	Enhancer	0	Heritable	0.103156915860035	0.779159477586257	0.00892664039560013	125934	0	0	1.03156915860035	6.95177216439891	5.32787616878958	11.7435211798095	0.624770645317318
BA_only	hippocampus	AA	psi	chr2_111747168_111748691	chr2	111747168	111748691	4	4	0	0	0.361793743215542	0.994240189962501	0.397154735629814	0.397154735629814	1523	265	Genic/other	0	Heritable	0.198216835415552	0.86598068462457	0.0173755746383288	11138	0	0	1.98216835415552	7.32843735289516	5.5834963087817	9.31820774284519	-0.923429286761712
BA_only	hippocampus	AA	psi	chr2_11175402_11175949	chr2	11175402	11175949	67	67	0	0	0.000564886756611666	0.636920160415722	2.72732205032152	-2.72732205032152	547	701	Genic/other	0	Non-heritable	0.0820815918159434	0.962632355598785	0.0109508696880531	0	0	0	0.820815918159434	6.30444880242198	6.55393340402581	0	1.00332019748474
BA_only	hippocampus	AA	psi	chr2_112139814_112140818	chr2	112139814	112140818	6	6	0	0	0.386481021124053	0.99451450116979	0.422267576055768	0.422267576055768	1004	255	Genic/other	2	Heritable	0.267377246458949	0.882964528697088	0.0183250253318125	35020	0	0	2.67377246458949	6.91174730025167	5.54517744447956	10.4637031605435	-0.862116075716816
BA_only	hippocampus	AA	psi	chr2_112182658_112182950	chr2	112182658	112182950	11	11	0	0	0.0603631769582451	0.98577631996496	0.399667437561404	-0.399667437561404	292	256	Genic/other	1	Non-heritable	0.0844207587517467	0.813456924801015	0.00575591947370895	0	0	0	0.844207587517467	5.67675380226828	5.54907608489522	0	-0.917122458759577
BA_only	hippocampus	AA	psi	chr2_112432110_112433315	chr2	112432110	112433315	28	28	0	0	0.0200370428193749	0.97573605073121	0.7755031407859	-0.7755031407859	1205	276	Genic/other	2	Heritable	0.282146418515329	0.869591250374653	0.0327016417198246	0	0	0	2.82146418515329	7.09423484592476	5.62401750618734	0	-0.254243233464835
BA_only	hippocampus	AA	psi	chr2_112749854_112750530	chr2	112749854	112750530	60	60	0	0	0.00635427281179862	0.920376068783091	3.21974976775711	3.21974976775711	676	346	Genic/other	0	Non-heritable	0.0467183674662126	0.829728545593485	0.0061622173507835	6624	0	0	0.467183674662126	6.51619307604296	5.84932477994686	8.79860565085442	1.16930364776575
BA_only	hippocampus	AA	psi	chr2_113235117_113236113	chr2	113235117	113236113	182	182	0	0	0.0137090963129958	0.964283399649536	4.4302957509615	4.4302957509615	996	337	Promoter	2	Heritable	0.256580634012725	0.860456770634033	0.0155248578320021	0	0	0	2.56580634012725	6.9037472575846	5.82304589548302	0	1.48846634502521
BA_only	hippocampus	AA	psi	chr2_113273986_113274277	chr2	113273986	113274277	183	183	0	0	0.00670244309239502	0.926346320137909	3.90535152457448	-3.90535152457448	291	323	Genic/other	1	Heritable	0.215258810072944	0.859925653530499	0.00833970512292388	2149	0	0	2.15258810072944	5.67332326717149	5.78074351579233	7.67322312112171	1.36234780089794
BA_only	hippocampus	AA	psi	chr2_113275528_113276790	chr2	113275528	113276790	183	183	0	0	0.00670575833831552	0.926346320137909	3.21538656061441	-3.21538656061441	1262	315	Genic/other	2	Heritable	0.136520909686432	0.858910776840419	0.0103543447476846	1678	0	0	1.36520909686432	7.14045304310116	5.75574221358691	7.42595365707754	1.16794759015481
BA_only	hippocampus	AA	psi	chr2_113278193_113278333	chr2	113278193	113278333	189	189	0	0	0.00464331428839379	0.900505784294714	6.11771380857494	6.11771380857494	140	331	Genic/other	1	Heritable	0.116679156401187	0.863992714407259	0.00508589094362973	135	0	0	1.16679156401187	4.9416424226093	5.80513496891649	4.91265488573605	1.81118846767729
BA_only	hippocampus	AA	psi	chr2_113390939_113392328	chr2	113390939	113392328	1706	1706	0	0	0.000295863014490582	0.537579539290605	4.96813559474762	-4.96813559474762	1389	324	Genic/other	0	Heritable	0.284796296599553	0.807230479603923	0.00833760514054573	0	0	0	2.84796296599553	7.23633934275434	5.78382518232974	0	1.60304463990029
BA_only	hippocampus	AA	psi	chr2_113496664_113496867	chr2	113496664	113496867	1690	1690	11	13	2.85989048936033e-31	2.65171334085881e-25	20.5273033837619	20.5273033837619	203	330	Genic/other	1	Non-heritable	0.0290515634306443	0.879265948676224	0.013371064104003	14486	1	1	0.290515634306443	5.31320597904179	5.80211837537706	9.58100697454165	3.02175587285488
BA_only	hippocampus	AA	psi	chr2_113603547_113604153	chr2	113603547	113604153	1618	1618	0	0	0.00128587882933317	0.748685029382681	10.9017882327052	-10.9017882327052	606	302	Genic/other	0	Heritable	0.136052153481046	0.848484331054921	0.0185283616851696	0	0	0	1.36052153481046	6.40687998606931	5.71373280550937	0	2.38892683474268
BA_only	hippocampus	AA	psi	chr2_11391833_11392114	chr2	11391833	11392114	34	34	0	0	0.0297276254183079	0.976741514025636	4.68308607858925	4.68308607858925	281	681	Promoter	0	Non-heritable	0.0997374372297234	0.969758188468615	0.00746322597674482	0	0	0	0.997374372297234	5.63835466933375	6.52502965784346	0	1.54395731324603
BA_only	hippocampus	AA	psi	chr2_114661423_114662683	chr2	114661423	114662683	4	4	0	0	0.12347313548198	0.991064867102684	0.394052705320709	0.394052705320709	1260	308	Enhancer	2	Non-heritable	0.0822280904367816	0.864227330951208	0.00576401809819082	0	0	0	0.822280904367816	7.13886699994552	5.73334127689775	0	-0.931270583403761
BA_only	hippocampus	AA	psi	chr2_1149780_1150320	chr2	1149780	1150320	23	23	0	0	0.0236797249848108	0.975932065139872	4.28921582406263	-4.28921582406263	540	500	Genic/other	0	Heritable	0.152903188925653	0.91399463494865	0.00619709792297601	0	0	0	1.52903188925653	6.29156913955832	6.21660610108487	0	1.45610392696914
BA_only	hippocampus	AA	psi	chr2_117803644_117804211	chr2	117803644	117804211	17	17	0	0	0.014196818342292	0.964826773227435	1.64911893933262	-1.64911893933262	567	255	Promoter	0	Heritable	0.186988034297016	0.863160674363447	0.0204168525446121	0	0	0	1.86988034297016	6.34035930372775	5.54517744447956	0	0.500241175198243
BA_only	hippocampus	AA	psi	chr2_117858535_117860478	chr2	117858535	117860478	35	35	0	0	0.018772931521509	0.972503866121758	1.88206104572608	1.88206104572608	1943	273	Promoter	2	Heritable	0.157871547767795	0.804540939428627	0.00893871325619975	0	0	0	1.57871547767795	7.57198844937744	5.61312810638807	0	0.632367482574303
BA_only	hippocampus	AA	psi	chr2_11849325_11850171	chr2	11849325	11850171	24	24	0	0	0.0239851901178888	0.975932065139872	4.06605412676509	4.06605412676509	846	645	Genic/other	0	Non-heritable	0.0954900302349692	0.954383269117397	0.00723438487824903	15743	0	0	0.954900302349692	6.74051935960622	6.4707995037826	9.66421461929203	1.40267302961951
BA_only	hippocampus	AA	psi	chr2_119290638_119291858	chr2	119290638	119291858	38	38	0	0	0.00898516467321614	0.937974720665503	2.41721144380352	2.41721144380352	1220	439	Intergenic	0	Heritable	0.31429535393948	0.906581719789748	0.0185675016485298	0	0	0	3.1429535393948	7.1066061377273	6.08677472691231	0	0.882614583953216
BA_only	hippocampus	AA	psi	chr2_119639792_119640549	chr2	119639792	119640549	20	20	0	0	0.0452023207221264	0.981395945960329	1.71519780451423	1.71519780451423	757	297	Genic/other	0	Non-heritable	0.0719060724205225	0.842348216360365	0.00776578617896401	10	0	0	0.719060724205225	6.62936325343745	5.69709348650541	2.39789527279837	0.539528417706401
BA_only	hippocampus	AA	psi	chr2_120576412_120576733	chr2	120576412	120576733	14	14	0	0	0.0403782383675412	0.980549382116533	4.30364938970212	-4.30364938970212	321	525	Intergenic	2	Heritable	0.17361315974843	0.908483897998654	0.00758286880025707	585	0	0	1.7361315974843	5.77144112313002	6.26530121273771	6.37331978957701	1.45946336036449
BA_only	hippocampus	AA	psi	chr2_120675394_120675854	chr2	120675394	120675854	10	10	0	0	0.0460841609323056	0.981789757189854	3.54489122965033	-3.54489122965033	460	597	Intergenic	0	Heritable	0.521402918499101	0.90933899342881	0.00461459338627081	10901	0	0	5.21402918499101	6.13122648948314	6.39359075395063	9.29670153762423	1.26550747958407
BA_only	hippocampus	AA	psi	chr2_120742317_120742583	chr2	120742317	120742583	12	12	0	0	0.20719234553933	0.991064867102684	0.901368661628507	0.901368661628507	266	628	Genic/other	1	Non-heritable	0.0724139547676325	0.957790228859018	0.00754036617497641	0	0	0	0.724139547676325	5.5834963087817	6.44413125670044	0	-0.103840924567522
BA_only	hippocampus	AA	psi	chr2_120826447_120826864	chr2	120826447	120826864	11	11	0	0	0.314311459652461	0.993695643291542	0.813412061744173	-0.813412061744173	417	642	Genic/other	0	Heritable	0.105311754513651	0.959804000096815	0.00720852440085044	29155	0	0	1.05311754513651	6.0330862217988	6.46614472423762	10.2804160025021	-0.206517444527214
BA_only	hippocampus	AA	psi	chr2_120868144_120868419	chr2	120868144	120868419	14	14	0	0	0.0403572608931259	0.980549382116533	1.04157811381341	-1.04157811381341	275	632	Promoter	1	Non-heritable	0.0765118920309866	0.962933962120621	0.00852654266092437	70852	0	0	0.765118920309866	5.61677109766657	6.45047042214418	11.1683625872005	0.040736989768327
BA_only	hippocampus	AA	psi	chr2_120912727_120913058	chr2	120912727	120913058	14	14	0	0	0.200094885130842	0.991064867102684	1.90736802445982	1.90736802445982	331	581	Genic/other	0	Heritable	0.144907835644168	0.901439046436391	0.00672734527134258	59004	0	0	1.44907835644168	5.80211837537706	6.36647044773144	10.9853774650598	0.645724299324448
BA_only	hippocampus	AA	psi	chr2_120937962_120939238	chr2	120937962	120939238	14	14	0	0	0.172639029997876	0.991064867102684	1.07707192800152	1.07707192800152	1276	575	Genic/other	0	Heritable	0.492305764318458	0.903350947078433	0.00969915350860133	32824	0	0	4.92305764318458	7.15148546390474	6.35610766069589	10.398945699171	0.0742461907453607
BA_only	hippocampus	AA	psi	chr2_120983502_120984007	chr2	120983502	120984007	12	12	0	0	0.0137640865682134	0.964441318501853	1.99063199134386	-1.99063199134386	505	530	Genic/other	1	Non-heritable	0.0666704813570983	0.934802680242186	0.00759093200220867	5094	0	0	0.666704813570983	6.22455842927536	6.27476202124194	8.53601494565683	0.688452176930817
BA_only	hippocampus	AA	psi	chr2_121018854_121019241	chr2	121018854	121019241	12	12	0	0	0.0661320503701804	0.985907779499035	1.70683160122001	-1.70683160122001	387	524	Intergenic	0	Non-heritable	0.0327836820052773	0.919615047739985	0.00787109804446022	30339	0	0	0.327836820052773	5.95842469302978	6.26339826259162	10.3202222529025	0.534638792912492
BA_only	hippocampus	AA	psi	chr2_121115030_121115924	chr2	121115030	121115924	7	7	0	0	0.057669392083597	0.98577631996496	0.645709779177533	-0.645709779177533	894	450	Intergenic	0	Heritable	0.706955593886328	0.892033228432267	0.00706089033229771	26508	0	0	7.06955593886328	6.79570577517351	6.11146733950268	10.1852395769571	-0.437405118898532
BA_only	hippocampus	AA	psi	chr2_122625455_122626317	chr2	122625455	122626317	21	21	0	0	0.0862921345957668	0.988137148207548	0.999482891660319	0.999482891660319	862	315	Genic/other	0	Heritable	0.699190638788217	0.852300617218909	0.0154344742388833	35138	0	0	6.99190638788217	6.75925527066369	5.75574221358691	10.467066903738	-0.00051723208113437
BA_only	hippocampus	AA	psi	chr2_126885749_126885976	chr2	126885749	126885976	44	44	0	0	0.000661209138474478	0.660644830675263	4.62945003890727	4.62945003890727	227	434	Intergenic	1	Non-heritable	0.0992049039819923	0.922495521739732	0.00716832988328199	13086	0	0	0.992049039819923	5.4249500174814	6.07534603108868	9.47937465005548	1.53243808110961
BA_only	hippocampus	AA	psi	chr2_126971521_126971709	chr2	126971521	126971709	49	49	0	0	0.0231615383030821	0.975932065139872	2.42420802844171	-2.42420802844171	188	410	Intergenic	1	Heritable	0.265078593387667	0.872579941103932	0.0133131624711347	53247	0	0	2.65078593387667	5.23644196282995	6.01859321449623	10.8827155241809	0.885504888964011
BA_only	hippocampus	AA	psi	chr2_127055544_127055765	chr2	127055544	127055765	58	58	0	0	0.0194085277549706	0.973353388707841	2.93180895728201	2.93180895728201	221	416	Genic/other	0	Heritable	0.107670227104433	0.850069268760865	0.00662968345424462	0	0	0	1.07670227104433	5.39816270151775	6.0330862217988	0	1.0756196274959
BA_only	hippocampus	AA	psi	chr2_127059040_127059454	chr2	127059040	127059454	58	58	0	0	0.0168718297807273	0.970581273335112	2.22826014137726	2.22826014137726	414	424	Genic/other	1	Heritable	0.154579714100918	0.930647725327087	0.00779299522062112	0	0	0	1.54579714100918	6.02586597382531	6.05208916892442	0	0.801221079780574
BA_only	hippocampus	AA	psi	chr2_127072403_127075105	chr2	127072403	127075105	58	58	0	0	0.00737113426307915	0.933559278800072	3.91845924692825	3.91845924692825	2702	414	Genic/other	0	Non-heritable	0.0465453975489095	0.914835433631098	0.00625402589582128	3478	0	0	0.465453975489095	7.90174751852014	6.0282785202307	8.15450017515194	1.36569852983729
BA_only	hippocampus	AA	psi	chr2_127077421_127079130	chr2	127077421	127079130	58	58	0	0	0.00660588735145248	0.924695970269092	3.54561101005074	3.54561101005074	1709	415	Enhancer	0	Heritable	0.130086238889337	0.853325616719893	0.00716018601977572	8496	0	0	1.30086238889337	7.44366368311559	6.03068526026126	9.04746843900354	1.26571050621787
BA_only	hippocampus	AA	psi	chr2_127080232_127082487	chr2	127080232	127082487	58	58	0	0	0.016524591943705	0.969699026744516	2.52630194755256	2.52630194755256	2255	412	Enhancer	0	Heritable	0.107657457620031	0.896813881652258	0.00532555906434003	11307	0	0	1.07657457620031	7.72090525193678	6.02344759296103	9.33326571881348	0.926756556591017
BA_only	hippocampus	AA	psi	chr2_127092631_127093680	chr2	127092631	127093680	58	58	0	0	0.0083119418573977	0.933559278800072	4.20271262223542	4.20271262223542	1049	422	Genic/other	0	Non-heritable	0.0712413696268117	0.913019167806089	0.00608344523728508	23706	0	0	0.712413696268117	6.9555926083963	6.04737217904628	10.0735256421632	1.43573018162636
BA_only	hippocampus	AA	psi	chr2_127097671_127098394	chr2	127097671	127098394	58	58	0	0	0.012961768704746	0.964283399649536	4.44249486846453	4.44249486846453	723	424	Genic/other	0	Heritable	0.170404846749077	0.922187447013659	0.00606987685178185	28746	0	0	1.70404846749077	6.58340922215877	6.05208916892442	10.2662886929548	1.49121612819615
BA_only	hippocampus	AA	psi	chr2_127102713_127104970	chr2	127102713	127104970	58	58	0	0	0.000957239639395547	0.712123831471765	2.99357796613919	2.99357796613919	2257	426	Genic/other	2	Non-heritable	0.0655746328190154	0.89131217527316	0.00795464305692225	33788	0	0	0.655746328190154	7.72179177681754	6.05678401322863	10.4278905847158	1.09646931952879
BA_only	hippocampus	AA	psi	chr2_127108156_127108542	chr2	127108156	127108542	58	58	0	0	0.00375854742815241	0.869981414666025	3.91080319347443	3.91080319347443	386	403	Promoter	1	Heritable	0.15298173501907	0.922073565016043	0.0093901217473805	39231	0	0	1.5298173501907	5.95583736946483	6.00141487796115	10.5772480192959	1.36374277578437
BA_only	hippocampus	AA	psi	chr2_127118149_127118637	chr2	127118149	127118637	58	58	0	0	0.0248342593166825	0.975932065139872	1.57783860256274	1.57783860256274	488	418	Intergenic	0	Non-heritable	0.0549817993040765	0.839346270698959	0.0128145774891301	49224	0	0	0.549817993040765	6.19031540585315	6.03787091992214	10.8041569035073	0.456055943785758
BA_only	hippocampus	AA	psi	chr2_127176235_127176904	chr2	127176235	127176904	172	172	0	0	0.00462432933973943	0.900464468238672	3.58811984063594	3.58811984063594	669	409	Enhancer	0	Heritable	0.23756647466632	0.87785240145459	0.00726830848537952	26666	0	0	2.3756647466632	6.50578406012823	6.01615715969835	10.1911821249098	1.27762834682595
BA_only	hippocampus	AA	psi	chr2_12719648_12721942	chr2	12719648	12721942	27	27	0	0	0.10186072098188	0.990428070812969	3.51024125993112	3.51024125993112	2294	433	Enhancer	2	Non-heritable	0.0648101122262235	0.93509520013588	0.0068905683413201	0	0	0	0.648101122262235	7.73805229768932	6.07304453410041	0	1.25568477298755
BA_only	hippocampus	AA	psi	chr2_127514015_127515223	chr2	127514015	127515223	215	215	0	0	0.00167390089211771	0.786661074605562	3.7904720105644	3.7904720105644	1208	304	Promoter	0	Heritable	0.105371374438776	0.855212789879805	0.00839951076386286	0	0	0	1.05371374438776	7.09672137849476	5.72031177660741	0	1.33249055502395
BA_only	hippocampus	AA	psi	chr2_127645424_127646381	chr2	127645424	127646381	189	189	0	0	0.000632625744274249	0.657105411686211	3.86648796550474	3.86648796550474	957	267	Promoter	0	Heritable	0.102285406934418	0.738798015745304	0.00972697448830377	0	0	0	1.02285406934418	6.86380339145295	5.59098698051086	0	1.35234659514481
BA_only	hippocampus	AA	psi	chr2_127651891_127652538	chr2	127651891	127652538	162	162	0	0	8.61708830321512e-05	0.357115007671868	4.13587702495109	4.13587702495109	647	259	Genic/other	1	Heritable	0.115746830252531	0.783399470847405	0.00770991625908367	1174	0	0	1.15746830252531	6.4723462945009	5.56068163101553	7.06902342657826	1.41969940633648
BA_only	hippocampus	AA	psi	chr2_127695415_127696224	chr2	127695415	127696224	92	92	0	0	0.00668704873177357	0.926346320137909	1.489952600131	-1.489952600131	809	229	Enhancer	2	Heritable	0.134186174191476	0.79434737651435	0.0316821666584955	14094	0	0	1.34186174191476	6.69579891705849	5.4380793089232	9.55357540354821	0.398744314170361
BA_only	hippocampus	AA	psi	chr2_127968780_127969279	chr2	127968780	127969279	18	18	0	0	0.0128684566947217	0.963472841546944	0.642222848670387	-0.642222848670387	499	315	Genic/other	0	Non-heritable	0.0599139110575053	0.728483417502371	0.00864236023160058	0	0	0	0.599139110575053	6.21260609575152	5.75574221358691	0	-0.442819903643171
BA_only	hippocampus	AA	psi	chr2_128191512_128192171	chr2	128191512	128192171	9	9	0	0	0.0794038774029581	0.988137148207548	2.06803469598237	-2.06803469598237	659	340	Genic/other	0	Non-heritable	0.0937619903103545	0.892154053556245	0.00952716798386778	34259	0	0	0.937619903103545	6.49072353450251	5.83188247728352	10.4417337718781	0.726598738895287
BA_only	hippocampus	AA	psi	chr2_1282164_1282832	chr2	1282164	1282832	9	9	0	0	0.186785253698851	0.991064867102684	0.622503831518564	-0.622503831518564	668	510	Genic/other	2	Non-heritable	0.0995978815743953	0.936128613724811	0.00621909562500542	42425	0	0	0.995978815743953	6.50428817353665	6.2363695902037	10.6555166608323	-0.474005479548157
BA_only	hippocampus	AA	psi	chr2_128282266_128282603	chr2	128282266	128282603	5	5	0	0	0.277727469841165	0.993437465767387	0.314131584021597	0.314131584021597	337	384	Genic/other	0	Heritable	0.100649375505274	0.87774817849764	0.00638384960923816	0	0	0	1.00649375505274	5.82008293035236	5.95324333428779	0	-1.1579432916265
BA_only	hippocampus	AA	psi	chr2_128737209_128737281	chr2	128737209	128737281	2	2	0	0	0.203357175756397	0.991064867102684	0.174730213001933	0.174730213001933	72	478	Intergenic	1	Non-heritable	0.094806148998646	0.919535317343597	0.00667439963598849	141906	0	0	0.94806148998646	4.27666611901606	6.17170059741092	11.8629271924459	-1.74451207736615
BA_only	hippocampus	AA	psi	chr2_128743947_128744820	chr2	128743947	128744820	2	2	0	0	0.480274834154102	0.994840206451052	0.384592459998118	-0.384592459998118	873	487	Intergenic	0	Heritable	0.440842027462933	0.910780006486117	0.00632815336827477	148644	0	0	4.40842027462933	6.7719355558396	6.19031540585315	11.9093161918027	-0.955571024807169
BA_only	hippocampus	AA	psi	chr2_128791089_128791267	chr2	128791089	128791267	0	0	0	0					178	445	Intergenic	0	Non-heritable	0.0906508442099526	0.920343257611678	0.00819080164597671	195786	0	0	0.906508442099526	5.18178355029209	6.10031895202006	12.1847826125945	
BA_only	hippocampus	AA	psi	chr2_128901810_128902491	chr2	128901810	128902491	0	0	0	0					681	454	Intergenic	2	Non-heritable	0.0361052404924665	0.831130378155117	0.00947690357291135	161937	0	0	0.361052404924665	6.52356230614951	6.12029741895095	11.9949688249107	
BA_only	hippocampus	AA	psi	chr2_129878316_129878847	chr2	129878316	129878847	63	63	0	0	0.0127598263261668	0.96173136501973	4.60225134586282	-4.60225134586282	531	331	Promoter	1	Non-heritable	0.0712268797721869	0.790846739535814	0.00813412370938627	0	0	0	0.712268797721869	6.27476202124194	5.80513496891649	0	1.52654560895318
BA_only	hippocampus	AA	psi	chr2_129933641_129936828	chr2	129933641	129936828	96	96	0	0	0.0401849030567519	0.980549382116533	11.325264281086	11.325264281086	3187	328	Promoter	3	Heritable	0.260168128634667	0.900460763503604	0.00606806137738135	0	0	0	2.60168128634667	8.06683531441734	5.79605775076537	0	2.42703600805803
BA_only	hippocampus	AA	psi	chr2_129993251_129993443	chr2	129993251	129993443	95	95	0	0	0.000864559565198967	0.696219356083129	1.82067186825456	1.82067186825456	192	318	Promoter	1	Heritable	0.137072563368964	0.83414522557921	0.00773775941235038	0	0	0	1.37072563368964	5.25749537202778	5.76519110278484	0	0.599205596840618
BA_only	hippocampus	AA	psi	chr2_130036916_130038260	chr2	130036916	130038260	94	94	0	0	0.0109084544869623	0.946344095230339	1.57027387083461	-1.57027387083461	1344	303	Promoter	2	Heritable	0.106254526198794	0.853266143160455	0.0243185853531733	0	0	0	1.06254526198794	7.2034055210831	5.71702770140622	0	0.451250050537686
BA_only	hippocampus	AA	psi	chr2_130229254_130229462	chr2	130229254	130229462	131	131	0	0	0.0174334707324455	0.970581273335112	4.8301568057122	4.8301568057122	208	248	Promoter	1	Heritable	0.120025357941911	0.767009990975843	0.0067834392590097	38784	0	0	1.20025357941911	5.33753807970132	5.51745289646471	10.565788852925	1.5748789341586
BA_only	hippocampus	AA	psi	chr2_130251675_130253433	chr2	130251675	130253433	128	128	0	0	0.0357106377039409	0.980494018606455	3.3633002777872	3.3633002777872	1758	259	Intergenic	2	Non-heritable	0.0871127883373582	0.768537459126988	0.015170064845069	61205	0	0	0.871127883373582	7.47193207824512	5.56068163101553	11.0220005029106	1.21292272041243
BA_only	hippocampus	AA	psi	chr2_130427727_130428012	chr2	130427727	130428012	87	87	0	0	0.00111443328527286	0.726050490461723	1.87347940259937	1.87347940259937	285	235	Promoter	1	Non-heritable	0.0546011611521767	0.720323844075327	0.0120412388465694	22	0	0	0.546011611521767	5.65248918026865	5.46383180502561	3.13549421592915	0.627797350453235
BA_only	hippocampus	AA	psi	chr2_130529869_130530001	chr2	130529869	130530001	103	103	0	0	0.00907946609278517	0.938585776116121	1.52856999445981	1.52856999445981	132	238	Promoter	0	Heritable	0.208548755744493	0.821463127122977	0.030346109148203	2172	0	0	2.08548755744493	4.88280192258637	5.47646355193151	7.68386398025643	0.424332660750307
BA_only	hippocampus	AA	psi	chr2_130598629_130598739	chr2	130598629	130598739	101	101	0	0	0.0157573676047887	0.967716068030647	2.57222760660953	2.57222760660953	110	246	Genic/other	1	Heritable	0.171950327822862	0.825196322234155	0.0117895685618816	0	0	0	1.71950327822862	4.70048036579242	5.50938833662798	0	0.944772300363836
BA_only	hippocampus	AA	psi	chr2_130693381_130693764	chr2	130693381	130693764	36	36	0	0	0.0240066009527513	0.975932065139872	3.54055921955508	-3.54055921955508	383	243	Promoter	2	Heritable	0.15363945979621	0.78837854047692	0.0106854771578665	31	0	0	1.5363945979621	5.94803498918065	5.4971682252932	3.46573590279973	1.26428468911962
BA_only	hippocampus	AA	psi	chr2_130824803_130824973	chr2	130824803	130824973	38	38	0	0	0.00386872316352379	0.873626660254399	3.64056377771743	-3.64056377771743	170	223	Enhancer	0	Non-heritable	0.0530283230286155	0.780158871699912	0.00715044340146459	8142	0	0	0.530283230286155	5.13579843705026	5.41164605185504	9.00491394146713	1.2921385563905
BA_only	hippocampus	AA	psi	chr2_130869570_130870341	chr2	130869570	130870341	36	36	0	0	0.00114390609550013	0.729035708269143	3.81611566941914	-3.81611566941914	771	211	Genic/other	0	Non-heritable	0.0378095148812077	0.646407703951199	0.00802489526168703	0	0	0	0.378095148812077	6.64768837356333	5.35658627467201	0	1.33923306743976
BA_only	hippocampus	AA	psi	chr2_131039532_131040326	chr2	131039532	131040326	19	19	0	0	0.100962677919718	0.990400541082936	1.39366485876666	-1.39366485876666	794	239	Promoter	2	Heritable	0.148614077685938	0.822793836616538	0.0108906281076825	0	0	0	1.48614077685938	6.67708346124714	5.48063892334199	0	0.331936873655254
BA_only	hippocampus	AA	psi	chr2_131178717_131179151	chr2	131178717	131179151	34	34	0	0	0.0474879761282532	0.982661996589092	1.20115260167101	1.20115260167101	434	271	Promoter	0	Heritable	0.107359350957086	0.808893248299805	0.00831719433465003	0	0	0	1.07359350957086	6.07304453410041	5.605802066296	0	0.183281605525499
BA_only	hippocampus	AA	psi	chr2_131299261_131300565	chr2	131299261	131300565	40	40	0	0	0.00281433352714017	0.843605854399617	0.971352266199701	0.971352266199701	1304	249	Promoter	2	Heritable	0.10898578541081	0.763903315166957	0.019886929666042	0	0	0	1.0898578541081	7.1731917424866	5.52146091786225	0	-0.0290660791638073
BA_only	hippocampus	AA	psi	chr2_131352727_131354153	chr2	131352727	131354153	39	39	0	0	0.00567099867298709	0.914301706404424	0.590483588616429	-0.590483588616429	1426	227	Promoter	2	Heritable	0.721246208511665	0.893849772716937	0.0155963526151983	0	0	0	7.21246208511665	7.26262860097424	5.42934562895444	0	-0.52681341914718
BA_only	hippocampus	AA	psi	chr2_131394594_131394681	chr2	131394594	131394681	35	35	0	0	0.00134756554909259	0.755643700753314	1.5630829425139	-1.5630829425139	87	233	Intergenic	1	Heritable	0.117332396246035	0.727980550106857	0.00698172429490328	10678	0	0	1.17332396246035	4.46590811865458	5.4553211153577	9.27603447517155	0.446660122656693
BA_only	hippocampus	AA	psi	chr2_131424731_131424801	chr2	131424731	131424801	98	98	0	0	0.00772923585658937	0.933559278800072	3.95785175533862	3.95785175533862	70	243	Genic/other	2	Heritable	0.15238793909103	0.755482798359926	0.00669690431140829	971	0	0	1.5238793909103	4.24849524204936	5.4971682252932	6.87935580446044	1.37570139456863
BA_only	hippocampus	AA	psi	chr2_131430583_131432147	chr2	131430583	131432147	128	128	0	0	0.00196308197621907	0.80614848610333	2.29425211597042	2.29425211597042	1564	230	Intergenic	0	Heritable	0.480236131645498	0.908764586903595	0.0103332050625577	6823	0	0	4.80236131645498	7.35500192110526	5.44241771052179	8.82820108917152	0.83040691936815
BA_only	hippocampus	AA	psi	chr2_131491548_131491663	chr2	131491548	131491663	203	203	0	0	0.000413262938006557	0.594021719737469	3.83881807558804	3.83881807558804	115	230	Promoter	1	Heritable	0.205692379926462	0.79591537809948	0.00536510594516347	0	0	0	2.05692379926462	4.74493212836325	5.44241771052179	0	1.34516452901106
BA_only	hippocampus	AA	psi	chr2_131646712_131647386	chr2	131646712	131647386	254	254	0	0	0.0214254126086691	0.975932065139872	3.07261400301172	-3.07261400301172	674	205	Promoter	1	Heritable	0.108504839415953	0.697088753189002	0.0105055151215533	832	0	0	1.08504839415953	6.51323011091231	5.32787616878958	6.72503364216684	1.12252866934053
BA_only	hippocampus	AA	psi	chr2_131681841_131682038	chr2	131681841	131682038	236	236	0	0	0.000743908834508783	0.677254417144753	2.83138274966611	-2.83138274966611	197	199	Promoter	1	Heritable	0.301033741679161	0.736803944952548	0.00969253388257011	0	0	0	3.01033741679161	5.28320372873799	5.29831736654804	0	1.04076519998116
BA_only	hippocampus	AA	psi	chr2_131802536_131802971	chr2	131802536	131802971	260	260	0	0	0.00491047707611913	0.903845859635741	3.13637849696592	3.13637849696592	435	208	Promoter	1	Heritable	0.133314474313611	0.78487764457385	0.0149555041364058	28978	0	0	1.33314474313611	6.07534603108868	5.34233425196481	10.2743267087231	1.14306879257916
BA_only	hippocampus	AA	psi	chr2_131829578_131830518	chr2	131829578	131830518	260	260	0	0	0.0102780894977249	0.944902218841749	3.20643749829411	3.20643749829411	940	218	Intergenic	1	Heritable	0.132250019476455	0.7987133492034	0.0122490936384785	56020	0	0	1.32250019476455	6.84587987526405	5.3890717298165	10.9334818994224	1.16516051034595
BA_only	hippocampus	AA	psi	chr2_132257982_132258260	chr2	132257982	132258260	50	50	0	0	0.103635226741469	0.990610842832516	1.12138141039591	1.12138141039591	278	355	Promoter	2	Non-heritable	0.0627266723447864	0.813068011879586	0.00961823537018122	10481	0	0	0.627266723447864	5.62762111369064	5.87493073085203	9.25741477936211	0.114561336348235
BA_only	hippocampus	AA	psi	chr2_132286652_132287437	chr2	132286652	132287437	50	50	0	0	0.121280658985738	0.991064867102684	0.764313874271295	0.764313874271295	785	365	Genic/other	0	Non-heritable	0.0763583399139273	0.835018724716074	0.0090431979022706	10605	0	0	0.763583399139273	6.66568371778241	5.90263333340137	9.26917515769708	-0.268776730901576
BA_only	hippocampus	AA	psi	chr2_132348339_132349289	chr2	132348339	132349289	24	24	0	0	0.0141679136677573	0.964826773227435	0.949155356620081	-0.949155356620081	950	374	Genic/other	1	Non-heritable	0.0405500054296721	0.878901878962107	0.0100691775964857	0	0	0	0.405500054296721	6.85646198459459	5.92692602597041	0	-0.0521827776288403
BA_only	hippocampus	AA	psi	chr2_132586084_132586811	chr2	132586084	132586811	20	20	0	0	0.0800216972466629	0.988137148207548	1.88993885914473	-1.88993885914473	727	455	Genic/other	1	Non-heritable	0.0848755907167099	0.928476654508979	0.00931258105134424	81725	0	0	0.848755907167099	6.58892647753352	6.12249280951439	11.3111274676754	0.636544484180593
BA_only	hippocampus	AA	psi	chr2_132671247_132671726	chr2	132671247	132671726	4	4	0	0	0.190912377522379	0.991064867102684	1.06092161065104	-1.06092161065104	479	470	Promoter	2	Heritable	0.114493278444314	0.900552196434848	0.00886292838509427	1365	0	0	1.14493278444314	6.17170059741092	6.15485809401642	7.21964204013074	0.0591379838126519
BA_only	hippocampus	AA	psi	chr2_132906432_132907936	chr2	132906432	132907936	4	4	0	0	0.160620812705696	0.991064867102684	1.02438200426048	-1.02438200426048	1504	486	Genic/other	0	Non-heritable	0.0872430297871378	0.928070492604442	0.0103540685363129	125379	0	0	0.872430297871378	7.31588350450979	6.18826412308259	11.739104404828	0.0240895178486874
BA_only	hippocampus	AA	psi	chr2_133886731_133886986	chr2	133886731	133886986	8	8	0	0	0.0339005110511581	0.979164877002956	1.64546887981978	1.64546887981978	255	435	Intergenic	0	Non-heritable	0.0805975866558827	0.895647863102333	0.00729846085823188	99027	0	0	0.805975866558827	5.54126354515843	6.07764224334903	11.5031579174112	0.498025383005444
BA_only	hippocampus	AA	psi	chr2_134412766_134412922	chr2	134412766	134412922	2	2	0	0	0.171874324036601	0.991064867102684	0.463707838076276	-0.463707838076276	156	398	Genic/other	0	Non-heritable	0.0675883306969029	0.835917397644557	0.00762274120125226	158500	0	0	0.675883306969029	5.04985600724954	5.98896141688986	11.9735161814278	-0.768500562827632
BA_only	hippocampus	AA	psi	chr2_134706109_134706622	chr2	134706109	134706622	6	6	0	0	0.0336686205888925	0.979164877002956	1.24032829804761	-1.24032829804761	513	319	Genic/other	0	Non-heritable	0.0878133319006432	0.808042219477657	0.00733602453960607	11457	0	0	0.878133319006432	6.24027584517077	5.76832099579377	9.34644345496852	0.21537610912752
BA_only	hippocampus	AA	psi	chr2_134716790_134717621	chr2	134716790	134717621	6	6	0	0	0.00201725045105457	0.808078177358965	1.88633479806045	-1.88633479806045	831	325	Promoter	1	Heritable	0.120583976231254	0.852601619413005	0.00883844125787195	458	0	0	1.20583976231254	6.72262979485545	5.78689738136671	6.12905021006055	0.63463569128758
BA_only	hippocampus	AA	psi	chr2_135404619_135405772	chr2	135404619	135405772	33	33	0	0	0.00706761197088671	0.931602204679102	1.44515726596364	-1.44515726596364	1153	123	Genic/other	0	Non-heritable	0.064092424959062	0.515813720576258	0.0146430807328285	98723	0	0	0.64092424959062	7.05012252026906	4.82028156560504	11.5000833569569	0.368218157138918
BA_only	hippocampus	AA	psi	chr2_137963733_137964874	chr2	137963733	137964874	3	3	0	0	0.108097633728943	0.990865662167886	1.53228942354644	1.53228942354644	1141	312	Promoter	0	Heritable	0.114921260550667	0.839109338709359	0.00776237324258492	0	0	0	1.14921260550667	7.03966034986208	5.74620319054015	0	0.426762978765674
BA_only	hippocampus	AA	psi	chr2_137967148_137967335	chr2	137967148	137967335	3	3	0	0	0.264454907498598	0.992963116011869	0.568667803473063	-0.568667803473063	187	319	Genic/other	0	Heritable	0.119418988096646	0.856156218435219	0.0212311278275525	0	0	0	1.19418988096646	5.23110861685459	5.76832099579377	0	-0.56445882294228
BA_only	hippocampus	AA	psi	chr2_137969070_137969647	chr2	137969070	137969647	3	3	0	0	0.504909645266205	0.995237477715752	0.430472437207036	-0.430472437207036	577	320	Genic/other	0	Non-heritable	0.0600073917952302	0.841106813325437	0.00913184429335998	0	0	0	0.600073917952302	6.3578422665081	5.77144112313002	0	-0.842871959004518
BA_only	hippocampus	AA	psi	chr2_138187105_138187480	chr2	138187105	138187480	7	7	0	0	0.249550853968452	0.99258796918521	0.780973513912593	0.780973513912593	375	304	Intergenic	0	Heritable	0.139642171857214	0.883399362725262	0.00620427427977204	25416	0	0	1.39642171857214	5.92692602597041	5.72031177660741	10.1431735204696	-0.247214029957035
BA_only	hippocampus	AA	psi	chr2_1419143_1419630	chr2	1419143	1419630	8	8	0	0	0.111169508739586	0.990898390030923	0.610021674484562	0.610021674484562	487	525	Genic/other	0	Non-heritable	0.0567925369823651	0.926105917859473	0.00665307299188049	4734	0	0	0.567925369823651	6.18826412308259	6.26530121273771	8.46273700562018	-0.49426077411126
BA_only	hippocampus	AA	psi	chr2_144440833_144441336	chr2	144440833	144441336	146	146	0	0	0.0012857468109242	0.748685029382681	11.362183173625	-11.362183173625	503	189	Genic/other	0	Heritable	0.103661200157621	0.83857685607051	0.00690435568603218	0	0	0	1.03661200157621	6.22059017009974	5.24702407216049	0	2.43029057648561
BA_only	hippocampus	AA	psi	chr2_144467424_144468154	chr2	144467424	144468154	144	144	0	0	0.00103748149225202	0.721965237965727	5.7850274383602	-5.7850274383602	730	203	Genic/other	0	Non-heritable	0.0404539286817094	0.748478420031021	0.00808855378012836	0	0	0	0.404539286817094	6.59304453414244	5.31811999384422	0	1.75527310538118
BA_only	hippocampus	AA	psi	chr2_144489621_144489923	chr2	144489621	144489923	143	143	0	0	0.0010108365829209	0.719858499521447	3.15577064746836	-3.15577064746836	302	204	Genic/other	0	Non-heritable	0.0447997657868755	0.73114126335713	0.00799934869151646	0	0	0	0.447997657868755	5.71042701737487	5.32300997913841	0	1.14923273160687
BA_only	hippocampus	AA	psi	chr2_144495425_144497110	chr2	144495425	144497110	143	143	0	0	0.000329468216023361	0.555431472364846	2.04392426362492	-2.04392426362492	1685	201	Promoter	0	Non-heritable	0.0419454163738108	0.73792824077436	0.00643608857204842	0	0	0	0.419454163738108	7.42952084278646	5.30826769740121	0	0.714871623526451
BA_only	hippocampus	AA	psi	chr2_144502443_144506185	chr2	144502443	144506185	143	143	0	0	0.00285812187367176	0.844808629760907	3.79650320954641	-3.79650320954641	3742	210	Genic/other	0	Non-heritable	0.0430752475031297	0.754022798672568	0.00705199125085458	0	0	0	0.430752475031297	8.22737550683404	5.35185813347607	0	1.33408043770093
BA_only	hippocampus	AA	psi	chr2_144507558_144512234	chr2	144507558	144512234	143	143	0	0	0.0101079901737698	0.944902218841749	3.17654548360922	3.17654548360922	4676	225	Promoter	1	Non-heritable	0.0121758002300972	0.701154900720302	0.00713049590211597	0	0	0	0.121758002300972	8.45019832259196	5.42053499927229	0	1.15579428355144
BA_only	hippocampus	AA	psi	chr2_148925575_148926340	chr2	148925575	148926340	12	12	0	0	0.115257511908846	0.990898390030923	0.71440488771073	0.71440488771073	765	308	Promoter	0	Heritable	0.149703712250411	0.878108102684124	0.00648572986561	29584	0	0	1.49703712250411	6.63987583382654	5.73334127689775	10.2950227551108	-0.336305393745238
BA_only	hippocampus	AA	psi	chr2_148949373_148949684	chr2	148949373	148949684	9	9	0	0	0.143679808418688	0.991064867102684	0.298063026332828	-0.298063026332828	311	302	Promoter	0	Non-heritable	0.0671295410129595	0.849470013365277	0.00779312013068087	6240	0	0	0.671295410129595	5.73979291217923	5.71373280550937	8.73889570493404	-1.21045028352811
BA_only	hippocampus	AA	psi	chr2_149150323_149152563	chr2	149150323	149152563	10	10	0	0	0.111980701128805	0.990898390030923	0.38853395432867	-0.38853395432867	2240	286	Genic/other	0	Heritable	0.772629543443474	0.891074700574469	0.0118823478034607	0	0	0	7.72629543443474	7.71423114484909	5.65948221575962	0	-0.945374688726293
BA_only	hippocampus	AA	psi	chr2_149240340_149240618	chr2	149240340	149240618	9	9	0	0	0.0554879395544727	0.98577631996496	0.8969737900128	0.8969737900128	278	299	Intergenic	0	Heritable	0.100307982752839	0.863008000664566	0.00929610257937977	35086	0	0	1.00307982752839	5.62762111369064	5.7037824746562	10.4655859704795	-0.108728625808333
BA_only	hippocampus	AA	psi	chr2_149588161_149588373	chr2	149588161	149588373	28	28	0	0	0.0414456146494393	0.980549382116533	0.863547036369097	-0.863547036369097	212	268	Promoter	0	Heritable	0.103400841617349	0.789865946545786	0.00717107124884125	0	0	0	1.03400841617349	5.35658627467201	5.59471137960184	0	-0.146706899533769
BA_only	hippocampus	AA	psi	chr2_151619402_151620679	chr2	151619402	151620679	58	58	0	0	0.0299315690671294	0.976741514025636	1.87530421628787	-1.87530421628787	1277	206	Genic/other	0	Non-heritable	0.0899154695060338	0.751933691483241	0.0123292521879398	83710	0	0	0.899154695060338	7.15226885603254	5.33271879326537	11.3351256695868	0.628770900280812
BA_only	hippocampus	AA	psi	chr2_15170134_15170815	chr2	15170134	15170815	0	0	0	0					681	319	Enhancer	0	Heritable	0.422201047483668	0.86148052333077	0.00607494101635241	0	0	0	4.22201047483668	6.52356230614951	5.76832099579377	0	
BA_only	hippocampus	AA	psi	chr2_152337736_152338522	chr2	152337736	152338522	37	37	0	0	0.0126895510990234	0.961717006536833	1.68417523847038	-1.68417523847038	786	259	Genic/other	2	Non-heritable	0.0965166397966756	0.738504097063741	0.0104667270736773	75684	0	0	0.965166397966756	6.66695679242921	5.56068163101553	11.2343352691967	0.521275977193199
BA_only	hippocampus	AA	psi	chr2_152505707_152507100	chr2	152505707	152507100	31	31	0	0	0.0186366365790719	0.972503866121758	1.97512659891164	1.97512659891164	1393	261	Enhancer	0	Non-heritable	0.0800611031380187	0.756472730148587	0.0057090221987893	112617	0	0	0.800611031380187	7.23921497377981	5.5683445037611	11.6317568398159	0.680632502076443
BA_only	hippocampus	AA	psi	chr2_152580632_152581835	chr2	152580632	152581835	30	30	0	0	0.0271970128721769	0.975932065139872	1.45288408023724	-1.45288408023724	1203	266	Genic/other	0	Heritable	0.144495911301437	0.769611780629606	0.00716410513983353	37882	0	0	1.44495911301437	7.09257371597468	5.58724865840025	10.5422577416297	0.37355060868572
BA_only	hippocampus	AA	psi	chr2_154375693_154375995	chr2	154375693	154375995	6	6	0	0	0.276980266271586	0.993437465767387	1.01763208740129	-1.01763208740129	302	315	Genic/other	0	Non-heritable	0.0926609474591719	0.826989886859836	0.00704740751265742	20134	0	0	0.926609474591719	5.71042701737487	5.75574221358691	9.91021487328555	0.0174784553638311
BA_only	hippocampus	AA	psi	chr2_156254538_156255000	chr2	156254538	156255000	46	46	0	0	0.00556475026884683	0.914301706404424	7.90373461148479	7.90373461148479	462	243	Promoter	0	Heritable	0.148323806489845	0.80394066486306	0.00677344107354358	0	0	0	1.48323806489845	6.13556489108174	5.4971682252932	0	2.0673353846649
BA_only	hippocampus	AA	psi	chr2_156338680_156340918	chr2	156338680	156340918	47	47	0	0	0.00837836046416754	0.933559278800072	3.75105327473036	3.75105327473036	2238	253	Genic/other	2	Heritable	0.114556743761929	0.818674709919108	0.00528895089679107	6199	0	0	1.14556743761929	7.71333788887187	5.53733426701854	8.73230457103318	1.32203667647216
BA_only	hippocampus	AA	psi	chr2_1565461_1566537	chr2	1565461	1566537	11	11	0	0	0.0776418541412412	0.987720536119146	0.414228667698045	-0.414228667698045	1076	492	Genic/other	2	Non-heritable	0.0761991004020183	0.906121238327036	0.0125555918454706	18916	0	0	0.761991004020183	6.98100574072173	6.20050917404269	9.84781626766566	-0.881337096062852
BA_only	hippocampus	AA	psi	chr2_1567649_1567965	chr2	1567649	1567965	11	11	0	0	0.167506334901368	0.991064867102684	0.719745793947834	0.719745793947834	316	492	Genic/other	1	Heritable	0.197323626296055	0.936814427080626	0.00762817773959423	21104	0	0	1.97323626296055	5.75574221358691	6.20050917404269	9.9572652582166	-0.328857179381338
BA_only	hippocampus	AA	psi	chr2_157320282_157322640	chr2	157320282	157322640	12	12	0	0	0.0862240780919547	0.988137148207548	2.21979588461642	2.21979588461642	2358	292	Genic/other	0	Heritable	0.118177506565618	0.876082502254964	0.00900296833687934	0	0	0	1.18177506565618	7.76556908109732	5.68017260901707	0	0.797415252295533
BA_only	hippocampus	AA	psi	chr2_157323987_157325659	chr2	157323987	157325659	12	12	0	0	0.053016192731763	0.984783117109287	2.78538975057593	2.78538975057593	1672	288	Genic/other	0	Non-heritable	0.0997344100918803	0.847085057953784	0.0100135428998772	0	0	0	0.997344100918803	7.42177579364465	5.66642668811243	0	1.02438781352467
BA_only	hippocampus	AA	psi	chr2_157596955_157597159	chr2	157596955	157597159	31	31	0	0	0.041213290300222	0.980549382116533	5.63056304125754	-5.63056304125754	204	358	Genic/other	1	Non-heritable	0.0711269820434808	0.892682794797092	0.00995992169597538	9767	0	0	0.711269820434808	5.31811999384422	5.88332238848828	9.18686701579054	1.72820944625538
BA_only	hippocampus	AA	psi	chr2_15818727_15819012	chr2	15818727	15819012	73	73	0	0	0.0137220895670519	0.964441318501853	3.3198102750765	3.3198102750765	285	513	Intergenic	0	Heritable	0.205502639837397	0.919866772005019	0.0070825101677413	35579	0	0	2.05502639837397	5.65248918026865	6.24222326545517	10.4795389612198	1.19990763824642
BA_only	hippocampus	AA	psi	chr2_158459508_158460782	chr2	158459508	158460782	5	5	0	0	0.0963601793088363	0.990400450319684	1.25298322492606	1.25298322492606	1274	374	Genic/other	2	Non-heritable	0.0353009230128343	0.832605329884466	0.00951887082980145	0	0	0	0.353009230128343	7.14991683613211	5.92692602597041	0	0.22552729587714
BA_only	hippocampus	AA	psi	chr2_158485367_158486858	chr2	158485367	158486858	5	5	0	0	0.20298272547055	0.991064867102684	1.71266761278586	1.71266761278586	1491	368	Genic/other	0	Non-heritable	0.0953179911035854	0.866077284223694	0.00629005578198059	0	0	0	0.953179911035854	7.30720231476474	5.91079664404053	0	0.538052168282871
BA_only	hippocampus	AA	psi	chr2_158723372_158724663	chr2	158723372	158724663	6	6	0	0	0.159188395889607	0.991064867102684	1.20871880808053	-1.20871880808053	1291	300	Promoter	0	Heritable	0.102299804874339	0.85898563260522	0.00722882781832733	0	0	0	1.02299804874339	7.16317239084664	5.70711026474888	0	0.189560970621624
BA_only	hippocampus	AA	psi	chr2_158970729_158971302	chr2	158970729	158971302	3	3	0	0	0.667174288642327	0.99725367388771	0.0405950620468298	-0.0405950620468298	573	333	Genic/other	1	Non-heritable	0.0713697251948174	0.852756087756494	0.0087955174979444	108319	0	0	0.713697251948174	6.35088571671474	5.8111409929767	11.5928450881461	-3.20410859789828
BA_only	hippocampus	AA	psi	chr2_158998413_158999694	chr2	158998413	158999694	3	3	0	0	0.569077062613228	0.996440866639855	0.0894976104410776	-0.0894976104410776	1281	333	Enhancer	0	Heritable	0.120502507426602	0.795251309274537	0.00819907354535036	136003	0	0	1.20502507426602	7.15539630189673	5.8111409929767	11.8204395760504	-2.4135432413053
BA_only	hippocampus	AA	psi	chr2_1590679_1591044	chr2	1590679	1591044	12	12	0	0	0.112825391364291	0.990898390030923	0.610766981976403	0.610766981976403	365	497	Genic/other	0	Non-heritable	0.0771976307402105	0.896738398336359	0.00660611984728743	44134	0	0	0.771976307402105	5.89989735358249	6.21060007702465	10.6950083974543	-0.493039747739029
BA_only	hippocampus	AA	psi	chr2_159249981_159250675	chr2	159249981	159250675	8	8	0	0	0.0335808854464668	0.979164877002956	1.2938424836287	-1.2938424836287	694	273	Genic/other	0	Heritable	0.161843954247283	0.854934147018128	0.0073701639463006	0	0	0	1.61843954247283	6.54247196050681	5.61312810638807	0	0.257616468135928
BA_only	hippocampus	AA	psi	chr2_159903685_159904009	chr2	159903685	159904009	24	24	0	0	0.00516520427371875	0.910151790997	4.80473412660648	4.80473412660648	324	218	Genic/other	1	Heritable	0.115601234571683	0.781114126013325	0.00797184953048995	0	0	0	1.15601234571683	5.78074351579233	5.3890717298165	0	1.56960171032049
BA_only	hippocampus	AA	psi	chr2_16013789_16014596	chr2	16013789	16014596	85	85	0	0	0.00729485012339271	0.932593355926607	1.66159213448591	-1.66159213448591	807	562	Promoter	2	Heritable	0.122062358549035	0.962637675929789	0.00903398767883907	0	0	0	1.22062358549035	6.69332366826995	6.33327962813969	0	0.507776265887987
BA_only	hippocampus	AA	psi	chr2_16030299_16031630	chr2	16030299	16031630	85	85	0	0	0.00507047528065773	0.909885926705608	3.11024265155142	-3.11024265155142	1331	575	Promoter	0	Non-heritable	0.0632789210252917	0.958765004400344	0.00818132534044435	0	0	0	0.632789210252917	7.19368581839511	6.35610766069589	0	1.13470074936958
BA_only	hippocampus	AA	psi	chr2_160371620_160372226	chr2	160371620	160372226	7	7	0	0	0.0881730162788524	0.988893217018337	0.48304002072271	0.48304002072271	606	226	Genic/other	0	Heritable	0.161532467807885	0.812870743264091	0.00959384682148199	84641	0	0	1.61532467807885	6.40687998606931	5.4249500174814	11.3461858763026	-0.727655749420783
BA_only	hippocampus	AA	psi	chr2_160406076_160406445	chr2	160406076	160406445	7	7	0	0	0.011153637984599	0.948703871232836	2.18262533069679	-2.18262533069679	369	228	Genic/other	1	Non-heritable	0.0772432705632176	0.786437642192433	0.00790044646945226	119097	0	0	0.772432705632176	5.91079664404053	5.43372200355424	11.6877019625911	0.780528436955115
BA_only	hippocampus	AA	psi	chr2_160492098_160492460	chr2	160492098	160492460	1	1	0	0	0.723706046156211	0.997543272146997	1.06163365761991	-1.06163365761991	362	237	Enhancer	1	Non-heritable	0.081214105305987	0.822135613182716	0.00662615047305149	205119	0	0	0.81214105305987	5.89164421182577	5.47227067367148	12.2313504527144	0.0598089175683146
BA_only	hippocampus	AA	psi	chr2_16069657_16070673	chr2	16069657	16070673	80	80	0	0	0.00180907249301714	0.796268588634543	5.74726170637332	-5.74726170637332	1016	579	Promoter	0	Heritable	0.134152116872875	0.956765654259866	0.00846178160547131	0	0	0	1.34152116872875	6.92362862813843	6.36302810354047	0	1.74872351813954
BA_only	hippocampus	AA	psi	chr2_161236825_161237238	chr2	161236825	161237238	82	82	0	0	6.36685720841585e-05	0.302592430840384	2.60274929189551	-2.60274929189551	413	175	Genic/other	1	Non-heritable	0.0771335947580861	0.727860131885643	0.00865591332572944	0	0	0	0.771335947580861	6.02344759296103	5.17048399503815	0	0.956568310154655
BA_only	hippocampus	AA	psi	chr2_161340812_161341384	chr2	161340812	161341384	82	82	0	0	0.0021768214558509	0.815187053503819	2.4869992532455	-2.4869992532455	572	169	Promoter	2	Heritable	0.137083217958593	0.74993044370904	0.00679206864918204	24374	0	0	1.37083217958593	6.3491389913798	5.13579843705026	10.101313295866	0.911076868578964
BA_only	hippocampus	AA	psi	chr2_161415195_161416096	chr2	161415195	161416096	84	84	0	0	0.0350960811241659	0.980327953711174	1.20542993368377	1.20542993368377	901	154	Promoter	1	Non-heritable	0.087940372533927	0.596304940463402	0.00972849077168809	0	0	0	0.87940372533927	6.80350525760834	5.04342511691925	0	0.186836303042297
BA_only	hippocampus	AA	psi	chr2_161419147_161419266	chr2	161419147	161419266	84	84	0	0	0.00475147222997924	0.903845859635741	1.43124176767645	1.43124176767645	119	143	Promoter	1	Non-heritable	0.0199707525550268	0.538584527070356	0.0154695471735071	3577	0	0	0.199707525550268	4.77912349311153	4.969813299576	8.18255926406867	0.358542443449029
BA_only	hippocampus	AA	psi	chr2_161423337_161423641	chr2	161423337	161423641	84	84	0	0	0.0181158364594164	0.971452676751561	3.00552952865419	3.00552952865419	304	143	Promoter	1	Non-heritable	0.0692782748914402	0.669365395952356	0.00819077949886148	0	0	0	0.692782748914402	5.71702770140622	4.969813299576	0	1.10045377164848
BA_only	hippocampus	AA	psi	chr2_161423803_161427949	chr2	161423803	161427949	84	84	0	0	0.00679041377240392	0.927297122675783	2.61613745280724	2.61613745280724	4146	148	Promoter	2	Non-heritable	0.0835118516856753	0.684049239832387	0.00940201949593807	0	0	0	0.835118516856753	8.32989929299573	5.00394630594546	0	0.961698979159073
BA_only	hippocampus	AA	psi	chr2_161501030_161501357	chr2	161501030	161501357	29	29	0	0	0.0299599949095497	0.976741514025636	1.09001473260891	-1.09001473260891	327	148	Genic/other	0	Non-heritable	0.093161977289521	0.598848315859887	0.00600936801686293	0	0	0	0.93161977289521	5.78996017089725	5.00394630594546	0	0.0861912214788611
BA_only	hippocampus	AA	psi	chr2_16215670_16216665	chr2	16215670	16216665	74	74	0	0	0.00159513344517626	0.783794643049808	3.22149724268227	-3.22149724268227	995	586	Intergenic	0	Non-heritable	0.064985500741741	0.958743105982951	0.00741316728446878	11715	0	0	0.64985500741741	6.90274273715859	6.3750248198281	9.36871070794762	1.1698462367892
BA_only	hippocampus	AA	psi	chr2_162317790_162318008	chr2	162317790	162318008	23	23	0	0	0.0735639363683267	0.985907779499035	5.05761379743492	-5.05761379743492	218	260	Promoter	0	Heritable	0.148958551854082	0.875710312981466	0.00761415414373051	0	0	0	1.48958551854082	5.38449506278909	5.56452040732269	0	1.62089479251245
BA_only	hippocampus	AA	psi	chr2_16293385_16293832	chr2	16293385	16293832	78	78	0	0	0.00434549617936063	0.88871383236223	4.66262933953079	4.66262933953079	447	584	Genic/other	0	Heritable	0.138170425709126	0.958956816696365	0.00827303482502659	0	0	0	1.38170425709126	6.10255859461357	6.37161184723186	0	1.53957952711183
BA_only	hippocampus	AA	psi	chr2_163348977_163349392	chr2	163348977	163349392	2	2	0	0	0.0110967558419816	0.948447257389615	1.00262307212237	-1.00262307212237	415	340	Enhancer	1	Heritable	0.15774955032684	0.902027593286622	0.0137244948720869	103948	0	0	1.5774955032684	6.0282785202307	5.83188247728352	11.5516556732303	0.0026196478467399
BA_only	hippocampus	AA	psi	chr2_163612465_163613699	chr2	163612465	163613699	3	3	0	0	0.384246637794848	0.99451450116979	0.806698708018741	-0.806698708018741	1234	346	Genic/other	0	Heritable	0.184915799500309	0.869256457485373	0.00766400612425209	0	0	0	1.84915799500309	7.11801620446533	5.84932477994686	0	-0.214805016207769
BA_only	hippocampus	AA	psi	chr2_163732288_163734340	chr2	163732288	163734340	3	3	0	0	0.540460864481614	0.996154439868294	0.44992599828748	0.44992599828748	2052	332	Genic/other	2	Non-heritable	0.0672219123805866	0.873095444241073	0.0104159095067811	0	0	0	0.672219123805866	7.62657020629066	5.80814248998044	0	-0.798672135765035
BA_only	hippocampus	AA	psi	chr2_163737300_163737690	chr2	163737300	163737690	3	3	0	0	0.188743343721178	0.991064867102684	0.85140402126065	0.85140402126065	390	331	Genic/other	1	Non-heritable	0.0835116723430897	0.873151322417758	0.00938631454406195	1461	0	0	0.835116723430897	5.96614673912369	5.80513496891649	7.28756064030972	-0.160868490738301
BA_only	hippocampus	AA	psi	chr2_164450749_164451478	chr2	164450749	164451478	6	6	0	0	0.396828012334804	0.99451450116979	0.675841182303	-0.675841182303	729	266	Intergenic	0	Non-heritable	0.0694948740103421	0.745905271655602	0.00732715205231435	41703	0	0	0.694948740103421	6.59167373200866	5.58724865840025	10.6383523264479	-0.391797153166514
BA_only	hippocampus	AA	psi	chr2_164497038_164497398	chr2	164497038	164497398	9	9	0	0	0.0187279375291989	0.972503866121758	1.22455559914869	-1.22455559914869	360	279	Promoter	0	Non-heritable	0.0607771647471229	0.795143917887077	0.0073472318378598	29	0	0	0.607771647471229	5.88610403145016	5.63478960316925	3.40119738166216	0.202578010138561
BA_only	hippocampus	AA	psi	chr2_165846098_165846559	chr2	165846098	165846559	59	59	0	0	0.0394955180647315	0.980549382116533	1.64928285674423	1.64928285674423	461	269	Promoter	0	Non-heritable	0.0514539220721743	0.786326330769743	0.00721640454399678	144	0	0	0.514539220721743	6.13339804299665	5.59842195899838	4.97673374242057	0.500340567219522
BA_only	hippocampus	AA	psi	chr2_166610117_166610435	chr2	166610117	166610435	3	3	0	0	0.592529025238758	0.996668758934316	1.19817870185368	1.19817870185368	318	245	Genic/other	0	Heritable	0.302628017713895	0.817153961634873	0.00768947851857563	116148	0	0	3.02628017713895	5.76205138278018	5.50533153593236	11.6626291286049	0.180802663737765
BA_only	hippocampus	AA	psi	chr2_166611259_166611392	chr2	166611259	166611392	3	3	0	0	0.394598827231122	0.99451450116979	1.86277556873311	-1.86277556873311	133	234	Genic/other	0	Heritable	0.128137637489014	0.831421343295538	0.00667429325415684	117290	0	0	1.28137637489014	4.89034912822175	5.45958551414416	11.6724133053552	0.622067622062217
BA_only	hippocampus	AA	psi	chr2_1675721_1675958	chr2	1675721	1675958	20	20	0	0	0.057949620201468	0.98577631996496	5.23899806882181	5.23899806882181	237	453	Enhancer	0	Non-heritable	0.0948498981935738	0.897813829129256	0.00669927657932553	0	0	0	0.948498981935738	5.46806014113513	6.11809719804135	0	1.65613027371897
BA_only	hippocampus	AA	psi	chr2_168457687_168457911	chr2	168457687	168457911	170	170	0	0	0.0021680461307894	0.815187053503819	2.5296910825857	2.5296910825857	224	397	Genic/other	1	Non-heritable	0.0941309968403158	0.901012084081048	0.00950518887098706	655	0	0	0.941309968403158	5.41164605185504	5.98645200528444	6.48616078894409	0.928097197492673
BA_only	hippocampus	AA	psi	chr2_168913577_168914750	chr2	168913577	168914750	21	21	0	0	0.00345313604044267	0.866906756094015	1.70104855119526	1.70104855119526	1173	495	Promoter	0	Heritable	0.207135142542218	0.901405322011694	0.00972583275044355	376	0	0	2.07135142542218	7.06731984865348	6.20657592672493	5.93224518744801	0.531244861621894
BA_only	hippocampus	AA	psi	chr2_169768300_169769076	chr2	169768300	169769076	37	37	0	0	0.0530689248840876	0.984783117109287	2.27647259975516	-2.27647259975516	776	404	Promoter	2	Heritable	0.171541660358769	0.904631973582886	0.00740235553994029	0	0	0	1.71541660358769	6.65415252018322	6.00388706710654	0	0.822627143985268
BA_only	hippocampus	AA	psi	chr2_169790381_169790649	chr2	169790381	169790649	37	37	0	0	0.00589132061456578	0.91660165241749	2.76059692477706	-2.76059692477706	268	378	Genic/other	0	Non-heritable	0.0691895088696512	0.894535809569478	0.00791729195416412	3182	0	0	0.691895088696512	5.59098698051086	5.93753620508243	8.06557942728209	1.01544693706008
BA_only	hippocampus	AA	psi	chr2_170713535_170713699	chr2	170713535	170713699	196	196	0	0	0.00507031225606985	0.909885926705608	5.76450144950238	-5.76450144950238	164	482	Genic/other	1	Non-heritable	0.0766427717013427	0.90204870081602	0.00732608323780471	0	0	0	0.766427717013427	5.0998664278242	6.18001665365257	0	1.75171867287887
BA_only	hippocampus	AA	psi	chr2_170814468_170814642	chr2	170814468	170814642	196	196	0	0	0.000216812678210118	0.495202076754403	3.70806375314112	3.70806375314112	174	460	Promoter	1	Non-heritable	0.0995978013453963	0.896829189057835	0.00679621567660228	0	0	0	0.995978013453963	5.15905529921453	6.13339804299665	0	1.31050984365638
BA_only	hippocampus	AA	psi	chr2_170819138_170819958	chr2	170819138	170819958	196	196	0	0	0.00203286256350855	0.808938271993761	6.00326345185465	-6.00326345185465	820	442	Genic/other	1	Heritable	0.108364074810649	0.932987914374068	0.00676023002798146	608	0	0	1.08364074810649	6.7093043402583	6.09356977004514	6.4118182677099	1.79230323167157
BA_only	hippocampus	AA	psi	chr2_170822037_170822473	chr2	170822037	170822473	196	196	0	0	0.000371738378510296	0.571397027852789	4.16222200904042	4.16222200904042	436	458	Promoter	1	Heritable	0.104915433667056	0.92223622079933	0.00783997855881458	3507	0	0	1.04915433667056	6.07764224334903	6.12905021006055	8.16280135349207	1.42604907086402
BA_only	hippocampus	AA	psi	chr2_170972407_170972739	chr2	170972407	170972739	189	189	0	0	0.00159151682086868	0.78326280702973	3.23891412401305	-3.23891412401305	332	376	Intergenic	1	Non-heritable	0.0987829511455613	0.928189063934599	0.00663946494602071	22867	0	0	0.987829511455613	5.80513496891649	5.93224518744801	10.0374938323839	1.17523812980786
BA_only	hippocampus	AA	psi	chr2_171319253_171319592	chr2	171319253	171319592	29	29	0	0	0.0226144257045124	0.975932065139872	2.32068802521056	-2.32068802521056	339	245	Genic/other	0	Heritable	0.1577654301149	0.832051308120791	0.00774158326836479	6313	0	0	1.577654301149	5.82600010738045	5.50533153593236	8.75052466911794	0.841863708612051
BA_only	hippocampus	AA	psi	chr2_171524186_171524514	chr2	171524186	171524514	73	73	0	0	0.00356118285857148	0.866906756094015	1.81756946505827	-1.81756946505827	328	229	Genic/other	1	Heritable	0.166117310142745	0.845335717674975	0.00834851175369746	0	0	0	1.66117310142745	5.79301360838414	5.4380793089232	0	0.597500155311612
BA_only	hippocampus	AA	psi	chr2_172429032_172429838	chr2	172429032	172429838	26	26	0	0	0.0943042665197131	0.98989315440863	2.37576417328592	2.37576417328592	806	394	Promoter	1	Non-heritable	0.0818366069206146	0.858627485037054	0.0075806339553244	34735	0	0	0.818366069206146	6.69208374250663	5.97888576490112	10.4555318921181	0.865319147116057
BA_only	hippocampus	AA	psi	chr2_1728757_1729596	chr2	1728757	1729596	18	18	0	0	0.1271044767117	0.991064867102684	4.45954365550711	-4.45954365550711	839	472	Genic/other	0	Heritable	0.358962806911947	0.90412373990107	0.00711461003356793	0	0	0	3.58962806911947	6.73221070646721	6.15909538849193	0	1.49504644364634
BA_only	hippocampus	AA	psi	chr2_173077105_173078041	chr2	173077105	173078041	0	0	0	0					936	445	Enhancer	1	Heritable	0.1449568471881	0.941081659931522	0.00883018726895284	0	0	0	1.449568471881	6.84161547647759	6.10031895202006	0	
BA_only	hippocampus	AA	psi	chr2_173307209_173307367	chr2	173307209	173307367	35	35	0	0	0.0590690724544276	0.98577631996496	2.04107001771717	2.04107001771717	158	483	Intergenic	0	Non-heritable	0.0680116516472032	0.918737247009469	0.00762547166419526	31265	0	0	0.680116516472032	5.06259503302697	6.18208490671663	10.3502865241373	0.713474193732585
BA_only	hippocampus	AA	psi	chr2_173416722_173417250	chr2	173416722	173417250	35	35	0	0	0.00103504444981697	0.721965237965727	1.40068953921933	-1.40068953921933	528	494	Intergenic	0	Heritable	0.148560164634891	0.958254245797584	0.00870099087888697	9409	0	0	1.48560164634891	6.26909628370626	6.20455776256869	9.14952823257943	0.33696465052225
BA_only	hippocampus	AA	psi	chr2_173452217_173452872	chr2	173452217	173452872	36	36	0	0	0.081393595337152	0.988137148207548	1.14200123324124	-1.14200123324124	655	494	Intergenic	0	Heritable	0.128942093575124	0.943753261962065	0.00691926810916721	11923	0	0	1.28942093575124	6.48463523563525	6.20455776256869	9.38630845479796	0.1327821998858
BA_only	hippocampus	AA	psi	chr2_174485362_174485650	chr2	174485362	174485650	67	67	0	0	0.0277659467093914	0.975932065139872	1.62714994829748	1.62714994829748	288	367	Genic/other	1	Heritable	0.105448269601903	0.880889437168476	0.00596318126805422	0	0	0	1.05448269601903	5.66296048013595	5.90808293816893	0	0.48682999258059
BA_only	hippocampus	AA	psi	chr2_174573807_174575756	chr2	174573807	174575756	72	72	0	0	0.0235917740893435	0.975932065139872	2.44490761821434	2.44490761821434	1949	313	Promoter	0	Non-heritable	0.0957955810602888	0.841090745822118	0.00888990763132681	0	0	0	0.957955810602888	7.57507169950756	5.74939298590825	0	0.894007342341723
BA_only	hippocampus	AA	psi	chr2_1755725_1756109	chr2	1755725	1756109	18	18	0	0	0.0185090750320284	0.972503866121758	9.0763384411769	-9.0763384411769	384	492	Intergenic	0	Non-heritable	0.0747440880386481	0.933635988383434	0.00657507355264954	4419	0	0	0.747440880386481	5.95064255258773	6.20050917404269	8.39389497507174	2.20567085700866
BA_only	hippocampus	AA	psi	chr2_175701708_175702064	chr2	175701708	175702064	16	16	0	0	0.0474865757862573	0.982661996589092	0.664848904971242	-0.664848904971242	356	275	Genic/other	0	Heritable	0.101623349098156	0.81994189833309	0.0208990926990224	0	0	0	1.01623349098156	5.87493073085203	5.62040086571715	0	-0.408195459671064
BA_only	hippocampus	AA	psi	chr2_176270295_176270390	chr2	176270295	176270390	66	66	0	0	0.0243592837566904	0.975932065139872	3.70009984143227	3.70009984143227	95	446	Genic/other	1	Heritable	0.126670016413937	0.920323089588613	0.00895343758385766	27504	0	0	1.26670016413937	4.55387689160054	6.10255859461357	10.2221230853096	1.30835980615963
BA_only	hippocampus	AA	psi	chr2_176490080_176490243	chr2	176490080	176490243	34	34	0	0	0.0268465170055172	0.975932065139872	4.25349333193687	4.25349333193687	163	413	Intergenic	1	Non-heritable	0.0950352871367778	0.928377824959985	0.00854101048188484	0	0	0	0.950352871367778	5.09375020080676	6.02586597382531	0	1.44774060811857
BA_only	hippocampus	AA	psi	chr2_177211344_177211569	chr2	177211344	177211569	241	241	0	0	0.00640621455062933	0.92162814291077	4.14307954753435	-4.14307954753435	225	308	Genic/other	1	Non-heritable	0.0774621576232521	0.846412847169272	0.00738293762989581	0	0	0	0.774621576232521	5.41610040220442	5.73334127689775	0	1.4214393657915
BA_only	hippocampus	AA	psi	chr2_177275123_177275864	chr2	177275123	177275864	249	249	0	0	0.00538975050544877	0.912964788377798	5.65228756094087	5.65228756094087	741	270	Genic/other	0	Non-heritable	0.0894908793118053	0.790037090993181	0.00795240115521402	0	0	0	0.894908793118053	6.60800062529609	5.6021188208797	0	1.73206034302918
BA_only	hippocampus	AA	psi	chr2_177632771_177635554	chr2	177632771	177635554	63	63	0	0	0.00981102272503692	0.940729964719341	2.95481997712032	2.95481997712032	2783	217	Genic/other	0	Heritable	0.714514181364975	0.873546402764532	0.0154839146963156	17993	0	0	7.14514181364975	7.93128476152589	5.38449506278909	9.79779364797706	1.08343773093829
BA_only	hippocampus	AA	psi	chr2_177663169_177665439	chr2	177663169	177665439	47	47	0	0	0.0136961132050199	0.964283399649536	2.51803490885941	2.51803490885941	2270	212	Genic/other	0	Heritable	0.669047417095037	0.876918066478496	0.009089447348006	0	0	0	6.69047417095037	7.72753511047545	5.36129216570943	0	0.92347880322235
BA_only	hippocampus	AA	psi	chr2_177814479_177816273	chr2	177814479	177816273	10	10	0	0	0.183073153661441	0.991064867102684	0.81120644184935	0.81120644184935	1794	211	Genic/other	0	Heritable	0.738756886199788	0.884119064250805	0.00860208208432649	81924	0	0	7.38756886199788	7.49220304261874	5.35658627467201	11.313559473567	-0.209232692713644
BA_only	hippocampus	AA	psi	chr2_178523723_178524582	chr2	178523723	178524582	324	324	0	0	0.00310542399061073	0.849752756919949	9.77668162143574	9.77668162143574	859	258	Promoter	0	Heritable	0.116750385891682	0.804859526049313	0.00678556472047278	0	0	0	1.16750385891682	6.75576892198426	5.55682806169954	0	2.28000012498176
BA_only	hippocampus	AA	psi	chr2_17880331_17880641	chr2	17880331	17880641	17	17	0	0	0.0910580110678209	0.989446665475032	2.04862794810241	-2.04862794810241	310	320	Genic/other	1	Non-heritable	0.0889849945516847	0.818943984010398	0.00636368803823916	0	0	0	0.889849945516847	5.73657229747919	5.77144112313002	0	0.717170280346097
BA_only	hippocampus	AA	psi	chr2_179211503_179212831	chr2	179211503	179212831	6	6	0	0	0.0376947029594612	0.980549382116533	1.44380703528444	1.44380703528444	1328	344	Genic/other	0	Heritable	0.198147945643551	0.876897196280376	0.025677549352906	0	0	0	1.98147945643551	7.19142933003638	5.84354441703136	0	0.367283406392719
BA_only	hippocampus	AA	psi	chr2_1797711_1798399	chr2	1797711	1798399	16	16	0	0	0.0151757216195195	0.966228276045537	3.59783498850757	-3.59783498850757	688	499	Genic/other	2	Heritable	0.144018077261001	0.924205556932108	0.0121528056491275	0	0	0	1.44018077261001	6.53378883793334	6.21460809842219	0	1.28033227525153
BA_only	hippocampus	AA	psi	chr2_1813257_1813809	chr2	1813257	1813809	16	16	0	0	0.0318681003812876	0.977060807838727	3.97832076549519	-3.97832076549519	552	517	Genic/other	0	Heritable	0.255057482239993	0.916143594627418	0.0122824070944621	11560	0	0	2.55057482239993	6.3135480462771	6.24997524225948	9.35539264367532	1.38085981456015
BA_only	hippocampus	AA	psi	chr2_181681724_181681890	chr2	181681724	181681890	23	23	0	0	0.00421308821862641	0.885790249026645	2.03891022549714	-2.03891022549714	166	249	Promoter	1	Non-heritable	0.038713352233026	0.812630272065769	0.00593403672097123	1293	0	0	0.38713352233026	5.11198778835654	5.52146091786225	7.16549347506085	0.71241546683567
BA_only	hippocampus	AA	psi	chr2_182552475_182552993	chr2	182552475	182552993	23	23	0	0	0.0785201529021456	0.987720536119146	1.36009303685244	-1.36009303685244	518	255	Intergenic	0	Non-heritable	0.0788048888689287	0.730374931885836	0.00702822956150671	29371	0	0	0.788048888689287	6.24997524225948	5.54517744447956	10.2877971185715	0.307553114210903
BA_only	hippocampus	AA	psi	chr2_182748338_182749853	chr2	182748338	182749853	23	23	0	0	0.0337796675027913	0.979164877002956	1.28507810959448	-1.28507810959448	1515	264	Genic/other	0	Non-heritable	0.0457015909150083	0.654227886952212	0.0301541713978191	0	0	0	0.457015909150083	7.32317071794347	5.57972982598622	0	0.250819509958075
BA_only	hippocampus	AA	psi	chr2_183349158_183349432	chr2	183349158	183349432	12	12	0	0	0.061729826052718	0.985907779499035	1.55983487383797	-1.55983487383797	274	285	Genic/other	0	Non-heritable	0.0294972172082302	0.830068992911825	0.00765367455132294	15040	0	0	0.294972172082302	5.61312810638807	5.65599181081985	9.61853508465521	0.444579971965998
BA_only	hippocampus	AA	psi	chr2_183480928_183482380	chr2	183480928	183482380	3	3	0	0	0.435217019063832	0.994840206451052	0.740171054178301	-0.740171054178301	1452	283	Genic/other	0	Heritable	0.175492174741039	0.91250722140421	0.0119855837927669	146810	0	0	1.75492174741039	7.28069719538474	5.64897423816121	11.8969013242354	-0.300873951690568
BA_only	hippocampus	AA	psi	chr2_186696450_186697392	chr2	186696450	186697392	66	66	0	0	0.00134680689896144	0.755643700753314	2.56485095328736	2.56485095328736	942	178	Genic/other	1	Heritable	0.178565241820031	0.763113681653294	0.00595034196364101	27687	0	0	1.78565241820031	6.84800527457636	5.18738580584076	10.2287543853152	0.941900372953095
BA_only	hippocampus	AA	psi	chr2_186898246_186902739	chr2	186898246	186902739	4	4	0	0	0.152657936569072	0.991064867102684	0.964007166469833	0.964007166469833	4493	185	Intergenic	0	Heritable	0.729228103416554	0.896832103221661	0.0104182506166433	49279	0	0	7.29228103416554	8.41027590907016	5.2257466737132	10.8052735982074	-0.0366565399285202
BA_only	hippocampus	AA	psi	chr2_188005176_188006084	chr2	188005176	188006084	7	7	0	0	0.0996174868468017	0.990400450319684	5.09705620234447	-5.09705620234447	908	231	Genic/other	0	Heritable	0.635611821788367	0.866996836279651	0.00682742838083455	199009	0	0	6.35611821788367	6.81124437860129	5.44673737166631	12.2011103537004	1.62866315981278
BA_only	hippocampus	AA	psi	chr2_188123566_188123884	chr2	188123566	188123884	8	8	0	0	0.11449451051049	0.990898390030923	2.14102224453603	2.14102224453603	318	212	Genic/other	0	Heritable	0.111349271068397	0.756231818762137	0.0116417464550813	81209	0	0	1.11349271068397	5.76205138278018	5.36129216570943	11.3047936712765	0.761283404012202
BA_only	hippocampus	AA	psi	chr2_190118983_190120051	chr2	190118983	190120051	19	19	0	0	0.00362667462582361	0.866906756094015	3.92146059915573	-3.92146059915573	1068	226	Genic/other	0	Non-heritable	0.0402003961538503	0.811070210357327	0.00797362696853798	28847	0	0	0.402003961538503	6.97354301952014	5.4249500174814	10.2697959454431	1.36646418877906
BA_only	hippocampus	AA	psi	chr2_190360160_190362309	chr2	190360160	190362309	27	27	0	0	0.041427274872627	0.980549382116533	1.67684817288988	-1.67684817288988	2149	251	Genic/other	0	Non-heritable	0.0960719650136476	0.835970813929277	0.00723845319989749	0	0	0	0.960719650136476	7.67275789664251	5.52942908751142	0	0.516915949756719
BA_only	hippocampus	AA	psi	chr2_190533634_190533936	chr2	190533634	190533936	86	86	0	0	0.00696878553566868	0.93133651470931	2.29220678865535	-2.29220678865535	302	266	Promoter	1	Non-heritable	0.0895672646514537	0.798275689225016	0.00886635394680907	0	0	0	0.895672646514537	5.71042701737487	5.58724865840025	0	0.829515021071766
BA_only	hippocampus	AA	psi	chr2_190608401_190609104	chr2	190608401	190609104	91	91	0	0	0.00174757080146378	0.793095751495605	3.8396064695144	3.8396064695144	703	258	Genic/other	0	Heritable	0.121404251826867	0.846487413516227	0.00767574784483922	0	0	0	1.21404251826867	6.55535689181067	5.55682806169954	0	1.34536988205515
BA_only	hippocampus	AA	psi	chr2_190626178_190626764	chr2	190626178	190626764	79	79	0	0	0.00073635197297848	0.676738315160382	1.89590619004829	1.89590619004829	586	260	Genic/other	0	Heritable	0.110990539064589	0.846779109156084	0.00639785215015159	0	0	0	1.10990539064589	6.37331978957701	5.56452040732269	0	0.639696930060653
BA_only	hippocampus	AA	psi	chr2_190760990_190761486	chr2	190760990	190761486	108	108	0	0	0.012997051616702	0.964283399649536	1.86136774432966	-1.86136774432966	496	267	Promoter	0	Non-heritable	0.0702319389703243	0.821476603424693	0.0102928717248606	0	0	0	0.702319389703243	6.20657592672493	5.59098698051086	0	0.621311569276594
BA_only	hippocampus	AA	psi	chr2_191012799_191013147	chr2	191012799	191013147	68	68	0	0	0.0231203581179825	0.975932065139872	2.3880713480885	-2.3880713480885	348	277	Genic/other	1	Heritable	0.179986129074017	0.875162716235831	0.0127400143897481	0	0	0	1.79986129074017	5.85220247977447	5.62762111369064	0	0.870486077030507
BA_only	hippocampus	AA	psi	chr2_19119298_19120509	chr2	19119298	19120509	67	67	0	0	0.0374274899361111	0.980549382116533	3.41611137755323	-3.41611137755323	1211	338	Genic/other	0	Heritable	0.109850096070592	0.806706387025823	0.00709392397362617	0	0	0	1.09850096070592	7.09920174355309	5.82600010738045	0	1.22850288299226
BA_only	hippocampus	AA	psi	chr2_196370363_196371238	chr2	196370363	196371238	19	19	0	0	0.0209959949978947	0.975856666808667	1.11537289769636	-1.11537289769636	875	229	Genic/other	0	Heritable	0.115881496362906	0.799634779714627	0.00596381270191343	40787	0	0	1.15881496362906	6.77422388635761	5.4380793089232	10.6161431994841	0.109188795361812
BA_only	hippocampus	AA	psi	chr2_196590539_196591810	chr2	196590539	196591810	18	18	0	0	0.0554094031661932	0.98577631996496	1.95586640686891	-1.95586640686891	1271	248	Genic/other	2	Heritable	0.124666992456742	0.809261574521093	0.00873305753641043	0	0	0	1.24666992456742	7.14755927118945	5.51745289646471	0	0.670833275246182
BA_only	hippocampus	AA	psi	chr2_196594270_196594529	chr2	196594270	196594529	18	18	0	0	0.0339066987682429	0.979164877002956	2.32184081008866	-2.32184081008866	259	243	Promoter	1	Non-heritable	0.0687964052996941	0.823557636718136	0.014464882879077	761	0	0	0.687964052996941	5.55682806169954	5.4971682252932	6.63594655568665	0.842360327992446
BA_only	hippocampus	AA	psi	chr2_196923795_196924029	chr2	196923795	196924029	26	26	0	0	3.42150044790819e-05	0.224867859368162	4.29189312592617	4.29189312592617	234	219	Genic/other	1	Non-heritable	0.0835605698431198	0.676657696617681	0.0095596363665193	0	0	0	0.835605698431198	5.4553211153577	5.39362754635236	0	1.45672792602562
BA_only	hippocampus	AA	psi	chr2_197236802_197237798	chr2	197236802	197237798	26	26	0	0	0.0687069049313244	0.985907779499035	2.77712653507656	2.77712653507656	996	192	Genic/other	0	Heritable	0.112391377110872	0.755616163389592	0.00685823185202228	0	0	0	1.12391377110872	6.9037472575846	5.26269018890489	0	1.02141677627331
BA_only	hippocampus	AA	psi	chr2_199461868_199462138	chr2	199461868	199462138	24	24	0	0	0.0327026945038695	0.978956589179054	4.47902189494966	4.47902189494966	270	168	Genic/other	2	Non-heritable	0.0578170043928425	0.706888969712034	0.00895522505163536	0	0	0	0.578170043928425	5.59842195899838	5.12989871492307	0	1.49940469780255
BA_only	hippocampus	AA	psi	chr2_199581821_199582361	chr2	199581821	199582361	23	23	0	0	0.0395501322984934	0.980549382116533	7.62530278351257	-7.62530278351257	540	169	Enhancer	0	Non-heritable	0.0765255395126194	0.743866844229471	0.00627387627868719	25765	0	0	0.765255395126194	6.29156913955832	5.13579843705026	10.1568110723515	2.03147203232963
BA_only	hippocampus	AA	psi	chr2_199602455_199603473	chr2	199602455	199603473	23	23	0	0	0.061840785754166	0.985907779499035	4.45818971057481	-4.45818971057481	1018	178	Enhancer	1	Non-heritable	0.0425533170707761	0.618660408534181	0.00899005354793461	4653	0	0	0.425533170707761	6.92559519711047	5.18738580584076	8.44548234386224	1.49474279138762
BA_only	hippocampus	AA	psi	chr2_199604131_199604388	chr2	199604131	199604388	23	23	0	0	0.232741813997038	0.991915167163994	1.96003707061943	1.96003707061943	257	170	Enhancer	2	Non-heritable	0.0486512568385895	0.722489310015201	0.00713736752629836	3738	0	0	0.486512568385895	5.54907608489522	5.14166355650266	8.22657347497711	0.672963391746853
BA_only	hippocampus	AA	psi	chr2_199830556_199830769	chr2	199830556	199830769	710	710	0	0	0.00179863158815375	0.796268588634543	6.81030579216717	6.81030579216717	213	155	Genic/other	0	Heritable	0.100790100042609	0.641172514284036	0.00694511390396729	0	0	0	1.00790100042609	5.36129216570943	5.04985600724954	0	1.91843702402359
BA_only	hippocampus	AA	psi	chr2_200830397_200830708	chr2	200830397	200830708	117	117	0	0	0.00307879277312087	0.84862690950741	2.14898404145855	-2.14898404145855	311	269	Intergenic	0	Heritable	0.15030381726079	0.863118929583382	0.00891006015862064	17188	0	0	1.5030381726079	5.73979291217923	5.59842195899838	9.75202492332816	0.764995196254775
BA_only	hippocampus	AA	psi	chr2_200867080_200867843	chr2	200867080	200867843	148	148	0	0	0.00143433342756118	0.761698412773282	4.27236691668473	4.27236691668473	763	259	Genic/other	1	Heritable	0.334523845206088	0.841478143575912	0.00977003148804279	2515	0	0	3.34523845206088	6.63725803128446	5.56068163101553	7.83042561782033	1.45216798904735
BA_only	hippocampus	AA	psi	chr2_200964667_200964753	chr2	200964667	200964753	174	174	0	0	0.0100716807751571	0.944902218841749	3.80288111921913	-3.80288111921913	86	247	Promoter	1	Heritable	0.142486994288153	0.808250344100638	0.00755159956895456	0	0	0	1.42486994288153	4.45434729625351	5.51342874616498	0	1.33575897134983
BA_only	hippocampus	AA	psi	chr2_201117716_201118034	chr2	201117716	201118034	173	173	0	0	0.00577335708527548	0.91658260669542	3.59909888135113	3.59909888135113	318	228	Promoter	1	Heritable	0.223385523998272	0.819218240769079	0.00704715940083206	0	0	0	2.23385523998272	5.76205138278018	5.43372200355424	0	1.28068350617178
BA_only	hippocampus	AA	psi	chr2_201284614_201284865	chr2	201284614	201284865	114	114	0	0	0.0150287551472175	0.966167725188189	4.04867313224266	4.04867313224266	251	192	Promoter	0	Non-heritable	0.0956003171227235	0.778408332301067	0.0177140677525775	0	0	0	0.956003171227235	5.52545293913178	5.26269018890489	0	1.39838920824021
BA_only	hippocampus	AA	psi	chr2_201618251_201618899	chr2	201618251	201618899	79	79	0	0	0.00359879358448961	0.866906756094015	3.08660380337364	3.08660380337364	648	318	Genic/other	2	Heritable	0.142237954066181	0.863583795335622	0.00712388110543039	7247	0	0	1.42237954066181	6.47389069635227	5.76519110278484	8.88848084772282	1.12707139694474
BA_only	hippocampus	AA	psi	chr2_201619860_201620558	chr2	201619860	201620558	79	79	0	0	0.0337614038224641	0.979164877002956	2.64459297503469	2.64459297503469	698	315	Promoter	1	Heritable	0.107313806876796	0.900842554282636	0.00866256597064217	5588	0	0	1.07313806876796	6.54821910276237	5.75574221358691	8.6285556592697	0.972517172575126
BA_only	hippocampus	AA	psi	chr2_201858471_201858944	chr2	201858471	201858944	91	91	0	0	0.0441036722312037	0.980789550235948	5.34624671380769	-5.34624671380769	473	331	Enhancer	0	Heritable	0.104289127069184	0.891244473287399	0.00655512865252702	21222	0	0	1.04289127069184	6.15909538849193	5.80513496891649	9.96284077823564	1.67639476775687
BA_only	hippocampus	AA	psi	chr2_201887896_201888494	chr2	201887896	201888494	90	90	0	0	9.44138517039901e-05	0.370937621232005	6.61225206469849	-6.61225206469849	598	318	Enhancer	0	Non-heritable	0.0672608211584554	0.773310894829834	0.00789377592336734	0	0	0	0.672608211584554	6.39359075395063	5.76519110278484	0	1.88892430305218
BA_only	hippocampus	AA	psi	chr2_202036072_202036640	chr2	202036072	202036640	30	30	0	0	0.074432822324436	0.986186896048602	1.56291408932581	1.56291408932581	568	300	Genic/other	2	Heritable	0.190749472588907	0.897846966160437	0.00729644019311735	3467	0	0	1.90749472588907	6.34212141872115	5.70711026474888	8.15133333790043	0.446552091084396
BA_only	hippocampus	AA	psi	chr2_202149490_202149685	chr2	202149490	202149685	29	29	0	0	0.0307690989568861	0.976893291659941	2.95554344395747	2.95554344395747	195	297	Promoter	0	Heritable	0.114661819925199	0.858727747179615	0.00897840045665878	11057	0	0	1.14661819925199	5.27299955856375	5.69709348650541	9.31090942689788	1.08368254391738
BA_only	hippocampus	AA	psi	chr2_202379561_202380057	chr2	202379561	202380057	14	14	0	0	0.0892433849484198	0.989174742478409	1.46049772307672	-1.46049772307672	496	230	Genic/other	2	Non-heritable	0.0918923900195339	0.796980989025085	0.00770912497899686	2769	0	0	0.918923900195339	6.20657592672493	5.44241771052179	7.92660259918138	0.378777290688836
BA_only	hippocampus	AA	psi	chr2_203013703_203014055	chr2	203013703	203014055	34	34	0	0	0.0033185946243268	0.861025844911123	3.76568063679042	3.76568063679042	352	113	Promoter	1	Heritable	0.11659802880672	0.600250503285916	0.0066956235582267	2371	0	0	1.1659802880672	5.8636311755981	4.7361984483945	7.77148876011762	1.3259286275927
BA_only	hippocampus	AA	psi	chr2_203250786_203251020	chr2	203250786	203251020	45	45	0	0	0.0134064104175498	0.964283399649536	3.0175806527552	3.0175806527552	234	143	Genic/other	0	Non-heritable	0.0766498684349556	0.641899988616931	0.007042989571693	0	0	0	0.766498684349556	5.4553211153577	4.969813299576	0	1.1044554052827
BA_only	hippocampus	AA	psi	chr2_204416118_204416434	chr2	204416118	204416434	5	5	0	0	0.0844382119502189	0.988137148207548	1.47512739863612	1.47512739863612	316	369	Intergenic	0	Non-heritable	0.0965730469219301	0.843522759729072	0.00840935296614456	129684	0	0	0.965730469219301	5.75574221358691	5.91350300563827	11.7728637121129	0.388744364797707
BA_only	hippocampus	AA	psi	chr2_205683050_205684887	chr2	205683050	205684887	40	40	0	0	0.0095295305629498	0.939841915020693	3.8630130139843	3.8630130139843	1837	495	Promoter	2	Heritable	0.104140985749939	0.944521216822967	0.00557364219393033	0	0	0	1.04140985749939	7.51588908521513	6.20657592672493	0	1.35144745514735
BA_only	hippocampus	AA	psi	chr2_205686727_205687033	chr2	205686727	205687033	40	40	0	0	0.00691642815880853	0.928872608627617	2.04808790840109	2.04808790840109	306	491	Genic/other	1	Heritable	0.158002474396666	0.948600584424491	0.00752837895200253	0	0	0	1.58002474396666	5.72358510195238	6.19847871649231	0	0.716906635162625
BA_only	hippocampus	AA	psi	chr2_20600116_20600557	chr2	20600116	20600557	58	58	0	0	0.00858660921927778	0.933559278800072	3.0571881827569	-3.0571881827569	441	508	Genic/other	0	Heritable	0.188486789442172	0.950872339607532	0.00738601046240225	38094	0	0	1.88486789442172	6.08904487544685	6.23244801655052	10.5478383189071	1.117495602269
BA_only	hippocampus	AA	psi	chr2_206158197_206158257	chr2	206158197	206158257	22	22	0	0	0.00437167679210477	0.889721601691383	1.8594302998917	1.8594302998917	60	406	Genic/other	1	Heritable	0.164728924268003	0.896850661221053	0.00665865240569155	0	0	0	1.64728924268003	4.0943445622221	6.0088131854426	0	0.620270155805816
BA_only	hippocampus	AA	psi	chr2_20636588_20636948	chr2	20636588	20636948	51	51	0	0	0.014985136785431	0.966167725188189	1.84994162846121	1.84994162846121	360	509	Genic/other	0	Heritable	0.119936847510191	0.942273372840174	0.00827054403457729	1703	0	0	1.19936847510191	5.88610403145016	6.23441072571837	7.44073370738926	0.615154091814899
BA_only	hippocampus	AA	psi	chr2_206982608_206983788	chr2	206982608	206983788	43	43	0	0	0.116642054214712	0.990898390030923	3.14319466818471	-3.14319466818471	1180	353	Intergenic	0	Non-heritable	0.0903940711876144	0.878493539532227	0.00764456223728977	0	0	0	0.903940711876144	7.07326971745971	5.86929691313377	0	1.14523969614052
BA_only	hippocampus	AA	psi	chr2_207161674_207163072	chr2	207161674	207163072	57	57	0	0	0.0766720144030201	0.987589764461923	2.20616144939911	-2.20616144939911	1398	349	Genic/other	1	Heritable	0.120177779420989	0.898669430569133	0.00815746713141324	0	0	0	1.20177779420989	7.24279792279376	5.85793315448346	0	0.791254109177054
BA_only	hippocampus	AA	psi	chr2_207681759_207681876	chr2	207681759	207681876	22	22	0	0	0.0859591177469386	0.988137148207548	2.84793671464487	-2.84793671464487	117	401	Genic/other	2	Heritable	0.340328046649655	0.857737091359594	0.00825861603057526	3216	0	0	3.40328046649655	4.76217393479776	5.99645208861902	8.07620452723903	1.04659477583272
BA_only	hippocampus	AA	psi	chr2_207813009_207813756	chr2	207813009	207813756	16	16	0	0	0.086540874117555	0.988137148207548	1.6905765880941	1.6905765880941	747	393	Intergenic	0	Heritable	0.135430907902063	0.884194157965558	0.00853901230908524	51371	0	0	1.35430907902063	6.61606518513282	5.97635090929793	10.8468485559329	0.525069653049736
BA_only	hippocampus	AA	psi	chr2_207933656_207933944	chr2	207933656	207933944	16	16	0	0	0.0211354451202797	0.975932065139872	1.49785649355339	1.49785649355339	288	372	Genic/other	1	Non-heritable	0.0959863265111992	0.917698333245458	0.00844989179322859	2729	0	0	0.959863265111992	5.66296048013595	5.92157841964382	7.91205688817901	0.404035088486245
BA_only	hippocampus	AA	psi	chr2_208043651_208046641	chr2	208043651	208046641	25	25	0	0	0.160767257765158	0.991064867102684	3.65007108008227	3.65007108008227	2990	363	Intergenic	0	Heritable	0.170815617641424	0.89949422525129	0.00524005010371104	12126	0	0	1.70815617641424	8.00302866638473	5.89715386763674	9.40318965065679	1.2947466441396
BA_only	hippocampus	AA	psi	chr2_208112013_208113097	chr2	208112013	208113097	26	26	0	0	0.0429552281473391	0.980549382116533	1.46391552807028	-1.46391552807028	1084	360	Promoter	2	Heritable	0.463639232965104	0.917703354581875	0.0213700460132006	0	0	0	4.63639232965104	6.98841318199959	5.88887795833288	0	0.381114721299894
BA_only	hippocampus	AA	psi	chr2_208142719_208143088	chr2	208142719	208143088	25	25	0	0	0.0126860490309588	0.961717006536833	3.68862683882605	3.68862683882605	369	365	Genic/other	0	Heritable	0.118095315629445	0.881257684783685	0.00516676580919005	0	0	0	1.18095315629445	5.91079664404053	5.90263333340137	0	1.30525426110633
BA_only	hippocampus	AA	psi	chr2_209208366_209209180	chr2	209208366	209209180	2	2	0	0	0.0106566620268819	0.944902218841749	1.70055446426652	-1.70055446426652	814	194	Intergenic	2	Heritable	0.175330920159431	0.77240041687521	0.00826289297809455	0	0	0	1.75330920159431	6.70196036600254	5.27299955856375	0	0.530954359216373
BA_only	hippocampus	AA	psi	chr2_209264226_209266201	chr2	209264226	209266201	2	2	0	0	0.911156086043138	0.999437470751181	0.0634399435024953	0.0634399435024953	1975	193	Intergenic	0	Heritable	0.632328629291323	0.816802161414379	0.0104777445085373	0	0	0	6.32328629291323	7.58832367733522	5.26785815906333	0	-2.75766143459252
BA_only	hippocampus	AA	psi	chr2_209663051_209663415	chr2	209663051	209663415	11	11	0	0	0.0944516483722607	0.98989315440863	1.15517294890612	1.15517294890612	364	172	Genic/other	0	Heritable	0.11191558706518	0.705979098195524	0.00718287311975718	17411	0	0	1.1191558706518	5.89715386763674	5.15329159449778	9.76491490267219	0.144250080733315
BA_only	hippocampus	AA	psi	chr2_210117891_210118423	chr2	210117891	210118423	19	19	0	0	0.129278761838697	0.991064867102684	1.02463013614518	1.02463013614518	532	198	Genic/other	0	Non-heritable	0.0320325022892968	0.656101698870895	0.00835728679008091	36187	0	0	0.320325022892968	6.27664348934165	5.29330482472449	10.4964828511456	0.0243317144453768
BA_only	hippocampus	AA	psi	chr2_211508281_211509884	chr2	211508281	211509884	1	1	0	0	0.299790528751505	0.993663620961428	0.316241111174774	-0.316241111174774	1603	510	Genic/other	0	Heritable	0.214674336892096	0.918764623862676	0.0107004669849232	120709	0	0	2.14674336892096	7.37963215260955	6.2363695902037	11.7011462536952	-1.15125031467121
BA_only	hippocampus	AA	psi	chr2_212832978_212833294	chr2	212832978	212833294	13	13	0	0	0.0289994062511427	0.975932065139872	3.47002208200209	3.47002208200209	316	345	Enhancer	1	Non-heritable	0.0406894830678756	0.804364273692324	0.00735076859599225	0	0	0	0.406894830678756	5.75574221358691	5.84643877505773	0	1.24416096050971
BA_only	hippocampus	AA	psi	chr2_213188041_213188675	chr2	213188041	213188675	20	20	0	0	0.00751716363046724	0.933559278800072	7.80633700555536	7.80633700555536	634	283	Promoter	0	Heritable	0.117788778165111	0.862262600670958	0.00953005759625095	0	0	0	1.17788778165111	6.45204895443723	5.64897423816121	0	2.05493584173824
BA_only	hippocampus	AA	psi	chr2_213354572_213357327	chr2	213354572	213357327	10	10	0	0	0.0247346401409342	0.975932065139872	0.34543670615095	-0.34543670615095	2755	238	Genic/other	0	Non-heritable	0.0806364048089995	0.715927458565138	0.0199909932267722	0	0	0	0.806364048089995	7.92117272158701	5.47646355193151	0	-1.06294581853992
BA_only	hippocampus	AA	psi	chr2_214683206_214684214	chr2	214683206	214684214	31	31	0	0	0.143598856190716	0.991064867102684	1.89703137545295	1.89703137545295	1008	327	Genic/other	0	Heritable	0.11962292771808	0.789182113105168	0.0114747215498404	85097	0	0	1.1962292771808	6.91572344863131	5.79301360838414	11.3515588125227	0.640290235598802
BA_only	hippocampus	AA	psi	chr2_215311385_215311489	chr2	215311385	215311489	23	23	0	0	0.0013868488467272	0.759071555562182	1.29540705354782	1.29540705354782	104	430	Promoter	1	Heritable	0.154624311548119	0.893032224671799	0.00749869271250574	671	0	0	1.54624311548119	4.64439089914137	6.06610809010375	6.51025834052315	0.258824980544634
BA_only	hippocampus	AA	psi	chr2_216082790_216083656	chr2	216082790	216083656	25	25	0	0	0.0709390402629927	0.985907779499035	3.66996613914674	3.66996613914674	866	460	Promoter	1	Non-heritable	0.0868113897837136	0.933159657384684	0.00575850938548456	0	0	0	0.868113897837136	6.76388490856244	6.13339804299665	0	1.3001824383582
BA_only	hippocampus	AA	psi	chr2_216583865_216584825	chr2	216583865	216584825	106	106	0	0	0.00304802951662768	0.846573428968813	2.71931948605647	-2.71931948605647	960	440	Intergenic	0	Non-heritable	0.0931699716332011	0.931082904298839	0.00838017089682947	4524	0	0	0.931699716332011	6.86693328446188	6.08904487544685	8.41737285613403	1.00038166373299
BA_only	hippocampus	AA	psi	chr2_216606643_216606940	chr2	216606643	216606940	110	110	0	0	0.00297891997761608	0.846261736290652	2.2950322607963	2.2950322607963	297	462	Promoter	0	Heritable	0.150228756278396	0.918977227046112	0.00777389789899087	0	0	0	1.50228756278396	5.6937321388027	6.13772705408623	0	0.830746904762799
BA_only	hippocampus	AA	psi	chr2_216850425_216850930	chr2	216850425	216850930	54	54	0	0	0.00699655696200472	0.931516361210935	2.27735870434225	-2.27735870434225	505	516	Enhancer	0	Heritable	0.139147416277103	0.945311588607464	0.00607981213779266	0	0	0	1.39147416277103	6.22455842927536	6.24804287450843	0	0.823016312812662
BA_only	hippocampus	AA	psi	chr2_217092135_217093276	chr2	217092135	217093276	50	50	0	0	0.0486148874811619	0.982844443292717	3.55579927864299	3.55579927864299	1141	495	Genic/other	0	Heritable	0.212206422341332	0.922266705413664	0.012344413582446	13175	0	0	2.12206422341332	7.03966034986208	6.20657592672493	9.48615227185748	1.26857987304491
BA_only	hippocampus	AA	psi	chr2_217151738_217152437	chr2	217151738	217152437	21	21	0	0	0.00452872122862442	0.895415716423085	2.69245102800848	2.69245102800848	699	457	Genic/other	0	Heritable	0.116443610875515	0.939860480552262	0.00846845120970481	45047	0	0	1.16443610875515	6.54965074223381	6.12686918411419	10.7154838669345	0.990451945299399
BA_only	hippocampus	AA	psi	chr2_217162475_217162876	chr2	217162475	217162876	22	22	0	0	0.0209696953026929	0.975856666808667	2.17974092403353	2.17974092403353	401	457	Enhancer	0	Non-heritable	0.0871242318924862	0.93038819725833	0.00771473152836071	44962	0	0	0.871242318924862	5.99396142730657	6.12686918411419	10.7135952083201	0.779206032139952
BA_only	hippocampus	AA	psi	chr2_217978280_217978694	chr2	217978280	217978694	33	33	0	0	0.0413046549349401	0.980549382116533	6.36575290032287	-6.36575290032287	414	443	Promoter	2	Heritable	0.104559380080563	0.921650041689706	0.00525896724324587	0	0	0	1.04559380080563	6.02586597382531	6.09582456243223	0	1.8509325141454
BA_only	hippocampus	AA	psi	chr2_218991990_218992402	chr2	218991990	218992402	114	114	0	0	0.00105213394022227	0.721965237965727	3.08761311508915	-3.08761311508915	412	257	Promoter	1	Heritable	0.118520939671409	0.836232610297523	0.00715302406967724	777	0	0	1.18520939671409	6.02102334934953	5.55295958492162	6.65672652417839	1.12739834098787
BA_only	hippocampus	AA	psi	chr2_219026015_219026492	chr2	219026015	219026492	137	137	0	0	0.00241109941423938	0.824728302674626	3.17229809401499	-3.17229809401499	477	255	Genic/other	0	Non-heritable	0.0765940298113813	0.831913198421727	0.00759508067578962	3175	0	0	0.765940298113813	6.16751649088834	5.54517744447956	8.06337782236703	1.15445627918496
BA_only	hippocampus	AA	psi	chr2_219280434_219282963	chr2	219280434	219282963	204	204	0	0	0.000960966320684112	0.712692533608524	4.31744407477115	4.31744407477115	2529	370	Promoter	2	Heritable	0.109406402560386	0.919693711713119	0.00590448831306188	0	0	0	1.09406402560386	7.83557924666997	5.91620206260744	0	1.46266358012013
BA_only	hippocampus	AA	psi	chr2_219402598_219403491	chr2	219402598	219403491	241	241	0	0	0.0162813010161681	0.969245141301252	1.64231618290681	-1.64231618290681	893	385	Genic/other	0	Non-heritable	0.0534127116993692	0.901314146436306	0.0124302630458824	2657	0	0	0.534127116993692	6.7945865808765	5.95583736946483	7.88532923927319	0.496107558208532
BA_only	hippocampus	AA	psi	chr2_219956372_219956703	chr2	219956372	219956703	14	14	0	0	0.035546555575971	0.980327953711174	3.62817540515206	-3.62817540515206	331	450	Genic/other	0	Heritable	0.69261343544732	0.913044466434735	0.00648153350849997	0	0	0	6.9261343544732	5.80211837537706	6.11146733950268	0	1.28872988145672
BA_only	hippocampus	AA	psi	chr2_221105352_221105513	chr2	221105352	221105513	25	25	0	0	0.000283265084889014	0.526573761111555	2.96109371369322	2.96109371369322	161	442	Intergenic	0	Heritable	0.127936222139356	0.909503287438074	0.00967284189685713	62201	0	0	1.27936222139356	5.08140436498446	6.09356977004514	11.0381424325512	1.0855587013349
BA_only	hippocampus	AA	psi	chr2_221568860_221569600	chr2	221568860	221569600	21	21	0	0	0.00469488190933718	0.901081955382879	2.59964538911569	2.59964538911569	740	403	Promoter	2	Non-heritable	0.0961805006095891	0.882467823785107	0.00678982994286723	0	0	0	0.961805006095891	6.60665018619822	6.00141487796115	0	0.955375050770659
BA_only	hippocampus	AA	psi	chr2_222292095_222292577	chr2	222292095	222292577	50	50	0	0	0.0270955060723387	0.975932065139872	4.44922350145145	-4.44922350145145	482	368	Enhancer	1	Heritable	0.111134915857071	0.873554557709872	0.00607556728012466	0	0	0	1.11134915857071	6.1779441140506	5.91079664404053	0	1.49272958914402
BA_only	hippocampus	AA	psi	chr2_222315611_222317094	chr2	222315611	222317094	43	43	0	0	0.00757365164677079	0.933559278800072	2.65231071322677	-2.65231071322677	1483	368	Genic/other	2	Heritable	0.239169065917053	0.843275749849905	0.00553457121572889	1801	0	0	2.39169065917053	7.30182234213793	5.91079664404053	7.49665243816828	0.975431231081215
BA_only	hippocampus	AA	psi	chr2_222320988_222321129	chr2	222320988	222321129	43	43	0	0	0.0424721158117516	0.980549382116533	4.89053612259103	4.89053612259103	141	368	Promoter	1	Non-heritable	0.0588112551538656	0.820206999122521	0.00641360181499607	0	0	0	0.588112551538656	4.94875989037817	5.91079664404053	0	1.58730193604359
BA_only	hippocampus	AA	psi	chr2_222709351_222709772	chr2	222709351	222709772	15	15	0	0	0.0491713003474612	0.983041848537514	1.28193261464307	-1.28193261464307	421	348	Genic/other	0	Non-heritable	0.0478785347428172	0.864580447837049	0.00740065237883858	151485	0	0	0.478785347428172	6.04263283368238	5.85507192220243	11.9282484904206	0.248368802236822
BA_only	hippocampus	AA	psi	chr2_223958437_223960006	chr2	223958437	223960006	32	32	0	0	0.0464484200158089	0.98234380197239	2.06223644143669	-2.06223644143669	1569	387	Genic/other	2	Non-heritable	0.0561377400984062	0.894274399547006	0.00477090621330905	20390	0	0	0.561377400984062	7.35819375273303	5.96100533962327	9.92284890601475	0.723791049940391
BA_only	hippocampus	AA	psi	chr2_224040273_224042525	chr2	224040273	224042525	11	11	0	0	0.123946050391891	0.991064867102684	0.833554886089698	0.833554886089698	2252	367	Promoter	2	Heritable	0.115313672567039	0.895266529100608	0.00495240026459025	0	0	0	1.15313672567039	7.71957398925958	5.90808293816893	0	-0.182055716824893
BA_only	hippocampus	AA	psi	chr2_224944936_224945966	chr2	224944936	224945966	8	8	0	0	0.0325425320780706	0.978660772153819	0.762948595371624	-0.762948595371624	1030	272	Enhancer	0	Non-heritable	0.0836187663688627	0.860829844747284	0.00675720788986393	48640	0	0	0.836187663688627	6.93731408122368	5.60947179518496	10.7922220756392	-0.270564608588099
BA_only	hippocampus	AA	psi	chr2_225037473_225038767	chr2	225037473	225038767	5	5	0	0	0.0141431105991499	0.964826773227435	0.621421625549315	-0.621421625549315	1294	280	Genic/other	1	Heritable	0.183387849863473	0.849467936356643	0.0093765121237358	141177	0	0	1.83387849863473	7.16549347506085	5.63835466933375	11.8577767845366	-0.475745465202017
BA_only	hippocampus	AA	psi	chr2_225039966_225040513	chr2	225039966	225040513	5	5	0	0	0.01459032790912	0.966089857218066	1.0481915306098	1.0481915306098	547	279	Genic/other	1	Non-heritable	0.067309954907466	0.838750630792419	0.00831816224104296	143670	0	0	0.67309954907466	6.30444880242198	5.63478960316925	11.8752812423759	0.0470663369563013
BA_only	hippocampus	AA	psi	chr2_225112733_225114570	chr2	225112733	225114570	0	0	0	0					1837	287	Intergenic	0	Non-heritable	0.0677797804647108	0.838348971520021	0.00970957639542512	216437	0	0	0.677797804647108	7.51588908521513	5.66296048013595	12.2850594112778	
BA_only	hippocampus	AA	psi	chr2_225619024_225621107	chr2	225619024	225621107	27	27	0	0	0.0469817317472758	0.982445572707507	4.26766782103471	-4.26766782103471	2083	252	Genic/other	0	Non-heritable	0.0959315378617353	0.821765340096366	0.0101072079734046	30412	0	0	0.959315378617353	7.64156444126097	5.53338948872752	10.3226254275649	1.45106750263071
BA_only	hippocampus	AA	psi	chr2_227006213_227006437	chr2	227006213	227006437	119	119	0	0	0.00501926626643175	0.909432112739849	4.68044166994997	4.68044166994997	224	389	Genic/other	0	Non-heritable	0.0942566427021059	0.869594140570529	0.00746438487776119	1801	0	0	0.942566427021059	5.41164605185504	5.96614673912369	7.49665243816828	1.5433924815341
BA_only	hippocampus	AA	psi	chr2_227374298_227374848	chr2	227374298	227374848	73	73	0	0	0.00730219417897747	0.932841257215428	2.57542124365948	-2.57542124365948	550	508	Enhancer	0	Heritable	0.119103409991318	0.956164875512138	0.00817188957239936	18620	0	0	1.19103409991318	6.30991827822652	6.23244801655052	9.83204525508176	0.946013114389884
BA_only	hippocampus	AA	psi	chr2_227392782_227393875	chr2	227392782	227393875	72	72	0	0	0.00235249284318139	0.822334049093026	1.82956352921976	-1.82956352921976	1093	516	Intergenic	0	Heritable	0.117597333332978	0.955993919155202	0.0113115424340124	11191	0	0	1.17597333332978	6.99668148817654	6.24804287450843	9.32295451634532	0.604077435248327
BA_only	hippocampus	AA	psi	chr2_227423739_227424536	chr2	227423739	227424536	71	71	0	0	0.024745055585015	0.975932065139872	3.42550171670022	-3.42550171670022	797	507	Intergenic	0	Heritable	0.112094616028802	0.958213281062871	0.00709671595032451	8161	0	0	1.12094616028802	6.68085467879022	6.23048144757848	9.00724451596575	1.23124795053315
BA_only	hippocampus	AA	psi	chr2_228607124_228608511	chr2	228607124	228608511	12	12	0	0	0.185161639523526	0.991064867102684	1.09797746652677	1.09797746652677	1387	290	Genic/other	0	Heritable	0.233201557587388	0.868951761227683	0.00797976916021784	0	0	0	2.33201557587388	7.23489842031483	5.67332326717149	0	0.0934698296954926
BA_only	hippocampus	AA	psi	chr2_229152581_229153535	chr2	229152581	229153535	5	5	0	0	0.00527806623112764	0.910718986954723	1.60968784513041	1.60968784513041	954	411	Genic/other	0	Heritable	0.1133350333731	0.900080710817496	0.0094273473746356	0	0	0	1.133350333731	6.86066367144829	6.02102334934953	0	0.47604028139846
BA_only	hippocampus	AA	psi	chr2_229835812_229836940	chr2	229835812	229836940	8	8	0	0	0.048569705890984	0.982844443292717	4.53566620058372	4.53566620058372	1128	413	Genic/other	0	Non-heritable	0.067291607496147	0.894364599017399	0.0066443587552679	0	0	0	0.67291607496147	7.02820143205801	6.02586597382531	0	1.51197197698583
BA_only	hippocampus	AA	psi	chr2_229858879_229860314	chr2	229858879	229860314	8	8	0	0	0.235652871950296	0.992090551618052	0.545711813093236	0.545711813093236	1435	403	Promoter	0	Non-heritable	0.0790052266462892	0.79541865051197	0.0133407683739778	0	0	0	0.790052266462892	7.26892012819372	6.00141487796115	0	-0.605664239103385
BA_only	hippocampus	AA	psi	chr2_230129081_230129207	chr2	230129081	230129207	22	22	0	0	0.0776758829836518	0.987720536119146	2.12367260694639	-2.12367260694639	126	380	Genic/other	0	Heritable	0.119640441306397	0.897464843217751	0.00796452588168234	0	0	0	1.19640441306397	4.83628190695148	5.9427993751267	0	0.753146956351999
BA_only	hippocampus	AA	psi	chr2_230564847_230566517	chr2	230564847	230566517	17	17	0	0	0.0232115284589584	0.975932065139872	1.09173713603143	1.09173713603143	1670	571	Genic/other	0	Heritable	0.509381871320834	0.942847085174732	0.0100478115993025	0	0	0	5.09381871320834	7.4205789054108	6.3491389913798	0	0.0877701395852826
BA_only	hippocampus	AA	psi	chr2_230956413_230957032	chr2	230956413	230957032	59	59	0	0	0.00644809628807586	0.922500611491166	3.16042426926091	3.16042426926091	619	535	Promoter	0	Non-heritable	0.0981005136323005	0.938780841308107	0.00905989910693973	6587	0	0	0.981005136323005	6.4281052726846	6.2841341610708	8.79300509129753	1.1507062841749
BA_only	hippocampus	AA	psi	chr2_230990593_230991167	chr2	230990593	230991167	63	63	0	0	0.0334630102342309	0.979164877002956	1.22751578365768	1.22751578365768	574	526	Genic/other	1	Non-heritable	0.095345101329909	0.939191576364746	0.00973367535915542	0	0	0	0.95345101329909	6.35262939631957	6.26720054854136	0	0.204992447127334
BA_only	hippocampus	AA	psi	chr2_231190128_231190242	chr2	231190128	231190242	56	56	0	0	0.0277300766881615	0.975932065139872	1.56281685312761	-1.56281685312761	114	484	Enhancer	0	Heritable	0.134891440224802	0.904401626308716	0.00841046244785185	8455	0	0	1.34891440224802	4.7361984483945	6.18414889093748	9.04263152755007	0.44648987447049
BA_only	hippocampus	AA	psi	chr2_231365266_231365566	chr2	231365266	231365566	177	177	0	0	0.0028843612084312	0.845891010350255	6.94351523639297	-6.94351523639297	300	453	Enhancer	0	Non-heritable	0.074872490945024	0.919499064582717	0.00721034288616814	0	0	0	0.74872490945024	5.7037824746562	6.11809719804135	0	1.9378081659341
BA_only	hippocampus	AA	psi	chr2_231371467_231371712	chr2	231371467	231371712	178	178	0	0	0.0101466424152532	0.944902218841749	5.3910100615281	-5.3910100615281	245	472	Genic/other	0	Heritable	0.105555963352091	0.856133329249937	0.00641858278302807	0	0	0	1.05555963352091	5.50125821054473	6.15909538849193	0	1.68473276467927
BA_only	hippocampus	AA	psi	chr2_231379813_231380345	chr2	231379813	231380345	178	178	0	0	0.0060672754630863	0.920376068783091	2.57433713872496	-2.57433713872496	532	453	Intergenic	0	Heritable	0.133772636015344	0.896924853671858	0.0078637703865207	1479	0	0	1.33772636015344	6.27664348934165	6.11809719804135	7.29979736675816	0.945592083007117
BA_only	hippocampus	AA	psi	chr2_231388336_231389106	chr2	231388336	231389106	178	178	0	0	0.00812145132013786	0.933559278800072	4.87090046336389	-4.87090046336389	770	443	Promoter	0	Non-heritable	0.0630308219766811	0.90064885171102	0.00900034382838184	4796	0	0	0.630308219766811	6.64639051484773	6.09582456243223	8.47574600150206	1.58327882213032
BA_only	hippocampus	AA	psi	chr2_231482743_231483251	chr2	231482743	231483251	181	181	0	0	0.00240519999508499	0.824728302674626	4.07529351238012	4.07529351238012	508	399	Genic/other	1	Heritable	0.450468738658652	0.885170773410185	0.00880912386720213	0	0	0	4.50468738658652	6.23048144757848	5.99146454710798	0	1.40494277413072
BA_only	hippocampus	AA	psi	chr2_231605491_231605863	chr2	231605491	231605863	186	186	0	0	0.0222947949795686	0.975932065139872	4.19561606271102	-4.19561606271102	372	378	Enhancer	1	Heritable	0.186074624389426	0.896362345753669	0.00656789999472996	0	0	0	1.86074624389426	5.91889385427315	5.93753620508243	0	1.4340401879472
BA_only	hippocampus	AA	psi	chr2_231615050_231615571	chr2	231615050	231615571	186	186	0	0	0.0139534059295497	0.964512086679195	1.8578362577943	1.8578362577943	521	369	Intergenic	2	Heritable	0.347285265839302	0.899769654949768	0.0184830163771565	0	0	0	3.47285265839302	6.25575004175337	5.91350300563827	0	0.619412513685298
BA_only	hippocampus	AA	psi	chr2_231682702_231683910	chr2	231682702	231683910	182	182	0	0	0.0245853058225236	0.975932065139872	3.51046358192901	-3.51046358192901	1208	374	Enhancer	2	Heritable	0.100384955230092	0.813103833431276	0.00861562733123025	23317	0	0	1.00384955230092	7.09672137849476	5.92692602597041	10.0569808734932	1.25574810622897
BA_only	hippocampus	AA	psi	chr2_231685521_231686444	chr2	231685521	231686444	181	181	0	0	0.00267290446960594	0.835655744705892	5.49022753377381	-5.49022753377381	923	368	Enhancer	0	Non-heritable	0.0637046424728504	0.776100557255083	0.00773050507500578	20783	0	0	0.637046424728504	6.82762923450285	5.91079664404053	9.94193873891038	1.70296970161587
BA_only	hippocampus	AA	psi	chr2_231688777_231688862	chr2	231688777	231688862	181	181	0	0	7.13130661014456e-05	0.327538270519781	4.27933088501141	-4.27933088501141	85	367	Intergenic	0	Non-heritable	0.0636354662427122	0.879860198277432	0.00539192365036994	18365	0	0	0.636354662427122	4.44265125649032	5.90808293816893	9.81825640817347	1.45379666443118
BA_only	hippocampus	AA	psi	chr2_231743660_231744136	chr2	231743660	231744136	154	154	0	0	0.00373282708663181	0.868236155887141	4.77722368028533	4.77722368028533	476	374	Genic/other	0	Non-heritable	0.0255591101895335	0.7500232411707	0.00831492915091874	5646	0	0	0.255591101895335	6.16541785423142	5.92692602597041	8.63887970967284	1.56385955983135
BA_only	hippocampus	AA	psi	chr2_232351901_232352688	chr2	232351901	232352688	63	63	0	0	0.0167652093818165	0.970581273335112	1.68382676873448	-1.68382676873448	787	373	Promoter	1	Non-heritable	0.0254733167123484	0.781959662082198	0.00867177902645411	11176	0	0	0.254733167123484	6.6682282484174	5.92425579741453	9.32161337438561	0.5210690475451
BA_only	hippocampus	AA	psi	chr2_232423034_232423580	chr2	232423034	232423580	69	69	0	0	0.0104360351840012	0.944902218841749	3.45705285704089	-3.45705285704089	546	349	Genic/other	2	Non-heritable	0.0761434361936289	0.884550087034846	0.00786987334938818	1634	0	0	0.761434361936289	6.30261897574491	5.85793315448346	7.39939808333135	1.24041645357375
BA_only	hippocampus	AA	psi	chr2_232447860_232448628	chr2	232447860	232448628	79	79	0	0	0.00405300775851948	0.880626276698998	7.2294552319804	7.2294552319804	768	337	Enhancer	0	Heritable	0.250160035864388	0.855109976785888	0.0090038115359782	2539	0	0	2.50160035864388	6.64378973314767	5.82304589548302	7.83991936001258	1.97816368644128
BA_only	hippocampus	AA	psi	chr2_232634961_232635277	chr2	232634961	232635277	89	89	0	0	0.0323925230568852	0.978660772153819	2.99760428336296	-2.99760428336296	316	463	Enhancer	1	Non-heritable	0.0513981612689728	0.864614083061563	0.00828138806375136	0	0	0	0.513981612689728	5.75574221358691	6.13988455222626	0	1.09781340076312
BA_only	hippocampus	AA	psi	chr2_232839865_232840091	chr2	232839865	232840091	45	45	0	0	0.00922668107037516	0.939841915020693	1.98522244080821	-1.98522244080821	226	540	Genic/other	0	Heritable	0.122850261471296	0.943040138884383	0.00854951585605695	0	0	0	1.22850261471296	5.42053499927229	6.29341927884648	0	0.685730973758583
BA_only	hippocampus	AA	psi	chr2_232872085_232873196	chr2	232872085	232873196	41	41	0	0	0.100555754159938	0.990400450319684	2.59383380284316	2.59383380284316	1111	518	Genic/other	1	Non-heritable	0.0367390311169104	0.932843077636845	0.00760210894414392	1799	0	0	0.367390311169104	7.01301578963963	6.25190388316589	7.49554194388426	0.95313701786012
BA_only	hippocampus	AA	psi	chr2_232926539_232926810	chr2	232926539	232926810	37	37	0	0	0.00191706778832249	0.801360789073658	5.03709358366136	-5.03709358366136	271	546	Genic/other	1	Non-heritable	0.0864746870851662	0.946505405515546	0.0072133259424035	297	0	0	0.864746870851662	5.6021188208797	6.30444880242198	5.69709348650541	1.61682924782205
BA_only	hippocampus	AA	psi	chr2_232999641_232999919	chr2	232999641	232999919	17	17	0	0	0.142588822782882	0.991064867102684	2.23188911657495	2.23188911657495	278	493	Genic/other	0	Heritable	0.164788324506213	0.930322581854109	0.00930044933273093	0	0	0	1.64788324506213	5.62762111369064	6.20253551718792	0	0.802848368811658
BA_only	hippocampus	AA	psi	chr2_233346919_233347237	chr2	233346919	233347237	24	24	0	0	0.00651178749112977	0.922854781406953	2.0728028839102	2.0728028839102	318	486	Intergenic	0	Non-heritable	0.0462245030466792	0.854257646339614	0.00623586012844522	7436	0	0	0.462245030466792	5.76205138278018	6.18826412308259	8.9142228207033	0.728901746400547
BA_only	hippocampus	AA	psi	chr2_233460945_233461207	chr2	233460945	233461207	22	22	0	0	0.048240097978743	0.982661996589092	1.52914961685347	-1.52914961685347	262	473	Genic/other	2	Non-heritable	0.0450174932397155	0.899369931145218	0.00670868156369289	6181	0	0	0.450174932397155	5.5683445037611	6.16120732169508	8.72939712269206	0.424711781448402
BA_only	hippocampus	AA	psi	chr2_233470369_233470532	chr2	233470369	233470532	22	22	0	0	0.0174957803676401	0.970581273335112	0.817488559221137	0.817488559221137	163	460	Genic/other	0	Non-heritable	0.0445883401058631	0.912935458379646	0.00767795924944372	15444	0	0	0.445883401058631	5.09375020080676	6.13339804299665	9.64504060535268	-0.2015183589126
BA_only	hippocampus	AA	psi	chr2_233939164_233939512	chr2	233939164	233939512	22	22	0	0	0.0291987019776583	0.976056724851304	2.43720321084927	-2.43720321084927	348	513	Genic/other	2	Heritable	0.124863350236625	0.934105035017908	0.00737776911417388	1810	0	0	1.24863350236625	5.85220247977447	6.24222326545517	7.50163445788341	0.890851160928039
BA_only	hippocampus	AA	psi	chr2_234544959_234545523	chr2	234544959	234545523	34	34	0	0	0.0448427572903253	0.981395945960329	1.05504069018334	1.05504069018334	564	677	Intergenic	0	Heritable	0.138774248251935	0.962213642868573	0.00694966682834394	45566	0	0	1.38774248251935	6.33505425149806	6.5191472879404	10.7269390493061	0.0535793445567376
BA_only	hippocampus	AA	psi	chr2_234761351_234762335	chr2	234761351	234762335	60	60	0	0	0.0541273448989177	0.985306780190445	0.886996299873342	-0.886996299873342	984	742	Intergenic	0	Heritable	0.442461487666749	0.931839283339274	0.00620858422301872	31466	0	0	4.42461487666749	6.89162589705225	6.61069604471776	10.3566946566297	-0.119914456914197
BA_only	hippocampus	AA	psi	chr2_234792619_234793612	chr2	234792619	234793612	60	60	0	0	0.0213147329905846	0.975932065139872	1.41286059308705	-1.41286059308705	993	743	Enhancer	0	Non-heritable	0.068571920740998	0.961286848197773	0.00913240507084131	189	0	0	0.68571920740998	6.90073066404517	6.61204103483309	5.24702407216049	0.345616445677355
BA_only	hippocampus	AA	psi	chr2_234888658_234888807	chr2	234888658	234888807	60	60	0	0	0.00166932277668966	0.786661074605562	2.85576838330632	-2.85576838330632	149	789	Promoter	0	Heritable	0.1463375012967	0.974172238039972	0.009003728694205	0	0	0	1.463375012967	5.00394630594546	6.67203294546107	0	1.04934094640828
BA_only	hippocampus	AA	psi	chr2_234913261_234914259	chr2	234913261	234914259	60	60	0	0	0.0516393450515012	0.984153364580922	2.71828511988409	-2.71828511988409	998	810	Promoter	0	Non-heritable	0.0873104370555193	0.97693988184852	0.00600874672124861	12693	0	0	0.873104370555193	6.90575327631146	6.69826805411541	9.44888471986641	1.00000121452566
BA_only	hippocampus	AA	psi	chr2_234953647_234954055	chr2	234953647	234954055	56	56	0	0	0.0169525715478673	0.970581273335112	0.979243934653705	0.979243934653705	408	763	Enhancer	1	Non-heritable	0.084389656054487	0.969235485522125	0.0070388172110443	24844	0	0	0.84389656054487	6.01126717440416	6.63856778916652	10.1204118040364	-0.0209744901124968
BA_only	hippocampus	AA	psi	chr2_234960264_234961175	chr2	234960264	234961175	56	56	0	0	0.00728798761090079	0.932593355926607	2.17091938631482	-2.17091938631482	911	774	Genic/other	0	Heritable	0.134171629681993	0.955936909848987	0.0102973178062186	17724	0	0	1.34171629681993	6.81454289725996	6.65286302935335	9.78273135140033	0.775150762760954
BA_only	hippocampus	AA	psi	chr2_235191907_235192644	chr2	235191907	235192644	4	4	0	0	0.143834157203592	0.991064867102684	2.96157526179899	-2.96157526179899	737	703	Intergenic	0	Heritable	0.165463245062245	0.920317029591101	0.00987936376677909	11327	0	0	1.65463245062245	6.60258789218934	6.55677835615804	9.3350328159335	1.08572131319358
BA_only	hippocampus	AA	psi	chr2_235287512_235287808	chr2	235287512	235287808	2	2	0	0	0.216816723186623	0.991290284450776	1.35016476761637	1.35016476761637	296	687	Intergenic	0	Non-heritable	0.086187373294171	0.963372980053096	0.00907276365580111	42586	0	0	0.86187373294171	5.69035945432406	6.53378883793334	10.6593043213661	0.300226642495536
BA_only	hippocampus	AA	psi	chr2_235384527_235385481	chr2	235384527	235385481	2	2	0	0	0.391748035973322	0.99451450116979	2.68706444413221	2.68706444413221	954	674	Intergenic	2	Heritable	0.154512919370082	0.963678262196926	0.00806936223424459	109367	0	0	1.54512919370082	6.86066367144829	6.51471269087253	11.6024736216118	0.988449316741348
BA_only	hippocampus	AA	psi	chr2_235504761_235505395	chr2	235504761	235505395	1	1	0	0	0.166500474064848	0.991064867102684	0.0709427256489876	-0.0709427256489876	634	645	Promoter	0	Non-heritable	0.0984799304576773	0.956049099628167	0.0104628470603117	0	0	0	0.984799304576773	6.45204895443723	6.4707995037826	0	-2.64588226752443
BA_only	hippocampus	AA	psi	chr2_235630728_235631028	chr2	235630728	235631028	1	1	0	0	0.782359889729184	0.997796053933084	0.0177403784752037	-0.0177403784752037	300	583	Genic/other	0	Non-heritable	0.072134632916208	0.952141984732015	0.00808463679908327	0	0	0	0.72134632916208	5.7037824746562	6.36990098282823	0	-4.03191140407645
BA_only	hippocampus	AA	psi	chr2_23563650_23564396	chr2	23563650	23564396	4	4	0	0	0.0930411368204361	0.989446665475032	0.415389542714096	0.415389542714096	746	351	Genic/other	1	Heritable	0.143352896308413	0.908366343984807	0.00792668338146643	108016	0	0	1.43352896308413	6.61472560020376	5.8636311755981	11.5900439011265	-0.878538517798383
BA_only	hippocampus	AA	psi	chr2_235664012_235664136	chr2	235664012	235664136	2	2	0	0	0.227018623080982	0.991497141402577	1.24222809479085	1.24222809479085	124	577	Genic/other	0	Heritable	0.113211222938918	0.950615228358881	0.00682444421367858	0	0	0	1.13211222938918	4.82028156560504	6.35957386867238	0	0.216906625899883
BA_only	hippocampus	AA	psi	chr2_235671451_235671875	chr2	235671451	235671875	2	2	0	0	0.0506107710741416	0.984153364580922	2.07400786187543	2.07400786187543	424	581	Genic/other	2	Non-heritable	0.0767571636375165	0.942027202737881	0.00639523989806723	0	0	0	0.767571636375165	6.04973345523196	6.36647044773144	0	0.729482905304197
BA_only	hippocampus	AA	psi	chr2_235677029_235678134	chr2	235677029	235678134	2	2	0	0	0.171409337779712	0.991064867102684	0.942273011866625	0.942273011866625	1105	567	Enhancer	0	Heritable	0.155393719935756	0.966218099993962	0.00917864181913151	0	0	0	1.55393719935756	7.00760061395185	6.34212141872115	0	-0.0594602142688168
BA_only	hippocampus	AA	psi	chr2_235688830_235689500	chr2	235688830	235689500	2	2	0	0	0.400612446617468	0.99461028164865	0.783490739314043	0.783490739314043	670	570	Genic/other	0	Heritable	0.113373997884342	0.953128412520274	0.00650077409854482	0	0	0	1.13373997884342	6.50727771238501	6.34738920965601	0	-0.24399602412999
BA_only	hippocampus	AA	psi	chr2_235734763_235735182	chr2	235734763	235735182	3	3	0	0	0.0280769399234592	0.975932065139872	3.62179337775763	3.62179337775763	419	556	Genic/other	0	Non-heritable	0.0881362929175314	0.939248598730874	0.00749007299091651	0	0	0	0.881362929175314	6.03787091992214	6.32256523992728	0	1.28696931414494
BA_only	hippocampus	AA	psi	chr2_235807363_235807860	chr2	235807363	235807860	3	3	0	0	0.227097807496628	0.991497141402577	1.46331902603153	1.46331902603153	497	542	Genic/other	0	Non-heritable	0.0952468075896116	0.926842427209792	0.00869679205328475	66399	0	0	0.952468075896116	6.20859002609663	6.29710931993394	11.1034523354645	0.380707168005543
BA_only	hippocampus	AA	psi	chr2_235852162_235852835	chr2	235852162	235852835	3	3	0	0	0.0485291238916529	0.982719528947337	1.57161102740611	1.57161102740611	673	531	Genic/other	0	Non-heritable	0.0948149739815344	0.936959292506806	0.00967389781047982	56070	0	0	0.948149739815344	6.51174532964473	6.27664348934165	10.934374023808	0.452101231715245
BA_only	hippocampus	AA	psi	chr2_235958849_235959299	chr2	235958849	235959299	46	46	0	0	0.030626140643663	0.976893291659941	3.19470479728151	3.19470479728151	450	471	Genic/other	2	Heritable	0.1036553741153	0.939646559974252	0.00712128280571656	0	0	0	1.036553741153	6.10924758276437	6.15697898558556	0	1.16149469147392
BA_only	hippocampus	AA	psi	chr2_236102512_236102675	chr2	236102512	236102675	48	48	0	0	0.0141099976793084	0.964826773227435	4.19078868266343	4.19078868266343	163	471	Genic/other	1	Non-heritable	0.0913546936350939	0.937620624030693	0.00700895742447835	53452	0	0	0.913546936350939	5.09375020080676	6.15697898558556	10.8865580420998	1.43288894835984
BA_only	hippocampus	AA	psi	chr2_236136355_236136891	chr2	236136355	236136891	49	49	0	0	0.0262504712408104	0.975932065139872	1.88192826430605	-1.88192826430605	536	463	Intergenic	0	Non-heritable	0.0943473251768615	0.9165488465657	0.0100221569291741	22246	0	0	0.943473251768615	6.2841341610708	6.13988455222626	10.0099624470431	0.632296929016127
BA_only	hippocampus	AA	psi	chr2_236142956_236143616	chr2	236142956	236143616	49	49	0	0	0.0304194211292025	0.976893291659941	3.14209038820087	-3.14209038820087	660	459	Intergenic	0	Non-heritable	0.0920585910492187	0.877128068902385	0.0115613163887684	15521	0	0	0.920585910492187	6.49223983502047	6.13122648948314	9.65001365141408	1.14488831033008
BA_only	hippocampus	AA	psi	chr2_236174190_236175150	chr2	236174190	236175150	49	49	0	0	0.000499633945724334	0.613950473954984	1.80969423505637	1.80969423505637	960	472	Genic/other	1	Non-heritable	0.0606062833103349	0.871703901927775	0.00955839159805928	0	0	0	0.606062833103349	6.86693328446188	6.15909538849193	0	0.593157905625014
BA_only	hippocampus	AA	psi	chr2_236180371_236181054	chr2	236180371	236181054	49	49	0	0	0.0185999865473055	0.972503866121758	5.74407368240737	-5.74407368240737	683	467	Genic/other	1	Non-heritable	0.0718871477306234	0.944047593561977	0.00541333858248423	0	0	0	0.718871477306234	6.52649485957079	6.14846829591765	0	1.74816866112173
BA_only	hippocampus	AA	psi	chr2_236338926_236339173	chr2	236338926	236339173	101	101	0	0	0.00208847227827409	0.813633699241161	2.29429596842188	2.29429596842188	247	508	Enhancer	0	Non-heritable	0.0864710031523603	0.937449038711062	0.00660911640277218	41459	0	0	0.864710031523603	5.50938833662798	6.23244801655052	10.6324843859898	0.830426033236182
BA_only	hippocampus	AA	psi	chr2_236341397_236342114	chr2	236341397	236342114	101	101	0	0	0.0294211048811054	0.976712848084579	1.58557690418049	1.58557690418049	717	513	Genic/other	0	Heritable	0.109832567817711	0.933098674193158	0.00680587130623113	38518	0	0	1.09832567817711	6.57507584059962	6.24222326545517	10.5589069050351	0.460948324813331
BA_only	hippocampus	AA	psi	chr2_236542464_236542952	chr2	236542464	236542952	120	120	0	0	0.00767402453198024	0.933559278800072	1.85950722782664	-1.85950722782664	488	513	Intergenic	0	Heritable	0.595320748410906	0.908555346346297	0.00798711816308979	35206	0	0	5.95320748410906	6.19031540585315	6.24222326545517	10.4690002054518	0.620311526726389
BA_only	hippocampus	AA	psi	chr2_236567521_236567837	chr2	236567521	236567837	121	121	0	0	0.0154812360755344	0.967076513219291	2.4050751428279	2.4050751428279	316	501	Promoter	2	Heritable	0.135581475392119	0.937341068533509	0.00830988374574638	16794	0	0	1.35581475392119	5.75574221358691	6.21860011969173	9.72883650204639	0.877581151646587
BA_only	hippocampus	AA	psi	chr2_236626309_236626561	chr2	236626309	236626561	122	122	0	0	0.0014455742077382	0.762484248609066	14.384996957378	14.384996957378	252	490	Intergenic	0	Non-heritable	0.0736334717576017	0.918976007202707	0.00718432048937388	0	0	0	0.736334717576017	5.52942908751142	6.19644412779452	0	2.66618578618514
BA_only	hippocampus	AA	psi	chr2_23663980_23664355	chr2	23663980	23664355	2	2	0	0	0.375633370329803	0.994416868537123	0.51864385386083	0.51864385386083	375	299	Genic/other	0	Heritable	0.167777251584072	0.859749130026476	0.00873289210374535	8057	0	0	1.67777251584072	5.92692602597041	5.7037824746562	8.99442066575129	-0.656537828156972
BA_only	hippocampus	AA	psi	chr2_236898796_236899360	chr2	236898796	236899360	97	97	0	0	0.00573231814554902	0.915091492268801	1.98378678044194	1.98378678044194	564	514	Intergenic	0	Heritable	0.364683635082932	0.891632903643059	0.00733586760549031	0	0	0	3.64683635082932	6.33505425149806	6.24416690066374	0	0.685007538592969
BA_only	hippocampus	AA	psi	chr2_237336208_237336484	chr2	237336208	237336484	45	45	0	0	0.00301777633275998	0.846513053928579	3.92876198124325	-3.92876198124325	276	552	Genic/other	0	Non-heritable	0.0863523083074586	0.95558886005155	0.0103374728430421	47	0	0	0.863523083074586	5.62040086571715	6.31535800152234	3.87120101090789	1.36832436130271
BA_only	hippocampus	AA	psi	chr2_237390125_237391354	chr2	237390125	237391354	47	47	0	0	0.00557566278205015	0.914301706404424	2.00936173513683	-2.00936173513683	1229	568	Enhancer	0	Non-heritable	0.0584894023124372	0.883527915585029	0.0105720551741696	0	0	0	0.584894023124372	7.11395610956603	6.34388043412633	0	0.697817131911648
BA_only	hippocampus	AA	psi	chr2_237571535_237572697	chr2	237571535	237572697	33	33	0	0	0.0134981845891542	0.964283399649536	5.66926988477264	5.66926988477264	1162	588	Intergenic	0	Heritable	0.424183811889134	0.93049219121346	0.00574082164846217	2782	0	0	4.24183811889134	7.05789793741186	6.37842618365159	7.93128476152589	1.73506034309453
BA_only	hippocampus	AA	psi	chr2_237625920_237626243	chr2	237625920	237626243	31	31	0	0	0.0470644812634039	0.982477894608776	1.32023128433238	-1.32023128433238	323	588	Genic/other	1	Heritable	0.66554639170432	0.927498406345339	0.00760400069015882	30979	0	0	6.6554639170432	5.77765232322266	6.37842618365159	10.3410971139709	0.277806944227602
BA_only	hippocampus	AA	psi	chr2_237673328_237673548	chr2	237673328	237673548	31	31	0	0	0.00891063282158316	0.936417322592596	1.45829999075317	1.45829999075317	220	648	Enhancer	0	Non-heritable	0.0871542600012982	0.96211831304183	0.0067749225480442	56293	0	0	0.871542600012982	5.39362754635236	6.47543271670409	10.9383432365125	0.377271374253854
BA_only	hippocampus	AA	psi	chr2_237702754_237703679	chr2	237702754	237703679	33	33	0	0	0.0220680419612045	0.975932065139872	2.37384569557036	2.37384569557036	925	627	Enhancer	0	Heritable	0.125269392546417	0.949005137220237	0.00801605805361082	26162	0	0	1.25269392546417	6.82979373751243	6.4425401664682	10.1721014778951	0.864511300634014
BA_only	hippocampus	AA	psi	chr2_238120398_238120734	chr2	238120398	238120734	80	80	0	0	0.00962196363883964	0.939841915020693	2.6612490323227	2.6612490323227	336	479	Genic/other	0	Heritable	0.215995706964305	0.885939134944236	0.00685186716373298	0	0	0	2.15995706964305	5.8171111599632	6.17378610390194	0	0.978795577365534
BA_only	hippocampus	AA	psi	chr2_238143529_238143913	chr2	238143529	238143913	79	79	0	0	0.00832360134703392	0.933559278800072	2.19615152409161	-2.19615152409161	384	490	Genic/other	1	Heritable	0.504205099125496	0.885077298193839	0.00853544525114056	10969	0	0	5.04205099125496	5.95064255258773	6.19644412779452	9.30291955326928	0.786706525862028
BA_only	hippocampus	AA	psi	chr2_238182941_238183185	chr2	238182941	238183185	79	79	0	0	0.0104427667268161	0.944902218841749	2.53037461260076	2.53037461260076	244	467	Genic/other	0	Non-heritable	0.0579970059868592	0.909316950818023	0.00751282680299121	5071	0	0	0.579970059868592	5.4971682252932	6.14846829591765	8.53149049611706	0.92836736395204
BA_only	hippocampus	AA	psi	chr2_238187930_238189296	chr2	238187930	238189296	77	77	0	0	0.00385128899422722	0.872665192023321	1.71621822878797	1.71621822878797	1366	465	Promoter	0	Non-heritable	0.0738771345069802	0.931862249604571	0.00838300456777043	0	0	0	0.738771345069802	7.21964204013074	6.14418563412565	0	0.540123171760103
BA_only	hippocampus	AA	psi	chr2_238220575_238221850	chr2	238220575	238221850	78	78	0	0	0.00299354504509954	0.846513053928579	2.36278037576099	2.36278037576099	1275	459	Enhancer	0	Heritable	0.104803899725835	0.900260650074004	0.0101506184306075	2551	0	0	1.04803899725835	7.15070145759253	6.13122648948314	7.84463264446468	0.859839055147226
BA_only	hippocampus	AA	psi	chr2_238500138_238500698	chr2	238500138	238500698	11	11	0	0	0.00705423582948529	0.931602204679102	0.696718576094801	0.696718576094801	560	493	Intergenic	0	Non-heritable	0.0694140615646459	0.910326771547992	0.00848368734461795	8222	0	0	0.694140615646459	6.3279367837292	6.20253551718792	9.0146903849709	-0.361373699973347
BA_only	hippocampus	AA	psi	chr2_238786929_238787698	chr2	238786929	238787698	6	6	0	0	0.0495184658046775	0.983382963027712	0.311702226639048	-0.311702226639048	769	560	Intergenic	0	Heritable	0.352894868094472	0.926145706048206	0.0109684297633005	45512	0	0	3.52894868094472	6.64509096950564	6.3297209055227	10.7257532784162	-1.16570691662006
BA_only	hippocampus	AA	psi	chr2_238846307_238846539	chr2	238846307	238846539	6	6	0	0	0.192384218180817	0.991064867102684	0.25275605698374	0.25275605698374	232	547	Genic/other	2	Non-heritable	0.0502860913736391	0.94076698162611	0.00677438178717573	2193	0	0	0.502860913736391	5.44673737166631	6.30627528694802	7.69348164083518	-1.3753304174775
BA_only	hippocampus	AA	psi	chr2_238854600_238854979	chr2	238854600	238854979	6	6	0	0	0.0258233462510268	0.975932065139872	0.33758183471112	0.33758183471112	379	547	Genic/other	0	Heritable	0.1421651577262	0.923845303262601	0.00655818246737525	0	0	0	1.421651577262	5.93753620508243	6.30627528694802	0	-1.08594729522085
BA_only	hippocampus	AA	psi	chr2_238891778_238891894	chr2	238891778	238891894	7	7	0	0	0.138586275520634	0.991064867102684	0.230124727173962	0.230124727173962	116	569	Genic/other	1	Non-heritable	0.0697760667622656	0.93652406585996	0.00626937308395335	0	0	0	0.697760667622656	4.75359019110636	6.3456363608286	0	-1.46913378153074
BA_only	hippocampus	AA	psi	chr2_238895032_238895090	chr2	238895032	238895090	8	8	0	0	0.152432854904837	0.991064867102684	1.72944840691496	1.72944840691496	58	592	Genic/other	1	Non-heritable	0.0980826958242141	0.951377734411022	0.00700379848414882	0	0	0	0.980826958242141	4.06044301054642	6.38519439899773	0	0.54780252351807
BA_only	hippocampus	AA	psi	chr2_238905421_238906241	chr2	238905421	238906241	8	8	0	0	0.0284579282014614	0.975932065139872	0.208895279309235	0.208895279309235	820	572	Genic/other	0	Non-heritable	0.079780227073737	0.924787549200315	0.0288950175837689	0	0	0	0.79780227073737	6.7093043402583	6.35088571671474	0	-1.5659221606536
BA_only	hippocampus	AA	psi	chr2_239040172_239040769	chr2	239040172	239040769	9	9	0	0	0.0206985099118698	0.975856666808667	3.59616208889165	3.59616208889165	597	673	Intergenic	0	Non-heritable	0.0504770830080185	0.912629269669758	0.00852866171155672	54286	0	0	0.504770830080185	6.3919171133926	6.51323011091231	10.9020400665773	1.27986719314949
BA_only	hippocampus	AA	psi	chr2_239085326_239085511	chr2	239085326	239085511	9	9	0	0	0.0366586095097262	0.980549382116533	3.4149353463469	-3.4149353463469	185	700	Genic/other	1	Non-heritable	0.0754927347314742	0.959939504020762	0.00703708333209875	9544	0	0	0.754927347314742	5.22035582507832	6.55250788703459	9.16377273615985	1.22815856351618
BA_only	hippocampus	AA	psi	chr2_239086859_239087193	chr2	239086859	239087193	9	9	0	0	0.00241814250511234	0.824728302674626	3.72871971649686	-3.72871971649686	334	712	Promoter	1	Heritable	0.112721690377816	0.969712295113789	0.00871570491831623	7862	0	0	1.12721690377816	5.8111409929767	6.5694814204143	8.96992349199152	1.31606493787236
BA_only	hippocampus	AA	psi	chr2_239131664_239132340	chr2	239131664	239132340	10	10	0	0	0.0186115042234061	0.972503866121758	2.69394280520877	-2.69394280520877	676	694	Genic/other	0	Heritable	0.117565290942442	0.965525901184747	0.00862917405899422	0	0	0	1.17565290942442	6.51619307604296	6.54391184556479	0	0.99100585104008
BA_only	hippocampus	AA	psi	chr2_239155688_239156058	chr2	239155688	239156058	34	34	0	0	0.00535487505913765	0.912035111152522	3.70481024743671	-3.70481024743671	370	711	Promoter	0	Heritable	0.122248957715132	0.959966060596991	0.00724921773728124	206	0	0	1.22248957715132	5.91350300563827	6.56807791141198	5.33271879326537	1.30963204486895
BA_only	hippocampus	AA	psi	chr2_239164255_239164605	chr2	239164255	239164605	32	32	0	0	0.0740933397475175	0.986154741643795	2.55309001233849	2.55309001233849	350	701	Genic/other	0	Non-heritable	0.0975614845825352	0.966006931088595	0.00758499906422274	8773	0	0	0.975614845825352	5.85793315448346	6.55393340402581	9.07954808172616	0.937304399031525
BA_only	hippocampus	AA	psi	chr2_239175856_239176588	chr2	239175856	239176588	32	32	0	0	0.117104502079902	0.990898390030923	1.14227833899459	-1.14227833899459	732	705	Genic/other	1	Non-heritable	0.0983601809217272	0.964644292784627	0.0114988231152353	0	0	0	0.983601809217272	6.59578051396131	6.55961523749324	0	0.133024819708392
BA_only	hippocampus	AA	psi	chr2_239195084_239195973	chr2	239195084	239195973	37	37	0	0	0.000867333374389703	0.696219356083129	3.49891395189038	3.49891395189038	889	716	Genic/other	0	Non-heritable	0.0395793914455854	0.969303012924074	0.00972030237696471	0	0	0	0.395793914455854	6.79009723551391	6.57507584059962	0	1.25245262374067
BA_only	hippocampus	AA	psi	chr2_239199235_239199691	chr2	239199235	239199691	37	37	0	0	0.0934194175131259	0.98957470025223	2.18767164561554	-2.18767164561554	456	717	Genic/other	0	Non-heritable	0.0604329004455141	0.956578086151568	0.0079726936557477	0	0	0	0.604329004455141	6.12249280951439	6.57646956904822	0	0.782837807309466
BA_only	hippocampus	AA	psi	chr2_239230411_239230566	chr2	239230411	239230566	37	37	0	0	0.0285300212772135	0.975932065139872	0.897443383388287	-0.897443383388287	155	709	Genic/other	1	Heritable	0.247490685823325	0.9501966898949	0.00727567916008078	0	0	0	2.47490685823325	5.04342511691925	6.56526497003536	0	-0.108205232042453
BA_only	hippocampus	AA	psi	chr2_239236405_239236879	chr2	239236405	239236879	37	37	0	0	0.0315376389654203	0.977060807838727	2.55151754765058	2.55151754765058	474	704	Promoter	0	Heritable	0.116563562100122	0.945020519864461	0.0104807818660394	0	0	0	1.16563562100122	6.16120732169508	6.55819780281227	0	0.936688302803555
BA_only	hippocampus	AA	psi	chr2_239239670_239240098	chr2	239239670	239240098	37	37	0	0	0.0150453682036465	0.966167725188189	2.5845497564244	2.5845497564244	428	750	Genic/other	0	Heritable	0.147100579602637	0.963895379981703	0.00756799667021549	0	0	0	1.47100579602637	6.0591231955818	6.62140565176413	0	0.949551321194782
BA_only	hippocampus	AA	psi	chr2_239240474_239240859	chr2	239240474	239240859	37	37	0	0	0.00542205200044748	0.9135930038698	2.93406188592261	2.93406188592261	385	736	Enhancer	0	Non-heritable	0.0218890235841058	0.95941820420082	0.00790175549885915	0	0	0	0.218890235841058	5.95324333428779	6.60258789218934	0	1.07638777558641
BA_only	hippocampus	AA	psi	chr2_239291713_239292102	chr2	239291713	239292102	43	43	0	0	0.0237298933664157	0.975932065139872	3.82522560860764	3.82522560860764	389	722	Enhancer	0	Non-heritable	0.0784116061681682	0.964200026829114	0.00674028354423184	0	0	0	0.784116061681682	5.96357934361845	6.58340922215877	0	1.34161745079584
BA_only	hippocampus	AA	psi	chr2_239299361_239300066	chr2	239299361	239300066	43	43	0	0	0.011115583248829	0.948703871232836	2.90490094448086	2.90490094448086	705	731	Promoter	0	Non-heritable	0.0746711211012958	0.973523559955217	0.00839897686375534	0	0	0	0.746711211012958	6.55819780281227	6.59578051396131	0	1.06639929487955
BA_only	hippocampus	AA	psi	chr2_239317777_239319797	chr2	239317777	239319797	43	43	0	0	0.0691584838691469	0.985907779499035	2.31647585925081	2.31647585925081	2020	717	Genic/other	0	Heritable	0.10066590063362	0.964989586011868	0.00552009939960856	8689	0	0	1.0066590063362	7.61085279039525	6.57646956904822	9.06992821825944	0.840047008920163
BA_only	hippocampus	AA	psi	chr2_239344115_239344942	chr2	239344115	239344942	43	43	0	0	0.0136364210561448	0.964283399649536	2.37602910836384	-2.37602910836384	827	735	Enhancer	0	Non-heritable	0.0687859453117517	0.971085496151805	0.0101527745910018	7975	0	0	0.687859453117517	6.71780469502369	6.60123011872888	8.98419231164167	0.865430656628941
BA_only	hippocampus	AA	psi	chr2_239380870_239381912	chr2	239380870	239381912	42	42	0	0	0.0168150686839808	0.970581273335112	3.82409467760229	3.82409467760229	1042	734	Enhancer	0	Non-heritable	0.0965885984406151	0.967623357135211	0.00606684495657208	0	0	0	0.965885984406151	6.94889722231331	6.59987049921284	0	1.34132175628487
BA_only	hippocampus	AA	psi	chr2_239419075_239419631	chr2	239419075	239419631	45	45	0	0	0.0013976399621019	0.759071555562182	2.89221097462579	2.89221097462579	556	725	Intergenic	0	Heritable	0.104087988279527	0.970022794413284	0.00841614956845134	16999	0	0	1.04087988279527	6.32076829425058	6.5875500148248	9.74096862303835	1.0620212562087
BA_only	hippocampus	AA	psi	chr2_239441552_239441753	chr2	239441552	239441753	44	44	0	0	0.0537025369194052	0.985072047399854	2.02899708002744	-2.02899708002744	201	720	Genic/other	0	Non-heritable	0.0873966363351563	0.972402458810825	0.00663455793740456	0	0	0	0.873966363351563	5.30330490805908	6.58063913728495	0	0.707541626652132
BA_only	hippocampus	AA	psi	chr2_239444296_239445522	chr2	239444296	239445522	44	44	0	0	0.0128986402960458	0.964059403720961	2.83122778726538	-2.83122778726538	1226	725	Genic/other	0	Non-heritable	0.0761981812266568	0.965609456671011	0.00937624969949066	0	0	0	0.761981812266568	7.11151211649616	6.5875500148248	0	1.04071046819299
BA_only	hippocampus	AA	psi	chr2_239465272_239465653	chr2	239465272	239465653	44	44	0	0	0.00322113449786295	0.85504199126668	3.53539353044107	3.53539353044107	381	711	Enhancer	0	Non-heritable	0.094804241698008	0.973865651722376	0.00717641889860135	0	0	0	0.94804241698008	5.9427993751267	6.56807791141198	0	1.26282462000961
BA_only	hippocampus	AA	psi	chr2_239609301_239609479	chr2	239609301	239609479	42	42	0	0	0.00513446689565891	0.909885926705608	2.92705114952058	2.92705114952058	178	669	Intergenic	0	Non-heritable	0.0533760924641812	0.963540049694138	0.00762875892228962	47259	0	0	0.533760924641812	5.18178355029209	6.50727771238501	10.7634195507409	1.07399548604029
BA_only	hippocampus	AA	psi	chr2_239803885_239804583	chr2	239803885	239804583	81	81	0	0	0.0116237521474434	0.95315577890577	3.56150296633501	3.56150296633501	698	713	Genic/other	0	Non-heritable	0.0641962117994816	0.936110572648786	0.00827977207199584	108406	0	0	0.641962117994816	6.54821910276237	6.57088296233958	11.5936479415485	1.27018264013296
BA_only	hippocampus	AA	psi	chr2_239929058_239929362	chr2	239929058	239929362	78	78	0	0	0.0221689889948544	0.975932065139872	6.81841697226327	6.81841697226327	304	711	Enhancer	2	Non-heritable	0.0367109791544123	0.967039939593174	0.0074157895145586	0	0	0	0.367109791544123	5.71702770140622	6.56807791141198	0	1.91962733087509
BA_only	hippocampus	AA	psi	chr2_239947402_239947687	chr2	239947402	239947687	78	78	0	0	0.012587000676338	0.961461717209863	3.57803690607584	-3.57803690607584	285	703	Genic/other	0	Non-heritable	0.0943537362993221	0.95664639821038	0.00714410214331341	0	0	0	0.943537362993221	5.65248918026865	6.55677835615804	0	1.27481430255031
BA_only	hippocampus	AA	psi	chr2_240184853_240185345	chr2	240184853	240185345	81	81	0	0	0.01634961297983	0.969245141301252	10.5999555130766	10.5999555130766	492	658	Genic/other	0	Heritable	0.5715601160875	0.936890922164774	0.00796034654466883	43306	0	0	5.715601160875	6.19847871649231	6.49072353450251	10.6760695637421	2.36084980517305
BA_only	hippocampus	AA	psi	chr2_240286701_240287282	chr2	240286701	240287282	23	23	0	0	0.0677655006346135	0.985907779499035	7.07597109059311	7.07597109059311	581	662	Genic/other	0	Non-heritable	0.0978996773816108	0.971904597355239	0.00690926758858884	30896	0	0	0.978996773816108	6.36475075685191	6.49677499018586	10.3384143707939	1.95670469214464
BA_only	hippocampus	AA	psi	chr2_240339838_240340572	chr2	240339838	240340572	28	28	0	0	0.00892690278750536	0.937023353748535	10.8155129677334	10.8155129677334	734	639	Intergenic	0	Heritable	0.111756582419808	0.951114840096949	0.00840008833008694	84033	0	0	1.11756582419808	6.59850902861452	6.46146817635372	11.3389767578362	2.38098149034057
BA_only	hippocampus	AA	psi	chr2_240455305_240455948	chr2	240455305	240455948	41	41	0	0	0.0496153294137941	0.98363689367703	1.98134354620904	1.98134354620904	643	591	Promoter	2	Non-heritable	0.0623747350353402	0.955594220751402	0.00607520529706192	0	0	0	0.623747350353402	6.46614472423762	6.38350663488401	0	0.683775178328102
BA_only	hippocampus	AA	psi	chr2_240557132_240557372	chr2	240557132	240557372	95	95	0	0	0.00757585784781913	0.933559278800072	4.97945111291034	-4.97945111291034	240	601	Promoter	2	Heritable	0.102098314410849	0.935871130300724	0.00652810915816592	0	0	0	1.02098314410849	5.48063892334199	6.40025744530882	0	1.60531966867924
BA_only	hippocampus	AA	psi	chr2_240836764_240836993	chr2	240836764	240836993	86	86	0	0	0.00620928355668949	0.920376068783091	6.22723644798034	6.22723644798034	229	535	Intergenic	1	Heritable	0.111860126641599	0.940662278686585	0.00701332177746317	12640	0	0	1.11860126641599	5.43372200355424	6.2841341610708	9.44470077849556	1.82893264818692
BA_only	hippocampus	AA	psi	chr2_241035441_241035725	chr2	241035441	241035725	126	126	0	0	0.000311022850869604	0.543093927512436	3.2384663297418	3.2384663297418	284	453	Promoter	2	Non-heritable	0.0922389357483292	0.918833767387578	0.00772228969772985	16134	0	0	0.922389357483292	5.64897423816121	6.11809719804135	9.68874610448606	1.1750998658063
BA_only	hippocampus	AA	psi	chr2_241063943_241064290	chr2	241063943	241064290	126	126	0	0	0.0087759767674443	0.933559278800072	4.69423705944592	-4.69423705944592	347	467	Promoter	1	Heritable	0.110650512711656	0.884200024594381	0.00893843518976451	7587	0	0	1.10650512711656	5.84932477994686	6.14846829591765	8.93432333105491	1.54633560093534
BA_only	hippocampus	AA	psi	chr2_241115520_241116025	chr2	241115520	241116025	124	124	0	0	0.00619549552213038	0.920376068783091	10.8316886447587	10.8316886447587	505	474	Genic/other	0	Heritable	0.28995007382471	0.874977761943483	0.00738984963148651	476	0	0	2.8995007382471	6.22455842927536	6.16331480403464	6.16751649088834	2.38247597265848
BA_only	hippocampus	AA	psi	chr2_241181815_241182124	chr2	241181815	241182124	122	122	0	0	4.07243344304262e-05	0.243612443087526	2.52243890562371	2.52243890562371	309	433	Genic/other	0	Non-heritable	0.0900894257877486	0.885943053206304	0.00847674333729612	691	0	0	0.900894257877486	5.73334127689775	6.07304453410041	6.53958595561767	0.925226257144178
BA_only	hippocampus	AA	psi	chr2_241255852_241256270	chr2	241255852	241256270	137	137	0	0	0.00200232638131062	0.806886144690754	3.0161901738494	3.0161901738494	418	370	Promoter	0	Non-heritable	0.0244066259296466	0.858086492912482	0.00643183974418906	0	0	0	0.244066259296466	6.03548143252476	5.91620206260744	0	1.10399450646312
BA_only	hippocampus	AA	psi	chr2_241560336_241560931	chr2	241560336	241560931	134	134	0	0	0.0005540393329701	0.636920160415722	3.25007316482892	3.25007316482892	595	313	Genic/other	1	Non-heritable	0.0217692182314902	0.78260926776621	0.00648178401199337	1558	0	0	0.217692182314902	6.38856140554563	5.74939298590825	7.35179986905778	1.17867751142016
BA_only	hippocampus	AA	psi	chr2_241589760_241591291	chr2	241589760	241591291	101	101	0	0	0.010981790080089	0.946775224156087	4.83995506796672	-4.83995506796672	1531	303	Genic/other	0	Non-heritable	0.0309372162498813	0.671202962142387	0.00770622176818728	0	0	0	0.309372162498813	7.33367639565768	5.71702770140622	0	1.57690543927363
BA_only	hippocampus	AA	psi	chr2_241728753_241729077	chr2	241728753	241729077	142	142	0	0	0.000397976287985538	0.58294912801026	2.39727495780862	2.39727495780862	324	225	Genic/other	1	Non-heritable	0.0267290867026255	0.651763780479085	0.00712292994871714	3763	0	0	0.267290867026255	5.78074351579233	5.42053499927229	8.23323750070527	0.874332662185077
BA_only	hippocampus	AA	psi	chr2_241732358_241733068	chr2	241732358	241733068	142	142	0	0	0.000259231559471899	0.503902674622265	2.01640344254544	-2.01640344254544	710	231	Genic/other	1	Heritable	0.223134637410934	0.829380769034508	0.0185518676314331	1626	0	0	2.23134637410934	6.56526497003536	5.44673737166631	7.39449310721904	0.701315455457287
BA_only	hippocampus	AA	psi	chr2_241804834_241805080	chr2	241804834	241805080	109	109	0	0	0.00310508097845571	0.849752756919949	6.40426740234534	6.40426740234534	246	209	Genic/other	1	Heritable	0.115743162787949	0.786687760459714	0.00829780203791048	4193	0	0	1.15743162787949	5.50533153593236	5.34710753071747	8.34141021146187	1.85696455134345
BA_only	hippocampus	AA	psi	chr2_241810575_241811651	chr2	241810575	241811651	115	115	0	0	0.0147707951954466	0.966089857218066	4.97114290743074	-4.97114290743074	1076	216	Promoter	2	Non-heritable	0.0817122439116847	0.723744652193162	0.00598292396697097	0	0	0	0.817122439116847	6.98100574072173	5.37989735354046	0	1.60364977693678
BA_only	hippocampus	AA	psi	chr2_241812456_241813660	chr2	241812456	241813660	115	115	0	0	0.00959077458129429	0.939841915020693	4.49957348863385	-4.49957348863385	1204	213	Promoter	2	Non-heritable	0.0730666331610665	0.718195774375056	0.00936737998801003	0	0	0	0.730666331610665	7.09340462586877	5.36597601502185	0	1.50398261420318
BA_only	hippocampus	AA	psi	chr2_241846505_241846818	chr2	241846505	241846818	191	191	0	0	0.00089305603083018	0.700640352477328	2.817482969819	2.817482969819	313	209	Intergenic	2	Heritable	0.144597312752102	0.805954549595648	0.00731654243501432	4475	0	0	1.44597312752102	5.74620319054015	5.34710753071747	8.40648506943182	1.03584392603298
BA_only	hippocampus	AA	psi	chr2_241863704_241864348	chr2	241863704	241864348	190	190	0	0	0.00235002665920904	0.822334049093026	3.86159228237591	-3.86159228237591	644	204	Enhancer	2	Non-heritable	0.0677607303760991	0.783347325490227	0.00670416447784275	10846	0	0	0.677607303760991	6.46769872610435	5.32300997913841	9.29164382304022	1.35107960939569
BA_only	hippocampus	AA	psi	chr2_241870375_241870508	chr2	241870375	241870508	197	197	0	0	0.00460304707301133	0.898522541152146	2.32054390636353	-2.32054390636353	133	217	Genic/other	1	Non-heritable	0.0812011865252116	0.707478204474655	0.00751641907159684	8767	0	0	0.812011865252116	4.89034912822175	5.38449506278909	9.0788640091878	0.841801604908302
BA_only	hippocampus	AA	psi	chr2_241875718_241876108	chr2	241875718	241876108	222	222	0	0	0.000359176112116643	0.564612732839247	3.44016213533523	3.44016213533523	390	212	Intergenic	1	Non-heritable	0.0967221154059652	0.759687907091422	0.00839407037028991	3167	0	0	0.967221154059652	5.96614673912369	5.36129216570943	8.06085575293432	1.23551860554634
BA_only	hippocampus	AA	psi	chr2_241901798_241902725	chr2	241901798	241902725	233	233	0	0	0.000504127259180908	0.615850892925706	8.02102181364814	-8.02102181364814	927	213	Promoter	2	Non-heritable	0.0840902928021393	0.771455307612848	0.0129464943844304	0	0	0	0.840902928021393	6.83195356556586	5.36597601502185	0	2.08206582319497
BA_only	hippocampus	AA	psi	chr2_242046269_242047918	chr2	242046269	242047918	221	221	0	0	0.00569344631494618	0.914301706404424	2.5884046900078	2.5884046900078	1649	149	Genic/other	2	Heritable	0.141421395298161	0.708807435465488	0.0276487160204783	0	0	0	1.41421395298161	7.4079243225596	5.01063529409626	0	0.951041739995879
BA_only	hippocampus	AA	psi	chr2_242070119_242071002	chr2	242070119	242071002	200	200	0	0	0.00381187234350265	0.871592970243331	5.7358759508646	5.7358759508646	883	125	Genic/other	0	Non-heritable	0.0473138134958742	0.536359077851122	0.00593962944880126	0	0	0	0.473138134958742	6.78332520060396	4.83628190695148	0	1.74674047838857
BA_only	hippocampus	AA	psi	chr2_24221175_24221247	chr2	24221175	24221247	31	31	0	0	0.0675756894147673	0.985907779499035	5.32299592441739	5.32299592441739	72	165	Genic/other	0	Non-heritable	0.0994434961861973	0.727460064946708	0.00846833703663847	0	0	0	0.994434961861973	4.27666611901606	5.11198778835654	0	1.67203629041377
BA_only	hippocampus	AA	psi	chr2_24358835_24359175	chr2	24358835	24359175	19	19	0	0	0.0571309240423839	0.98577631996496	3.18432551759033	-3.18432551759033	340	170	Genic/other	1	Non-heritable	0.074889847418799	0.724357876510213	0.00831298204781564	5596	0	0	0.74889847418799	5.82894561761021	5.14166355650266	8.62998601889136	1.15824050132093
BA_only	hippocampus	AA	psi	chr2_24403044_24403379	chr2	24403044	24403379	18	18	0	0	0.0300967764130903	0.976893291659941	2.52885258477141	2.52885258477141	335	179	Genic/other	0	Heritable	0.114519334089093	0.742040124955043	0.00622962813351035	0	0	0	1.14519334089093	5.81413053182507	5.19295685089021	0	0.927765680014999
BA_only	hippocampus	AA	psi	chr2_24404427_24405011	chr2	24404427	24405011	18	18	0	0	0.0684899336474856	0.985907779499035	1.6550726179032	1.6550726179032	584	176	Genic/other	0	Non-heritable	0.0953999514878917	0.747603205207172	0.00793044029372202	0	0	0	0.953999514878917	6.36990098282823	5.17614973257383	0	0.503844891795581
BA_only	hippocampus	AA	psi	chr2_24841485_24841790	chr2	24841485	24841790	58	58	0	0	0.0034544106624846	0.866906756094015	2.10762294655655	2.10762294655655	305	240	Promoter	0	Heritable	0.144776633897037	0.832821661321573	0.00614085710014162	563	0	0	1.44776633897037	5.72031177660741	5.48479693349066	6.33505425149806	0.745560751567611
BA_only	hippocampus	AA	psi	chr2_25129028_25129385	chr2	25129028	25129385	53	53	0	0	0.0486093129710863	0.982844443292717	3.81576704631641	-3.81576704631641	357	240	Enhancer	1	Heritable	0.136137410032052	0.831529908763763	0.0100129024439445	24253	0	0	1.36137410032052	5.87773578177964	5.48479693349066	10.0963368312167	1.33914170778054
BA_only	hippocampus	AA	psi	chr2_25161205_25161728	chr2	25161205	25161728	54	54	0	0	0.0164575306731479	0.969245141301252	3.14080540446619	-3.14080540446619	523	236	Genic/other	1	Heritable	0.284229623316904	0.868117700957369	0.0104068822184084	3063	0	0	2.84229623316904	6.25958146406492	5.46806014113513	8.02747653086048	1.14447926845165
BA_only	hippocampus	AA	psi	chr2_25321024_25321128	chr2	25321024	25321128	16	16	0	0	0.0529327676175773	0.984783117109287	2.65179521701399	2.65179521701399	104	262	Genic/other	0	Heritable	0.161732241841463	0.870798897516492	0.00593291557802136	34367	0	0	1.61732241841463	4.64439089914137	5.57215403217777	10.4448811778685	0.975236854792642
BA_only	hippocampus	AA	psi	chr2_25591778_25593216	chr2	25591778	25593216	22	22	0	0	0.011904905171088	0.95506848431582	2.64619831309068	2.64619831309068	1438	266	Genic/other	0	Heritable	0.11238054648622	0.841232140937735	0.0079742180887667	0	0	0	1.1238054648622	7.27100853828099	5.58724865840025	0	0.973124014921294
BA_only	hippocampus	AA	psi	chr2_2577729_2578247	chr2	2577729	2578247	57	57	0	0	0.00445843689728303	0.892468962272388	4.31875960284203	4.31875960284203	518	607	Intergenic	0	Heritable	0.192251455170712	0.946738720122955	0.00767628760450772	64152	0	0	1.92251455170712	6.24997524225948	6.41017488196617	11.0690261343439	1.46296823437033
BA_only	hippocampus	AA	psi	chr2_2581538_2581975	chr2	2581538	2581975	29	29	0	0	0.0480045757823937	0.982661996589092	1.9350033373275	-1.9350033373275	437	607	Intergenic	0	Heritable	0.277428347610251	0.92314372074056	0.00832907553172788	60424	0	0	2.77428347610251	6.07993319509559	6.41017488196617	11.0091582055717	0.660109056365262
BA_only	hippocampus	AA	psi	chr2_25822232_25822920	chr2	25822232	25822920	26	26	0	0	0.0216019582395257	0.975932065139872	1.94421652139176	-1.94421652139176	688	246	Promoter	0	Heritable	0.103829391782627	0.78623123545555	0.00665137598622458	107139	0	0	1.03829391782627	6.53378883793334	5.50938833662798	11.581891669435	0.664859084296241
BA_only	hippocampus	AA	psi	chr2_26242786_26243218	chr2	26242786	26243218	30	30	0	0	0.0261959375572453	0.975932065139872	1.17388056100959	1.17388056100959	432	368	Promoter	1	Heritable	0.124502759477466	0.842682014119844	0.0103417798485521	0	0	0	1.24502759477466	6.06842558824411	5.91079664404053	0	0.160314987960015
BA_only	hippocampus	AA	psi	chr2_26300314_26300521	chr2	26300314	26300521	19	19	0	0	0.0603337410835057	0.98577631996496	1.71208213036607	-1.71208213036607	207	351	Genic/other	0	Non-heritable	0.0981708090452215	0.877615713140889	0.00824823967344353	8135	0	0	0.981708090452215	5.33271879326537	5.8636311755981	9.0040539377284	0.537710255754375
BA_only	hippocampus	AA	psi	chr2_26483790_26484004	chr2	26483790	26484004	19	19	0	0	0.0643702300834028	0.985907779499035	1.27225635126112	-1.27225635126112	214	340	Genic/other	0	Heritable	0.147766488774099	0.879581268342924	0.00888261759836818	5945	0	0	1.47766488774099	5.36597601502185	5.83188247728352	8.69047400355804	0.240791986483045
BA_only	hippocampus	AA	psi	chr2_2648868_2649170	chr2	2648868	2649170	33	33	0	0	5.91409395958762e-05	0.29802148000442	3.45255813452062	3.45255813452062	302	684	Genic/other	1	Heritable	0.145842914798113	0.957273118519503	0.00729972634002709	0	0	0	1.45842914798113	5.71042701737487	6.52941883826223	0	1.23911544743991
BA_only	hippocampus	AA	psi	chr2_26503801_26503886	chr2	26503801	26503886	18	18	0	0	0.0177611919600776	0.970931943606436	1.01054526871547	-1.01054526871547	85	330	Genic/other	2	Heritable	0.126396851492615	0.89623023425825	0.00886971907584699	25956	0	0	1.26396851492615	4.44265125649032	5.80211837537706	10.1641966017365	0.0104900650867446
BA_only	hippocampus	AA	psi	chr2_26728246_26728551	chr2	26728246	26728551	9	9	0	0	0.014367008079465	0.965511164050932	3.02202211665327	3.02202211665327	305	353	Genic/other	1	Non-heritable	0.0999808951754012	0.879512890007402	0.00776326964649192	35874	0	0	0.999808951754012	5.72031177660741	5.86929691313377	10.4877959530619	1.10592618568121
BA_only	hippocampus	AA	psi	chr2_26850324_26850582	chr2	26850324	26850582	18	18	0	0	0.0406320908685458	0.980549382116533	4.97393252491776	4.97393252491776	258	369	Enhancer	1	Non-heritable	0.0950347284273989	0.886752156578076	0.00732264101787848	57178	0	0	0.950347284273989	5.55295958492162	5.91350300563827	10.953941977091	1.60421078174234
BA_only	hippocampus	AA	psi	chr2_26900881_26901581	chr2	26900881	26901581	28	28	0	0	0.0821582742534149	0.988137148207548	4.10869689862907	4.10869689862907	700	342	Genic/other	0	Heritable	0.12109852234837	0.887141035391076	0.00588888530715461	69220	0	0	1.2109852234837	6.5510803350434	5.83773044716594	11.1450595637767	1.4131059243744
BA_only	hippocampus	AA	psi	chr2_26971792_26972292	chr2	26971792	26972292	38	38	0	0	0.0706499419827579	0.985907779499035	3.18776563159542	3.18776563159542	500	315	Genic/other	1	Heritable	0.155580752910918	0.872370545833081	0.00900099584617633	0	0	0	1.55580752910918	6.21460809842219	5.75574221358691	0	1.15932024555182
BA_only	hippocampus	AA	psi	chr2_27095671_27096122	chr2	27095671	27096122	98	98	0	0	0.0206247600220651	0.975856666808667	10.9778274688193	10.9778274688193	451	227	Genic/other	0	Non-heritable	0.0680503483633801	0.784645731684571	0.00687921056722404	0	0	0	0.680503483633801	6.11146733950268	5.42934562895444	0	2.39587755483017
BA_only	hippocampus	AA	psi	chr2_27765989_27767067	chr2	27765989	27767067	89	89	0	0	0.0131223011186127	0.964283399649536	5.33459874459311	-5.33459874459311	1078	175	Enhancer	0	Heritable	0.159436145481748	0.720613294314484	0.0045690218741198	4387	0	0	1.59436145481748	6.98286275146894	5.17048399503815	8.38662882139512	1.67421367191464
BA_only	hippocampus	AA	psi	chr2_28130992_28131797	chr2	28130992	28131797	6	6	0	0	0.0745080110783269	0.986186896048602	1.1896777414515	1.1896777414515	805	315	Genic/other	0	Heritable	0.177007466789077	0.839147833065176	0.0109558478875193	136029	0	0	1.77007466789077	6.69084227741856	5.75574221358691	11.8206307286275	0.173682473351703
BA_only	hippocampus	AA	psi	chr2_28238129_28239442	chr2	28238129	28239442	10	10	0	0	0.229643810927376	0.991541869716051	2.20300249964091	-2.20300249964091	1313	354	Genic/other	0	Non-heritable	0.0984879883870821	0.901994878928487	0.0100979555361714	28384	0	0	0.984879883870821	7.1800698743028	5.87211778947542	10.2536161156048	0.789821207011981
BA_only	hippocampus	AA	psi	chr2_28394351_28394563	chr2	28394351	28394563	15	15	0	0	0.147363339990974	0.991064867102684	1.33534989340244	1.33534989340244	212	340	Promoter	1	Non-heritable	0.0814970769248749	0.814115467481653	0.00891444473401323	0	0	0	0.814970769248749	5.35658627467201	5.83188247728352	0	0.289193357436949
BA_only	hippocampus	AA	psi	chr2_28539153_28539819	chr2	28539153	28539819	135	135	0	0	0.000767894428854597	0.680199019000458	2.93366413691094	-2.93366413691094	666	376	Genic/other	0	Heritable	0.107287770507731	0.912603215221148	0.00942799771614026	833	0	0	1.07287770507731	6.50128967054039	5.93224518744801	6.72623340235875	1.07625220381317
BA_only	hippocampus	AA	psi	chr2_28544164_28544752	chr2	28544164	28544752	135	135	0	0	0.00756973410603566	0.933559278800072	3.09082793130415	-3.09082793130415	588	379	Enhancer	0	Non-heritable	0.0449819208625336	0.823510818843094	0.00673488371111684	5844	0	0	0.449819208625336	6.37672694789863	5.94017125272043	8.67334187390617	1.12843899718919
BA_only	hippocampus	AA	psi	chr2_28956179_28958430	chr2	28956179	28958430	193	193	0	0	0.00373145546359701	0.868236155887141	4.7038445972293	4.7038445972293	2251	476	Promoter	0	Heritable	0.147946387936875	0.917507318573704	0.00658425490304239	54191	0	0	1.47946387936875	7.71912984090673	6.16751649088834	10.9002885750576	1.54838017587324
BA_only	hippocampus	AA	psi	chr2_29113990_29114768	chr2	29113990	29114768	67	67	0	0	0.000415288331186479	0.594226331763507	7.19209669250731	-7.19209669250731	778	441	Promoter	1	Non-heritable	0.076146899256766	0.919396811591675	0.00580635869990821	0	0	0	0.76146899256766	6.65672652417839	6.0913098820777	0	1.97298274292254
BA_only	hippocampus	AA	psi	chr2_30026308_30026474	chr2	30026308	30026474	83	83	0	0	0.0027256776909543	0.840739799289281	1.516046126968	1.516046126968	166	473	Intergenic	0	Heritable	0.138503732836658	0.934924434995637	0.00589654759456502	0	0	0	1.38503732836658	5.11198778835654	6.16120732169508	0	0.416105720113295
BA_only	hippocampus	AA	psi	chr2_3188848_3189427	chr2	3188848	3189427	20	20	0	0	0.0370298402884117	0.980549382116533	2.38808176458198	2.38808176458198	579	647	Intergenic	0	Non-heritable	0.0910915639498123	0.960555064684748	0.00913879943698614	2824	0	0	0.910915639498123	6.361302477573	6.47389069635227	7.94626364358054	0.870490438906348
BA_only	hippocampus	AA	psi	chr2_3285061_3285622	chr2	3285061	3285622	46	46	0	0	0.000762196343062489	0.680174427388751	1.17988832786523	-1.17988832786523	561	643	Genic/other	1	Heritable	0.171863704396414	0.928955563243638	0.00863055270176091	0	0	0	1.71863704396414	6.3297209055227	6.46769872610435	0	0.165419805072203
BA_only	hippocampus	AA	psi	chr2_32874823_32875405	chr2	32874823	32875405	18	18	0	0	0.0316047872648627	0.977060807838727	1.56172825949841	-1.56172825949841	582	344	Genic/other	0	Heritable	0.176719858383584	0.875149877705928	0.0103087461180613	0	0	0	1.76719858383584	6.36647044773144	5.84354441703136	0	0.445793073094905
BA_only	hippocampus	AA	psi	chr2_3290804_3291109	chr2	3290804	3291109	46	46	0	0	0.00578168398554382	0.91658260669542	1.32806438034178	-1.32806438034178	305	648	Genic/other	1	Non-heritable	0.0747068410879322	0.947965713870981	0.00748828578184146	0	0	0	0.747068410879322	5.72031177660741	6.47543271670409	0	0.283722536581947
BA_only	hippocampus	AA	psi	chr2_33057795_33058421	chr2	33057795	33058421	21	21	0	0	0.00248699312105292	0.826335415989171	1.30724332098659	-1.30724332098659	626	521	Genic/other	0	Non-heritable	0.0991045737408759	0.931011929148237	0.00881638889525626	112567	0	0	0.991045737408759	6.4393503711001	6.25766758788264	11.6313127624681	0.267920592513778
BA_only	hippocampus	AA	psi	chr2_33477465_33477661	chr2	33477465	33477661	43	43	0	0	0.00732115960000478	0.933276309404323	2.29086948442069	-2.29086948442069	196	591	Genic/other	0	Non-heritable	0.0846442599184326	0.958405358562899	0.00719490863089942	0	0	0	0.846442599184326	5.27811465923052	6.38350663488401	0	0.828931437388189
BA_only	hippocampus	AA	psi	chr2_34004573_34005506	chr2	34004573	34005506	21	21	0	0	0.0655809188782384	0.985907779499035	0.429276285400153	-0.429276285400153	933	488	Genic/other	0	Heritable	0.146663948703441	0.931059257524331	0.00849146173038484	0	0	0	1.46663948703441	6.83840520084734	6.19236248947487	0	-0.845654522140436
BA_only	hippocampus	AA	psi	chr2_34386834_34387756	chr2	34386834	34387756	1	1	0	0	0.171234668505435	0.991064867102684	0.066043811440948	0.066043811440948	922	447	Genic/other	0	Heritable	0.260339762849993	0.877295295036329	0.00645587414620305	0	0	0	2.60339762849993	6.82654522355659	6.10479323241499	0	-2.71743679605396
BA_only	hippocampus	AA	psi	chr2_3475696_3476500	chr2	3475696	3476500	50	50	0	0	0.0209447120032196	0.975856666808667	1.7007501591993	1.7007501591993	804	671	Genic/other	0	Non-heritable	0.059863545877397	0.954783593552508	0.00897560700454755	0	0	0	0.59863545877397	6.68959926917897	6.51025834052315	0	0.531069429728138
BA_only	hippocampus	AA	psi	chr2_3476787_3477186	chr2	3476787	3477186	50	50	0	0	0.0314390674609229	0.977060807838727	1.12764611572113	1.12764611572113	399	678	Promoter	0	Non-heritable	0.0595483746180866	0.944137194865118	0.00758838923903387	0	0	0	0.595483746180866	5.98896141688986	6.5206211275587	0	0.120132385523645
BA_only	hippocampus	AA	psi	chr2_3483147_3483569	chr2	3483147	3483569	50	50	0	0	0.0154072596880411	0.967076513219291	10.374449168003	-10.374449168003	422	646	Promoter	0	Heritable	0.32870397191703	0.913956993931845	0.00832565704807617	0	0	0	3.2870397191703	6.04500531403601	6.4723462945009	0	2.33934597343055
BA_only	hippocampus	AA	psi	chr2_3491458_3491679	chr2	3491458	3491679	50	50	0	0	0.0231495934795386	0.975932065139872	2.51980249134963	2.51980249134963	221	665	Intergenic	0	Non-heritable	0.0864546339578053	0.952595062288447	0.00797895434477873	6737	0	0	0.864546339578053	5.39816270151775	6.50128967054039	8.8155184239665	0.924180525971743
BA_only	hippocampus	AA	psi	chr2_3495107_3495273	chr2	3495107	3495273	50	50	0	0	0.022401461329407	0.975932065139872	2.32293171264489	2.32293171264489	166	668	Genic/other	0	Heritable	0.125556117230653	0.940931472039887	0.00680531195467972	3808	0	0	1.25556117230653	5.11198778835654	6.50578406012823	8.24512196647861	0.842830061468629
BA_only	hippocampus	AA	psi	chr2_3594598_3595277	chr2	3594598	3595277	48	48	0	0	0.0121074778361399	0.95649320230981	3.8357240434432	-3.8357240434432	679	629	Promoter	2	Heritable	0.385857611311349	0.907601799868663	0.00744488829420373	9192	0	0	3.85857611311349	6.5206211275587	6.44571981938558	9.12619760386375	1.34435821841782
BA_only	hippocampus	AA	psi	chr2_3605003_3605893	chr2	3605003	3605893	48	48	0	0	0.00313853324571805	0.85173849770133	1.40276812134985	-1.40276812134985	890	640	Promoter	2	Heritable	0.280222087312024	0.915917432306889	0.0141908401494939	0	0	0	2.80222087312024	6.79122146272619	6.46302945692067	0	0.338447521140067
BA_only	hippocampus	AA	psi	chr2_3606920_3607171	chr2	3606920	3607171	48	48	0	0	0.0295220173009195	0.976712848084579	2.06354493400436	-2.06354493400436	251	626	Genic/other	1	Non-heritable	0.0803019647936317	0.946847269993881	0.00644893378526366	0	0	0	0.803019647936317	5.52545293913178	6.44094654063292	0	0.724425350445496
BA_only	hippocampus	AA	psi	chr2_36373506_36374510	chr2	36373506	36374510	7	7	0	0	0.178528356013832	0.991064867102684	1.43653021266968	-1.43653021266968	1004	568	Genic/other	0	Non-heritable	0.0595067166463064	0.946190034944376	0.0090269353060048	0	0	0	0.595067166463064	6.91174730025167	6.34388043412633	0	0.36223063831765
BA_only	hippocampus	AA	psi	chr2_3656881_3657681	chr2	3656881	3657681	44	44	0	0	0.000702972450055828	0.669102463484777	1.68570362738769	1.68570362738769	800	596	Promoter	0	Non-heritable	0.0916542306754171	0.952612770588809	0.00840830714449126	13436	0	0	0.916542306754171	6.68461172766793	6.3919171133926	9.50576737487541	0.522183065592442
BA_only	hippocampus	AA	psi	chr2_36669398_36671079	chr2	36669398	36671079	6	6	0	0	0.170684946917925	0.991064867102684	0.953997322370726	-0.953997322370726	1681	499	Intergenic	0	Heritable	0.614294546021383	0.918414947653755	0.0097804394221256	23382	0	0	6.14294546021383	7.42714413340862	6.21460809842219	10.0597645415934	-0.0470944037948607
BA_only	hippocampus	AA	psi	chr2_3704098_3704878	chr2	3704098	3704878	44	44	0	0	0.00831415703327629	0.933559278800072	1.9682575658126	1.9682575658126	780	595	Promoter	2	Non-heritable	0.0868881280929995	0.936935936246888	0.00726098890383254	638	0	0	0.868881280929995	6.65929391968364	6.39024066706535	6.45990445437754	0.677148672084355
BA_only	hippocampus	AA	psi	chr2_37376475_37377349	chr2	37376475	37377349	507	507	0	0	0.00175310397002982	0.79369727824385	3.25646754530067	-3.25646754530067	874	446	Enhancer	0	Non-heritable	0.0938089770437147	0.91638253624182	0.00750826952301913	6789	0	0	0.938089770437147	6.77308037565554	6.10255859461357	8.82320622055274	1.1806430358964
BA_only	hippocampus	AA	psi	chr2_37535887_37536371	chr2	37535887	37536371	472	472	0	0	0.000318259984648657	0.546468896011319	2.10513137626423	-2.10513137626423	484	469	Enhancer	0	Non-heritable	0.0868746635183467	0.936908668019828	0.0117062051977016	0	0	0	0.868746635183467	6.18208490671663	6.1527326947041	0	0.744377881464074
BA_only	hippocampus	AA	psi	chr2_37638589_37639171	chr2	37638589	37639171	489	489	0	0	0.00099758356222347	0.718066796783097	3.42306283493565	3.42306283493565	582	495	Genic/other	0	Heritable	0.551661393818515	0.899524736551137	0.00629904640100549	0	0	0	5.51661393818515	6.36647044773144	6.20657592672493	0	1.23053571898677
BA_only	hippocampus	AA	psi	chr2_37734843_37740533	chr2	37734843	37740533	490	490	0	0	0.00145390478893714	0.762484248609066	3.22303883858597	3.22303883858597	5690	516	Promoter	0	Heritable	0.140661892918087	0.928300386461974	0.011101298041108	3963	0	0	1.40661892918087	8.64646552712038	6.24804287450843	8.28500889544988	1.1703246563089
BA_only	hippocampus	AA	psi	chr2_37741595_37750749	chr2	37741595	37750749	490	490	0	0	0.00395737564211843	0.876132919298309	3.64094483215144	-3.64094483215144	9154	523	Promoter	0	Non-heritable	0.0853883865793161	0.918812808727583	0.00784944353818733	0	0	0	0.853883865793161	9.12194622121359	6.26149168432104	0	1.29224321998529
BA_only	hippocampus	AA	psi	chr2_37751863_37756152	chr2	37751863	37756152	491	491	0	0	0.00138287767593403	0.758707245057659	2.91635527785687	-2.91635527785687	4289	526	Intergenic	0	Heritable	0.133444478499573	0.932122918377891	0.0090012923516346	0	0	0	1.33444478499573	8.36380888451688	6.26720054854136	0	1.07033464755325
BA_only	hippocampus	AA	psi	chr2_37757155_37763386	chr2	37757155	37763386	491	491	0	0	0.00357086904388152	0.866906756094015	5.15213131581582	5.15213131581582	6231	512	Enhancer	0	Heritable	0.134115223947112	0.928562302532725	0.00813077405810363	0	0	0	1.34115223947112	8.73729211254422	6.24027584517077	0	1.63941047873646
BA_only	hippocampus	AA	psi	chr2_37767738_37771205	chr2	37767738	37771205	491	491	0	0	0.00157358007121474	0.779249278115491	4.2377753636662	4.2377753636662	3467	515	Enhancer	0	Heritable	0.180628116229027	0.925588477639767	0.00535071046397806	0	0	0	1.80628116229027	8.15104494568502	6.24610676548156	0	1.44403845553112
BA_only	hippocampus	AA	psi	chr2_37877699_37878248	chr2	37877699	37878248	474	474	0	0	0.000933722790560457	0.707181162723943	4.70190693431645	4.70190693431645	549	491	Genic/other	0	Non-heritable	0.0973270498419072	0.937432224507187	0.0129187607340429	0	0	0	0.973270498419072	6.30809844150953	6.19847871649231	0	1.54796815926199
BA_only	hippocampus	AA	psi	chr2_38037547_38037895	chr2	38037547	38037895	375	375	0	0	0.00915318634942538	0.939077729475158	3.05478380450433	-3.05478380450433	348	502	Enhancer	0	Heritable	0.119479937161885	0.926708621754869	0.00968427473207707	0	0	0	1.19479937161885	5.85220247977447	6.22059017009974	0	1.1167088256366
BA_only	hippocampus	AA	psi	chr2_38039281_38039811	chr2	38039281	38039811	375	375	0	0	0.000778674384160889	0.681447094882683	3.61239836561351	-3.61239836561351	530	512	Promoter	0	Non-heritable	0.0983362512398498	0.939584146749674	0.0115186747581707	0	0	0	0.983362512398498	6.27287700654617	6.24027584517077	0	1.2843719217248
BA_only	hippocampus	AA	psi	chr2_3831336_3831969	chr2	3831336	3831969	17	17	0	0	0.0351950822555664	0.980327953711174	1.78399255411078	1.78399255411078	633	661	Genic/other	0	Heritable	0.706623052385721	0.940860342806507	0.0060694188661955	0	0	0	7.06623052385721	6.45047042214418	6.49526555593701	0	0.578853866049793
BA_only	hippocampus	AA	psi	chr2_39243584_39244238	chr2	39243584	39244238	30	30	0	0	0.0545805853618744	0.98577631996496	1.80169164352157	1.80169164352157	654	191	Promoter	2	Heritable	0.187950077433665	0.742324494922317	0.0111511982654372	39056	0	0	1.87950077433665	6.4831073514572	5.25749537202778	10.5727773965655	0.588726031071519
BA_only	hippocampus	AA	psi	chr2_39608421_39609318	chr2	39608421	39609318	47	47	0	0	0.00403936400313915	0.878979258066802	1.77875223482184	-1.77875223482184	897	289	Genic/other	0	Non-heritable	0.0517714020560964	0.797626803581552	0.00916219095893323	0	0	0	0.517714020560964	6.7990558620588	5.66988092298052	0	0.575912132443245
BA_only	hippocampus	AA	psi	chr2_41966029_41967290	chr2	41966029	41967290	23	23	0	0	0.0305065029885675	0.976893291659941	2.36681477289907	2.36681477289907	1261	373	Enhancer	0	Non-heritable	0.0646170532864659	0.82483490694201	0.00891880733704845	16498	0	0	0.646170532864659	7.13966033596492	5.92425579741453	9.71105505199144	0.861545077744394
BA_only	hippocampus	AA	psi	chr2_42793235_42793544	chr2	42793235	42793544	55	55	0	0	0.0151289120053371	0.966167725188189	5.94202007003176	5.94202007003176	309	447	Promoter	2	Non-heritable	0.075525786569625	0.909033077865653	0.00592636571518887	0	0	0	0.75525786569625	5.73334127689775	6.10479323241499	0	1.78204915637361
BA_only	hippocampus	AA	psi	chr2_43000234_43001348	chr2	43000234	43001348	116	116	0	0	0.0123077769319798	0.958949015439713	2.73046383994643	2.73046383994643	1114	414	Genic/other	0	Non-heritable	0.0775327601366607	0.913727554783644	0.00869538957533164	2583	0	0	0.775327601366607	7.01571242048723	6.0282785202307	7.85709386490249	1.00447150316936
BA_only	hippocampus	AA	psi	chr2_43021771_43022694	chr2	43021771	43022694	113	113	0	0	0.000849532648408393	0.692932971680441	4.09890455181693	4.09890455181693	923	414	Promoter	0	Heritable	0.161364488430387	0.894748719392062	0.00677917960211186	6420	0	0	1.61364488430387	6.82762923450285	6.0282785202307	8.76732914779405	1.41071975796666
BA_only	hippocampus	AA	psi	chr2_43056694_43057237	chr2	43056694	43057237	107	107	0	0	0.0126239865453944	0.961717006536833	2.99757256198516	2.99757256198516	543	412	Intergenic	0	Non-heritable	0.0749773912026838	0.895996360325112	0.00716280276601942	17565	0	0	0.749773912026838	6.29710931993394	6.02344759296103	9.77372049447706	1.09780281846387
BA_only	hippocampus	AA	psi	chr2_43300822_43302785	chr2	43300822	43302785	98	98	0	0	0.0105340969323372	0.944902218841749	1.73446749003124	1.73446749003124	1963	450	Enhancer	0	Heritable	0.1700662230476	0.917221423968841	0.0125992451277819	41451	0	0	1.700662230476	7.58222919427646	6.11146733950268	10.6322914103041	0.550700449881835
BA_only	hippocampus	AA	psi	chr2_44706429_44707200	chr2	44706429	44707200	120	120	0	0	0.0192151345407756	0.973330286765374	4.02073146876145	-4.02073146876145	771	441	Genic/other	0	Non-heritable	0.0644975143277902	0.89980773811343	0.010224673159723	8152	0	0	0.644975143277902	6.64768837356333	6.0913098820777	9.00614123666291	1.39146384596914
BA_only	hippocampus	AA	psi	chr2_44803235_44803456	chr2	44803235	44803456	135	135	0	0	7.24112878202087e-05	0.330740519000985	3.34604694641753	-3.34604694641753	221	503	Enhancer	1	Non-heritable	0.0817710801232729	0.898812746413466	0.0116003940249976	318	0	0	0.817710801232729	5.39816270151775	6.22257626807137	5.76519110278484	1.20777963606375
BA_only	hippocampus	AA	psi	chr2_44927011_44927250	chr2	44927011	44927250	137	137	0	0	0.00503306845468212	0.909885926705608	3.06898084651988	3.06898084651988	239	547	Promoter	1	Heritable	0.111622002901752	0.931921523307921	0.00855387954706919	0	0	0	1.11622002901752	5.47646355193151	6.30627528694802	0	1.12134553792505
BA_only	hippocampus	AA	psi	chr2_44929309_44930058	chr2	44929309	44930058	137	137	0	0	2.48371698632926e-05	0.177147866112337	2.94454829116398	2.94454829116398	749	552	Promoter	2	Non-heritable	0.0985106962135047	0.946413297736913	0.00904172767563778	0	0	0	0.985106962135047	6.61873898351722	6.31535800152234	0	1.07995542712734
BA_only	hippocampus	AA	psi	chr2_44933042_44934102	chr2	44933042	44934102	137	137	0	0	0.00119303219483097	0.737795352021592	2.67213483526612	2.67213483526612	1060	552	Promoter	1	Heritable	0.117695042612769	0.943437405123404	0.00811929946754429	0	0	0	1.17695042612769	6.96602418710611	6.31535800152234	0	0.982877720443741
BA_only	hippocampus	AA	psi	chr2_44953161_44953392	chr2	44953161	44953392	145	145	0	0	0.00102109286547227	0.72098635361173	2.40934347251855	-2.40934347251855	231	560	Genic/other	2	Heritable	0.16762163113164	0.943299514577082	0.00893655194679378	0	0	0	1.6762163113164	5.44241771052179	6.3297209055227	0	0.879354296498441
BA_only	hippocampus	AA	psi	chr2_45167999_45168113	chr2	45167999	45168113	144	144	0	0	0.00421917704410323	0.88588195396487	2.5169336270907	2.5169336270907	114	567	Promoter	1	Heritable	0.101526440049652	0.930958558840376	0.00952100996121323	0	0	0	1.01526440049652	4.7361984483945	6.34212141872115	0	0.923041349929828
BA_only	hippocampus	AA	psi	chr2_45936445_45936812	chr2	45936445	45936812	3	3	0	0	0.207456471561302	0.991064867102684	0.20800954033909	0.20800954033909	367	597	Genic/other	0	Non-heritable	0.0792148154283491	0.946817058397119	0.00742881567129847	26136	0	0	0.792148154283491	5.90536184805457	6.39359075395063	10.1711072139509	-1.57017128524311
BA_only	hippocampus	AA	psi	chr2_46296255_46296463	chr2	46296255	46296463	161	161	0	0	0.00638666873337849	0.920396876547655	4.78742766871087	-4.78742766871087	208	567	Promoter	1	Heritable	0.213511291173401	0.915833957046191	0.0100170777399965	0	0	0	2.13511291173401	5.33753807970132	6.34212141872115	0	1.56599324811817
BA_only	hippocampus	AA	psi	chr2_46615819_46616052	chr2	46615819	46616052	413	413	0	0	0.000580444430076048	0.642817408649347	2.78135642497075	2.78135642497075	233	556	Promoter	1	Non-heritable	0.0673547993249051	0.912444966200049	0.00809820206173585	0	0	0	0.673547993249051	5.4510384535657	6.32256523992728	0	1.02293873495371
BA_only	hippocampus	AA	psi	chr2_46879046_46879373	chr2	46879046	46879373	279	279	0	0	0.00248592180065017	0.826335415989171	5.09072446776264	5.09072446776264	327	517	Intergenic	0	Heritable	0.128707612110293	0.933586545128309	0.00492088005263468	0	0	0	1.28707612110293	5.78996017089725	6.24997524225948	0	1.62742015398263
BA_only	hippocampus	AA	psi	chr2_46940123_46940467	chr2	46940123	46940467	302	302	0	0	0.000818720608357138	0.683148985370606	7.66762135251152	7.66762135251152	344	485	Promoter	1	Heritable	0.166838353111447	0.938222743779348	0.00855914206426584	0	0	0	1.66838353111447	5.8406416573734	6.18620862390049	0	2.03700644505336
BA_only	hippocampus	AA	psi	chr2_47071890_47072442	chr2	47071890	47072442	284	284	0	0	0.0196543774134422	0.973631121108853	3.79636586387828	-3.79636586387828	552	501	Enhancer	0	Heritable	0.106902501536827	0.935835971870099	0.00767722401646978	0	0	0	1.06902501536827	6.3135480462771	6.21860011969173	0	1.33404426015949
BA_only	hippocampus	AA	psi	chr2_47079651_47080011	chr2	47079651	47080011	231	231	0	0	0.0131315061598615	0.964283399649536	5.86957974933753	5.86957974933753	360	505	Enhancer	0	Heritable	0.133629541077424	0.932979054199707	0.00895046968872914	0	0	0	1.33629541077424	5.88610403145016	6.22653666928747	0	1.76978304002298
BA_only	hippocampus	AA	psi	chr2_47654016_47654228	chr2	47654016	47654228	34	34	0	0	0.0290619562252248	0.975932065139872	2.56123378344182	2.56123378344182	212	414	Genic/other	0	Non-heritable	0.0994339618770483	0.934858968499383	0.00583202864938407	3063	0	0	0.994339618770483	5.35658627467201	6.0282785202307	8.02747653086048	0.940489092953811
BA_only	hippocampus	AA	psi	chr2_48420021_48420235	chr2	48420021	48420235	24	24	0	0	0.0157314285927258	0.967716068030647	4.09083485159421	4.09083485159421	214	302	Intergenic	0	Non-heritable	0.0897976177589682	0.830643576096718	0.00719171047216051	20462	0	0	0.897976177589682	5.36597601502185	5.71373280550937	9.92637365632283	1.40874907186369
BA_only	hippocampus	AA	psi	chr2_48439130_48439281	chr2	48439130	48439281	30	30	0	0	0.0498193121735082	0.984017207786399	1.53330693464103	1.53330693464103	151	300	Genic/other	1	Non-heritable	0.0721006294436943	0.772668438962189	0.010547674575224	1416	0	0	0.721006294436943	5.01727983681492	5.70711026474888	7.25629723969068	0.427426804662126
BA_only	hippocampus	AA	psi	chr2_4845430_4846784	chr2	4845430	4846784	2	2	0	0	0.247786085715657	0.99236856565158	2.12866682781134	2.12866682781134	1354	480	Intergenic	0	Heritable	0.101529117798993	0.881521421711423	0.00801760846846155	194116	0	0	1.01529117798993	7.21081845347222	6.17586727010576	12.1762163490416	0.755495886024418
BA_only	hippocampus	AA	psi	chr2_48755999_48757452	chr2	48755999	48757452	15	15	0	0	0.238434221619235	0.99209262677012	0.321414747535297	-0.321414747535297	1453	349	Promoter	1	Heritable	0.199802481522258	0.867197267218855	0.0115967739157261	0	0	0	1.99802481522258	7.28138566357028	5.85793315448346	0	-1.13502291031936
BA_only	hippocampus	AA	psi	chr2_50829166_50830920	chr2	50829166	50830920	11	11	0	0	0.00923563671120465	0.939841915020693	5.79494749780702	-5.79494749780702	1754	272	Promoter	0	Non-heritable	0.0579941687603238	0.82744078444986	0.00593160724481745	0	0	0	0.579941687603238	7.46965417293213	5.60947179518496	0	1.75698641856381
BA_only	hippocampus	AA	psi	chr2_51026177_51027010	chr2	51026177	51027010	13	13	0	0	0.00292200454440535	0.846222391562562	6.90139133020938	-6.90139133020938	833	265	Genic/other	1	Non-heritable	0.0616610928667691	0.794482875358159	0.00963188715125875	0	0	0	0.616610928667691	6.72503364216684	5.5834963087817	0	1.9317230347845
BA_only	hippocampus	AA	psi	chr2_51028844_51030721	chr2	51028844	51030721	13	13	0	0	0.0672868930945787	0.985907779499035	2.67721575310586	2.67721575310586	1877	254	Promoter	2	Non-heritable	0.0731903389396081	0.657274537010572	0.00809586643950439	0	0	0	0.731903389396081	7.53743003658651	5.54126354515843	0	0.984777360134479
BA_only	hippocampus	AA	psi	chr2_53587081_53587694	chr2	53587081	53587694	28	28	0	0	0.03904677310052	0.980549382116533	3.42312061455579	3.42312061455579	613	431	Genic/other	0	Heritable	0.277215229743459	0.91057440749024	0.00820217585658568	141875	0	0	2.77215229743459	6.41836493593621	6.06842558824411	11.8627087156511	1.23055259835333
BA_only	hippocampus	AA	psi	chr2_53858833_53859257	chr2	53858833	53859257	29	29	0	0	0.00676337355120243	0.926965166225472	6.15264175115995	6.15264175115995	424	347	Genic/other	1	Heritable	0.117853259755672	0.893894739926707	0.00918293767776607	0	0	0	1.17853259755672	6.04973345523196	5.85220247977447	0	1.81688154424639
BA_only	hippocampus	AA	psi	chr2_53860332_53861011	chr2	53860332	53861011	29	29	0	0	0.0203103791432088	0.975856666808667	1.92398501365406	-1.92398501365406	679	342	Promoter	1	Heritable	0.141166080312125	0.874695919349625	0.00732002156792245	503	0	0	1.41166080312125	6.5206211275587	5.83773044716594	6.22257626807137	0.654398568249633
BA_only	hippocampus	AA	psi	chr2_54560156_54560620	chr2	54560156	54560620	7	7	0	0	0.0309400721360735	0.976893291659941	1.62973831565734	-1.62973831565734	464	324	Enhancer	1	Heritable	0.10922324355675	0.814501992474631	0.00687723248186097	33783	0	0	1.0922324355675	6.13988455222626	5.78382518232974	10.4277425966138	0.488419465524783
BA_only	hippocampus	AA	psi	chr2_54708194_54708629	chr2	54708194	54708629	5	5	0	0	0.332780242886645	0.993828622005322	0.335618383557984	0.335618383557984	435	306	Intergenic	0	Heritable	0.186797907993201	0.889071962066414	0.0109881855045649	38824	0	0	1.86797907993201	6.07534603108868	5.7268477475872	10.5668196480169	-1.0917804979113
BA_only	hippocampus	AA	psi	chr2_5495630_5495846	chr2	5495630	5495846	24	24	0	0	0.0271388005991213	0.975932065139872	2.13099574708651	-2.13099574708651	216	646	Intergenic	0	Non-heritable	0.0921717779772469	0.964401937743341	0.00765306631537659	44452	0	0	0.921717779772469	5.37527840768417	6.4723462945009	10.7021877302282	0.756589362071096
BA_only	hippocampus	AA	psi	chr2_55138753_55139333	chr2	55138753	55139333	87	87	0	0	0.0138890896308321	0.964441318501853	3.41526997072695	3.41526997072695	580	244	Promoter	0	Heritable	0.145940254366217	0.769952106431629	0.00753043566614201	38447	0	0	1.45940254366217	6.36302810354047	5.50125821054473	10.5570619579763	1.22825654721178
BA_only	hippocampus	AA	psi	chr2_55707341_55708347	chr2	55707341	55708347	17	17	0	0	0.0260666134628902	0.975932065139872	2.55864788657477	2.55864788657477	1006	296	Intergenic	0	Non-heritable	0.0909099583244407	0.875731995628553	0.00737141362496439	47183	0	0	0.909099583244407	6.91373735065969	5.6937321388027	10.7618101310551	0.939478953562514
BA_only	hippocampus	AA	psi	chr2_5697765_5697860	chr2	5697765	5697860	37	37	0	0	0.0265714217579461	0.975932065139872	4.11401483603929	4.11401483603929	95	633	Genic/other	1	Heritable	0.118232564491091	0.958668074617057	0.010290070076128	5760	0	0	1.18232564491091	4.55387689160054	6.45204895443723	8.65886634973238	1.41439939988718
BA_only	hippocampus	AA	psi	chr2_57885628_57886629	chr2	57885628	57886629	18	18	0	0	0.0311994153659036	0.976912992117679	3.10277651921463	3.10277651921463	1001	212	Intergenic	0	Non-heritable	0.0808098787607412	0.762495694502568	0.00839774568451217	0	0	0	0.808098787607412	6.90875477931522	5.36129216570943	0	1.13229736521723
BA_only	hippocampus	AA	psi	chr2_58107873_58108305	chr2	58107873	58108305	97	97	0	0	0.00634023033407651	0.920376068783091	5.27391716315926	-5.27391716315926	432	187	Enhancer	0	Heritable	0.124931468449305	0.752948864786366	0.00711277350203998	21533	0	0	1.24931468449305	6.06842558824411	5.23644196282995	9.97738836037566	1.66277338305981
BA_only	hippocampus	AA	psi	chr2_5933824_5934343	chr2	5933824	5934343	228	228	0	0	0.00179016203976777	0.796268588634543	3.14344863341982	3.14344863341982	519	588	Genic/other	0	Heritable	0.136159078674609	0.955818887282071	0.00941311690592643	0	0	0	1.36159078674609	6.25190388316589	6.37842618365159	0	1.1453204913192
BA_only	hippocampus	AA	psi	chr2_5982666_5983147	chr2	5982666	5983147	212	212	0	0	0.00583338325094575	0.91658260669542	2.24720992559854	2.24720992559854	481	594	Genic/other	0	Heritable	0.110125797238194	0.955482902184857	0.00831891385456773	0	0	0	1.10125797238194	6.17586727010576	6.38856140554563	0	0.809689418121788
BA_only	hippocampus	AA	psi	chr2_60295115_60295831	chr2	60295115	60295831	139	139	0	0	0.00303445302343396	0.846513053928579	4.62237942306583	4.62237942306583	716	392	Intergenic	0	Non-heritable	0.071306170021552	0.901126440738649	0.00746281980351942	11191	0	0	0.71306170021552	6.57368016696065	5.97380961186926	9.32295451634532	1.53090960131396
BA_only	hippocampus	AA	psi	chr2_60297801_60298427	chr2	60297801	60298427	139	139	0	0	0.00286295504491288	0.844808629760907	3.82781801856585	3.82781801856585	626	383	Intergenic	0	Non-heritable	0.0761533638082237	0.884300750728305	0.00847086290662464	8595	0	0	0.761533638082237	6.4393503711001	5.95064255258773	9.0590522577624	1.34229493551352
BA_only	hippocampus	AA	psi	chr2_60549008_60549131	chr2	60549008	60549131	140	140	0	0	0.0135828522212494	0.964283399649536	3.60649070415263	-3.60649070415263	123	355	Enhancer	1	Heritable	0.167113840900441	0.902950988267184	0.00731929671408412	0	0	0	1.67113840900441	4.81218435537242	5.87493073085203	0	1.28273519820509
BA_only	hippocampus	AA	psi	chr2_6081425_6082585	chr2	6081425	6082585	205	205	0	0	0.000724290339750914	0.673766456790362	3.34597786607823	-3.34597786607823	1160	598	Intergenic	0	Heritable	0.122367177529051	0.958926508473784	0.00762471607831804	80441	0	0	1.22367177529051	7.05617528410041	6.39526159811545	11.2952917068296	1.20775899049203
BA_only	hippocampus	AA	psi	chr2_60882882_60883593	chr2	60882882	60883593	19	19	0	0	0.044733949336472	0.981395945960329	1.19943077559325	1.19943077559325	711	217	Genic/other	1	Non-heritable	0.0665859694789203	0.811461444565888	0.0077532392241609	876	0	0	0.665859694789203	6.56667242980324	5.38449506278909	6.77650699237218	0.181847098917657
BA_only	hippocampus	AA	psi	chr2_61067318_61067606	chr2	61067318	61067606	56	56	0	0	0.00241868434004332	0.824728302674626	1.76459263589525	1.76459263589525	288	172	Genic/other	1	Non-heritable	0.0877674696882187	0.726073098468769	0.00757534459474569	0	0	0	0.877674696882187	5.66296048013595	5.15329159449778	0	0.567919868221103
BA_only	hippocampus	AA	psi	chr2_61853014_61853100	chr2	61853014	61853100	48	48	0	0	0.00636372705801988	0.920376068783091	2.08287479108525	2.08287479108525	86	225	Genic/other	1	Heritable	0.101664813456544	0.697278997337893	0.00787273624603745	1400	0	0	1.01664813456544	4.45434729625351	5.42053499927229	7.24494154633701	0.733749055376556
BA_only	hippocampus	AA	psi	chr2_61855368_61855596	chr2	61855368	61855596	48	48	0	0	0.0441051379146052	0.980789550235948	1.38457848280383	1.38457848280383	228	226	Promoter	1	Heritable	0.274011180877061	0.796391176445205	0.0117506333932219	0	0	0	2.74011180877061	5.42934562895444	5.4249500174814	0	0.325395755993545
BA_only	hippocampus	AA	psi	chr2_63058700_63059428	chr2	63058700	63059428	26	26	0	0	0.0231182368310039	0.975932065139872	1.84152192404664	1.84152192404664	728	112	Enhancer	2	Non-heritable	0.0844718333463612	0.646212815063309	0.00901832774429173	4652	0	0	0.844718333463612	6.59030104819669	4.72738781871234	8.44526745184465	0.610592367799542
BA_only	hippocampus	AA	psi	chr2_63060055_63060287	chr2	63060055	63060287	26	26	0	0	0.0809021337408618	0.988137148207548	1.64653918075816	1.64653918075816	232	110	Enhancer	1	Heritable	0.117607624933291	0.573095245080518	0.0101324691303389	6007	0	0	1.17607624933291	5.44673737166631	4.70953020131233	8.70084719344397	0.498675625015727
BA_only	hippocampus	AA	psi	chr2_636569_636825	chr2	636569	636825	221	221	0	0	0.0105968176309375	0.944902218841749	2.99028117561562	2.99028117561562	256	467	Intergenic	1	Heritable	0.10414393015876	0.911325350166361	0.00921947769711738	38804	0	0	1.0414393015876	5.54517744447956	6.14846829591765	10.5663043832882	1.09536742499284
BA_only	hippocampus	AA	psi	chr2_63986317_63986713	chr2	63986317	63986713	45	45	0	0	0.00956194380165815	0.939841915020693	6.01662152688373	6.01662152688373	396	248	Genic/other	0	Non-heritable	0.068431919644992	0.809573381183727	0.00982532046412025	37279	0	0	0.68431919644992	5.98141421125448	5.51745289646471	10.5262122687995	1.7945258952877
BA_only	hippocampus	AA	psi	chr2_64716092_64716967	chr2	64716092	64716967	88	88	0	0	0.0304414282078544	0.976893291659941	4.8301880655271	-4.8301880655271	875	421	Genic/other	0	Non-heritable	0.0797948235439344	0.904580553918054	0.00883597788322868	40595	0	0	0.797948235439344	6.77422388635761	6.04500531403601	10.6114248185687	1.5748854059389
BA_only	hippocampus	AA	psi	chr2_65503806_65504217	chr2	65503806	65504217	26	26	0	0	0.0332727984195632	0.979164877002956	2.40838146826467	-2.40838146826467	411	389	Genic/other	0	Heritable	0.119451843045666	0.927271776637136	0.00796973856305118	0	0	0	1.19451843045666	6.01859321449623	5.96614673912369	0	0.878954936105519
BA_only	hippocampus	AA	psi	chr2_65573428_65573669	chr2	65573428	65573669	26	26	0	0	0.00676422799919926	0.926965166225472	2.76259269869487	-2.76259269869487	241	380	Genic/other	0	Non-heritable	0.0699754572915588	0.887264657342341	0.00674702537324521	0	0	0	0.699754572915588	5.48479693349066	5.9427993751267	0	1.01616962598931
BA_only	hippocampus	AA	psi	chr2_65640688_65641012	chr2	65640688	65641012	26	26	0	0	0.0468436081974209	0.982445572707507	2.39069578572242	2.39069578572242	324	414	Promoter	0	Heritable	0.136636275720288	0.936049882664814	0.00592972023173146	0	0	0	1.36636275720288	5.78074351579233	6.0282785202307	0	0.871584451491241
BA_only	hippocampus	AA	psi	chr2_66183291_66184302	chr2	66183291	66184302	6	6	0	0	0.0070569229107071	0.931602204679102	2.14674882242073	-2.14674882242073	1011	402	Genic/other	0	Heritable	0.146283635835445	0.909569463981588	0.00727786640089359	49455	0	0	1.46283635835445	6.91869521902047	5.99893656194668	10.8088386643719	0.763954526688036
BA_only	hippocampus	AA	psi	chr2_66432036_66432284	chr2	66432036	66432284	9	9	0	0	0.181063533254716	0.991064867102684	0.784720007856374	0.784720007856374	248	383	Genic/other	1	Heritable	0.393351693695592	0.875294398609433	0.00912158704235911	104	0	0	3.93351693695592	5.51342874616498	5.95064255258773	4.65396035015752	-0.242428289970987
BA_only	hippocampus	AA	psi	chr2_66436768_66441669	chr2	66436768	66441669	11	11	0	0	0.145378342069889	0.991064867102684	1.0203881665124	-1.0203881665124	4901	387	Promoter	2	Heritable	0.119805717606196	0.871835266627709	0.00783315685214032	0	0	0	1.19805717606196	8.49719454490955	5.96100533962327	0	0.0201831201078432
BA_only	hippocampus	AA	psi	chr2_66445651_66446901	chr2	66445651	66446901	26	26	0	0	0.0181136245056246	0.971452676751561	3.64291213652825	3.64291213652825	1250	386	Enhancer	2	Heritable	0.121146122101888	0.913957944407382	0.00697319434486214	4236	0	0	1.21146122101888	7.13089883029635	5.95842469302978	8.35161075062656	1.29278340204205
BA_only	hippocampus	AA	psi	chr2_67712561_67713363	chr2	67712561	67713363	24	24	0	0	0.0586024785489313	0.98577631996496	2.45381227462948	-2.45381227462948	802	438	Intergenic	0	Heritable	0.105943499303768	0.914248860451518	0.00732164837054266	83234	0	0	1.05943499303768	6.68710860786652	6.08449941307517	11.3294232114281	0.897642849731914
BA_only	hippocampus	AA	psi	chr2_6772246_6772697	chr2	6772246	6772697	166	166	0	0	0.0090053932002069	0.937977153266394	4.41661246513054	-4.41661246513054	451	556	Enhancer	0	Non-heritable	0.0737877244485638	0.948208626723965	0.00626568813950601	316	0	0	0.737877244485638	6.11146733950268	6.32256523992728	5.75890177387728	1.48537299390708
BA_only	hippocampus	AA	psi	chr2_6915340_6915944	chr2	6915340	6915944	29	29	0	0	0.0739788390075896	0.985999440983017	1.90204001962851	-1.90204001962851	604	562	Promoter	1	Non-heritable	0.0671813320531838	0.944014145158	0.00753136236216328	0	0	0	0.671813320531838	6.40357419793482	6.33327962813969	0	0.642927009973505
BA_only	hippocampus	AA	psi	chr2_6918498_6918899	chr2	6918498	6918899	29	29	0	0	0.000815086646212881	0.683148985370606	2.49738420371056	2.49738420371056	401	565	Promoter	1	Non-heritable	0.0839644807470345	0.936147896939212	0.00908134208753198	0	0	0	0.839644807470345	5.99396142730657	6.33859407820318	0	0.91524386958922
BA_only	hippocampus	AA	psi	chr2_69247753_69248596	chr2	69247753	69248596	10	10	0	0	0.312448078784273	0.993663620961428	1.31318421284586	-1.31318421284586	843	431	Genic/other	0	Non-heritable	0.0558545956693895	0.850434904313249	0.00759736437627367	17915	0	0	0.558545956693895	6.73696695800186	6.06842558824411	9.79344944732719	0.272454892291877
BA_only	hippocampus	AA	psi	chr2_6934921_6935917	chr2	6934921	6935917	29	29	0	0	0.024075403884828	0.975932065139872	2.2562799415464	-2.2562799415464	996	556	Genic/other	0	Non-heritable	0.057954290200599	0.902235157227906	0.00834167757119169	0	0	0	0.57954290200599	6.9037472575846	6.32256523992728	0	0.813717417934555
BA_only	hippocampus	AA	psi	chr2_6940415_6941306	chr2	6940415	6941306	29	29	0	0	0.0518817236886017	0.984153364580922	1.74342723772684	-1.74342723772684	891	557	Genic/other	0	Non-heritable	0.0612615779231401	0.938629884648489	0.00944013396684249	0	0	0	0.612615779231401	6.79234442747081	6.32435896238131	0	0.555852858546763
BA_only	hippocampus	AA	psi	chr2_69624841_69625561	chr2	69624841	69625561	102	102	0	0	0.0200871766773433	0.975813476900289	4.34950457395847	4.34950457395847	720	293	Enhancer	0	Heritable	0.176045560639536	0.831472090885879	0.00714862848406829	17712	0	0	1.76045560639536	6.5792512120101	5.68357976733868	9.7820541122526	1.4700619498696
BA_only	hippocampus	AA	psi	chr2_69948601_69948978	chr2	69948601	69948978	2707	2707	0	0	7.68595780839323e-05	0.34261930613484	8.64038667414403	8.64038667414403	377	271	Intergenic	0	Heritable	0.207696259864234	0.794717556550452	0.00703955328237791	11365	0	0	2.07696259864234	5.93224518744801	5.605802066296	9.33838172185707	2.15644733692375
BA_only	hippocampus	AA	psi	chr2_69961503_69961988	chr2	69961503	69961988	2707	2707	0	0	1.14600463649758e-05	0.107331784545217	12.8013853800723	-12.8013853800723	485	268	Promoter	2	Non-heritable	0.0669496219585537	0.782115745036874	0.00802821466926295	1511	0	0	0.669496219585537	6.18414889093748	5.59471137960184	7.32118855673948	2.54955339866814
BA_only	hippocampus	AA	psi	chr2_70085360_70085869	chr2	70085360	70085869	2641	2641	0	0	6.08737858726614e-05	0.300226921550099	7.3748802030942	-7.3748802030942	509	314	Promoter	1	Non-heritable	0.0919882104830983	0.842317018528629	0.00897264939552806	0	0	0	0.919882104830983	6.23244801655052	5.75257263882563	0	1.99807965980166
BA_only	hippocampus	AA	psi	chr2_70108406_70109199	chr2	70108406	70109199	2641	2641	0	0	1.05640177272373e-05	0.101816901898574	8.3532958750902	8.3532958750902	793	328	Enhancer	0	Non-heritable	0.0914803364999892	0.847409215304906	0.00731656102718189	0	0	0	0.914803364999892	6.67582322163485	5.79605775076537	0	2.12265617775986
BA_only	hippocampus	AA	psi	chr2_70132407_70133078	chr2	70132407	70133078	2641	2641	0	0	0.00108615790908136	0.725388163675873	8.36268608446187	8.36268608446187	671	357	Promoter	0	Non-heritable	0.0251315261625712	0.856233807253692	0.0120833129630505	0	0	0	0.251315261625712	6.50876913697168	5.8805329864007	0	2.1237796786551
BA_only	hippocampus	AA	psi	chr2_70249538_70249761	chr2	70249538	70249761	2501	2501	0	0	6.05447289242386e-05	0.300226921550099	12.3235256582294	-12.3235256582294	223	376	Promoter	1	Heritable	0.164744575611845	0.894142273658715	0.00633192498620549	1132	0	0	1.64744575611845	5.40717177146012	5.93224518744801	7.03262426102801	2.51151009153457
BA_only	hippocampus	AA	psi	chr2_70607285_70607463	chr2	70607285	70607463	34	34	0	0	0.0221667296300195	0.975932065139872	1.51724008042899	1.51724008042899	178	513	Intergenic	0	Heritable	0.11814245077743	0.940427298104851	0.00807953913481116	0	0	0	1.1814245077743	5.18178355029209	6.24222326545517	0	0.416892954441443
BA_only	hippocampus	AA	psi	chr2_70823513_70825362	chr2	70823513	70825362	42	42	0	0	0.0585048053848937	0.98577631996496	1.45704591069952	-1.45704591069952	1849	538	Enhancer	0	Heritable	0.748159509265819	0.910753478952683	0.00802034080286098	13773	0	0	7.48159509265819	7.52240023138713	6.289715570909	9.53053803610464	0.376411044011892
BA_only	hippocampus	AA	psi	chr2_70907195_70908123	chr2	70907195	70908123	47	47	0	0	0.0101672315248286	0.944902218841749	2.47907707260793	-2.47907707260793	928	532	Genic/other	2	Heritable	0.157239954978434	0.935309227995403	0.0106828153762021	7044	0	0	1.57239954978434	6.8330317327862	6.27852142416584	8.86007342433278	0.907886346804382
BA_only	hippocampus	AA	psi	chr2_70965577_70965661	chr2	70965577	70965661	47	47	0	0	0.00786037615677989	0.933559278800072	2.98830852035213	-2.98830852035213	84	514	Promoter	1	Heritable	0.107806992251288	0.925076530612996	0.00697998166555051	1138	0	0	1.07806992251288	4.43081679884331	6.24416690066374	7.03790596344718	1.0947075184166
BA_only	hippocampus	AA	psi	chr2_71278477_71278870	chr2	71278477	71278870	42	42	0	0	0.00133428047221571	0.753869787821095	2.93551145264766	2.93551145264766	393	582	Genic/other	1	Non-heritable	0.0426593256854823	0.955554258959187	0.012854693509282	0	0	0	0.426593256854823	5.97380961186926	6.36818718635049	0	1.07688170135102
BA_only	hippocampus	AA	psi	chr2_71291522_71292473	chr2	71291522	71292473	37	37	0	0	0.0433542085409358	0.980549382116533	1.14707745946761	1.14707745946761	951	588	Genic/other	0	Non-heritable	0.0742548070244638	0.905487091071283	0.00923126266451925	0	0	0	0.742548070244638	6.85751406254539	6.37842618365159	0	0.137217376814668
BA_only	hippocampus	AA	psi	chr2_71389290_71389925	chr2	71389290	71389925	20	20	0	0	0.0317822977225983	0.977060807838727	1.60383165525249	-1.60383165525249	635	580	Genic/other	0	Non-heritable	0.0890748218731361	0.934428602974706	0.00819337139430707	18321	0	0	0.890748218731361	6.45362499889269	6.36475075685191	9.81585780257515	0.472395557086948
BA_only	hippocampus	AA	psi	chr2_71546795_71547236	chr2	71546795	71547236	28	28	0	0	0.00345926937647167	0.866906756094015	4.85007818698482	-4.85007818698482	441	505	Genic/other	0	Heritable	0.131644269911161	0.928914560834923	0.00953539178323463	29206	0	0	1.31644269911161	6.08904487544685	6.22653666928747	10.2821636855541	1.57899482790907
BA_only	hippocampus	AA	psi	chr2_71576456_71576950	chr2	71576456	71576950	28	28	0	0	0.00774227473789742	0.933559278800072	2.99890270428406	-2.99890270428406	494	496	Promoter	0	Non-heritable	0.0946192459053028	0.929194500865697	0.00726786600179718	0	0	0	0.946192459053028	6.20253551718792	6.20859002609663	0	1.0982464598556
BA_only	hippocampus	AA	psi	chr2_71578534_71579251	chr2	71578534	71579251	28	28	0	0	0.0140894383264881	0.964826773227435	2.66454493360879	-2.66454493360879	717	499	Genic/other	0	Non-heritable	0.0910104618835256	0.936880737100042	0.00644099521253339	0	0	0	0.910104618835256	6.57507584059962	6.21460809842219	0	0.980033290170632
BA_only	hippocampus	AA	psi	chr2_71596144_71596409	chr2	71596144	71596409	34	34	0	0	0.004124301704785	0.882277433336612	3.54339003717931	-3.54339003717931	265	499	Genic/other	0	Non-heritable	0.0835439604246576	0.901003816293148	0.00718631703326486	6395	0	0	0.835439604246576	5.57972982598622	6.21460809842219	8.76342807395385	1.26508390934674
BA_only	hippocampus	AA	psi	chr2_71736078_71737165	chr2	71736078	71737165	16	16	0	0	0.193450904730589	0.991064867102684	1.85446231824633	-1.85446231824633	1087	509	Intergenic	0	Heritable	0.105887290815833	0.929521813108268	0.00768171662406818	0	0	0	1.05887290815833	6.99117688712121	6.23441072571837	0	0.617594804042789
BA_only	hippocampus	AA	psi	chr2_71852233_71852563	chr2	71852233	71852563	16	16	0	0	0.0571681399357936	0.98577631996496	1.64161128716345	1.64161128716345	330	508	Intergenic	2	Non-heritable	0.0945039482432974	0.941336959182355	0.00517591134910349	8971	0	0	0.945039482432974	5.79909265446053	6.23244801655052	9.1018638956401	0.495678257770981
BA_only	hippocampus	AA	psi	chr2_72914739_72914959	chr2	72914739	72914959	9	9	0	0	0.202757325989117	0.991064867102684	1.07267207899967	1.07267207899967	220	199	Genic/other	1	Heritable	0.220590872301613	0.840743489936271	0.00920612002324829	2100	0	0	2.20590872301613	5.39362754635236	5.29831736654804	7.650168700845	0.0701528148921051
BA_only	hippocampus	AA	psi	chr2_73737783_73737914	chr2	73737783	73737914	190	190	0	0	0.00116614781602134	0.730088848208992	1.53756618795963	-1.53756618795963	131	299	Promoter	1	Heritable	0.138497031626999	0.82148133606077	0.00863317861943196	3254	0	0	1.38497031626999	4.87519732320115	5.7037824746562	8.08794755464267	0.43020077535517
BA_only	hippocampus	AA	psi	chr2_73828265_73828396	chr2	73828265	73828396	189	189	0	0	0.00486708283897999	0.903845859635741	10.413524724256	-10.413524724256	131	274	Promoter	1	Heritable	0.119566444591168	0.791486568997063	0.00681577895680687	0	0	0	1.19566444591168	4.87519732320115	5.61677109766657	0	2.34310541650475
BA_only	hippocampus	AA	psi	chr2_74032970_74033324	chr2	74032970	74033324	197	197	0	0	0.00194128356555654	0.804679915749906	3.98872823350011	-3.98872823350011	354	282	Enhancer	0	Non-heritable	0.0998220225477809	0.825556914541865	0.00847559295517538	0	0	0	0.998220225477809	5.86929691313377	5.64544689764324	0	1.38347244412978
BA_only	hippocampus	AA	psi	chr2_74199932_74200174	chr2	74199932	74200174	153	153	0	0	0.00430403562768565	0.888539612676336	2.04321070860088	2.04321070860088	242	261	Genic/other	1	Heritable	0.192391273203951	0.877649074097278	0.00828067483973833	0	0	0	1.92391273203951	5.48893772615669	5.5683445037611	0	0.714522452269496
BA_only	hippocampus	AA	psi	chr2_74284459_74284850	chr2	74284459	74284850	170	170	0	0	0.00964701839662013	0.939841915020693	3.2710136078059	3.2710136078059	391	305	Genic/other	0	Heritable	0.296474136128549	0.788724992494439	0.00713354322595775	45123	0	0	2.96474136128549	5.96870755998537	5.72358510195238	10.7171695347248	1.18509991174107
BA_only	hippocampus	AA	psi	chr2_74415736_74416003	chr2	74415736	74416003	175	175	0	0	0.00266841331843908	0.835655744705892	5.18063401574504	-5.18063401574504	267	316	Genic/other	1	Non-heritable	0.0786279968395043	0.833021838295867	0.00815172561650632	228	0	0	0.786279968395043	5.58724865840025	5.75890177387728	5.43372200355424	1.64492744757375
BA_only	hippocampus	AA	psi	chr2_74436051_74437208	chr2	74436051	74437208	176	176	0	0	0.0120745693829348	0.95629185250073	3.71562529617791	-3.71562529617791	1157	340	Genic/other	2	Heritable	0.116340545541237	0.887710220385771	0.00658223158044719	0	0	0	1.16340545541237	7.05358572719368	5.83188247728352	0	1.31254698329981
BA_only	hippocampus	AA	psi	chr2_74437798_74439635	chr2	74437798	74439635	176	176	0	0	0.000991478962597791	0.718066796783097	2.53710229778833	-2.53710229778833	1837	332	Genic/other	1	Non-heritable	0.0676835339198996	0.854879457643166	0.00628149229735893	0	0	0	0.676835339198996	7.51588908521513	5.80814248998044	0	0.931022606090357
BA_only	hippocampus	AA	psi	chr2_74907853_74909303	chr2	74907853	74909303	12	12	0	0	0.0988185858507959	0.990400450319684	0.586218032931135	0.586218032931135	1450	430	Intergenic	0	Heritable	0.155704546641421	0.927203093826397	0.0094627391736227	0	0	0	1.55704546641421	7.27931883541462	6.06610809010375	0	-0.534063471699093
BA_only	hippocampus	AA	psi	chr2_74920352_74920530	chr2	74920352	74920530	12	12	0	0	0.35870130090983	0.99423290894979	0.564665800032164	-0.564665800032164	178	440	Genic/other	1	Heritable	0.442225908347393	0.898688858530665	0.00828929079966426	0	0	0	4.42225908347393	5.18178355029209	6.08904487544685	0	-0.571521209501681
BA_only	hippocampus	AA	psi	chr2_77747545_77748037	chr2	77747545	77748037	6	6	0	0	0.0829064862733695	0.988137148207548	1.06418870690008	1.06418870690008	492	410	Genic/other	0	Heritable	0.472520595995874	0.855709494925695	0.00738013383510106	6023	0	0	4.72520595995874	6.19847871649231	6.01859321449623	8.70350676947973	0.0622127406996445
BA_only	hippocampus	AA	psi	chr2_79911075_79912021	chr2	79911075	79912021	2	2	0	0	0.199493378949263	0.991064867102684	0.57660086677701	0.57660086677701	946	496	Genic/other	0	Non-heritable	0.0930286210941777	0.915124949826674	0.0110290506431987	53061	0	0	0.930286210941777	6.85224256905188	6.20859002609663	10.8792163201589	-0.550604973180639
BA_only	hippocampus	AA	psi	chr2_83035863_83035915	chr2	83035863	83035915	1	1	0	0	0.65751234597803	0.99725367388771	0.0261379216739317	0.0261379216739317	52	161	Intergenic	0	Heritable	0.223287412756221	0.726014145228325	0.00987823652895308	203150	0	0	2.23287412756221	3.95124371858143	5.08759633523238	12.2217048238748	-3.64436769886183
BA_only	hippocampus	AA	psi	chr2_84212808_84215339	chr2	84212808	84215339	3	3	0	0	0.462186840912284	0.994840206451052	0.783772978861109	-0.783772978861109	2531	171	Intergenic	0	Heritable	0.685163595770596	0.831272797696032	0.00769197958677094	218095	0	0	6.85163595770596	7.83636976054512	5.14749447681345	12.2926906118106	-0.243635855584975
BA_only	hippocampus	AA	psi	chr2_84515744_84515886	chr2	84515744	84515886	3	3	0	0	0.663931953215654	0.99725367388771	0.489284870462546	0.489284870462546	142	226	Promoter	1	Heritable	0.175802039830325	0.799152257986936	0.00736416732902697	2164	0	0	1.75802039830325	4.95582705760126	5.4249500174814	7.68017564043659	-0.714810381506716
BA_only	hippocampus	AA	psi	chr2_84517557_84518022	chr2	84517557	84518022	3	3	0	0	0.198107087172231	0.991064867102684	0.193412883515925	-0.193412883515925	465	236	Promoter	1	Non-heritable	0.0543880270940398	0.722945337614369	0.0224344683545071	28	0	0	0.543880270940398	6.14203740558736	5.46806014113513	3.36729582998647	-1.64292803057435
BA_only	hippocampus	AA	psi	chr2_8488317_8488802	chr2	8488317	8488802	154	154	0	0	0.0251775879866453	0.975932065139872	5.97012061319985	5.97012061319985	485	556	Promoter	0	Heritable	0.150825641964782	0.948100009268918	0.00818422648308738	0	0	0	1.50825641964782	6.18414889093748	6.32256523992728	0	1.78676713209149
BA_only	hippocampus	AA	psi	chr2_85189586_85190323	chr2	85189586	85190323	69	69	0	0	0.00380548840707608	0.871332559521944	5.2028888161937	5.2028888161937	737	370	Genic/other	0	Non-heritable	0.0638832819204407	0.821529925325451	0.00724370448372402	123690	0	0	0.638832819204407	6.60258789218934	5.91620206260744	11.7255417990643	1.64921401482901
BA_only	hippocampus	AA	psi	chr2_85431839_85432014	chr2	85431839	85432014	101	101	0	0	0.000233567282240419	0.503902674622265	3.50028318048964	3.50028318048964	175	414	Genic/other	0	Non-heritable	0.0929055109750248	0.896922963866785	0.00641523234389418	0	0	0	0.929055109750248	5.16478597392351	6.0282785202307	0	1.25284387679067
BA_only	hippocampus	AA	psi	chr2_85811111_85811542	chr2	85811111	85811542	177	177	0	0	0.00266435261403557	0.835655744705892	3.68628256172943	-3.68628256172943	431	332	Genic/other	0	Heritable	0.162811365164861	0.888071861015175	0.00825138309862635	24225	0	0	1.62811365164861	6.06610809010375	5.80814248998044	10.0951817155767	1.30461851711494
BA_only	hippocampus	AA	psi	chr2_85890164_85891152	chr2	85890164	85891152	169	169	0	0	0.00126618798187889	0.748685029382681	4.19282187660652	-4.19282187660652	988	343	Genic/other	1	Heritable	0.111462774629841	0.875660907688165	0.00940398326047295	0	0	0	1.11462774629841	6.89568269774787	5.8406416573734	0	1.43337398853763
BA_only	hippocampus	AA	psi	chr2_86201898_86202232	chr2	86201898	86202232	25	25	0	0	0.0606857795418209	0.98577631996496	3.73160135936369	3.73160135936369	334	296	Genic/other	0	Non-heritable	0.0844764977043173	0.86425689064328	0.00812234181662018	6559	0	0	0.844764977043173	5.8111409929767	5.6937321388027	8.78874588193814	1.31683746306882
BA_only	hippocampus	AA	psi	chr2_86625177_86625964	chr2	86625177	86625964	19	19	0	0	0.154403143703053	0.991064867102684	2.62024447948474	-2.62024447948474	787	196	Genic/other	1	Heritable	0.119924438263115	0.795628559421778	0.00766183141975229	1360	0	0	1.19924438263115	6.6682282484174	5.28320372873799	7.21597500265147	0.963267630016512
BA_only	hippocampus	AA	psi	chr2_86861282_86861373	chr2	86861282	86861373	27	27	0	0	0.116497829816065	0.990898390030923	0.976636627965954	0.976636627965954	91	144	Promoter	1	Non-heritable	0.0698800947572788	0.618447163284799	0.00649146501452936	0	0	0	0.698800947572788	4.51085950651685	4.97673374242057	0	-0.0236406122217498
BA_only	hippocampus	AA	psi	chr2_869026_869539	chr2	869026	869539	207	207	0	0	0.00075679599365497	0.680174427388751	4.37634111711208	-4.37634111711208	513	486	Promoter	2	Heritable	0.109450929092403	0.917710881455418	0.00820964997841847	907	0	0	1.09450929092403	6.24027584517077	6.18826412308259	6.81124437860129	1.47621301617467
BA_only	hippocampus	AA	psi	chr2_87341865_87342019	chr2	87341865	87342019	38	38	0	0	0.00817755693381587	0.933559278800072	35.8229373435438	35.8229373435438	154	43	Genic/other	1	Heritable	0.191175702141099	0.434380634918764	0.00816078040549808	0	0	0	1.91175702141099	5.03695260241363	3.78418963391826	0	3.57858839644033
BA_only	hippocampus	AA	psi	chr2_87348702_87349209	chr2	87348702	87349209	38	38	0	0	0.0218903858053598	0.975932065139872	5.71398591035778	5.71398591035778	507	43	Promoter	0	Heritable	0.207722890377873	0.449302421874028	0.0125237883458537	42	0	0	2.07722890377873	6.22851100359118	3.78418963391826	3.76120011569356	1.74291683974495
BA_only	hippocampus	AA	psi	chr2_87485573_87487210	chr2	87485573	87487210	44	44	0	0	0.0297287371887087	0.976741514025636	2.31552594457849	2.31552594457849	1637	47	Promoter	0	Non-heritable	0.040181131303753	0.307939973201004	0.0101379384325222	0	0	0	0.40181131303753	7.40062057737114	3.87120101090789	0	0.839636855935875
BA_only	hippocampus	AA	psi	chr2_87573479_87574255	chr2	87573479	87574255	44	44	0	0	0.00764351150084629	0.933559278800072	6.26322780020857	6.26322780020857	776	66	Genic/other	0	Non-heritable	0.0441284223841599	0.481899358226981	0.00801717205676767	0	0	0	0.441284223841599	6.65415252018322	4.20469261939097	0	1.83469567685726
BA_only	hippocampus	AA	psi	chr2_87583416_87583951	chr2	87583416	87583951	44	44	0	0	0.0326539611226286	0.978956589179054	2.16940541199297	2.16940541199297	535	73	Promoter	0	Non-heritable	0.0775259816890397	0.481169121558277	0.0151505153311712	0	0	0	0.775259816890397	6.28226674689601	4.30406509320417	0	0.774453130926181
BA_only	hippocampus	AA	psi	chr2_87825958_87826007	chr2	87825958	87826007	25	25	0	0	0.0476189443367413	0.982661996589092	4.89032782494532	-4.89032782494532	49	148	Promoter	1	Heritable	0.123988104802505	0.693258175390678	0.00721923649129946	106125	0	0	1.23988104802505	3.89182029811063	5.00394630594546	11.5723823464197	1.58725934315068
BA_only	hippocampus	AA	psi	chr2_88169950_88170140	chr2	88169950	88170140	50	50	0	0	0.0493226739689735	0.983382963027712	3.84116327729994	3.84116327729994	190	225	Promoter	1	Heritable	0.459717278841611	0.833855539604074	0.0114620854553929	0	0	0	4.59717278841611	5.24702407216049	5.42053499927229	0	1.34577526012379
BA_only	hippocampus	AA	psi	chr2_88170858_88171085	chr2	88170858	88171085	50	50	0	0	0.0106116836886307	0.944902218841749	3.12999389888608	3.12999389888608	227	207	Promoter	2	Heritable	0.337598187569636	0.83506492946702	0.0102959374798669	0	0	0	3.37598187569636	5.4249500174814	5.33753807970132	0	1.14103105850738
BA_only	hippocampus	AA	psi	chr2_88284022_88284551	chr2	88284022	88284551	39	39	0	0	0.00206327915452929	0.811090501848299	5.92414761564412	5.92414761564412	529	220	Enhancer	2	Non-heritable	0.0991275882775182	0.778581990060268	0.00979091809855538	98123	0	0	0.991275882775182	6.2709884318583	5.39816270151775	11.49398726395	1.77903681602148
BA_only	hippocampus	AA	psi	chr2_8926573_8927527	chr2	8926573	8927527	56	56	0	0	0.0283018661503167	0.975932065139872	3.17008662887691	3.17008662887691	954	498	Genic/other	0	Heritable	0.104613158862489	0.93696086415534	0.00710731567552769	15736	0	0	1.04613158862489	6.86066367144829	6.21260609575152	9.66376990660086	1.1537589183917
BA_only	hippocampus	AA	psi	chr2_89325547_89326534	chr2	89325547	89326534	134	134	0	0	0.00362675718189168	0.866906756094015	2.90354125232402	2.90354125232402	987	23	Intergenic	0	Low prediction	0.0840543147057797	0.192005364180939	0.00792241914063554	213845	0	0	0.840543147057797	6.89467003943348	3.17805383034795	12.2730114087806	1.06593111696509
BA_only	hippocampus	AA	psi	chr2_89767579_89767621	chr2	89767579	89767621	152	152	0	0	0.00752073532887383	0.933559278800072	9.30210521528798	9.30210521528798	42	7	Intergenic	1	Low prediction	0.083483347293232	0.0960372058153866	0.008767158290591	118444	0	0	0.83483347293232	3.73766961828337	2.07944154167984	11.6822039967922	2.23024074285231
BA_only	hippocampus	AA	psi	chr2_89768402_89770757	chr2	89768402	89770757	152	152	0	0	0.0104017535191643	0.944902218841749	3.4523872934125	-3.4523872934125	2355	7	Intergenic	2	Low prediction	0.0868081325117185	0.140637536511436	0.00400936200901452	119267	0	0	0.868081325117185	7.76429600645052	2.07944154167984	11.689128340756	1.23906596374465
BA_only	hippocampus	AA	psi	chr2_89814416_89815200	chr2	89814416	89815200	152	152	0	0	0.0173501834484148	0.970581273335112	4.85865866527268	-4.85865866527268	784	7	Intergenic	0	Low prediction	0.0375073035561154	0.0428720129990641	0.022572786971371	165281	0	0	0.375073035561154	6.66440902035041	2.07944154167984	12.0154083849579	1.58076240707715
BA_only	hippocampus	AA	psi	chr2_89832643_89833897	chr2	89832643	89833897	15	15	0	0	0.0145545637585841	0.966089857218066	1.67114099541919	1.67114099541919	1254	7	Enhancer	0	Low prediction	0.0151549595157456	0.0310233948732305	0.012470038431382	183508	0	0	0.151549595157456	7.13409372119287	2.07944154167984	12.1200189915956	0.513506629906634
BA_only	hippocampus	AA	psi	chr2_90237864_90238414	chr2	90237864	90238414	6	6	0	0	0.0427030176671886	0.980549382116533	1.01093188412179	-1.01093188412179	550	8	Intergenic	2	Low prediction	0.0281773494008572	0.0473482475131136	0.0101191275278983	3133	0	0	0.281773494008572	6.30991827822652	2.19722457733622	8.05006542291597	0.0108725729045216
BA_only	hippocampus	AA	psi	chr2_90245037_90245397	chr2	90245037	90245397	6	6	0	0	0.552980111989766	0.996372748468176	0.796832899776639	-0.796832899776639	360	8	Intergenic	0	Low prediction	0.0177694130054987	0.0315583312962492	0.0186006727777239	32	0	0	0.177694130054987	5.88610403145016	2.19722457733622	3.49650756146648	-0.22711027113415
BA_only	hippocampus	AA	psi	chr2_90324370_90324400	chr2	90324370	90324400	6	6	0	0	0.0189364651565899	0.97294422691241	2.17451865631694	-2.17451865631694	30	8	Intergenic	1	Low prediction	0.0515405478759179	0.0737871409485751	0.00685884028537328	79365	0	0	0.515405478759179	3.40119738166216	2.19722457733622	11.2818253439396	0.776807337206774
BA_only	hippocampus	AA	psi	chr2_90360569_90360980	chr2	90360569	90360980	6	6	0	0	0.0301532376687552	0.976893291659941	1.79193967507567	-1.79193967507567	411	8	Promoter	1	Low prediction	0.0685182620217399	0.0798488191416903	0.0100338774416002	115564	0	0	0.685182620217399	6.01859321449623	2.19722457733622	11.6575884212108	0.583298656104419
BA_only	hippocampus	AA	psi	chr2_91411343_91411650	chr2	91411343	91411650	92	92	0	0	0.00393703720839583	0.876132919298309	3.71499969415021	-3.71499969415021	307	9	Intergenic	0	Low prediction	0.0524064811524945	0.0971781239792349	0.00792929175049518	160032	0	0	0.524064811524945	5.7268477475872	2.30258509299405	11.9831353229494	1.31237859853317
BA_only	hippocampus	AA	psi	chr2_91441995_91442413	chr2	91441995	91442413	92	92	0	0	0.0211645208222741	0.975932065139872	2.01495752385034	2.01495752385034	418	11	Intergenic	1		0.0309029356575104		0.0129824980882259	129269	0	0	0.309029356575104	6.03548143252476	2.484906649788	11.769658519278	0.700598120164327
BA_only	hippocampus	AA	psi	chr2_91443479_91443567	chr2	91443479	91443567	92	92	0	0	0.00434713390379919	0.88871383236223	3.47162255348932	3.47162255348932	88	10	Intergenic	1	Low prediction	0.0632211544364484	0.130443748841239	0.0115389163076447	128115	0	0	0.632211544364484	4.47733681447821	2.39789527279837	11.7606913825052	1.24462208221646
BA_only	hippocampus	AA	psi	chr2_91571255_91571873	chr2	91571255	91571873	96	96	0	0	0.000446532284137154	0.604162640906295	6.60798138880969	6.60798138880969	618	10	Enhancer	0	Low prediction	0.101654218271725	0.187228954555504	0.0223185709333844	0	0	0	1.01654218271725	6.42648845745769	2.39789527279837	0	1.88827822126461
BA_only	hippocampus	AA	psi	chr2_91589478_91590118	chr2	91589478	91590118	96	96	0	0	0.00456876050967147	0.897520405788695	5.42560120639189	-5.42560120639189	640	12	Promoter	2	Low prediction	0.0460613606491378	0.11275202868451	0.00830323518097431	0	0	0	0.460613606491378	6.46146817635372	2.56494935746154	0	1.69112871658412
BA_only	hippocampus	AA	psi	chr2_91659986_91660132	chr2	91659986	91660132	96	96	0	0	0.00530203294970523	0.911505484735131	5.35338784555728	-5.35338784555728	146	10	Promoter	0	Low prediction	0.133495926279802	0.209770360248294	0.0117319000870792	76	0	0	1.33495926279802	4.98360662170834	2.39789527279837	4.34380542185368	1.67772960452292
BA_only	hippocampus	AA	psi	chr2_91744862_91745550	chr2	91744862	91745550	96	96	0	0	0.0104648376022327	0.944902218841749	2.45958009733135	2.45958009733135	688	11	Genic/other	2	Low prediction	0.0820201629909892	0.195744112210778	0.00887103564276007	15233	0	0	0.820201629909892	6.53378883793334	2.484906649788	9.63128505093273	0.899990647298717
BA_only	hippocampus	AA	psi	chr2_91748542_91749241	chr2	91748542	91749241	96	96	0	0	0.00857646870909764	0.933559278800072	4.38491298302307	-4.38491298302307	699	10	Promoter	2	Heritable	0.245935262656379	0.402884670605995	0.0126401564878017	11542	0	0	2.45935262656379	6.54965074223381	2.39789527279837	9.35383447161491	1.47816978367132
BA_only	hippocampus	AA	psi	chr2_91840092_91840395	chr2	91840092	91840395	93	93	0	0	0.00198912958619336	0.80651122630121	2.19189302068801	-2.19189302068801	303	11	Promoter	1	Heritable	0.342327741162032	0.473316869025072	0.0173253560997604	72477	0	0	3.42327741162032	5.71373280550937	2.484906649788	11.1910383465172	0.784765568026408
BA_only	hippocampus	AA	psi	chr2_9303648_9304474	chr2	9303648	9304474	83	83	0	0	0.000336165350859082	0.556148969961787	4.87349277135942	-4.87349277135942	826	443	Genic/other	0	Heritable	0.290974434744237	0.906317671077041	0.008781446346915	30704	0	0	2.90974434744237	6.71659477352098	6.09582456243223	10.3321807867635	1.58381088359149
BA_only	hippocampus	AA	psi	chr2_9311041_9311876	chr2	9311041	9311876	89	89	0	0	0.0159297711461548	0.967716068030647	3.08622025764846	-3.08622025764846	835	435	Genic/other	0	Heritable	0.141191309875052	0.921215798061052	0.0082184528128668	23302	0	0	1.41191309875052	6.72743172485086	6.07764224334903	10.0563373866303	1.12694712781909
BA_only	hippocampus	AA	psi	chr2_932909_933136	chr2	932909	933136	203	203	0	0	0.00969098607081813	0.939841915020693	4.12288117017107	4.12288117017107	227	477	Intergenic	0	Non-heritable	0.0502746910038245	0.82992136507312	0.00796485546966366	8345	0	0	0.502746910038245	5.4249500174814	6.16961073249146	9.0295376611515	1.41655223452974
BA_only	hippocampus	AA	psi	chr2_94622533_94622725	chr2	94622533	94622725	28	28	0	0	0.0174204859906748	0.970581273335112	3.0995991224428	3.0995991224428	192	58	Intergenic	0		0.0876494364682735		0.00685399539435538	0	0	0	0.876494364682735	5.25749537202778	4.07753744390572	0	1.13127279101434
BA_only	hippocampus	AA	psi	chr2_9466217_9466650	chr2	9466217	9466650	106	106	0	0	0.0166358341087285	0.970177563875914	2.52486518929646	2.52486518929646	433	495	Genic/other	0	Non-heritable	0.07652876767667	0.858314722778077	0.00801843960566628	1125	0	0	0.7652876767667	6.07073772800249	6.20657592672493	7.02642680869964	0.926187674884974
BA_only	hippocampus	AA	psi	chr2_9473751_9473796	chr2	9473751	9473796	106	106	0	0	0.0209363626680319	0.975856666808667	11.8975638458678	11.8975638458678	45	488	Promoter	1	Non-heritable	0.0784607861577511	0.89559733239257	0.00728312293921346	102	0	0	0.784607861577511	3.80666248977032	6.19236248947487	4.63472898822964	2.47633366116559
BA_only	hippocampus	AA	psi	chr2_9475561_9475660	chr2	9475561	9475660	106	106	0	0	0.00196812175203552	0.80614848610333	5.91827704378485	5.91827704378485	99	493	Promoter	1	Heritable	0.119651541794072	0.925789416787335	0.00508983442259512	0	0	0	1.19651541794072	4.59511985013459	6.20253551718792	0	1.77804536832406
BA_only	hippocampus	AA	psi	chr2_94807129_94808071	chr2	94807129	94808071	58	58	0	0	0.0350053736591298	0.980327953711174	1.60326820367436	-1.60326820367436	942	64	Genic/other	0	Heritable	0.110525407376251	0.382298599662828	0.0116896512701592	45580	0	0	1.10525407376251	6.84800527457636	4.17438726989564	10.7272462420061	0.472044179452825
BA_only	hippocampus	AA	psi	chr2_94858407_94858810	chr2	94858407	94858810	40	40	0	0	0.0815130472839452	0.988137148207548	3.77216855984782	-3.77216855984782	403	67	Genic/other	2	Heritable	0.237758339325066	0.583662454901298	0.00888041908031629	0	0	0	2.37758339325066	5.99893656194668	4.21950770517611	0	1.32765005355203
BA_only	hippocampus	AA	psi	chr2_94871299_94872159	chr2	94871299	94872159	42	42	0	0	0.00975365250121683	0.939841915020693	3.74711479148373	-3.74711479148373	860	62	Promoter	2	Heritable	0.121691666009712	0.551063497082576	0.00991843353799409	0	0	0	1.21691666009712	6.75693238924755	4.14313472639153	0	1.3209861575818
BA_only	hippocampus	AA	psi	chr2_95027681_95028044	chr2	95027681	95028044	53	53	0	0	0.0291976912239039	0.976056724851304	2.82590031704014	2.82590031704014	363	76	Promoter	1	Non-heritable	0.0986129090040757	0.452849626228629	0.0062226065863471	0	0	0	0.986129090040757	5.89440283426485	4.34380542185368	0	1.03882701366162
BA_only	hippocampus	AA	psi	chr2_95029266_95030068	chr2	95029266	95030068	53	53	0	0	0.0438229350959391	0.980789550235948	3.61591697122572	3.61591697122572	802	74	Genic/other	1	Non-heritable	0.0856572782509838	0.546273555224691	0.00738413583850242	0	0	0	0.856572782509838	6.68710860786652	4.31748811353631	0	1.28534548353455
BA_only	hippocampus	AA	psi	chr2_95056875_95058557	chr2	95056875	95058557	60	60	0	0	0.0247282464112207	0.975932065139872	4.83702205232735	4.83702205232735	1682	74	Intergenic	0	Non-heritable	0.0624539533434814	0.461556023487069	0.00928232478809747	0	0	0	0.624539533434814	7.42773884053289	4.31748811353631	0	1.57629925498971
BA_only	hippocampus	AA	psi	chr2_95060795_95061155	chr2	95060795	95061155	60	60	0	0	0.00982902071259477	0.941397586311041	1.59430441754248	1.59430441754248	360	75	Intergenic	0	Non-heritable	0.0698584627996846	0.527189370666309	0.00841682952152685	0	0	0	0.698584627996846	5.88610403145016	4.33073334028633	0	0.466437545534822
BA_only	hippocampus	AA	psi	chr2_95312325_95313727	chr2	95312325	95313727	43	43	0	0	0.0652559204625921	0.985907779499035	4.73418821264019	4.73418821264019	1402	90	Genic/other	0	Non-heritable	0.0545010359546627	0.471647955337446	0.00909986032906317	0	0	0	0.545010359546627	7.24565506759454	4.51085950651685	0	1.55481027004795
BA_only	hippocampus	AA	psi	chr2_95527489_95527623	chr2	95527489	95527623	38	38	0	0	0.0314161946520341	0.977060807838727	2.33159645374376	2.33159645374376	134	85	Promoter	1	Non-heritable	0.0898390256668964	0.510719764090188	0.00773098470045759	0	0	0	0.898390256668964	4.89783979995091	4.45434729625351	0	0.846553210523054
BA_only	hippocampus	AA	psi	chr2_95649392_95649526	chr2	95649392	95649526	46	46	0	0	0.0334235270056822	0.979164877002956	3.68317729607234	3.68317729607234	134	92	Intergenic	2	Non-heritable	0.071476275180097	0.481223702449467	0.00615027672068309	0	0	0	0.71476275180097	4.89783979995091	4.53259949315326	0	1.30377577805608
BA_only	hippocampus	AA	psi	chr2_95858153_95859283	chr2	95858153	95859283	220	220	0	0	0.00430535358618195	0.888539612676336	2.71975500984846	-2.71975500984846	1130	97	Genic/other	0	Non-heritable	0.0989257983826781	0.489294737709257	0.019657309977756	166	0	0	0.989257983826781	7.02997291170639	4.58496747867057	5.11799381241676	1.00054181001952
BA_only	hippocampus	AA	psi	chr2_96071798_96072171	chr2	96071798	96072171	197	197	0	0	0.0108980480592294	0.946344095230339	2.51147777127081	2.51147777127081	373	114	Intergenic	0	Non-heritable	0.0413272705048644	0.582949730616979	0.00578399635887661	35883	0	0	0.413272705048644	5.92157841964382	4.74493212836325	10.4880467926792	0.920871337372417
BA_only	hippocampus	AA	psi	chr2_96164520_96165031	chr2	96164520	96165031	208	208	0	0	0.00174163335866039	0.792373102657891	3.03126728197889	3.03126728197889	511	112	Enhancer	0	Non-heritable	0.0210673941804727	0.496164694354457	0.00735194327493202	30517	0	0	0.210673941804727	6.2363695902037	4.72738781871234	10.3260719524517	1.10898078025774
BA_only	hippocampus	AA	psi	chr2_9637973_9638729	chr2	9637973	9638729	125	125	0	0	0.0113660899725633	0.951583534316731	4.30012043700669	-4.30012043700669	756	533	Promoter	0	Heritable	0.120570677462019	0.949484844182615	0.0074150245450787	0	0	0	1.20570677462019	6.62804137617953	6.2803958389602	0	1.45864303323901
BA_only	hippocampus	AA	psi	chr2_96394378_96394643	chr2	96394378	96394643	49	49	0	0	0.0330735957793078	0.979164877002956	3.36474268603527	-3.36474268603527	265	130	Intergenic	0	Non-heritable	0.0270275979331295	0.535556255784095	0.00772472067654085	28408	0	0	0.270275979331295	5.57972982598622	4.87519732320115	10.2544612753551	1.21335149539905
BA_only	hippocampus	AA	psi	chr2_96554163_96554369	chr2	96554163	96554369	48	48	0	0	0.0132898173635032	0.964283399649536	2.36702191367889	2.36702191367889	206	149	Intergenic	1	Non-heritable	0.0995641729859581	0.64297350401477	0.00987000468944293	3974	0	0	0.995641729859581	5.32787616878958	5.01063529409626	8.28778002708843	0.861632592710706
BA_only	hippocampus	AA	psi	chr2_96895480_96896343	chr2	96895480	96896343	35	35	0	0	0.0517246638869282	0.984153364580922	2.58816752037294	-2.58816752037294	863	129	Promoter	0	Non-heritable	0.0570024742636954	0.54782397419463	0.00759256534633276	0	0	0	0.570024742636954	6.76041469108343	4.86753445045558	0	0.950950108072487
BA_only	hippocampus	AA	psi	chr2_96909462_96909786	chr2	96909462	96909786	35	35	0	0	0.00314180121003587	0.851784566185656	2.96105190633849	2.96105190633849	324	126	Genic/other	0	Non-heritable	0.0521390335298075	0.549450325090884	0.00765098971623271	3241	0	0	0.521390335298075	5.78074351579233	4.84418708645859	8.08394570229562	1.08554458234585
BA_only	hippocampus	AA	psi	chr2_96949574_96950475	chr2	96949574	96950475	30	30	0	0	0.00462501153206022	0.900464468238672	4.46533806666811	4.46533806666811	901	125	Promoter	0	Non-heritable	0.0664211028178565	0.652876652234728	0.00855022517105416	33563	0	0	0.664211028178565	6.80350525760834	4.83628190695148	10.42120934299	1.496344928521
BA_only	hippocampus	AA	psi	chr2_9738884_9739914	chr2	9738884	9739914	87	87	0	0	0.0017522413684006	0.793694291505609	3.46701228280726	3.46701228280726	1030	514	Enhancer	0	Heritable	0.243368480800908	0.909305209670601	0.0108577136301846	13053	0	0	2.43368480800908	6.93731408122368	6.24416690066374	9.47684987919516	1.24329321235777
BA_only	hippocampus	AA	psi	chr2_9753178_9753443	chr2	9753178	9753443	87	87	0	0	0.0747032325137683	0.986273715994367	3.62906330052631	3.62906330052631	265	529	Enhancer	0	Heritable	0.156759275322097	0.949251049096955	0.00683872382337581	0	0	0	1.56759275322097	5.57972982598622	6.27287700654617	0	1.28897457380108
BA_only	hippocampus	AA	psi	chr2_9753982_9754465	chr2	9753982	9754465	87	87	0	0	0.0329910237761876	0.979164877002956	3.33837270547345	-3.33837270547345	483	528	Enhancer	0	Heritable	0.351053873251207	0.92835390277688	0.00625844834742356	0	0	0	3.51053873251207	6.18001665365257	6.2709884318583	0	1.2054834773267
BA_only	hippocampus	AA	psi	chr2_97697294_97697876	chr2	97697294	97697876	101	101	0	0	0.0044013824390943	0.889848816018623	1.70055230235849	-1.70055230235849	582	136	Genic/other	0	Heritable	0.16055167614315	0.701901656273201	0.01113185106522	0	0	0	1.6055167614315	6.36647044773144	4.91998092582813	0	0.530953087919606
BA_only	hippocampus	AA	psi	chr2_97709797_97710100	chr2	97709797	97710100	101	101	0	0	0.0164646146092923	0.969521067337303	1.51811434970568	-1.51811434970568	303	144	Genic/other	0	Heritable	0.114089152412951	0.627568770929913	0.0074784604751545	7127	0	0	1.14089152412951	5.71373280550937	4.97673374242057	8.87178596915065	0.417469011910334
BA_only	hippocampus	AA	psi	chr2_97723962_97724632	chr2	97723962	97724632	101	101	0	0	0.00790836374777426	0.933559278800072	3.07274307762887	3.07274307762887	670	141	Promoter	2	Heritable	0.30837361549271	0.750721150775244	0.0107316131686949	8710	0	0	3.0837361549271	6.50727771238501	4.95582705760126	9.07234187381889	1.12257067653882
BA_only	hippocampus	AA	psi	chr2_98294986_98295259	chr2	98294986	98295259	17	17	0	0	0.0730923938063614	0.985907779499035	4.21270942303083	-4.21270942303083	273	215	Genic/other	0	Heritable	0.123195081098805	0.811783277857932	0.00500045019344932	0	0	0	1.23195081098805	5.60947179518496	5.37527840768417	0	1.43810601148259
BA_only	hippocampus	AA	psi	chr2_99593887_99594151	chr2	99593887	99594151	4	4	0	0	0.236877584869368	0.992090551618052	1.29158244002625	-1.29158244002625	264	197	Promoter	2	Non-heritable	0.0354708442164615	0.712432755020762	0.00908301892787526	39203	0	0	0.354708442164615	5.57594910314632	5.28826703069454	10.5765340613891	0.255868172031912
BA_only	hippocampus	AA	psi	chr2_99615184_99615730	chr2	99615184	99615730	4	4	0	0	0.297760350034811	0.993663620961428	1.78941297751685	1.78941297751685	546	205	Genic/other	0	Heritable	0.103545422400375	0.729617842160421	0.00739087510045876	60500	0	0	1.03545422400375	6.30261897574491	5.32787616878958	11.010415172808	0.581887626133884
BA_only	hippocampus	AA	psi	chr2_99743009_99743505	chr2	99743009	99743505	1	1	0	0	0.431979744154715	0.994840206451052	1.17192689098146	1.17192689098146	496	229	Genic/other	0	Non-heritable	0.0652647394034532	0.691002770786291	0.00724929962745966	188325	0	0	0.652647394034532	6.20657592672493	5.4380793089232	12.1459297826493	0.158649318033429
BA_only	hippocampus	AA	psi	chr3_100254981_100255627	chr3	100254981	100255627	19	19	0	0	0.00946482131642174	0.939841915020693	2.91252263476938	2.91252263476938	646	168	Genic/other	0	Non-heritable	0.0882580731784999	0.696633256072435	0.00878162977644765	5443	0	0	0.882580731784999	6.4707995037826	5.12989871492307	8.60226936377136	1.06901959388971
BA_only	hippocampus	AA	psi	chr3_100316427_100316997	chr3	100316427	100316997	20	20	0	0	0.035084321504117	0.980327953711174	1.97094429471209	-1.97094429471209	570	174	Genic/other	0	Non-heritable	0.0727089738947306	0.643986860337431	0.010384779324537	327	0	0	0.727089738947306	6.3456363608286	5.16478597392351	5.79301360838414	0.67851277039543
BA_only	hippocampus	AA	psi	chr3_100590645_100591114	chr3	100590645	100591114	31	31	0	0	0.0131248439984234	0.964283399649536	2.7498534411568	-2.7498534411568	469	258	Intergenic	0	Heritable	0.131973492417235	0.786453834010982	0.00731577158827986	13719	0	0	1.31973492417235	6.15060276844628	5.55682806169954	9.52660990127988	1.01154761977006
BA_only	hippocampus	AA	psi	chr3_10141376_10141536	chr3	10141376	10141536	192	192	0	0	0.00584138181697439	0.91658260669542	4.05884131862423	4.05884131862423	160	490	Promoter	1	Non-heritable	0.0684586541508003	0.917348900271156	0.0128523779975794	346	0	0	0.684586541508003	5.07517381523383	6.19644412779452	5.84932477994686	1.40089754584464
BA_only	hippocampus	AA	psi	chr3_10142490_10142579	chr3	10142490	10142579	192	192	0	0	0.000188445197256346	0.477398618736782	3.99358384430509	3.99358384430509	89	506	Genic/other	1	Non-heritable	0.0721867216043478	0.919511825086382	0.00682601524267536	0	0	0	0.721867216043478	4.48863636973214	6.22851100359118	0	1.38468903685239
BA_only	hippocampus	AA	psi	chr3_101559676_101560523	chr3	101559676	101560523	50	50	0	0	0.0612016853613586	0.985907779499035	2.06730159113662	2.06730159113662	847	255	Genic/other	2	Non-heritable	0.0573650493353181	0.799142468214787	0.00632513015693768	1479	0	0	0.573650493353181	6.74170069465206	5.54517744447956	7.29979736675816	0.726244182555012
BA_only	hippocampus	AA	psi	chr3_10164429_10164574	chr3	10164429	10164574	184	184	0	0	0.00535269498817862	0.912035111152522	5.79878433241439	-5.79878433241439	145	484	Promoter	1	Non-heritable	0.0453995947068956	0.904450414589994	0.0104570034155281	14641	0	0	0.453995947068956	4.97673374242057	6.18414889093748	9.59164939020659	1.75764829944858
BA_only	hippocampus	AA	psi	chr3_10165517_10165685	chr3	10165517	10165685	181	181	0	0	0.00850844130915272	0.933559278800072	5.20116325719532	-5.20116325719532	168	493	Genic/other	1	Non-heritable	0.0989098728405539	0.919209423528537	0.0096620138641068	15729	0	0	0.989098728405539	5.12396397940326	6.20253551718792	9.66332499605232	1.64888230579897
BA_only	hippocampus	AA	psi	chr3_101687482_101687875	chr3	101687482	101687875	56	56	0	0	0.0174548528787603	0.970581273335112	3.63454216833733	-3.63454216833733	393	222	Promoter	1	Non-heritable	0.0827965876352998	0.774903399633912	0.00885885820922391	0	0	0	0.827965876352998	5.97380961186926	5.40717177146012	0	1.29048315486554
BA_only	hippocampus	AA	psi	chr3_10171005_10171246	chr3	10171005	10171246	169	169	0	0	0.00130763212848718	0.751221462279749	5.71479922686812	-5.71479922686812	241	485	Genic/other	0	Non-heritable	0.0776855643220045	0.903208611057694	0.00736944245080692	21217	0	0	0.776855643220045	5.48479693349066	6.18620862390049	9.96260515701922	1.7430591674728
BA_only	hippocampus	AA	psi	chr3_101850565_101850982	chr3	101850565	101850982	54	54	0	0	0.0166088561245604	0.969892390754483	2.99725712495643	2.99725712495643	417	247	Genic/other	1	Non-heritable	0.0660702290150829	0.839689376079309	0.00803907236786412	0	0	0	0.660702290150829	6.0330862217988	5.51342874616498	0	1.09769758210373
BA_only	hippocampus	AA	psi	chr3_105353152_105355742	chr3	105353152	105355742	1	1	0	0	0.229327173704524	0.991521589470366	1.26630072535601	-1.26630072535601	2590	311	Enhancer	2	Heritable	0.286004916561056	0.849821943688352	0.00637784218061702	186022	0	0	2.86004916561056	7.85941315469358	5.74300318780948	12.1336256009646	0.236099843186576
BA_only	hippocampus	AA	psi	chr3_105882257_105883127	chr3	105882257	105883127	18	18	0	0	0.0810488718266134	0.988137148207548	1.20154386986509	1.20154386986509	870	276	Intergenic	0	Heritable	0.118541958126618	0.802976352893581	0.0125956200401312	0	0	0	1.18541958126618	6.76849321164863	5.62401750618734	0	0.183607296430627
BA_only	hippocampus	AA	psi	chr3_106341279_106342100	chr3	106341279	106342100	9	9	0	0	0.176370591963114	0.991064867102684	1.70840327520572	-1.70840327520572	821	336	Intergenic	0	Heritable	0.132729015215069	0.890405706151557	0.0100259681512025	26115	0	0	1.32729015215069	6.71052310945243	5.82008293035236	10.1703034323065	0.535559182955533
BA_only	hippocampus	AA	psi	chr3_107062333_107063564	chr3	107062333	107063564	240	240	0	0	0.00744641705100441	0.933559278800072	5.32797913235361	5.32797913235361	1231	341	Enhancer	0	Non-heritable	0.0888146343599855	0.854377541620055	0.00726466173961129	0	0	0	0.888146343599855	7.11558212618445	5.83481073706261	0	1.672972018507
BA_only	hippocampus	AA	psi	chr3_107117581_107118616	chr3	107117581	107118616	242	242	0	0	0.00236488374335126	0.823087269649574	7.19231055931315	7.19231055931315	1035	306	Genic/other	0	Heritable	0.101062293006546	0.87654192104124	0.00648274471519721	0	0	0	1.01062293006546	6.94215670569947	5.7268477475872	0	1.97301247884448
BA_only	hippocampus	AA	psi	chr3_107800966_107801619	chr3	107800966	107801619	150	150	0	0	0.0121118299239535	0.95649320230981	3.55952182862948	3.55952182862948	653	292	Genic/other	0	Non-heritable	0.0815972685196534	0.77235189726496	0.00708405486758298	0	0	0	0.815972685196534	6.48157712927643	5.68017260901707	0	1.26962622085115
BA_only	hippocampus	AA	psi	chr3_109188770_109189201	chr3	109188770	109189201	48	48	0	0	0.00985204499709481	0.942073424233405	3.31510113773348	-3.31510113773348	431	277	Genic/other	0	Non-heritable	0.0980003798532867	0.821296949795402	0.00910444025585476	0	0	0	0.980003798532867	6.06610809010375	5.62762111369064	0	1.19848813530914
BA_only	hippocampus	AA	psi	chr3_109355220_109355808	chr3	109355220	109355808	51	51	0	0	0.0194070780565195	0.973353388707841	2.5349313557079	-2.5349313557079	588	270	Enhancer	0	Heritable	0.116163359601737	0.853210441236942	0.00881485100045441	0	0	0	1.16163359601737	6.37672694789863	5.6021188208797	0	0.930166562005181
BA_only	hippocampus	AA	psi	chr3_10949113_10949400	chr3	10949113	10949400	71	71	0	0	0.00501423603083755	0.909365649076715	2.9259554137919	2.9259554137919	287	517	Genic/other	0	Non-heritable	0.0903733036817354	0.922401413272494	0.0069602910659474	0	0	0	0.903733036817354	5.65948221575962	6.24997524225948	0	1.073621067961
BA_only	hippocampus	AA	psi	chr3_11060171_11060567	chr3	11060171	11060567	83	83	0	0	0.0291687807901519	0.976056724851304	1.47502736196155	1.47502736196155	396	441	Promoter	0	Non-heritable	0.0464546010628241	0.885387712575542	0.011364614292537	552	0	0	0.464546010628241	5.98141421125448	6.0913098820777	6.31535800152234	0.388676546881667
BA_only	hippocampus	AA	psi	chr3_111860921_111861033	chr3	111860921	111861033	13	13	0	0	0.0580848484425527	0.98577631996496	1.19229600083915	-1.19229600083915	112	340	Promoter	1	Non-heritable	0.0622233527010267	0.86680194021859	0.00940013186245079	0	0	0	0.622233527010267	4.71849887129509	5.83188247728352	0	0.175880869054957
BA_only	hippocampus	AA	psi	chr3_111967333_111967831	chr3	111967333	111967831	16	16	0	0	0.0969373381045223	0.990400450319684	0.869750118579306	0.869750118579306	498	355	Genic/other	0	Heritable	0.127611887558643	0.9170534455891	0.0123253584615084	11371	0	0	1.27611887558643	6.21060007702465	5.87493073085203	9.33890947277089	-0.13954931711531
BA_only	hippocampus	AA	psi	chr3_112302249_112302746	chr3	112302249	112302746	35	35	0	0	0.0675736311734167	0.985907779499035	3.27395389077874	-3.27395389077874	497	367	Promoter	0	Heritable	0.135430040278734	0.905695672049726	0.0147121796727182	0	0	0	1.35430040278734	6.20859002609663	5.90808293816893	0	1.18599839845236
BA_only	hippocampus	AA	psi	chr3_112305041_112305539	chr3	112305041	112305539	35	35	0	0	0.00328256576170333	0.857599671675802	1.22457337226888	1.22457337226888	498	346	Genic/other	0	Heritable	0.12585533485156	0.877907590415286	0.00804301068461311	0	0	0	1.2585533485156	6.21060007702465	5.84932477994686	0	0.202592523967969
BA_only	hippocampus	AA	psi	chr3_112332509_112332587	chr3	112332509	112332587	42	42	0	0	0.0385822277534885	0.980549382116533	7.68228145205102	7.68228145205102	78	371	Promoter	1	Non-heritable	0.0548190221037064	0.824432452859745	0.00814449900646493	322	0	0	0.548190221037064	4.35670882668959	5.91889385427315	5.77765232322266	2.03891656841563
BA_only	hippocampus	AA	psi	chr3_112605332_112605653	chr3	112605332	112605653	27	27	0	0	0.0350198127514729	0.980327953711174	2.61164013469655	-2.61164013469655	321	307	Genic/other	0	Non-heritable	0.0721574123486287	0.811681144324142	0.00699034879581415	109	0	0	0.721574123486287	5.77144112313002	5.73009978297357	4.70048036579242	0.959978431898731
BA_only	hippocampus	AA	psi	chr3_112640439_112641599	chr3	112640439	112641599	26	26	0	0	0.120619571576353	0.991064867102684	8.35576176562752	-8.35576176562752	1160	301	Promoter	0	Non-heritable	0.0756029282088089	0.749011278107186	0.00955466989116398	0	0	0	0.756029282088089	7.05617528410041	5.71042701737487	0	2.12295133390873
BA_only	hippocampus	AA	psi	chr3_112992377_112993752	chr3	112992377	112993752	78	78	0	0	0.00556900986428117	0.914301706404424	6.28267390102701	-6.28267390102701	1375	311	Genic/other	2	Heritable	0.116055426308643	0.885514270797592	0.00773424615443056	0	0	0	1.16055426308643	7.22620901010067	5.74300318780948	0	1.83779567187134
BA_only	hippocampus	AA	psi	chr3_113079370_113080498	chr3	113079370	113080498	83	83	1	1	8.24242950780606e-07	0.0195960168694201	3.47002352981654	-3.47002352981654	1128	331	Genic/other	0	Heritable	0.170063949761512	0.874342896755916	0.00808840709410073	0	1	1	1.70063949761512	7.02820143205801	5.80513496891649	0	1.24416137774456
BA_only	hippocampus	AA	psi	chr3_113276583_113276983	chr3	113276583	113276983	84	84	0	0	0.0168322663920671	0.970581273335112	3.02933347023395	3.02933347023395	400	310	Genic/other	0	Non-heritable	0.0588776559247842	0.685560177691013	0.00804895489414582	1799	0	0	0.588776559247842	5.99146454710798	5.73979291217923	7.49554194388426	1.10834262180341
BA_only	hippocampus	AA	psi	chr3_113441788_113441884	chr3	113441788	113441884	39	39	0	0	0.00977111630848551	0.939841915020693	4.3278877348605	4.3278877348605	96	344	Promoter	2	Non-heritable	0.0596520638588965	0.849220355218025	0.0125765570267157	334	0	0	0.596520638588965	4.56434819146784	5.84354441703136	5.81413053182507	1.46507960425321
BA_only	hippocampus	AA	psi	chr3_113515850_113516168	chr3	113515850	113516168	40	40	0	0	0.00576237649181641	0.91658260669542	2.89522102857917	-2.89522102857917	318	381	Promoter	1	Heritable	0.200369079033162	0.864090136205642	0.0124179350997111	769	0	0	2.00369079033162	5.76205138278018	5.94542060860658	6.64639051484773	1.06306145995112
BA_only	hippocampus	AA	psi	chr3_113838464_113838570	chr3	113838464	113838570	50	50	0	0	0.00471688544265445	0.902044089149494	1.60059404547752	-1.60059404547752	106	306	Promoter	1	Non-heritable	0.0527043782835638	0.829989963299156	0.00808117420194152	365	0	0	0.527043782835638	4.66343909411207	5.7268477475872	5.90263333340137	0.470374845010087
BA_only	hippocampus	AA	psi	chr3_114092667_114093099	chr3	114092667	114093099	26	26	0	0	0.0089477214988291	0.937658963537285	2.12235919014911	-2.12235919014911	432	382	Intergenic	0	Non-heritable	0.0492939809047748	0.867597997916811	0.00871932618347689	6993	0	0	0.492939809047748	6.06842558824411	5.94803498918065	8.85280791762332	0.752528300206333
BA_only	hippocampus	AA	psi	chr3_114151896_114152245	chr3	114151896	114152245	31	31	0	0	0.00132485274529543	0.753688014176758	3.67221374900847	3.67221374900847	349	356	Genic/other	1	Non-heritable	0.0649647123969296	0.89016990588596	0.00686859262357289	12395	0	0	0.649647123969296	5.85507192220243	5.87773578177964	9.42512911890764	1.30079468430152
BA_only	hippocampus	AA	psi	chr3_114153048_114153867	chr3	114153048	114153867	31	31	0	0	0.00653739488171428	0.923561800805115	2.50049733641985	-2.50049733641985	819	359	Genic/other	1	Non-heritable	0.0324952707320853	0.814302583975532	0.0106088457005356	13547	0	0	0.324952707320853	6.70808408385307	5.88610403145016	9.51399421393766	0.916489650656442
BA_only	hippocampus	AA	psi	chr3_114408462_114409077	chr3	114408462	114409077	16	16	0	0	0.028850672368075	0.975932065139872	1.80560153530079	1.80560153530079	615	327	Enhancer	0	Non-heritable	0.084272963449215	0.847879004546791	0.00769770413673832	0	0	0	0.84272963449215	6.42162226780652	5.79301360838414	0	0.590893802358655
BA_only	hippocampus	AA	psi	chr3_114443256_114445073	chr3	114443256	114445073	18	18	0	0	0.0725774439397682	0.985907779499035	1.45119710318454	-1.45119710318454	1817	308	Promoter	0	Heritable	0.104640195227952	0.820131481043684	0.0069878722181016	0	0	0	1.04640195227952	7.50494206839617	5.73334127689775	0	0.372388811115828
BA_only	hippocampus	AA	psi	chr3_114446690_114449407	chr3	114446690	114449407	18	18	0	0	0.0679575777081922	0.985907779499035	1.19377769714827	1.19377769714827	2717	293	Enhancer	0	Non-heritable	0.0475144934508187	0.783884662049457	0.0083601973491735	0	0	0	0.475144934508187	7.90728360942635	5.68357976733868	0	0.177122822720012
BA_only	hippocampus	AA	psi	chr3_114451593_114451930	chr3	114451593	114451930	18	18	0	0	0.0539041274488952	0.985176584192382	1.6486965185828	1.6486965185828	337	301	Genic/other	0	Heritable	0.111647498388552	0.84869167890365	0.007090593202861	0	0	0	1.11647498388552	5.82008293035236	5.71042701737487	0	0.49998499303465
BA_only	hippocampus	AA	psi	chr3_115071233_115072879	chr3	115071233	115072879	20	20	0	0	0.0685523629984947	0.985907779499035	1.89286205059283	1.89286205059283	1646	242	Promoter	0	Non-heritable	0.0672202143305416	0.722435172716877	0.00767530841513305	0	0	0	0.672202143305416	7.40610338123702	5.49306144334055	0	0.638090001422585
BA_only	hippocampus	AA	psi	chr3_115082385_115083263	chr3	115082385	115083263	20	20	0	0	0.0307758812768452	0.976893291659941	1.69686759325549	1.69686759325549	878	247	Genic/other	0	Heritable	0.111206516058265	0.818196695284859	0.00710945229386659	0	0	0	1.11206516058265	6.77764659363512	5.51342874616498	0	0.528783965091541
BA_only	hippocampus	AA	psi	chr3_115814881_115815963	chr3	115814881	115815963	25	25	0	0	0.0284196339828383	0.975932065139872	2.12639729674161	-2.12639729674161	1082	413	Genic/other	0	Non-heritable	0.0925107088297141	0.905746837720918	0.012178464141784	0	0	0	0.925107088297141	6.98656645940643	6.02586597382531	0	0.754429142394782
BA_only	hippocampus	AA	psi	chr3_116280212_116280800	chr3	116280212	116280800	3	3	0	0	0.723420343448328	0.997543272146997	0.20774708356793	-0.20774708356793	588	340	Genic/other	0	Heritable	0.105604592763619	0.885138993076921	0.00652771243137135	19098	0	0	1.05604592763619	6.37672694789863	5.83188247728352	9.85739125664315	-1.57143383539051
BA_only	hippocampus	AA	psi	chr3_116441766_116442361	chr3	116441766	116442361	1	1	0	0	0.12953775163664	0.991064867102684	0.924791123407772	0.924791123407772	595	335	Genic/other	0	Heritable	0.104615410250185	0.889442342821549	0.00698159760133686	2593	0	0	1.04615410250185	6.38856140554563	5.8171111599632	7.86095636487639	-0.0781873686880863
BA_only	hippocampus	AA	psi	chr3_116923505_116925748	chr3	116923505	116925748	4	4	0	0	0.201406573024167	0.991064867102684	0.591691411909646	-0.591691411909646	2243	408	Genic/other	0	Heritable	0.115345724211254	0.921848444658142	0.0124608503634533	0	0	0	1.15345724211254	7.71556953452021	6.0137151560428	0	-0.524770026768703
BA_only	hippocampus	AA	psi	chr3_118991195_118992628	chr3	118991195	118992628	37	37	0	0	0.0183466709945049	0.972503866121758	1.85004303942126	1.85004303942126	1433	288	Enhancer	0	Heritable	0.17130655293601	0.869337642269468	0.0140231035495071	0	0	0	1.7130655293601	7.26752542782817	5.66642668811243	0	0.61520890877693
BA_only	hippocampus	AA	psi	chr3_119032354_119033586	chr3	119032354	119033586	37	37	0	0	0.0755503097496635	0.987023137100836	1.7684249745643	1.7684249745643	1232	281	Genic/other	1	Non-heritable	0.0897542061083792	0.864641775000418	0.00952208584425701	0	0	0	0.897542061083792	7.11639414409347	5.64190707093811	0	0.570089311214583
BA_only	hippocampus	AA	psi	chr3_11912321_11912654	chr3	11912321	11912654	8	8	0	0	0.0770314606618833	0.987720536119146	3.93942984782782	-3.93942984782782	333	411	Genic/other	0	Heritable	0.622914059461216	0.905334564380656	0.00680643949125193	65818	0	0	6.22914059461216	5.80814248998044	6.02102334934953	11.0946638294314	1.37103600670383
BA_only	hippocampus	AA	psi	chr3_119572029_119572881	chr3	119572029	119572881	41	41	0	0	0.0405087200480622	0.980549382116533	1.92051271809218	-1.92051271809218	852	331	Enhancer	0	Heritable	0.728303095605018	0.895981880032047	0.00695902783384647	6969	0	0	7.28303095605018	6.74758652682932	5.80513496891649	8.84937050375457	0.652592196270629
BA_only	hippocampus	AA	psi	chr3_12005302_12005635	chr3	12005302	12005635	6	6	0	0	0.142055651545337	0.991064867102684	1.59676367280998	1.59676367280998	333	456	Genic/other	1	Non-heritable	0.0649100432306956	0.941453264010136	0.0101936518586203	0	0	0	0.649100432306956	5.80814248998044	6.12468339089421	0	0.467978882585195
BA_only	hippocampus	AA	psi	chr3_120263802_120265149	chr3	120263802	120265149	48	48	0	0	0.0126333039848059	0.961717006536833	1.99250218683027	1.99250218683027	1347	254	Genic/other	0	Non-heritable	0.0537334984956642	0.681318286181714	0.0091795786178251	84578	0	0	0.537334984956642	7.20563517641036	5.54126354515843	11.3454412878306	0.689391234231322
BA_only	hippocampus	AA	psi	chr3_120285692_120286026	chr3	120285692	120286026	48	48	0	0	0.035566185834128	0.980327953711174	1.98413659926034	1.98413659926034	334	236	Promoter	1	Heritable	0.191602069562305	0.798263460416557	0.00810335512319561	63701	0	0	1.91602069562305	5.8111409929767	5.46806014113513	11.0619712382416	0.685183861966213
BA_only	hippocampus	AA	psi	chr3_120350713_120350917	chr3	120350713	120350917	39	39	0	0	0.0177742907912744	0.970931943606436	1.09044861987026	-1.09044861987026	204	225	Genic/other	1	Non-heritable	0.0949050641858968	0.799144796402065	0.0080573197652349	0	0	0	0.949050641858968	5.31811999384422	5.42053499927229	0	0.086589198599278
BA_only	hippocampus	AA	psi	chr3_120559722_120560835	chr3	120559722	120560835	39	39	0	0	0.0324208874123029	0.978660772153819	2.93295874487478	-2.93295874487478	1113	245	Enhancer	0	Heritable	0.104023002009036	0.813527749329469	0.00846930584245631	35703	0	0	1.04023002009036	7.01481435127555	5.50533153593236	10.4830180063091	1.07601172746029
BA_only	hippocampus	AA	psi	chr3_120677903_120679446	chr3	120677903	120679446	49	49	0	0	0.019768022397033	0.974612769745579	4.29428475764822	-4.29428475764822	1543	215	Enhancer	0	Heritable	0.117111379491285	0.826328512841422	0.0130706239272601	0	0	0	1.17111379491285	7.34148385236316	5.37527840768417	0	1.45728501482829
BA_only	hippocampus	AA	psi	chr3_121923610_121927532	chr3	121923610	121927532	70	70	0	0	0.00719851227695312	0.931602204679102	5.85948930987244	-5.85948930987244	3922	221	Promoter	0	Heritable	0.475066388145195	0.874932598820578	0.00937457049942826	10588	0	0	4.75066388145195	8.27435700675629	5.40267738187228	9.26757100543045	1.76806245301197
BA_only	hippocampus	AA	psi	chr3_122021704_122021913	chr3	122021704	122021913	15	15	0	0	0.0869065187738803	0.988137148207548	2.33759576725217	-2.33759576725217	209	228	Genic/other	1	Non-heritable	0.0736836146755584	0.774989302621092	0.013003168607499	20395	0	0	0.736836146755584	5.34233425196481	5.43372200355424	9.92309408217505	0.849122955566812
BA_only	hippocampus	AA	psi	chr3_122022516_122022700	chr3	122022516	122022700	15	15	0	0	0.321273760209162	0.993828622005322	1.06297615608741	-1.06297615608741	184	226	Promoter	1	Non-heritable	0.0870690116895911	0.731874543381983	0.0086137177004126	21207	0	0	0.870690116895911	5.21493575760899	5.4249500174814	9.96213374796886	0.0610726777419478
BA_only	hippocampus	AA	psi	chr3_122417094_122417463	chr3	122417094	122417463	38	38	0	0	0.015518384325435	0.967076513219291	1.94710664998677	-1.94710664998677	369	255	Promoter	1	Non-heritable	0.0668696337847303	0.846322907864034	0.00731805983847446	0	0	0	0.668696337847303	5.91079664404053	5.54517744447956	0	0.666344506598264
BA_only	hippocampus	AA	psi	chr3_122579700_122579935	chr3	122579700	122579935	38	38	0	0	0.0455761661359971	0.98171760103388	2.37764612276906	2.37764612276906	235	327	Genic/other	1	Heritable	0.270508280974789	0.857102722096789	0.00704729328949109	9244	0	0	2.70508280974789	5.45958551414416	5.79301360838414	9.13183814382123	0.866110978435611
BA_only	hippocampus	AA	psi	chr3_122680008_122680247	chr3	122680008	122680247	23	23	0	0	0.0242634395217182	0.975932065139872	3.10599330295906	3.10599330295906	239	368	Promoter	1	Heritable	0.199201736178778	0.903033037766805	0.00537826466452858	6865	0	0	1.99201736178778	5.47646355193151	5.91079664404053	8.83433697401764	1.13333357178118
BA_only	hippocampus	AA	psi	chr3_122929768_122930198	chr3	122929768	122930198	13	13	0	0	0.178218991656827	0.991064867102684	5.78989995998792	5.78989995998792	430	374	Enhancer	0	Heritable	0.175019802380277	0.840031826103944	0.00648708480148044	771	0	0	1.75019802380277	6.06378520868761	5.92692602597041	6.64898455002478	1.75611501509507
BA_only	hippocampus	AA	psi	chr3_123042604_123042816	chr3	123042604	123042816	21	21	0	0	0.0179559498810266	0.970931943606436	2.7103675205453	-2.7103675205453	212	401	Intergenic	0	Non-heritable	0.0815770646082103	0.875171728418129	0.00681792555152524	14156	0	0	0.815770646082103	5.35658627467201	5.99645208861902	9.5579644803945	0.997084245823448
BA_only	hippocampus	AA	psi	chr3_123194714_123194963	chr3	123194714	123194963	28	28	0	0	0.00418385502210387	0.88413881341503	5.33620897744326	-5.33620897744326	249	343	Genic/other	0	Non-heritable	0.0887623259673599	0.885687127806178	0.0055669797640789	7022	0	0	0.887623259673599	5.51745289646471	5.8406416573734	8.85694575615902	1.6745154734092
BA_only	hippocampus	AA	psi	chr3_123412851_123413610	chr3	123412851	123413610	367	367	0	0	0.00469223222365931	0.900947454055643	4.44506211850512	4.44506211850512	759	394	Promoter	0	Non-heritable	0.097372136084697	0.916259242135519	0.00733583553431804	0	0	0	0.97372136084697	6.63200177739563	5.97888576490112	0	1.49179384603469
BA_only	hippocampus	AA	psi	chr3_123444798_123446835	chr3	123444798	123446835	394	394	0	0	0.00055101977906171	0.636920160415722	7.77620975825352	7.77620975825352	2037	384	Enhancer	2	Heritable	0.154105551798281	0.910901460319528	0.00661756196154128	0	0	0	1.54105551798281	7.61923341622681	5.95324333428779	0	2.05106904316433
BA_only	hippocampus	AA	psi	chr3_123619201_123620721	chr3	123619201	123620721	408	408	0	0	0.00207934989625602	0.811102170217818	8.54657616635058	8.54657616635058	1520	287	Promoter	0	Heritable	0.106908758653943	0.861486304400206	0.00963558304653554	0	0	0	1.06908758653943	7.32646561384032	5.66296048013595	0	2.14553075553782
BA_only	hippocampus	AA	psi	chr3_123989078_123992437	chr3	123989078	123992437	38	38	0	0	0.016123653550961	0.968106276565941	1.68584863041666	1.68584863041666	3359	240	Promoter	3	Heritable	0.120540550822499	0.800968256488201	0.00557823437239884	0	0	0	1.20540550822499	8.11939858961229	5.48479693349066	0	0.522269081182361
BA_only	hippocampus	AA	psi	chr3_123992947_123993611	chr3	123992947	123993611	38	38	0	0	0.0108350124261014	0.944902218841749	2.44418221671186	-2.44418221671186	664	244	Promoter	1	Heritable	0.133555879396293	0.840716240616902	0.00841206564540901	902	0	0	1.33555879396293	6.49828214947643	5.50125821054473	6.80572255341699	0.89371059937756
BA_only	hippocampus	AA	psi	chr3_124835081_124835791	chr3	124835081	124835791	17	17	0	0	0.0421425430735769	0.980549382116533	2.40468966395579	-2.40468966395579	710	420	Enhancer	0	Non-heritable	0.0975496507597337	0.89071995870044	0.00691530120645589	15341	0	0	0.975496507597337	6.56526497003536	6.04263283368238	9.63834944451924	0.877420861533945
BA_only	hippocampus	AA	psi	chr3_124887802_124887944	chr3	124887802	124887944	17	17	0	0	0.0767134871010667	0.987589764461923	3.02773990419544	-3.02773990419544	142	427	Promoter	2	Heritable	0.135688765724113	0.921196445915012	0.00732477334003	0	0	0	1.35688765724113	4.95582705760126	6.0591231955818	0	1.1078164382915
BA_only	hippocampus	AA	psi	chr3_124900701_124901305	chr3	124900701	124901305	17	17	0	0	0.0201300968132398	0.975856666808667	3.32403777213019	-3.32403777213019	604	428	Genic/other	0	Non-heritable	0.0765532953891515	0.874341835907781	0.00786972355144487	0	0	0	0.765532953891515	6.40357419793482	6.06145691892802	0	1.20118024339376
BA_only	hippocampus	AA	psi	chr3_125141181_125141494	chr3	125141181	125141494	12	12	0	0	0.043383736900993	0.980549382116533	2.22309460522266	-2.22309460522266	313	399	Genic/other	1	Heritable	0.113912009792952	0.916875408427267	0.0053183578254287	17650	0	0	1.13912009792952	5.74620319054015	5.99146454710798	9.77854771798028	0.798900196029839
BA_only	hippocampus	AA	psi	chr3_125186087_125186684	chr3	125186087	125186684	11	11	0	0	0.000654999001288629	0.660644830675263	1.36443319743715	-1.36443319743715	597	390	Genic/other	0	Heritable	0.109566608979947	0.903475834677195	0.00862975751186539	0	0	0	1.09566608979947	6.3919171133926	5.96870755998537	0	0.310739109757199
BA_only	hippocampus	AA	psi	chr3_12553009_12554034	chr3	12553009	12554034	237	237	0	0	0.00628113149799838	0.920376068783091	6.61115361871262	6.61115361871262	1025	336	Promoter	1	Heritable	0.461886384614213	0.878959509673093	0.0102662250457191	3141	0	0	4.61886384614213	6.93244789157251	5.82008293035236	8.05261481881557	1.88875816642853
BA_only	hippocampus	AA	psi	chr3_12554143_12554437	chr3	12554143	12554437	237	237	0	0	0.00947884227489668	0.939841915020693	5.03632459724074	5.03632459724074	294	341	Genic/other	1	Heritable	0.392492491567237	0.866367219766411	0.0112449022147377	2738	0	0	3.92492491567237	5.68357976733868	5.83481073706261	7.91534816926308	1.61667657146001
BA_only	hippocampus	AA	psi	chr3_125596078_125596257	chr3	125596078	125596257	548	548	0	0	0.00422351583684648	0.885990423540894	4.55136424666987	-4.55136424666987	179	309	Promoter	1	Non-heritable	0.06233627333633	0.777837193553594	0.0137510371595875	0	0	0	0.6233627333633	5.18738580584076	5.73657229747919	0	1.51542702465158
BA_only	hippocampus	AA	psi	chr3_125767317_125767454	chr3	125767317	125767454	1332	1332	0	0	0.000314389919162271	0.543852328669051	13.7263408898755	13.7263408898755	137	271	Genic/other	1	Non-heritable	0.0814257047727104	0.788256600925229	0.00618163334188995	0	0	0	0.814257047727104	4.91998092582813	5.605802066296	0	2.61931668024648
BA_only	hippocampus	AA	psi	chr3_125989787_125991383	chr3	125989787	125991383	1080	1080	0	0	0.000262081160310889	0.508376042865144	5.43367584260362	-5.43367584260362	1596	364	Promoter	2	Heritable	0.442286145215938	0.914265001943546	0.0195302715845684	0	0	0	4.42286145215938	7.37525577800976	5.89989735358249	0	1.69261585751414
BA_only	hippocampus	AA	psi	chr3_126001167_126002712	chr3	126001167	126002712	1081	1081	3	3	1.65325811072134e-08	0.00095807134145357	9.34469849275409	9.34469849275409	1545	384	Intergenic	0	Heritable	0.134536823597117	0.831854164913928	0.0103025525881302	3851	1	1	1.34536823597117	7.34277918933185	5.95324333428779	8.25634777291802	2.2348091774394
BA_only	hippocampus	AA	psi	chr3_126213783_126214016	chr3	126213783	126214016	425	425	0	0	0.00301987299639455	0.846513053928579	8.22608798813297	-8.22608798813297	233	419	Genic/other	1	Heritable	0.203028195205675	0.912999205197137	0.00873021267747177	97	0	0	2.03028195205675	5.4510384535657	6.04025471127741	4.58496747867057	2.10731056731155
BA_only	hippocampus	AA	psi	chr3_126301217_126301860	chr3	126301217	126301860	157	157	0	0	0.00662941452898728	0.925319278784117	2.36443128396407	-2.36443128396407	643	382	Promoter	0	Heritable	0.394345074887755	0.896794879295096	0.00691449869319963	4256	0	0	3.94345074887755	6.46614472423762	5.94803498918065	8.35631996582815	0.860537525358441
BA_only	hippocampus	AA	psi	chr3_126388881_126389016	chr3	126388881	126389016	128	128	0	0	0.00484852251388258	0.903845859635741	2.76167637090865	2.76167637090865	135	391	Intergenic	1	Non-heritable	0.0911784794385905	0.904401821187062	0.0112080688636202	0	0	0	0.911784794385905	4.90527477843843	5.97126183979046	0	1.01583787973301
BA_only	hippocampus	AA	psi	chr3_126394439_126394553	chr3	126394439	126394553	128	128	0	0	0.00336161870494363	0.864842488415492	4.62717223259579	-4.62717223259579	114	377	Promoter	1	Heritable	0.128034949838253	0.909727448911729	0.00670730230918527	0	0	0	1.28034949838253	4.7361984483945	5.93489419561959	0	1.53194593477681
BA_only	hippocampus	AA	psi	chr3_126416250_126416400	chr3	126416250	126416400	129	129	0	0	0.00310864590412558	0.849752756919949	3.8112212290515	-3.8112212290515	150	371	Promoter	1	Heritable	0.118365816985828	0.907950061921657	0.00578334859000333	9077	0	0	1.18365816985828	5.01063529409626	5.91889385427315	9.11360918301641	1.3379496729623
BA_only	hippocampus	AA	psi	chr3_126490082_126490296	chr3	126490082	126490296	111	111	0	0	0.0413436573041672	0.980549382116533	2.02043061572576	2.02043061572576	214	362	Genic/other	0	Heritable	0.157549117166749	0.878726349717332	0.00749426367637109	13679	0	0	1.57549117166749	5.36597601502185	5.89440283426485	9.52369019117654	0.703310669745618
BA_only	hippocampus	AA	psi	chr3_126534643_126535303	chr3	126534643	126535303	93	93	0	0	0.011702354911903	0.95374925853225	1.98185550609062	-1.98185550609062	660	354	Genic/other	0	Non-heritable	0.0839666695048688	0.890363308870756	0.00724206804084715	58240	0	0	0.839666695048688	6.49223983502047	5.87211778947542	10.9723448530528	0.684033535213582
BA_only	hippocampus	AA	psi	chr3_1268333_1268954	chr3	1268333	1268954	1	1	0	0	0.564738581902436	0.996372748468176	0.134152524602625	-0.134152524602625	621	690	Genic/other	0	Heritable	0.404644007169693	0.931861485743019	0.0103309818750704	47645	0	0	4.04644007169693	6.43133108193348	6.53813982376767	10.7715539601233	-2.0087778084938
BA_only	hippocampus	AA	psi	chr3_126960465_126960679	chr3	126960465	126960679	8	8	0	0	0.0227407760624431	0.975932065139872	1.33101840287015	1.33101840287015	214	334	Intergenic	0	Non-heritable	0.0953442029018437	0.895165779764635	0.00701617992048274	3039	0	0	0.953442029018437	5.36597601502185	5.81413053182507	8.01961279440027	0.285944373179158
BA_only	hippocampus	AA	psi	chr3_127226480_127227425	chr3	127226480	127227425	11	11	0	0	0.0228446787458488	0.975932065139872	0.818658989467646	-0.818658989467646	945	309	Promoter	0	Non-heritable	0.0680424952998287	0.834350934897484	0.00688973108064618	0	0	0	0.680424952998287	6.85118492749374	5.73657229747919	0	-0.200087643898186
BA_only	hippocampus	AA	psi	chr3_127337711_127338474	chr3	127337711	127338474	96	96	0	0	0.00178830582001766	0.796268588634543	4.33523619434518	-4.33523619434518	763	392	Promoter	2	Heritable	0.115460929879584	0.903826624898109	0.00896855845530182	13175	0	0	1.15460929879584	6.63725803128446	5.97380961186926	9.48615227185748	1.46677609648632
BA_only	hippocampus	AA	psi	chr3_127371345_127372171	chr3	127371345	127372171	100	100	0	0	0.0211509499782032	0.975932065139872	2.42288716171642	-2.42288716171642	826	379	Promoter	0	Heritable	0.120771521189873	0.890453112142357	0.00821380409961606	46809	0	0	1.20771521189873	6.71659477352098	5.94017125272043	10.7538521342941	0.884959875218369
BA_only	hippocampus	AA	psi	chr3_127373255_127373853	chr3	127373255	127373853	109	109	0	0	0.0298961064134245	0.976741514025636	3.15287107842487	3.15287107842487	598	398	Genic/other	0	Heritable	0.138531899520829	0.920410379713866	0.00791257690026391	48719	0	0	1.38531899520829	6.39359075395063	5.98896141688986	10.7938449023838	1.14831349435598
BA_only	hippocampus	AA	psi	chr3_127425763_127426178	chr3	127425763	127426178	116	116	0	0	0.00649036970246585	0.922854781406953	3.67292497154735	3.67292497154735	415	423	Intergenic	0	Heritable	0.116417350478223	0.905303062501686	0.0071754259612922	30504	0	0	1.16417350478223	6.0282785202307	6.04973345523196	10.325645883586	1.30098834232929
BA_only	hippocampus	AA	psi	chr3_127548325_127548616	chr3	127548325	127548616	111	111	0	0	0.0170173642221331	0.970581273335112	2.49204526071077	2.49204526071077	291	448	Intergenic	1	Heritable	0.126953539320279	0.931806289368384	0.0148544340016818	10651	0	0	1.26953539320279	5.67332326717149	6.10702288774226	9.27350294693382	0.913103767177041
BA_only	hippocampus	AA	psi	chr3_127814183_127814836	chr3	127814183	127814836	46	46	0	0	0.0342561127923948	0.979702327915771	2.75535059107985	-2.75535059107985	653	364	Genic/other	0	Heritable	0.136099046590089	0.89333030264015	0.00924405012515006	7001	0	0	1.36099046590089	6.48157712927643	5.89989735358249	8.85395110151461	1.01354469442811
BA_only	hippocampus	AA	psi	chr3_12786621_12787822	chr3	12786621	12787822	182	182	0	0	0.0106441666802767	0.944902218841749	4.97544553115741	-4.97544553115741	1201	479	Intergenic	0	Heritable	0.500657349393779	0.897460657006462	0.00939820695594799	15808	0	0	5.00657349393779	7.09090982207998	6.17378610390194	9.66833467709619	1.6045149226122
BA_only	hippocampus	AA	psi	chr3_127870026_127870283	chr3	127870026	127870283	46	46	0	0	0.00256454197761879	0.83287700104517	4.06854629513738	-4.06854629513738	257	319	Genic/other	0	Heritable	0.232622038631715	0.848825379942055	0.00670013975820274	41675	0	0	2.32622038631715	5.54907608489522	5.76832099579377	10.6376807025321	1.40328576246805
BA_only	hippocampus	AA	psi	chr3_127914714_127914925	chr3	127914714	127914925	34	34	0	0	0.00139307515568411	0.759071555562182	2.44352240595657	2.44352240595657	211	296	Promoter	1	Heritable	0.264114926854609	0.838216768183232	0.00818022491406754	367	0	0	2.64114926854609	5.35185813347607	5.6937321388027	5.90808293816893	0.893440611394433
BA_only	hippocampus	AA	psi	chr3_128077055_128077664	chr3	128077055	128077664	21	21	0	0	0.0616597704325967	0.985907779499035	3.11287529812001	-3.11287529812001	609	348	Enhancer	2	Heritable	0.134710639113546	0.907690803573374	0.00686124195370282	0	0	0	1.34710639113546	6.4118182677099	5.85507192220243	0	1.13554683544362
BA_only	hippocampus	AA	psi	chr3_128351952_128352630	chr3	128351952	128352630	63	63	0	0	0.00924567367658852	0.939841915020693	1.5878544826272	-1.5878544826272	678	284	Genic/other	0	Non-heritable	0.0622516591281646	0.82029398045042	0.00977075124445739	63921	0	0	0.622516591281646	6.5191472879404	5.65248918026865	11.0654188690621	0.462383729298761
BA_only	hippocampus	AA	psi	chr3_128608827_128608961	chr3	128608827	128608961	92	92	0	0	0.000630414704782994	0.657105411686211	2.37134898958514	-2.37134898958514	134	241	Intergenic	1	Non-heritable	0.0542127799867516	0.839864452558205	0.00746703559086513	9040	0	0	0.542127799867516	4.89783979995091	5.48893772615669	9.10952506673737	0.863458991352415
BA_only	hippocampus	AA	psi	chr3_12868619_12868887	chr3	12868619	12868887	113	113	0	0	0.0406310156013193	0.980549382116533	3.04562915092192	3.04562915092192	268	480	Genic/other	2	Heritable	0.105156631167247	0.939150818211059	0.00684523388532016	8826	0	0	1.05156631167247	5.59098698051086	6.17586727010576	9.08557048502023	1.1137075008111
BA_only	hippocampus	AA	psi	chr3_128698095_128698198	chr3	128698095	128698198	114	114	0	0	0.00363312462360911	0.866906756094015	2.38938674433315	-2.38938674433315	103	251	Genic/other	0	Non-heritable	0.0734809018477935	0.820100422891114	0.00768160029670913	0	0	0	0.734809018477935	4.63472898822964	5.52942908751142	0	0.871036744873923
BA_only	hippocampus	AA	psi	chr3_128699120_128699302	chr3	128699120	128699302	114	114	0	0	0.00128251958730649	0.748685029382681	3.45565757370286	3.45565757370286	182	253	Genic/other	0	Non-heritable	0.0870537847045402	0.790753306955749	0.00582198216982962	0	0	0	0.870537847045402	5.2040066870768	5.53733426701854	0	1.2400127672435
BA_only	hippocampus	AA	psi	chr3_128970312_128970428	chr3	128970312	128970428	80	80	0	0	0.0424053649962178	0.980549382116533	2.88746557973692	-2.88746557973692	116	246	Genic/other	0	Heritable	0.157091219461778	0.818188910719731	0.0063057363079267	22907	0	0	1.57091219461778	4.75359019110636	5.50938833662798	10.0392414735137	1.06037915880268
BA_only	hippocampus	AA	psi	chr3_129014210_129014457	chr3	129014210	129014457	81	81	0	0	0.00159634615190592	0.783886688546869	2.55548981189695	2.55548981189695	247	228	Genic/other	0	Non-heritable	0.0930524602062748	0.79388827788258	0.00616619525607647	16402	0	0	0.930524602062748	5.50938833662798	5.43372200355424	9.70521952391249	0.938243916395706
BA_only	hippocampus	AA	psi	chr3_129027573_129027753	chr3	129027573	129027753	81	81	0	0	0.0265151822192411	0.975932065139872	1.03703101907344	1.03703101907344	180	210	Genic/other	1	Non-heritable	0.0940138449747038	0.819385822967602	0.0112888046099093	3106	0	0	0.940138449747038	5.19295685089021	5.35185813347607	8.04141290939305	0.0363618507606244
BA_only	hippocampus	AA	psi	chr3_129088042_129089446	chr3	129088042	129089446	117	117	0	0	0.00944849667119031	0.939841915020693	6.0232685159916	-6.0232685159916	1404	213	Genic/other	0	Heritable	0.110098961911877	0.828427631788066	0.00839348721063043	1899	0	0	1.10098961911877	7.24708058458576	5.36597601502185	7.54960916515453	1.79563005649656
BA_only	hippocampus	AA	psi	chr3_129245916_129246254	chr3	129245916	129246254	218	218	0	0	0.022383788345672	0.975932065139872	3.43253056739858	-3.43253056739858	338	200	Genic/other	0	Non-heritable	0.0784374270719488	0.773641722519234	0.00806149677444144	4479	0	0	0.784374270719488	5.82304589548302	5.30330490805908	8.40737832540903	1.23329776682092
BA_only	hippocampus	AA	psi	chr3_129305487_129305804	chr3	129305487	129305804	246	246	0	0	0.00674871173502455	0.92655656508175	6.98491623880538	6.98491623880538	317	204	Genic/other	0	Heritable	0.104277139665922	0.837479512809645	0.00703475575059285	7132	0	0	1.04277139665922	5.75890177387728	5.32300997913841	8.87248718227804	1.94375300248749
BA_only	hippocampus	AA	psi	chr3_129358455_129360996	chr3	129358455	129360996	245	245	0	0	0.00237958670766342	0.824195678759499	2.3614638657362	-2.3614638657362	2541	187	Intergenic	0	Non-heritable	0.0380859289754214	0.651681554011936	0.0141813634504705	0	0	0	0.380859289754214	7.84031298332016	5.23644196282995	0	0.859281713068368
BA_only	hippocampus	AA	psi	chr3_12953200_12953535	chr3	12953200	12953535	20	20	0	0	0.0915931754246229	0.989446665475032	1.68404879861301	-1.68404879861301	335	479	Enhancer	0	Non-heritable	0.0588410923104187	0.832673742618328	0.00830383921261474	10375	0	0	0.588410923104187	5.81413053182507	6.17378610390194	9.24725072599628	0.521200899137056
BA_only	hippocampus	AA	psi	chr3_129596925_129597214	chr3	129596925	129597214	157	157	0	0	0.0120514964890576	0.956258804297162	7.73733029567438	7.73733029567438	289	210	Enhancer	0	Heritable	0.108796626231568	0.774495584668078	0.00535073848049707	10752	0	0	1.08796626231568	5.66642668811243	5.35185813347607	9.28294006439053	2.04605670635495
BA_only	hippocampus	AA	psi	chr3_129935055_129935688	chr3	129935055	129935688	108	108	0	0	0.000648614237238586	0.660644830675263	4.76566144441568	-4.76566144441568	633	247	Intergenic	0	Non-heritable	0.0721769642373278	0.80936375066483	0.00870122422472922	10910	0	0	0.721769642373278	6.45047042214418	5.51342874616498	9.2975267336551	1.56143634266964
BA_only	hippocampus	AA	psi	chr3_130098482_130099100	chr3	130098482	130099100	104	104	0	0	0.0115488204101067	0.95315577890577	2.41696433365978	-2.41696433365978	618	288	Genic/other	0	Heritable	0.158161190697669	0.840792844344351	0.00731230061050903	248	0	0	1.58161190697669	6.42648845745769	5.66642668811243	5.51745289646471	0.882512349299654
BA_only	hippocampus	AA	psi	chr3_13053452_13053705	chr3	13053452	13053705	17	17	0	0	0.00784629931812496	0.933559278800072	3.14061142201919	3.14061142201919	253	493	Promoter	0	Heritable	0.322434021402428	0.910625015721815	0.00804025543238063	42989	0	0	3.22434021402428	5.53338948872752	6.20253551718792	10.6687228094903	1.14441750453698
BA_only	hippocampus	AA	psi	chr3_130725961_130727609	chr3	130725961	130727609	31	31	0	0	0.0344665348375759	0.980327953711174	2.34190777536588	2.34190777536588	1648	285	Promoter	0	Heritable	0.20393834969803	0.867959375666869	0.00908902412264485	0	0	0	2.0393834969803	7.40731771046942	5.65599181081985	0	0.850965890090294
BA_only	hippocampus	AA	psi	chr3_130748015_130748224	chr3	130748015	130748224	28	28	0	0	0.00389808109950457	0.875236523541043	1.12997872398345	1.12997872398345	209	281	Genic/other	1	Heritable	0.133785694482022	0.831808808158427	0.0113288126281099	2524	0	0	1.33785694482022	5.34233425196481	5.64190707093811	7.83399634170946	0.122198813063488
BA_only	hippocampus	AA	psi	chr3_13095600_13095894	chr3	13095600	13095894	15	15	0	0	0.0844554177516026	0.988137148207548	1.85921297863385	1.85921297863385	294	510	Genic/other	0	Non-heritable	0.0855450510582169	0.9230332758294	0.00605227213901712	85137	0	0	0.855450510582169	5.68357976733868	6.2363695902037	11.3520287483851	0.620153273792323
BA_only	hippocampus	AA	psi	chr3_131526501_131526744	chr3	131526501	131526744	49	49	0	0	0.0254131012915118	0.975932065139872	1.45092446557467	1.45092446557467	243	277	Genic/other	1	Non-heritable	0.0736663835389974	0.82799768740707	0.0241126861347571	520	0	0	0.736663835389974	5.49306144334055	5.62762111369064	6.25575004175337	0.372200922633327
BA_only	hippocampus	AA	psi	chr3_132007463_132009067	chr3	132007463	132009067	15	15	0	0	0.0659475649426931	0.985907779499035	3.14324661521484	3.14324661521484	1604	391	Genic/other	0	Heritable	0.398253220250951	0.918960942174961	0.00749923324048405	0	0	0	3.98253220250951	7.38025578842646	5.97126183979046	0	1.14525622282951
BA_only	hippocampus	AA	psi	chr3_132930774_132932058	chr3	132930774	132932058	18	18	0	0	0.0513025537982672	0.984153364580922	3.33193428479225	3.33193428479225	1284	271	Intergenic	0	Heritable	0.661205341527411	0.841722902302954	0.0071081080294438	35982	0	0	6.61205341527411	7.15773548424991	5.605802066296	10.490801883684	1.20355300466006
BA_only	hippocampus	AA	psi	chr3_133119107_133121798	chr3	133119107	133121798	8	8	0	0	0.013002550338743	0.964283399649536	1.07408573966494	-1.07408573966494	2691	390	Promoter	0	Non-heritable	0.0884803699877043	0.83015335405355	0.00802959104951084	0	0	0	0.884803699877043	7.89766815072691	5.96870755998537	0	0.0714698343007655
BA_only	hippocampus	AA	psi	chr3_133308174_133308738	chr3	133308174	133308738	31	31	0	0	0.0152854533237746	0.967030199606332	3.90683046453997	-3.90683046453997	564	380	Genic/other	0	Non-heritable	0.0572740947347294	0.868783176963096	0.00670838801852695	0	0	0	0.572740947347294	6.33505425149806	5.9427993751267	0	1.3627264249447
BA_only	hippocampus	AA	psi	chr3_133506518_133506943	chr3	133506518	133506943	87	87	0	0	0.0248875768376354	0.975932065139872	2.12200532914407	2.12200532914407	425	450	Enhancer	0	Heritable	0.121843312594168	0.90898598489103	0.00687534797147306	15615	0	0	1.21843312594168	6.05208916892442	6.11146733950268	9.65605130865287	0.75236155627914
BA_only	hippocampus	AA	psi	chr3_133674995_133675113	chr3	133674995	133675113	85	85	0	0	0.00801098267280498	0.933559278800072	1.90999074223649	-1.90999074223649	118	466	Genic/other	1	Heritable	0.180006948887026	0.938612603756966	0.00930035043765494	0	0	0	1.80006948887026	4.77068462446567	6.1463292576689	0	0.647098400285817
BA_only	hippocampus	AA	psi	chr3_133742170_133742617	chr3	133742170	133742617	59	59	0	0	0.0217317189208115	0.975932065139872	2.0540364568695	-2.0540364568695	447	455	Genic/other	1	Non-heritable	0.0857244437045346	0.855724277867881	0.00647301482706375	3631	0	0	0.857244437045346	6.10255859461357	6.12249280951439	8.19753873972118	0.719806865423497
BA_only	hippocampus	AA	psi	chr3_133746824_133750391	chr3	133746824	133750391	59	59	0	0	0.0710599105085849	0.985907779499035	2.58667490646271	-2.58667490646271	3567	465	Promoter	2	Non-heritable	0.0832024796149387	0.920233713407853	0.00757008406415733	0	0	0	0.832024796149387	8.17948018535889	6.14418563412565	0	0.950373234876072
BA_only	hippocampus	AA	psi	chr3_133783696_133784057	chr3	133783696	133784057	59	59	0	0	0.012940570634649	0.964283399649536	1.36379280775623	-1.36379280775623	361	461	Promoter	2	Heritable	0.30208133201368	0.923448635882308	0.0126704630736556	8262	0	0	3.0208133201368	5.88887795833288	6.13556489108174	9.01954299670119	0.310269654743745
BA_only	hippocampus	AA	psi	chr3_134313031_134313145	chr3	134313031	134313145	163	163	0	0	0.00270439413140089	0.838080171720575	4.94118027149445	4.94118027149445	114	411	Promoter	1	Non-heritable	0.0711842771400424	0.836576250682289	0.00577559395962248	0	0	0	0.711842771400424	4.7361984483945	6.02102334934953	0	1.59760422604163
BA_only	hippocampus	AA	psi	chr3_134313700_134314149	chr3	134313700	134314149	163	163	0	0	0.00109302433948687	0.726050490461723	3.65895673180295	3.65895673180295	449	402	Genic/other	2	Heritable	0.124482601365805	0.871075125182361	0.00798643718091859	0	0	0	1.24482601365805	6.10702288774226	5.99893656194668	0	1.2971780635575
BA_only	hippocampus	AA	psi	chr3_134371621_134372760	chr3	134371621	134372760	183	183	0	0	0.00190059851976527	0.801360789073658	5.13233164791144	-5.13233164791144	1139	386	Promoter	1	Heritable	0.125864138574786	0.924757031953115	0.0057472541288445	0	0	0	1.25864138574786	7.03790596344718	5.95842469302978	0	1.63556007013514
BA_only	hippocampus	AA	psi	chr3_134594361_134594501	chr3	134594361	134594501	158	158	0	0	0.0122011440929348	0.95809323095415	2.56079855057017	-2.56079855057017	140	345	Promoter	0	Heritable	0.593389234227858	0.906284591663995	0.00744031424552315	69	0	0	5.93389234227858	4.9416424226093	5.84643877505773	4.24849524204936	0.940319147571738
BA_only	hippocampus	AA	psi	chr3_13476397_13476724	chr3	13476397	13476724	38	38	0	0	0.000421038149640742	0.595949298354404	5.72152915874407	5.72152915874407	327	608	Enhancer	1	Heritable	0.603541191107674	0.922835761914636	0.00673742325878978	3391	0	0	6.03541191107674	5.78996017089725	6.4118182677099	8.12917499691179	1.74423610685651
BA_only	hippocampus	AA	psi	chr3_13478158_13479185	chr3	13478158	13479185	38	38	0	0	0.0162925728830345	0.969245141301252	4.62197450983969	4.62197450983969	1027	611	Promoter	1	Heritable	0.124182037240649	0.945600067001722	0.00548036002436791	930	0	0	1.24182037240649	6.93439720992856	6.41673228251233	6.83625927727707	1.53082199903727
BA_only	hippocampus	AA	psi	chr3_13481078_13481451	chr3	13481078	13481451	38	38	0	0	0.041541557204037	0.980549382116533	3.22220182757409	-3.22220182757409	373	604	Promoter	1	Heritable	0.114932190937334	0.964698043461632	0.0111839611037566	0	0	0	1.14932190937334	5.92157841964382	6.40522845803084	0	1.17006492636013
BA_only	hippocampus	AA	psi	chr3_13494455_13494739	chr3	13494455	13494739	38	38	0	0	0.0225606179928479	0.975932065139872	10.5992044789492	-10.5992044789492	284	611	Genic/other	0	Heritable	0.154107147988926	0.9504994505697	0.00462545086525767	0	0	0	1.54107147988926	5.64897423816121	6.41673228251233	0	2.36077895008942
BA_only	hippocampus	AA	psi	chr3_135132080_135132922	chr3	135132080	135132922	49	49	0	0	0.00660553538371283	0.924695970269092	2.00501290332847	2.00501290332847	842	391	Promoter	0	Non-heritable	0.0968601515719519	0.887768733807493	0.00871189196275316	7482	0	0	0.968601515719519	6.73578001424233	5.97126183979046	8.92038906008036	0.69565050130062
BA_only	hippocampus	AA	psi	chr3_135456064_135456393	chr3	135456064	135456393	43	43	0	0	0.00230274360506541	0.820885156695689	1.90070889791551	-1.90070889791551	329	331	Intergenic	0	Non-heritable	0.041629129823132	0.864593595976692	0.00680452900227427	16300	0	0	0.41629129823132	5.79605775076537	5.80513496891649	9.69898173460629	0.642226926013596
BA_only	hippocampus	AA	psi	chr3_135658657_135658706	chr3	135658657	135658706	9	9	0	0	0.0850400010042982	0.988137148207548	0.257020102117862	0.257020102117862	49	276	Intergenic	0	Heritable	0.436395289173353	0.791457213425257	0.0117674317988892	218893	0	0	4.36395289173353	3.89182029811063	5.62401750618734	12.2963428733591	-1.35860093988091
BA_only	hippocampus	AA	psi	chr3_136261805_136262533	chr3	136261805	136262533	14	14	0	0	0.196611815327632	0.991064867102684	4.17398892562933	-4.17398892562933	728	133	Genic/other	0	Heritable	0.233164161603105	0.716354372118131	0.00891642213325292	0	0	0	2.33164161603105	6.59030104819669	4.89783979995091	0	1.42887215786791
BA_only	hippocampus	AA	psi	chr3_137033274_137033640	chr3	137033274	137033640	101	101	0	0	0.0274147875312345	0.975932065139872	2.38127214671788	-2.38127214671788	366	181	Intergenic	1	Heritable	0.10272877187911	0.765606609799549	0.00757082787585521	37859	0	0	1.0272877187911	5.90263333340137	5.2040066870768	10.5416504247633	0.867634864508013
BA_only	hippocampus	AA	psi	chr3_137037916_137040383	chr3	137037916	137040383	101	101	0	0	0.0018103102915868	0.796268588634543	2.76387230055172	-2.76387230055172	2467	180	Intergenic	0	Heritable	0.501976163324026	0.852228525674558	0.0106790906114747	42501	0	0	5.01976163324026	7.81075811652936	5.19849703126583	10.6573064126288	1.01663270749811
BA_only	hippocampus	AA	psi	chr3_137643969_137644264	chr3	137643969	137644264	29	29	0	0	0.0336488942199233	0.979164877002956	0.86439002111871	0.86439002111871	295	276	Intergenic	0	Heritable	0.140655378922951	0.786394820932101	0.0160970140835514	127143	0	0	1.40655378922951	5.68697535633982	5.62401750618734	11.7530755813767	-0.145731187133736
BA_only	hippocampus	AA	psi	chr3_13793173_13793680	chr3	13793173	13793680	63	63	0	0	0.00282716641221661	0.844111051154155	4.3401171449116	-4.3401171449116	507	451	Intergenic	0	Non-heritable	0.0990063291917208	0.914910796972309	0.00811035014284286	46928	0	0	0.990063291917208	6.22851100359118	6.11368217983223	10.7563911002299	1.46790134196724
BA_only	hippocampus	AA	psi	chr3_137969175_137970299	chr3	137969175	137970299	44	44	0	0	0.0353235484441814	0.980327953711174	2.12048558751956	2.12048558751956	1124	273	Intergenic	0	Heritable	0.162385401967936	0.784215580992646	0.0106333672981763	28788	0	0	1.62385401967936	7.02464903045364	5.61312810638807	10.2677486487202	0.751645117888485
BA_only	hippocampus	AA	psi	chr3_138433377_138434198	chr3	138433377	138434198	30	30	0	0	0.00381403754008567	0.871592970243331	6.85363005770784	-6.85363005770784	821	205	Promoter	1	Heritable	0.130784493914909	0.784433782383916	0.011162477352066	34682	0	0	1.30784493914909	6.71052310945243	5.32787616878958	10.4540049323434	1.92477844879882
BA_only	hippocampus	AA	psi	chr3_138593411_138593514	chr3	138593411	138593514	21	21	0	0	0.101496324862861	0.990428070812969	3.21700525741206	3.21700525741206	103	196	Genic/other	1	Non-heritable	0.0918562090974532	0.760483388413233	0.00759343662833506	0	0	0	0.918562090974532	4.63472898822964	5.28320372873799	0	1.1684508856233
BA_only	hippocampus	AA	psi	chr3_138724506_138724806	chr3	138724506	138724806	27	27	0	0	0.0119931710402765	0.955696118255407	2.32255452422713	2.32255452422713	300	215	Genic/other	0	Heritable	0.124257568695448	0.776702441356604	0.00988696845916176	8631	0	0	1.24257568695448	5.7037824746562	5.37527840768417	9.06323150693797	0.842667672259952
BA_only	hippocampus	AA	psi	chr3_138935830_138935893	chr3	138935830	138935893	15	15	0	0	0.0166219750019822	0.969941161133355	4.89243139925194	-4.89243139925194	63	234	Genic/other	1	Heritable	0.167443600330173	0.864102932063731	0.00729180524733635	71	0	0	1.67443600330173	4.14313472639153	5.45958551414416	4.27666611901606	1.58768940061944
BA_only	hippocampus	AA	psi	chr3_139113680_139114232	chr3	139113680	139114232	45	45	0	0	0.0160492048556355	0.968049414896919	2.66378209631041	2.66378209631041	552	241	Genic/other	0	Non-heritable	0.08361930372299	0.768748310613397	0.00994635573720648	164159	0	0	0.8361930372299	6.3135480462771	5.48893772615669	12.0085968409645	0.979746957407479
BA_only	hippocampus	AA	psi	chr3_139190435_139191208	chr3	139190435	139191208	59	59	0	0	0.0210073382461261	0.975856666808667	1.20457539652494	-1.20457539652494	773	256	Genic/other	0	Heritable	0.169063983625277	0.845967909278357	0.0135268592744831	91687	0	0	1.69063983625277	6.65027904858742	5.54907608489522	11.4261467881765	0.186127145119002
BA_only	hippocampus	AA	psi	chr3_139343546_139343789	chr3	139343546	139343789	69	69	0	0	0.0030474802395226	0.846573428968813	3.70007533920027	3.70007533920027	243	273	Promoter	1	Non-heritable	0.0544702710643447	0.673796281669794	0.0115039209567171	0	0	0	0.544702710643447	5.49306144334055	5.61312810638807	0	1.30835318409154
BA_only	hippocampus	AA	psi	chr3_139390461_139390599	chr3	139390461	139390599	74	74	0	0	0.00303910370054942	0.846573428968813	7.41340703691993	7.41340703691993	138	278	Promoter	1	Heritable	0.133743130815064	0.83591929183014	0.00938834248877933	0	0	0	1.33743130815064	4.92725368515721	5.63121178182137	0	2.00329012404432
BA_only	hippocampus	AA	psi	chr3_139538768_139538941	chr3	139538768	139538941	74	74	0	0	0.0629539139632855	0.985907779499035	3.17525809261275	3.17525809261275	173	293	Promoter	2	Non-heritable	0.0693456528296773	0.825250413906557	0.005109207777667	0	0	0	0.693456528296773	5.15329159449778	5.68357976733868	0	1.15538892120212
BA_only	hippocampus	AA	psi	chr3_139540263_139540593	chr3	139540263	139540593	74	74	0	0	0.0177687994596439	0.970931943606436	2.33444579411836	2.33444579411836	330	288	Promoter	1	Heritable	0.103272073320973	0.858659974128756	0.0096534345445813	0	0	0	1.03272073320973	5.79909265446053	5.66642668811243	0	0.84777451996056
BA_only	hippocampus	AA	psi	chr3_141233012_141233141	chr3	141233012	141233141	44	44	0	0	0.000768581632048782	0.680199019000458	2.14917113761128	2.14917113761128	129	398	Genic/other	1	Heritable	0.102167001553462	0.91682762038158	0.00666666991098016	0	0	0	1.02167001553462	4.85981240436167	5.98896141688986	0	0.765082255071492
BA_only	hippocampus	AA	psi	chr3_141310816_141311159	chr3	141310816	141311159	45	45	0	0	0.0158770782511594	0.967716068030647	1.28318688334763	1.28318688334763	343	391	Genic/other	1	Heritable	0.256339802403024	0.878431112946527	0.0122176169151259	596	0	0	2.56339802403024	5.83773044716594	5.97126183979046	6.3919171133926	0.249346744040878
BA_only	hippocampus	AA	psi	chr3_141797230_141797362	chr3	141797230	141797362	37	37	0	0	0.0112071290749741	0.948703871232836	1.39625456205036	-1.39625456205036	132	394	Genic/other	1	Heritable	0.106022483266879	0.906916948469109	0.00815009031164204	52030	0	0	1.06022483266879	4.88280192258637	5.97888576490112	10.8595949737806	0.333793345917208
BA_only	hippocampus	AA	psi	chr3_141798062_141798336	chr3	141798062	141798336	37	37	0	0	0.0317371194056916	0.977060807838727	0.783554535096335	-0.783554535096335	274	386	Genic/other	1	Heritable	0.130922401963998	0.899959294802873	0.00713836095197257	51056	0	0	1.30922401963998	5.61312810638807	5.95842469302978	10.8406979346628	-0.243914602383529
BA_only	hippocampus	AA	psi	chr3_141816755_141817032	chr3	141816755	141817032	37	37	0	0	0.0357419004453808	0.980494018606455	1.49726985557845	1.49726985557845	277	362	Genic/other	0	Heritable	0.123955535472228	0.903649589666647	0.00825791385345549	32360	0	0	1.23955535472228	5.62401750618734	5.89440283426485	10.3847092730435	0.403643360118129
BA_only	hippocampus	AA	psi	chr3_141874858_141875091	chr3	141874858	141875091	37	37	0	0	0.0213508306569607	0.975932065139872	1.70346876193657	-1.70346876193657	233	346	Genic/other	1	Non-heritable	0.097282092854898	0.869650169761931	0.00960574243598106	1302	0	0	0.97282092854898	5.4510384535657	5.84932477994686	7.17242457712485	0.53266662624353
BA_only	hippocampus	AA	psi	chr3_14216188_14217119	chr3	14216188	14217119	72	72	0	0	0.00558339278114058	0.914301706404424	1.82975468553051	1.82975468553051	931	591	Enhancer	0	Heritable	0.163164953790316	0.932982964241568	0.0128413871475512	8462	0	0	1.63164953790316	6.83625927727707	6.38350663488401	9.04345899967011	0.604181911710149
BA_only	hippocampus	AA	psi	chr3_142225974_142226110	chr3	142225974	142226110	33	33	0	0	0.0127670550402803	0.961946657710727	2.8584669604244	2.8584669604244	136	259	Promoter	1	Heritable	0.118778608949051	0.853965694299652	0.00885863536707331	21278	0	0	1.18778608949051	4.91265488573605	5.56068163101553	9.9654759498702	1.05028545679223
BA_only	hippocampus	AA	psi	chr3_143815647_143816429	chr3	143815647	143816429	1	1	0	0	0.941430948619704	0.999440443764458	0.00795923731637077	-0.00795923731637077	782	399	Genic/other	0	Heritable	0.311953806410204	0.884105639144614	0.00800942386543822	0	0	0	3.11953806410204	6.66185474054531	5.99146454710798	0	-4.83342084184164
BA_only	hippocampus	AA	psi	chr3_146023373_146024726	chr3	146023373	146024726	14	14	0	0	0.0264286831795708	0.975932065139872	1.07858898292797	1.07858898292797	1353	319	Intergenic	0	Heritable	0.62184739588238	0.909901425392383	0.00802748978574682	46440	0	0	6.2184739588238	7.21007962817079	5.76832099579377	10.7459379687411	0.075653698906903
BA_only	hippocampus	AA	psi	chr3_146251701_146251940	chr3	146251701	146251940	18	18	0	0	0.0788743923838973	0.987720536119146	1.84575236904655	1.84575236904655	239	308	Promoter	1	Heritable	0.131404909929579	0.854946491278612	0.00813412865170597	740	0	0	1.31404909929579	5.47646355193151	5.73334127689775	6.60800062529609	0.612886987888476
BA_only	hippocampus	AA	psi	chr3_146469013_146469257	chr3	146469013	146469257	15	15	0	0	0.0153952341668932	0.967076513219291	2.27203090476917	2.27203090476917	244	300	Genic/other	1	Non-heritable	0.0488337861847355	0.857622407882156	0.00808424282460219	0	0	0	0.488337861847355	5.4971682252932	5.70711026474888	0	0.82067410761896
BA_only	hippocampus	AA	psi	chr3_146470059_146470249	chr3	146470059	146470249	15	15	0	0	0.0422607799463417	0.980549382116533	2.03881058002008	2.03881058002008	190	299	Promoter	1	Non-heritable	0.0707958152912938	0.85651651877654	0.00856545314703847	0	0	0	0.707958152912938	5.24702407216049	5.7037824746562	0	0.71236659371201
BA_only	hippocampus	AA	psi	chr3_14648724_14648937	chr3	14648724	14648937	8	8	0	0	0.123234970102049	0.991064867102684	0.328009606643828	0.328009606643828	213	548	Genic/other	1	Heritable	0.137799851286643	0.92822790996624	0.00948164318855718	0	0	0	1.37799851286643	5.36129216570943	6.30809844150953	0	-1.11471235199173
BA_only	hippocampus	AA	psi	chr3_14651041_14651215	chr3	14651041	14651215	8	8	0	0	0.369880241709826	0.994240189962501	0.309438356034757	0.309438356034757	174	557	Promoter	1	Heritable	0.107755109856284	0.923772251197545	0.00856361469742033	0	0	0	1.07755109856284	5.15905529921453	6.32435896238131	0	-1.17299634712555
BA_only	hippocampus	AA	psi	chr3_147357413_147359723	chr3	147357413	147359723	24	24	0	0	0.0348147907207729	0.980327953711174	3.88854651416281	3.88854651416281	2310	318	Genic/other	2	Heritable	0.18070414847493	0.907376487829973	0.0109714372068543	10551	0	0	1.8070414847493	7.74500280351584	5.76519110278484	9.26407069439715	1.35803544363389
BA_only	hippocampus	AA	psi	chr3_147371209_147377872	chr3	147371209	147377872	24	24	0	0	0.0600429840643511	0.98577631996496	2.85279090392035	2.85279090392035	6663	321	Promoter	0	Heritable	0.161082553973808	0.913418405101329	0.00920014420166965	0	0	0	1.61082553973808	8.80432511256254	5.77455154554441	0	1.04829778315264
BA_only	hippocampus	AA	psi	chr3_147379068_147381903	chr3	147379068	147381903	24	24	0	0	0.0418428491649193	0.980549382116533	2.71682337197905	2.71682337197905	2835	322	Intergenic	0	Heritable	0.129851229087093	0.891254342634027	0.0122043363557596	0	0	0	1.29851229087093	7.94979721616185	5.77765232322266	0	0.999463323538908
BA_only	hippocampus	AA	psi	chr3_147382917_147384968	chr3	147382917	147384968	24	24	0	0	0.0215676548038889	0.975932065139872	2.2378201275991	2.2378201275991	2051	318	Genic/other	0	Heritable	0.185047137360556	0.879521286966124	0.0064507404176072	0	0	0	1.85047137360556	7.62608275807238	5.76519110278484	0	0.805502239188737
BA_only	hippocampus	AA	psi	chr3_147386849_147388635	chr3	147386849	147388635	24	24	0	0	0.0341461983222487	0.979419030148033	2.16925348782575	2.16925348782575	1786	312	Promoter	1	Non-heritable	0.0696119552584749	0.833357405442528	0.00793680323302445	223	0	0	0.696119552584749	7.48773376143644	5.74620319054015	5.41164605185504	0.774383098148731
BA_only	hippocampus	AA	psi	chr3_147389295_147391842	chr3	147389295	147391842	24	24	0	0	0.0182602318469394	0.972153941797026	2.73619856690127	2.73619856690127	2547	314	Promoter	2	Heritable	0.157371291224904	0.862505649028423	0.00761250843952027	0	0	0	1.57371291224904	7.84267147497946	5.75257263882563	0	1.00656957640334
BA_only	hippocampus	AA	psi	chr3_147394904_147398668	chr3	147394904	147398668	24	24	0	0	0.0041940780820766	0.88413881341503	5.19956249282976	-5.19956249282976	3764	327	Promoter	2	Non-heritable	0.0507231977865484	0.85387799687419	0.00606835694095466	0	0	0	0.507231977865484	8.23323750070527	5.79301360838414	0	1.64857448797671
BA_only	hippocampus	AA	psi	chr3_147405174_147407040	chr3	147405174	147407040	24	24	0	0	0.00609208370681388	0.920376068783091	2.86729383896496	-2.86729383896496	1866	314	Promoter	1	Non-heritable	0.0693847499860015	0.856787977188399	0.00709657280264843	0	0	0	0.693847499860015	7.53155238140729	5.75257263882563	0	1.05336867518417
BA_only	hippocampus	AA	psi	chr3_147412027_147415542	chr3	147412027	147415542	22	22	0	0	0.00223758202616406	0.818039030279412	3.16192621675472	-3.16192621675472	3515	322	Genic/other	2	Non-heritable	0.0664711785908279	0.833801926019136	0.00608020470486814	5663	0	0	0.664711785908279	8.16479480424477	5.77765232322266	8.64188563537356	1.15118140731799
BA_only	hippocampus	AA	psi	chr3_147422035_147423060	chr3	147422035	147423060	22	22	0	0	0.0312836379882638	0.977016055735487	2.25433564835556	2.25433564835556	1025	311	Enhancer	1	Heritable	0.111857282319845	0.85003107381513	0.00993881994041992	15671	0	0	1.11857282319845	6.93244789157251	5.74300318780948	9.65963095962438	0.812855321281056
BA_only	hippocampus	AA	psi	chr3_147423798_147425308	chr3	147423798	147425308	22	22	0	0	0.0285924922412897	0.975932065139872	1.09497611878849	1.09497611878849	1510	310	Enhancer	2	Non-heritable	0.0766655383124418	0.850190249640324	0.0105764608183936	17434	0	0	0.766655383124418	7.31986492980897	5.73979291217923	9.76623495910975	0.0907325628376767
BA_only	hippocampus	AA	psi	chr3_147945880_147946361	chr3	147945880	147946361	21	21	0	0	0.0136067386006766	0.964283399649536	5.43093039506868	5.43093039506868	481	337	Enhancer	0	Heritable	0.124967125248781	0.900172009152981	0.00899970050271194	0	0	0	1.24967125248781	6.17586727010576	5.82304589548302	0	1.69211046458443
BA_only	hippocampus	AA	psi	chr3_149640672_149641388	chr3	149640672	149641388	48	48	0	0	0.0127615139468	0.96173136501973	1.46288331474986	1.46288331474986	716	451	Genic/other	0	Non-heritable	0.0547892015318638	0.895735930258503	0.00812121809724637	15920	0	0	0.547892015318638	6.57368016696065	6.11368217983223	9.67539427149601	0.38040936817411
BA_only	hippocampus	AA	psi	chr3_149814793_149816487	chr3	149814793	149816487	55	55	0	0	0.00862684079607749	0.933559278800072	4.88540339795837	4.88540339795837	1694	420	Promoter	2	Heritable	0.103984421389645	0.883478285622918	0.00900368700524524	0	0	0	1.03984421389645	7.434847875212	6.04263283368238	0	1.58625186303873
BA_only	hippocampus	AA	psi	chr3_150222235_150222426	chr3	150222235	150222426	90	90	0	0	0.055972274974486	0.98577631996496	7.39542934773716	-7.39542934773716	191	324	Genic/other	0	Heritable	0.108036889323049	0.860445098696161	0.0078563531913654	3943	0	0	1.08036889323049	5.25227342804663	5.78382518232974	8.27995071572253	2.00086215502325
BA_only	hippocampus	AA	psi	chr3_150547562_150547833	chr3	150547562	150547833	132	132	0	0	0.00805933515647793	0.933559278800072	6.49330939658078	-6.49330939658078	271	476	Genic/other	1	Non-heritable	0.0965552865098396	0.881499484636279	0.00720431722772029	1509	0	0	0.965552865098396	5.6021188208797	6.16751649088834	7.31986492980897	1.87077232472134
BA_only	hippocampus	AA	psi	chr3_15107359_15108306	chr3	15107359	15108306	79	79	0	0	0.0172087766928787	0.970581273335112	1.934803136114	-1.934803136114	947	351	Intergenic	0	Non-heritable	0.0811667852100789	0.877782877344939	0.00975138536386208	8323	0	0	0.811667852100789	6.85329909318608	5.8636311755981	9.02689818751353	0.660005588032146
BA_only	hippocampus	AA	psi	chr3_151459571_151460217	chr3	151459571	151460217	6	6	0	0	0.116252748268323	0.990898390030923	0.693895535100808	-0.693895535100808	646	339	Genic/other	0	Non-heritable	0.0463465681897342	0.862521447294922	0.01041759423875	18842	0	0	0.463465681897342	6.4707995037826	5.82894561761021	9.84389677112249	-0.365433841185428
BA_only	hippocampus	AA	psi	chr3_151461171_151461601	chr3	151461171	151461601	6	6	0	0	0.196771832383336	0.991064867102684	1.03619713734335	1.03619713734335	430	335	Promoter	0	Non-heritable	0.0751439270559303	0.872347905324625	0.0110019570188118	20442	0	0	0.751439270559303	6.06378520868761	5.8171111599632	9.92539580458501	0.0355574223966432
BA_only	hippocampus	AA	psi	chr3_152198197_152199856	chr3	152198197	152199856	22	22	0	0	0.0610889321856986	0.985907779499035	2.50857507958044	-2.50857507958044	1659	258	Enhancer	0	Heritable	0.198735243439091	0.777172911375317	0.00684598299341366	0	0	0	1.98735243439091	7.41397029019044	5.55682806169954	0	0.91971489855054
BA_only	hippocampus	AA	psi	chr3_152444788_152445527	chr3	152444788	152445527	12	12	0	0	0.234627942512943	0.992006503891677	0.634939086270352	0.634939086270352	739	254	Genic/other	0	Non-heritable	0.0906041272679036	0.814426952159433	0.00755457872666804	11	0	0	0.906041272679036	6.6052979209482	5.54126354515843	2.484906649788	-0.454226196074509
BA_only	hippocampus	AA	psi	chr3_152605496_152606510	chr3	152605496	152606510	6	6	0	0	0.206400652062028	0.991064867102684	0.285426401170076	0.285426401170076	1014	269	Intergenic	0	Non-heritable	0.0898053188304918	0.801895778136159	0.00610549444069106	45473	0	0	0.898053188304918	6.92165818415113	5.59842195899838	10.7248960130401	-1.2537710373308
BA_only	hippocampus	AA	psi	chr3_15276128_15276632	chr3	15276128	15276632	74	74	0	0	0.000728688466214492	0.673766456790362	2.62211159736109	-2.62211159736109	504	262	Promoter	0	Non-heritable	0.0661662720708493	0.833795807996754	0.00574398067831706	0	0	0	0.661662720708493	6.22257626807137	5.57215403217777	0	0.963979950172108
BA_only	hippocampus	AA	psi	chr3_15377568_15378004	chr3	15377568	15378004	67	67	0	0	0.00322558950992926	0.855273166631201	2.36536316686087	-2.36536316686087	436	232	Genic/other	0	Heritable	0.115657243712524	0.790445437796511	0.00992511131608842	6182	0	0	1.15657243712524	6.07764224334903	5.4510384535657	8.72955886955857	0.860931573308984
BA_only	hippocampus	AA	psi	chr3_153963241_153965225	chr3	153963241	153965225	14	14	0	0	0.0304381084450666	0.976893291659941	1.73557423366189	-1.73557423366189	1984	314	Genic/other	0	Heritable	0.277742484998747	0.878848535206424	0.00915028268207363	61416	0	0	2.77742484998747	7.59287028784482	5.75257263882563	11.0254419487772	0.551338334812291
BA_only	hippocampus	AA	psi	chr3_155309518_155310206	chr3	155309518	155310206	97	97	0	0	0.000944270548123315	0.708361817463044	5.25753483357051	-5.25753483357051	688	306	Promoter	0	Heritable	0.568236290226831	0.886244718790587	0.0101401123769949	29270	0	0	5.68236290226831	6.53378883793334	5.7268477475872	10.2843525437761	1.65966225597561
BA_only	hippocampus	AA	psi	chr3_155855201_155855443	chr3	155855201	155855443	58	58	0	0	0.00633261974302136	0.920376068783091	1.0602534163874	1.0602534163874	242	260	Promoter	1	Heritable	0.163226710227554	0.812256623472217	0.00731546834645729	0	0	0	1.63226710227554	5.48893772615669	5.56452040732269	0	0.0585079610460961
BA_only	hippocampus	AA	psi	chr3_156033384_156033694	chr3	156033384	156033694	57	57	0	0	0.00727889213857999	0.932593355926607	1.17791183619766	-1.17791183619766	310	288	Genic/other	0	Heritable	0.121327338457231	0.837415301642498	0.0111796158016199	8909	0	0	1.21327338457231	5.73657229747919	5.66642668811243	9.09492952046486	0.163743248980727
BA_only	hippocampus	AA	psi	chr3_15630277_15630917	chr3	15630277	15630917	105	105	0	0	0.0231507239238958	0.975932065139872	3.47121907965518	3.47121907965518	640	277	Enhancer	0	Non-heritable	0.0780195290564377	0.814114122978279	0.00946756210681402	0	0	0	0.780195290564377	6.46146817635372	5.62762111369064	0	1.24450585492661
BA_only	hippocampus	AA	psi	chr3_15654822_15655762	chr3	15654822	15655762	105	105	0	0	0.0202187129474949	0.975856666808667	4.48299248532709	-4.48299248532709	940	286	Genic/other	0	Non-heritable	0.0720916616742571	0.80137859042793	0.0067956842734652	0	0	0	0.720916616742571	6.84587987526405	5.65948221575962	0	1.5002907911427
BA_only	hippocampus	AA	psi	chr3_158329475_158331000	chr3	158329475	158331000	60	60	0	0	0.0221921558447457	0.975932065139872	1.32883479178268	1.32883479178268	1525	149	Promoter	0	Heritable	0.117719756267979	0.745845747033338	0.00995029271482329	0	0	0	1.17719756267979	7.32974968904151	5.01063529409626	0	0.284302469358303
BA_only	hippocampus	AA	psi	chr3_158631895_158634574	chr3	158631895	158634574	47	47	0	0	0.0159711458900476	0.967790987409223	4.28541880366105	4.28541880366105	2679	245	Intergenic	0	Heritable	0.2274679338468	0.809138649004209	0.00254500459479078	10140	0	0	2.274679338468	7.89319886954461	5.50533153593236	9.224341891612	1.45521828675104
BA_only	hippocampus	AA	psi	chr3_158712935_158713563	chr3	158712935	158713563	51	51	0	0	0.00656989130150173	0.924278699698427	2.38354308663546	2.38354308663546	628	250	Enhancer	0	Non-heritable	0.0867332961719563	0.739042292419472	0.00691147399702107	0	0	0	0.867332961719563	6.4425401664682	5.52545293913178	0	0.868588076739246
BA_only	hippocampus	AA	psi	chr3_158800982_158801099	chr3	158800982	158801099	46	46	0	0	0.00017423863943788	0.462909628641597	6.48746663416622	6.48746663416622	117	267	Promoter	1	Non-heritable	0.0807465677439359	0.728366780849129	0.0074169143444944	1184	0	0	0.807465677439359	4.76217393479776	5.59098698051086	7.07749805356923	1.86987210692445
BA_only	hippocampus	AA	psi	chr3_15932771_15933909	chr3	15932771	15933909	32	32	0	0	0.0026164705644068	0.83454160271156	3.32967037320747	3.32967037320747	1138	312	Genic/other	0	Non-heritable	0.0895765124956313	0.850868612735267	0.00785300091606387	0	0	0	0.895765124956313	7.03702761468628	5.74620319054015	0	1.20287331507133
BA_only	hippocampus	AA	psi	chr3_159766140_159767429	chr3	159766140	159767429	82	82	0	0	0.0010576514439253	0.721965237965727	1.8203830285383	1.8203830285383	1289	312	Genic/other	2	Non-heritable	0.0845155671359107	0.858679672451805	0.00949519338157654	0	0	0	0.845155671359107	7.16162200293919	5.74620319054015	0	0.59904693968028
BA_only	hippocampus	AA	psi	chr3_159774592_159775882	chr3	159774592	159775882	83	83	0	0	0.0189008956762254	0.972548756731963	17.8716001304171	-17.8716001304171	1290	341	Enhancer	0	Non-heritable	0.0707408508167303	0.853974448651697	0.00678488952804134	0	0	0	0.707408508167303	7.16239749735572	5.83481073706261	0	2.88321286855468
BA_only	hippocampus	AA	psi	chr3_159988230_159988488	chr3	159988230	159988488	83	83	0	0	0.00951751101937969	0.939841915020693	4.35536190675155	-4.35536190675155	258	288	Promoter	1	Heritable	0.146858229418786	0.842893369321483	0.0150298181752528	0	0	0	1.46858229418786	5.55295958492162	5.66642668811243	0	1.47140771058324
BA_only	hippocampus	AA	psi	chr3_160180576_160181563	chr3	160180576	160181563	90	90	0	0	0.00745684551043122	0.933559278800072	2.5563082570311	-2.5563082570311	987	278	Genic/other	0	Non-heritable	0.0972488681917928	0.827735180887881	0.00553228616081701	86972	0	0	0.972488681917928	6.89467003943348	5.63121178182137	11.3733530046422	0.938564134497793
BA_only	hippocampus	AA	psi	chr3_160224299_160224666	chr3	160224299	160224666	94	94	0	0	0.0260551019608022	0.975932065139872	2.86721273045107	2.86721273045107	367	284	Promoter	1	Heritable	0.102616960886974	0.813633213455945	0.00729154090658311	43869	0	0	1.02616960886974	5.90536184805457	5.65248918026865	10.6889859941603	1.0533403873053
BA_only	hippocampus	AA	psi	chr3_16175769_16177519	chr3	16175769	16177519	14	14	0	0	0.0634357265300033	0.985907779499035	1.19775088496301	-1.19775088496301	1750	368	Enhancer	0	Non-heritable	0.0850963960426173	0.828104428606523	0.006279998080005	18406	0	0	0.850963960426173	7.46737106691756	5.91079664404053	9.82048630603272	0.18044554398433
BA_only	hippocampus	AA	psi	chr3_164020730_164022058	chr3	164020730	164022058	1	1	0	0	0.936836235467826	0.999440443764458	0.0712685897301041	0.0712685897301041	1328	159	Intergenic	0	Heritable	0.603007527155731	0.857218256852019	0.00807243640138474	7720	0	0	6.03007527155731	7.19142933003638	5.07517381523383	8.95169916830882	-2.64129944505713
BA_only	hippocampus	AA	psi	chr3_165207983_165210062	chr3	165207983	165210062	36	36	0	0	0.0197207148462785	0.974612769745579	1.0566411537557	1.0566411537557	2079	208	Genic/other	0	Heritable	0.1062497550997	0.691223911160415	0.0127629440900958	0	0	0	1.062497550997	7.63964228785801	5.34233425196481	0	0.055095163682848
BA_only	hippocampus	AA	psi	chr3_167378628_167379341	chr3	167378628	167379341	13	13	0	0	0.101850613170294	0.990428070812969	1.68645010510249	-1.68645010510249	713	230	Genic/other	1	Heritable	0.150384052981042	0.809755665052197	0.0142852804416732	0	0	0	1.50384052981042	6.5694814204143	5.44241771052179	0	0.522625796133089
BA_only	hippocampus	AA	psi	chr3_167381399_167381773	chr3	167381399	167381773	13	13	0	0	0.0192123857637538	0.973330286765374	0.987177063324132	-0.987177063324132	374	239	Promoter	1	Heritable	0.148097929272322	0.836999157100684	0.00695906143377293	1151	0	0	1.48097929272322	5.92425579741453	5.48063892334199	7.04925484125584	-0.0129058500430234
BA_only	hippocampus	AA	psi	chr3_167818102_167818731	chr3	167818102	167818731	186	186	0	0	0.00151267178177022	0.773187087889525	2.54283538904081	-2.54283538904081	629	308	Genic/other	0	Heritable	0.701700068833243	0.879429811902534	0.00856200360501468	23321	0	0	7.01700068833243	6.44413125670044	5.73334127689775	10.0571524000803	0.933279757267159
BA_only	hippocampus	AA	psi	chr3_168093201_168094362	chr3	168093201	168094362	161	161	0	0	0.00758625316821596	0.933559278800072	5.25854360887943	5.25854360887943	1161	299	Genic/other	1	Heritable	0.117952612047164	0.85394888224791	0.0104347316479005	116113	0	0	1.17952612047164	7.05703698169789	5.7037824746562	11.6623277461181	1.65985410987165
BA_only	hippocampus	AA	psi	chr3_16849221_16849543	chr3	16849221	16849543	22	22	0	0	0.0920904262808195	0.989446665475032	1.35710053623934	-1.35710053623934	322	374	Enhancer	0	Non-heritable	0.0894621683356756	0.882711002010333	0.00815046096728826	0	0	0	0.894621683356756	5.77455154554441	5.92692602597041	0	0.305350472609963
BA_only	hippocampus	AA	psi	chr3_168846853_168848377	chr3	168846853	168848377	7	7	0	0	0.0229836973488541	0.975932065139872	2.01391200639499	-2.01391200639499	1524	316	Intergenic	0	Heritable	0.147076411579473	0.846307834760592	0.00876668692390313	0	0	0	1.47076411579473	7.32909373624659	5.75890177387728	0	0.700079107341608
BA_only	hippocampus	AA	psi	chr3_169763296_169764180	chr3	169763296	169764180	29	29	0	0	0.0368753996126185	0.980549382116533	1.21671870666429	-1.21671870666429	884	343	Intergenic	1	Heritable	0.100725079734972	0.860701269461203	0.00957645717261893	5880	0	0	1.00725079734972	6.78445706263764	5.8406416573734	8.67948209445996	0.196157658831182
BA_only	hippocampus	AA	psi	chr3_169813364_169813632	chr3	169813364	169813632	32	32	0	0	0.00895687122354869	0.937818091156935	1.60922001999683	-1.60922001999683	268	320	Promoter	1	Non-heritable	0.096670291854062	0.842965464685501	0.00685281706400357	793	0	0	0.96670291854062	5.59098698051086	5.77144112313002	6.67708346124714	0.475749608192783
BA_only	hippocampus	AA	psi	chr3_169863552_169863750	chr3	169863552	169863750	34	34	0	0	0.0213911363152648	0.975932065139872	1.93366643940272	-1.93366643940272	198	327	Genic/other	0	Heritable	0.143359742882619	0.886408173834594	0.00763687691695493	15431	0	0	1.43359742882619	5.28826703069454	5.79301360838414	9.64419855458556	0.65941791545728
BA_only	hippocampus	AA	psi	chr3_170401558_170402320	chr3	170401558	170402320	33	33	0	0	0.0371258344857824	0.980549382116533	1.77363220392692	1.77363220392692	762	296	Intergenic	0	Heritable	0.216509203727547	0.827781535474888	0.0106187659303746	11334	0	0	2.16509203727547	6.63594655568665	5.6937321388027	9.33565056294163	0.573029542172001
BA_only	hippocampus	AA	psi	chr3_170420441_170425508	chr3	170420441	170425508	33	33	0	0	0.00576917160296506	0.91658260669542	2.90589086022819	2.90589086022819	5067	287	Promoter	2	Non-heritable	0.0828475934306752	0.841480477394344	0.00717178252194799	0	0	0	0.828475934306752	8.53050420547591	5.66296048013595	0	1.06674001118355
BA_only	hippocampus	AA	psi	chr3_170953708_170954060	chr3	170953708	170954060	25	25	0	0	0.0284068311896466	0.975932065139872	2.37666659105765	2.37666659105765	352	397	Promoter	0	Heritable	0.102955963423872	0.906304819619433	0.00740069077325096	0	0	0	1.02955963423872	5.8636311755981	5.98645200528444	0	0.865698918152618
BA_only	hippocampus	AA	psi	chr3_171027429_171028079	chr3	171027429	171028079	23	23	0	0	0.0558357407367485	0.98577631996496	1.90582053682988	1.90582053682988	650	399	Promoter	1	Heritable	0.106460792960071	0.908342572047605	0.00903572412187068	0	0	0	1.06460792960071	6.47697236288968	5.99146454710798	0	0.644912649083762
BA_only	hippocampus	AA	psi	chr3_171158875_171160196	chr3	171158875	171160196	17	17	0	0	0.00520023675484009	0.910521893616427	2.40363477100569	2.40363477100569	1321	412	Genic/other	0	Non-heritable	0.0935699750684614	0.919014567232226	0.0106269040608975	18475	0	0	0.935699750684614	7.18614430452233	6.02344759296103	9.8242278715505	0.876982083753075
BA_only	hippocampus	AA	psi	chr3_171775568_171776652	chr3	171775568	171776652	7	7	0	0	0.205735852101394	0.991064867102684	0.852520264891628	-0.852520264891628	1084	480	Genic/other	0	Heritable	0.110140542131863	0.938217148605056	0.00699833429554619	0	0	0	1.10140542131863	6.98841318199959	6.17586727010576	0	-0.159558287243193
BA_only	hippocampus	AA	psi	chr3_171830164_171830355	chr3	171830164	171830355	10	10	0	0	0.066684468245046	0.985907779499035	1.87438534997386	1.87438534997386	191	495	Genic/other	0	Non-heritable	0.0669988661558369	0.908006030448586	0.00803643021252857	0	0	0	0.669988661558369	5.25227342804663	6.20657592672493	0	0.628280797667641
BA_only	hippocampus	AA	psi	chr3_17195357_17196194	chr3	17195357	17196194	3	3	0	0	0.673557829948156	0.99725367388771	0.306109580095017	-0.306109580095017	837	237	Genic/other	0	Non-heritable	0.0961863330279463	0.813563548266268	0.00765793567200288	7605	0	0	0.961863330279463	6.72982407048948	5.47227067367148	8.9366926884882	-1.18381210358029
BA_only	hippocampus	AA	psi	chr3_172041530_172041871	chr3	172041530	172041871	10	10	0	0	0.119686989103093	0.991064867102684	1.69713924661484	-1.69713924661484	341	475	Genic/other	1	Non-heritable	0.0777141710249519	0.942285575790785	0.0121700683257638	0	0	0	0.777141710249519	5.83188247728352	6.16541785423142	0	0.528944043353693
BA_only	hippocampus	AA	psi	chr3_172201274_172201704	chr3	172201274	172201704	5	5	0	0	0.581706256026093	0.996615769927408	0.344511070336149	-0.344511070336149	430	557	Genic/other	0	Non-heritable	0.0387621452194376	0.951971517286241	0.00702281513857959	0	0	0	0.387621452194376	6.06378520868761	6.32435896238131	0	-1.06562902551547
BA_only	hippocampus	AA	psi	chr3_172677906_172678471	chr3	172677906	172678471	15	15	0	0	0.0141906460330476	0.964826773227435	1.56255538261902	-1.56255538261902	565	482	Genic/other	0	Heritable	0.217407216206495	0.916085027203367	0.0117471111667449	0	0	0	2.17407216206495	6.33682573114644	6.18001665365257	0	0.446322553276211
BA_only	hippocampus	AA	psi	chr3_175055227_175055767	chr3	175055227	175055767	1	1	0	0	0.365744435546397	0.994240189962501	0.470142047783121	-0.470142047783121	540	516	Genic/other	0	Heritable	0.589520858260357	0.897619591121619	0.00663636546961545	0	0	0	5.89520858260357	6.29156913955832	6.24804287450843	0	-0.754720379344159
BA_only	hippocampus	AA	psi	chr3_176795245_176797169	chr3	176795245	176797169	23	23	0	0	0.0382611873970438	0.980549382116533	1.36840028962703	1.36840028962703	1924	390	Genic/other	0	Heritable	0.598576228444006	0.898323262697116	0.00951281081508199	18556	0	0	5.98576228444006	7.56216163122565	5.96870755998537	9.82860235534434	0.313642393082871
BA_only	hippocampus	AA	psi	chr3_177537606_177538459	chr3	177537606	177538459	94	94	0	0	0.00195646035196825	0.80614848610333	3.80866662019385	3.80866662019385	853	448	Genic/other	0	Heritable	0.156312773876645	0.936568380195219	0.00901001163740227	0	0	0	1.56312773876645	6.74875954749168	6.10702288774226	0	1.33727916205789
BA_only	hippocampus	AA	psi	chr3_177618712_177619561	chr3	177618712	177619561	88	88	0	0	0.00460477421426686	0.898670488247095	2.68493381699658	-2.68493381699658	849	444	Genic/other	0	Heritable	0.117920630118069	0.921319892623863	0.00764725250491627	0	0	0	1.17920630118069	6.74405918631135	6.09807428216624	0	0.987656082218234
BA_only	hippocampus	AA	psi	chr3_179452312_179452664	chr3	179452312	179452664	47	47	0	0	0.00187024342584567	0.800632140208814	4.07237737494789	-4.07237737494789	352	304	Promoter	1	Non-heritable	0.0645836488734316	0.766107022188165	0.00859732085127083	965	0	0	0.645836488734316	5.8636311755981	5.72031177660741	6.87316383421252	1.40422695298627
BA_only	hippocampus	AA	psi	chr3_181313169_181313744	chr3	181313169	181313744	202	202	0	0	0.0118525731991269	0.95477271817661	7.3841403690248	-7.3841403690248	575	248	Genic/other	0	Non-heritable	0.0939537341782752	0.809580326243629	0.00735313851609264	0	0	0	0.939537341782752	6.35437004079735	5.51745289646471	0	1.99933450826372
BA_only	hippocampus	AA	psi	chr3_181417771_181418090	chr3	181417771	181418090	515	515	0	0	0.0027062675735976	0.838380536044197	3.01035279752806	3.01035279752806	319	296	Genic/other	0	Non-heritable	0.0385925480119217	0.686965311746752	0.00762359136587721	0	0	0	0.385925480119217	5.76519110278484	5.6937321388027	0	1.10205728369536
BA_only	hippocampus	AA	psi	chr3_181690784_181693221	chr3	181690784	181693221	568	568	0	0	0.0012331442208774	0.746042330377449	2.62002545154191	-2.62002545154191	2437	321	Genic/other	1	Non-heritable	0.04778681219588	0.840715049130145	0.0107360967149053	0	0	0	0.4778681219588	7.79852305362521	5.77455154554441	0	0.963184035871552
BA_only	hippocampus	AA	psi	chr3_181694796_181695970	chr3	181694796	181695970	567	567	0	0	0.0036195123444101	0.866906756094015	3.56727775257201	3.56727775257201	1174	331	Genic/other	2	Non-heritable	0.0824075972269336	0.896263904310679	0.00955525988915917	0	0	0	0.824075972269336	7.06817200038804	5.80513496891649	0	1.2718027734241
BA_only	hippocampus	AA	psi	chr3_181696431_181698793	chr3	181696431	181698793	567	567	0	0	0.000179183076811823	0.466614390268531	5.81565566305073	5.81565566305073	2362	325	Promoter	2	Non-heritable	0.0301777452772076	0.844208450997057	0.00600608113822878	0	0	0	0.301777452772076	7.76726399675731	5.78689738136671	0	1.76055353508295
BA_only	hippocampus	AA	psi	chr3_181704769_181705775	chr3	181704769	181705775	624	624	0	0	0.000235487316058347	0.503902674622265	2.99869871710779	2.99869871710779	1006	316	Genic/other	0	Heritable	0.114055006755495	0.810781553749691	0.0093100982020311	0	0	0	1.14055006755495	6.91373735065969	5.75890177387728	0	1.09817843693732
BA_only	hippocampus	AA	psi	chr3_181734755_181736865	chr3	181734755	181736865	646	646	0	0	0.00126728192892527	0.748685029382681	3.8741863423841	3.8741863423841	2110	324	Genic/other	0	Non-heritable	0.0806017003769143	0.842529091569183	0.00703520729437206	0	0	0	0.806017003769143	7.65444322647011	5.78382518232974	0	1.35433566717948
BA_only	hippocampus	AA	psi	chr3_182092679_182093117	chr3	182092679	182093117	140	140	0	0	0.00181235787157754	0.796279517383923	3.36986136382894	-3.36986136382894	438	352	Intergenic	0	Heritable	0.143860321873806	0.912071063623263	0.00812610194225777	40896	0	0	1.43860321873806	6.08221891037645	5.8664680569333	10.6188119897074	1.21487160815586
BA_only	hippocampus	AA	psi	chr3_182363916_182365264	chr3	182363916	182365264	20	20	0	0	0.0284285291628853	0.975932065139872	1.07465395557883	-1.07465395557883	1348	344	Promoter	0	Heritable	0.111422068364098	0.901645691481938	0.00826175308678588	0	0	0	1.11422068364098	7.20637729147225	5.84354441703136	0	0.0719987172763105
BA_only	hippocampus	AA	psi	chr3_182508715_182509522	chr3	182508715	182509522	31	31	0	0	0.00237554737926118	0.823733955316953	3.02770653138438	3.02770653138438	807	304	Genic/other	0	Non-heritable	0.0451324679596326	0.815706306368764	0.00733795483675737	0	0	0	0.451324679596326	6.69332366826995	5.72031177660741	0	1.10780541588009
BA_only	hippocampus	AA	psi	chr3_182597009_182597265	chr3	182597009	182597265	43	43	0	0	0.00324084446333551	0.856251275349336	7.91917864666968	7.91917864666968	256	305	Genic/other	0	Non-heritable	0.0790065820210477	0.804769444888561	0.00659509302713098	0	0	0	0.790065820210477	5.54517744447956	5.72358510195238	0	2.06928749548265
BA_only	hippocampus	AA	psi	chr3_182616689_182618102	chr3	182616689	182618102	43	43	0	0	0.00335500181334462	0.86482750106968	3.28028217086841	3.28028217086841	1413	299	Promoter	0	Non-heritable	0.0980198791725498	0.810604439570411	0.00906597493824539	0	0	0	0.980198791725498	7.25347038268453	5.7037824746562	0	1.18792944944818
BA_only	hippocampus	AA	psi	chr3_182902116_182902536	chr3	182902116	182902536	43	43	0	0	0.00109342110904782	0.726050490461723	1.4849960431154	-1.4849960431154	420	378	Genic/other	0	Non-heritable	0.0510843609655648	0.749593356729401	0.010931875611911	0	0	0	0.510843609655648	6.04025471127741	5.93753620508243	0	0.395412114416383
BA_only	hippocampus	AA	psi	chr3_183163050_183163251	chr3	183163050	183163251	38	38	0	0	0.00272832900267313	0.840773357280694	2.87520170053017	-2.87520170053017	201	411	Promoter	1	Heritable	0.124540364593219	0.914772834628227	0.0102562873443886	442	0	0	1.24540364593219	5.30330490805908	6.02102334934953	6.09356977004514	1.05612283197261
BA_only	hippocampus	AA	psi	chr3_183265130_183265605	chr3	183265130	183265605	45	45	0	0	0.00710684600829833	0.931602204679102	3.25422798226125	-3.25422798226125	475	362	Promoter	0	Non-heritable	0.0866169232259521	0.848584810068409	0.00750985250224546	0	0	0	0.866169232259521	6.16331480403464	5.89440283426485	0	1.17995507157326
BA_only	hippocampus	AA	psi	chr3_183372371_183373188	chr3	183372371	183373188	37	37	0	0	0.00606420045423287	0.920376068783091	3.71299666917818	3.71299666917818	817	346	Genic/other	0	Heritable	0.246647021205906	0.844636320575549	0.00851106645259637	16590	0	0	2.46647021205906	6.70563909486	5.84932477994686	9.71661565864336	1.31183928081754
BA_only	hippocampus	AA	psi	chr3_183427092_183427438	chr3	183427092	183427438	49	49	0	0	0.0145518024494805	0.966089857218066	2.16950428383214	-2.16950428383214	346	356	Genic/other	1	Non-heritable	0.0886124864716002	0.817397124186083	0.00900318996717468	0	0	0	0.886124864716002	5.84643877505773	5.87773578177964	0	0.774498705434831
BA_only	hippocampus	AA	psi	chr3_183469215_183469774	chr3	183469215	183469774	49	49	0	0	0.00312808298635265	0.850469282776054	3.45435606168046	3.45435606168046	559	351	Intergenic	0	Non-heritable	0.094800606726909	0.887979811986513	0.011207439466366	4546	0	0	0.94800606726909	6.3261494731551	5.8636311755981	8.42222295382501	1.23963606406961
BA_only	hippocampus	AA	psi	chr3_18349319_18349537	chr3	18349319	18349537	193	193	0	0	0.00484190460932252	0.903845859635741	6.47916093744999	-6.47916093744999	218	255	Genic/other	0	Non-heritable	0.0820168420146292	0.810716787406945	0.00631802061079783	144	0	0	0.820168420146292	5.38449506278909	5.54517744447956	4.97673374242057	1.86859101856227
BA_only	hippocampus	AA	psi	chr3_183511386_183511681	chr3	183511386	183511681	48	48	0	0	0.0113460937447431	0.950759805447716	2.84924070347872	-2.84924070347872	295	347	Genic/other	0	Non-heritable	0.0450386655362052	0.697045561187084	0.00776862899254361	3326	0	0	0.450386655362052	5.68697535633982	5.85220247977447	8.10982627601848	1.04705254246217
BA_only	hippocampus	AA	psi	chr3_183641906_183643144	chr3	183641906	183643144	49	49	0	0	0.000774092379987984	0.681447094882683	2.27698985197085	2.27698985197085	1238	388	Genic/other	0	Heritable	0.4642892785718	0.869443874324403	0.0116584224991549	0	0	0	4.642892785718	7.12125245324454	5.96357934361845	0	0.822854334709306
BA_only	hippocampus	AA	psi	chr3_183699651_183700765	chr3	183699651	183700765	49	49	0	0	0.0138596810633983	0.964441318501853	2.01377199646394	-2.01377199646394	1114	391	Genic/other	2	Non-heritable	0.0493642850491323	0.878913669261948	0.00612912324879073	36192	0	0	0.493642850491323	7.01571242048723	5.97126183979046	10.4966210089497	0.700009583550609
BA_only	hippocampus	AA	psi	chr3_183799933_183801103	chr3	183799933	183801103	44	44	0	0	0.0464651068504819	0.98234380197239	2.03771016550931	2.03771016550931	1170	369	Promoter	0	Non-heritable	0.0236320559646964	0.858394488158041	0.0090064995262803	7008	0	0	0.236320559646964	7.0647590277918	5.91350300563827	8.85495031650033	0.711826714437113
BA_only	hippocampus	AA	psi	chr3_183822628_183823151	chr3	183822628	183823151	44	44	0	0	0.0539156852862416	0.985176584192382	1.7459401361958	1.7459401361958	523	357	Enhancer	2	Non-heritable	0.0976342839994212	0.897951460131032	0.00664655955114969	0	0	0	0.976342839994212	6.25958146406492	5.8805329864007	0	0.557293176300496
BA_only	hippocampus	AA	psi	chr3_183823737_183824495	chr3	183823737	183824495	44	44	0	0	0.0502942053121331	0.984077279506327	1.35751965482721	-1.35751965482721	758	356	Genic/other	1	Heritable	0.119824438423271	0.886274880313566	0.0078324800203779	0	0	0	1.19824438423271	6.63068338564237	5.87773578177964	0	0.305659258781591
BA_only	hippocampus	AA	psi	chr3_184016586_184017031	chr3	184016586	184017031	144	144	0	0	0.00272888541348228	0.840773357280694	3.74498052919398	3.74498052919398	445	397	Genic/other	1	Non-heritable	0.0877480409712367	0.873089068956006	0.0078377538463493	0	0	0	0.877480409712367	6.09807428216624	5.98645200528444	0	1.32041642047877
BA_only	hippocampus	AA	psi	chr3_18418471_18419439	chr3	18418471	18419439	193	193	0	0	0.00115546441583578	0.72939557362483	3.68513303589102	-3.68513303589102	968	286	Promoter	0	Heritable	0.164338484873369	0.855300195924658	0.00687007921890469	0	0	0	1.64338484873369	6.87523208727658	5.65948221575962	0	1.30430662970895
BA_only	hippocampus	AA	psi	chr3_184275514_184275691	chr3	184275514	184275691	229	229	0	0	0.0128631735165263	0.963329534586916	4.3483807907993	4.3483807907993	177	517	Promoter	1	Non-heritable	0.0956445047974097	0.931480144266702	0.0113980911320661	500	0	0	0.956445047974097	5.17614973257383	6.24997524225948	6.21660610108487	1.46980354610461
BA_only	hippocampus	AA	psi	chr3_184337872_184338098	chr3	184337872	184338098	237	237	0	0	0.00856006723847895	0.933559278800072	3.9118089648125	3.9118089648125	226	561	Promoter	1	Non-heritable	0.0656353249561984	0.891511414728881	0.00599059139488412	0	0	0	0.656353249561984	5.42053499927229	6.33150184989369	0	1.36399992041092
BA_only	hippocampus	AA	psi	chr3_18446380_18446785	chr3	18446380	18446785	194	194	0	0	0.00386319058794939	0.873157131815071	3.1457028169893	3.1457028169893	405	279	Promoter	1	Heritable	0.112521785284924	0.855807260125155	0.00733451479933766	0	0	0	1.12521785284924	6.00388706710654	5.63478960316925	0	1.14603733958613
BA_only	hippocampus	AA	psi	chr3_184491745_184492009	chr3	184491745	184492009	139	139	0	0	0.00560346012553079	0.914301706404424	3.66099231856484	3.66099231856484	264	554	Intergenic	1	Non-heritable	0.0967680531195105	0.934711944629714	0.00722843310560272	0	0	0	0.967680531195105	5.57594910314632	6.31896811374643	0	1.2977342386879
BA_only	hippocampus	AA	psi	chr3_184492540_184492802	chr3	184492540	184492802	139	139	0	0	0.00146442364589434	0.762823213405844	3.47210900751711	3.47210900751711	262	549	Intergenic	1	Non-heritable	0.0878006835297265	0.947420817847119	0.00818141339334017	0	0	0	0.878006835297265	5.5683445037611	6.30991827822652	0	1.24476219535963
BA_only	hippocampus	AA	psi	chr3_184543176_184543674	chr3	184543176	184543674	138	138	0	0	0.00759757713809043	0.933559278800072	2.55944937297098	2.55944937297098	498	526	Intergenic	0	Non-heritable	0.0962596737960505	0.949681180747055	0.00744683836879452	39248	0	0	0.962596737960505	6.21060007702465	6.26720054854136	10.577681245179	0.939792150580462
BA_only	hippocampus	AA	psi	chr3_184544269_184545693	chr3	184544269	184545693	138	138	0	0	0.00190409113852151	0.801360789073658	2.93554168571291	-2.93554168571291	1424	528	Intergenic	0	Heritable	0.116003512293599	0.94338228902927	0.0113681613046094	37229	0	0	1.16003512293599	7.26122509197192	6.2709884318583	10.5248701668668	1.07689200037725
BA_only	hippocampus	AA	psi	chr3_184582581_184583173	chr3	184582581	184583173	98	98	0	0	0.000270212638592602	0.515521234988002	4.72194412812313	4.72194412812313	592	512	Intergenic	1	Heritable	0.171293262378823	0.936210990138431	0.00802215848085922	0	0	0	1.71293262378823	6.38350663488401	6.24027584517077	0	1.55222060846271
BA_only	hippocampus	AA	psi	chr3_184603796_184603921	chr3	184603796	184603921	92	92	0	0	0.00868733567915979	0.933559278800072	2.80407334283564	-2.80407334283564	125	518	Intergenic	1	Heritable	0.113378375401747	0.93833845244364	0.00835485827185677	0	0	0	1.13378375401747	4.8283137373023	6.25190388316589	0	1.03107312889995
BA_only	hippocampus	AA	psi	chr3_185150251_185151420	chr3	185150251	185151420	6	6	0	0	0.378193154015731	0.994416868537123	0.767492261611081	-0.767492261611081	1169	347	Genic/other	2	Non-heritable	0.0818113124129534	0.876522596943856	0.00906229785693119	97096	0	0	0.818113124129534	7.06390396147207	5.85220247977447	11.4834657578186	-0.264626869133593
BA_only	hippocampus	AA	psi	chr3_185175280_185176089	chr3	185175280	185176089	6	6	0	0	0.0406177578329978	0.980549382116533	3.12345684909148	-3.12345684909148	809	335	Genic/other	0	Non-heritable	0.0698196994656696	0.81502156444402	0.00630770966968285	72427	0	0	0.698196994656696	6.69579891705849	5.8171111599632	11.1903482439405	1.13894035613575
BA_only	hippocampus	AA	psi	chr3_185253475_185253716	chr3	185253475	185253716	13	13	0	0	0.0176354620026414	0.970931943606436	2.39723757539243	-2.39723757539243	241	278	Promoter	1	Non-heritable	0.0601416813695389	0.847691228823829	0.0180373083558794	0	0	0	0.601416813695389	5.48479693349066	5.63121178182137	0	0.874317068351178
BA_only	hippocampus	AA	psi	chr3_185397801_185397915	chr3	185397801	185397915	23	23	0	0	0.0599078905829926	0.98577631996496	3.85054397463062	-3.85054397463062	114	263	Genic/other	0	Non-heritable	0.0669606762183093	0.725771877065173	0.0137067284562548	0	0	0	0.669606762183093	4.7361984483945	5.57594910314632	0	1.34821443302779
BA_only	hippocampus	AA	psi	chr3_185660435_185660619	chr3	185660435	185660619	39	39	0	0	0.00954132590052461	0.939841915020693	5.97489229130266	-5.97489229130266	184	333	Genic/other	0	Non-heritable	0.0753244636529803	0.769700430646601	0.00776154065328398	37727	0	0	0.753244636529803	5.21493575760899	5.8111409929767	10.5381578033371	1.78756607276854
BA_only	hippocampus	AA	psi	chr3_186193707_186193844	chr3	186193707	186193844	132	132	0	0	0.00465132768476225	0.900741069326031	46.565789412173	46.565789412173	137	580	Genic/other	1	Non-heritable	0.0948311375841414	0.944784405527691	0.00733180736571922	0	0	0	0.948311375841414	4.91998092582813	6.36475075685191	0	3.84086613895293
BA_only	hippocampus	AA	psi	chr3_186929889_186930078	chr3	186929889	186930078	69	69	0	0	0.00667258612590769	0.926346320137909	4.33128121373115	4.33128121373115	189	600	Promoter	1	Heritable	0.239117304938832	0.936114422360394	0.00813233245495831	755	0	0	2.39117304938832	5.24174701505964	6.39859493453521	6.62804137617953	1.46586339287235
BA_only	hippocampus	AA	psi	chr3_187742653_187743345	chr3	187742653	187743345	41	41	0	0	0.0379383213581819	0.980549382116533	3.29648194767452	-3.29648194767452	692	508	Promoter	1	Non-heritable	0.0875037903296536	0.938448918307653	0.00618996747802368	0	0	0	0.875037903296536	6.53958595561767	6.23244801655052	0	1.19285582638
BA_only	hippocampus	AA	psi	chr3_190143374_190144101	chr3	190143374	190144101	7	7	0	0	0.14373943077986	0.991064867102684	0.951015822627865	0.951015822627865	727	588	Genic/other	0	Heritable	0.58043850386357	0.918740788602744	0.009027642276045	0	0	0	5.8043850386357	6.58892647753352	6.37842618365159	0	-0.0502245681758923
BA_only	hippocampus	AA	psi	chr3_190799533_190801010	chr3	190799533	190801010	11	11	0	0	0.0306588566458068	0.976893291659941	0.833731710856601	0.833731710856601	1477	515	Intergenic	0	Heritable	0.586205723583474	0.921891288151261	0.0107118967487898	6475	0	0	5.86205723583474	7.29776828253138	6.24610676548156	8.77585831479753	-0.181843606002712
BA_only	hippocampus	AA	psi	chr3_190964891_190965259	chr3	190964891	190965259	3	3	0	0	0.058110418857272	0.98577631996496	1.00485639191527	1.00485639191527	368	504	Intergenic	0	Non-heritable	0.0981547432717293	0.928264556551263	0.00683581895530327	30723	0	0	0.981547432717293	5.90808293816893	6.22455842927536	10.3327993871186	0.00484464763579747
BA_only	hippocampus	AA	psi	chr3_19102824_19104003	chr3	19102824	19104003	4	4	0	0	0.166499736737618	0.991064867102684	1.05306697918384	1.05306697918384	1179	263	Intergenic	0	Heritable	0.320304111379836	0.818215630988112	0.0108360549647878	26858	0	0	3.20304111379836	7.07242190053737	5.57594910314632	10.1983562393023	0.0517068485868713
BA_only	hippocampus	AA	psi	chr3_191328542_191328786	chr3	191328542	191328786	37	37	0	0	0.0217625505006086	0.975932065139872	1.90375663354024	1.90375663354024	244	413	Promoter	1	Non-heritable	0.084625358136472	0.889793871194546	0.00691119203109688	0	0	0	0.84625358136472	5.4971682252932	6.02586597382531	0	0.643829114933681
BA_only	hippocampus	AA	psi	chr3_191330907_191331489	chr3	191330907	191331489	37	37	0	0	0.0116221576888234	0.95315577890577	2.18605556389128	-2.18605556389128	582	416	Promoter	1	Non-heritable	0.017036012930999	0.805739334970748	0.00614942622143142	492	0	0	0.17036012930999	6.36647044773144	6.0330862217988	6.20050917404269	0.782098812071307
BA_only	hippocampus	AA	psi	chr3_191642285_191644273	chr3	191642285	191644273	37	37	0	0	0.0836499855173645	0.988137148207548	0.929040614079145	0.929040614079145	1988	371	Intergenic	0	Heritable	0.734670350259295	0.892099780252094	0.00812603169600902	52381	0	0	7.34670350259295	7.59488438721652	5.91889385427315	10.8663182998452	-0.0736028122986007
BA_only	hippocampus	AA	psi	chr3_191648678_191652061	chr3	191648678	191652061	37	37	0	0	0.0533352319995913	0.984783117109287	0.880764712083578	-0.880764712083578	3383	355	Intergenic	0	Heritable	0.407874034380207	0.899901311258335	0.00866231970172234	58774	0	0	4.07874034380207	8.12651816878071	5.87493073085203	10.9814718734083	-0.126964746506136
BA_only	hippocampus	AA	psi	chr3_192155286_192155502	chr3	192155286	192155502	7	7	0	0	0.0222769081325112	0.975932065139872	4.31650607448961	4.31650607448961	216	437	Enhancer	0	Heritable	0.137037891779184	0.927030806289923	0.00862848420801425	0	0	0	1.37037891779184	5.37527840768417	6.08221891037645	0	1.46244629828114
BA_only	hippocampus	AA	psi	chr3_19236279_19237345	chr3	19236279	19237345	2	2	0	0	0.672989841589359	0.99725367388771	0.601017924847656	0.601017924847656	1066	255	Genic/other	0	Non-heritable	0.082614728113366	0.868943516860285	0.00857681003123025	105368	0	0	0.82614728113366	6.97166860472579	5.54517744447956	11.5652237541813	-0.509130503215551
BA_only	hippocampus	AA	psi	chr3_192567058_192568388	chr3	192567058	192568388	10	10	0	0	0.0249200565597702	0.975932065139872	1.11843502864728	1.11843502864728	1330	490	Promoter	0	Heritable	0.213743806188693	0.902091364231675	0.0056817679893843	0	0	0	2.13743806188693	7.1929342212158	6.19644412779452	0	0.111930421269247
BA_only	hippocampus	AA	psi	chr3_192569993_192572374	chr3	192569993	192572374	10	10	0	0	0.0261151225669991	0.975932065139872	1.00846717543765	-1.00846717543765	2381	482	Enhancer	0	Heritable	0.133447874983449	0.953108923290719	0.00900554463875123	0	0	0	1.33447874983449	7.77527584648686	6.18001665365257	0	0.00843153989331769
BA_only	hippocampus	AA	psi	chr3_193124839_193125087	chr3	193124839	193125087	1	1	0	0	0.185708004700202	0.991064867102684	0.512399432413067	0.512399432413067	248	371	Intergenic	0	Heritable	0.132509829369276	0.913674003802667	0.00605886407255878	239192	0	0	1.32509829369276	5.51342874616498	5.91889385427315	12.3850260364164	-0.668650797146983
BA_only	hippocampus	AA	psi	chr3_193241867_193242120	chr3	193241867	193242120	5	5	0	0	0.0644397465788048	0.985907779499035	0.715302230757699	0.715302230757699	253	374	Genic/other	1	Non-heritable	0.0863173821547056	0.920661894194744	0.00865940902219352	122159	0	0	0.863173821547056	5.53338948872752	5.92692602597041	11.7130869398925	-0.335050111260236
BA_only	hippocampus	AA	psi	chr3_193608720_193609770	chr3	193608720	193609770	29	29	0	0	0.018386980410078	0.972503866121758	1.28307394452626	1.28307394452626	1050	485	Genic/other	0	Heritable	0.134410791091634	0.941048960229454	0.0205827607459479	0	0	0	1.34410791091634	6.95654544315157	6.18620862390049	0	0.249258725847765
BA_only	hippocampus	AA	psi	chr3_193673511_193674113	chr3	193673511	193674113	41	41	0	0	0.0423524866543264	0.980549382116533	2.68266972489051	2.68266972489051	602	524	Genic/other	0	Non-heritable	0.098943751914213	0.949181684203031	0.0146267640344602	0	0	0	0.98943751914213	6.40025744530882	6.26339826259162	0	0.986812468410231
BA_only	hippocampus	AA	psi	chr3_193816948_193817508	chr3	193816948	193817508	428	428	0	0	0.00261197480185173	0.834255574259504	5.50091975250697	5.50091975250697	560	640	Intergenic	0	Non-heritable	0.0659137137739536	0.932925695461797	0.00641349325880846	1661	0	0	0.659137137739536	6.3279367837292	6.46302945692067	7.41577697541539	1.70491530780385
BA_only	hippocampus	AA	psi	chr3_194142061_194142418	chr3	194142061	194142418	481	481	0	0	0.000303771062313547	0.541467659154849	6.88498330099689	-6.88498330099689	357	774	Genic/other	1	Non-heritable	0.0990011863000665	0.975237193698521	0.00956181852842974	7110	0	0	0.990011863000665	5.87773578177964	6.65286302935335	8.86939815988352	1.92934270821209
BA_only	hippocampus	AA	psi	chr3_194269402_194270028	chr3	194269402	194270028	442	442	0	0	0.00602111232812328	0.919417785088414	7.81451042232876	-7.81451042232876	626	769	Intergenic	2	Non-heritable	0.0905098302826548	0.970030628680108	0.00989776124352978	0	0	0	0.905098302826548	6.4393503711001	6.64639051484773	0	2.05598231729554
BA_only	hippocampus	AA	psi	chr3_194768620_194768813	chr3	194768620	194768813	200	200	0	0	0.00870788216468785	0.933559278800072	4.61519967544725	4.61519967544725	193	780	Promoter	0	Heritable	0.1098238555172	0.972166820071204	0.00883073200848532	0	0	0	1.098238555172	5.26269018890489	6.66057514983969	0	1.52935513580472
BA_only	hippocampus	AA	psi	chr3_194771732_194772319	chr3	194771732	194772319	200	200	0	0	0.00398359401998887	0.876453522128082	2.81705216610448	2.81705216610448	587	745	Genic/other	0	Heritable	0.118847757115695	0.966484381843653	0.0111975071832784	0	0	0	1.18847757115695	6.3750248198281	6.61472560020376	0	1.03569101059153
BA_only	hippocampus	AA	psi	chr3_194801295_194801842	chr3	194801295	194801842	197	197	0	0	0.000655061237143575	0.660644830675263	3.29030894350254	-3.29030894350254	547	727	Genic/other	0	Heritable	0.112743815877916	0.961882684308918	0.00697240850062101	0	0	0	1.12743815877916	6.30444880242198	6.59030104819669	0	1.19098146720799
BA_only	hippocampus	AA	psi	chr3_194947320_194949206	chr3	194947320	194949206	174	174	0	0	0.0162903858435273	0.969245141301252	2.91793249008686	2.91793249008686	1886	676	Intergenic	0	Heritable	0.510355520501368	0.936856829658685	0.0139158989383202	26899	0	0	5.10355520501368	7.5422134631934	6.51767127291228	10.1998815655899	1.07087531758042
BA_only	hippocampus	AA	psi	chr3_194984866_194985577	chr3	194984866	194985577	122	122	0	0	0.0200618086530708	0.975789197796596	3.04510740936123	-3.04510740936123	711	684	Enhancer	0	Non-heritable	0.0937239721565027	0.942926716633727	0.0107061968857432	20345	0	0	0.937239721565027	6.56667242980324	6.52941883826223	9.92063961135369	1.11353617783396
BA_only	hippocampus	AA	psi	chr3_195087771_195089043	chr3	195087771	195089043	13	13	0	0	0.0918393782616353	0.989446665475032	2.18792240845351	2.18792240845351	1272	602	Promoter	0	Heritable	0.181782255143925	0.929355453153126	0.0094527305699174	0	0	0	1.81782255143925	7.14834574390007	6.40191719672719	0	0.782952426185898
BA_only	hippocampus	AA	psi	chr3_195119688_195120143	chr3	195119688	195120143	11	11	0	0	0.0661521121384747	0.985907779499035	5.59509937823709	5.59509937823709	455	578	Genic/other	0	Heritable	0.109324387352498	0.961419136387507	0.00780094546996438	0	0	0	1.09324387352498	6.12029741895095	6.361302477573	0	1.7218911053661
BA_only	hippocampus	AA	psi	chr3_195133308_195133785	chr3	195133308	195133785	11	11	0	0	0.00936268681577566	0.939841915020693	5.51152044142217	5.51152044142217	477	565	Genic/other	0	Heritable	0.144360364661632	0.946846159113274	0.00774687777781554	0	0	0	1.44360364661632	6.16751649088834	6.33859407820318	0	1.70684052909605
BA_only	hippocampus	AA	psi	chr3_195150448_195151645	chr3	195150448	195151645	11	11	0	0	0.062602501882636	0.985907779499035	1.36096548930258	-1.36096548930258	1197	549	Enhancer	0	Heritable	0.154788373801491	0.923400073221298	0.00696813594855221	0	0	0	1.54788373801491	7.08757370555797	6.30991827822652	0	0.30819437382751
BA_only	hippocampus	AA	psi	chr3_195194613_195195471	chr3	195194613	195195471	10	10	0	0	0.0651539306006688	0.985907779499035	5.65080717471603	5.65080717471603	858	524	Genic/other	0	Heritable	0.141082687770083	0.941893377342323	0.0067384492685354	0	0	0	1.41082687770083	6.75460409948796	6.26339826259162	0	1.73179839950569
BA_only	hippocampus	AA	psi	chr3_195255539_195255783	chr3	195255539	195255783	10	10	0	0	0.0507689043659202	0.984153364580922	0.787515796132919	0.787515796132919	244	519	Genic/other	1	Heritable	0.282816883712853	0.889148724261402	0.0088506590507675	0	0	0	2.82816883712853	5.4971682252932	6.25382881157547	0	-0.238871837203877
BA_only	hippocampus	AA	psi	chr3_195477653_195480025	chr3	195477653	195480025	1046	1046	1	1	2.4904449997259e-06	0.0419847368601064	5.687696167696	-5.687696167696	2372	480	Intergenic	0	Non-heritable	0.0953158002140871	0.893344425263126	0.0167253741849356	34857	1	1	0.953158002140871	7.77148876011762	6.17586727010576	10.4590379450816	1.73830527646392
BA_only	hippocampus	AA	psi	chr3_195556512_195556625	chr3	195556512	195556625	1048	1048	0	0	0.000778601432514617	0.681447094882683	5.36706247796952	5.36706247796952	113	390	Intergenic	0	Heritable	0.104575820816447	0.903794553544251	0.00590211129003101	6223	0	0	1.04575820816447	4.72738781871234	5.96870755998537	8.73616806585823	1.68028073612477
BA_only	hippocampus	AA	psi	chr3_195582506_195584531	chr3	195582506	195584531	1048	1048	0	0	0.000134221605524711	0.427037609173052	10.1586238528915	10.1586238528915	2025	377	Promoter	0	Heritable	0.15980998043825	0.894007216220002	0.00565554053998414	0	0	0	1.5980998043825	7.61332497954064	5.93489419561959	0	2.31832298641082
BA_only	hippocampus	AA	psi	chr3_195587138_195587442	chr3	195587138	195587442	1052	1052	0	0	0.000258929887871005	0.503902674622265	6.54472419698365	6.54472419698365	304	384	Genic/other	0	Heritable	0.156506183526416	0.897076744793214	0.00660352191333187	3259	0	0	1.56506183526416	5.71702770140622	5.95324333428779	8.08948247436075	1.87865926050362
BA_only	hippocampus	AA	psi	chr3_195597461_195598117	chr3	195597461	195598117	1057	1057	0	0	0.000596377509198291	0.652082544279161	5.28041311969052	5.28041311969052	656	363	Intergenic	0	Heritable	0.537193851053792	0.87940596665914	0.00857451955914036	13582	0	0	5.37193851053792	6.48616078894409	5.89715386763674	9.51657428982249	1.66400433891682
BA_only	hippocampus	AA	psi	chr3_195618184_195618893	chr3	195618184	195618893	1059	1059	0	0	0.00393490552049987	0.876132919298309	4.2836974521839	-4.2836974521839	709	354	Genic/other	1	Non-heritable	0.0370860433443544	0.882503317009436	0.00609810650202059	0	0	0	0.370860433443544	6.56385552653213	5.87211778947542	0	1.45481652968651
BA_only	hippocampus	AA	psi	chr3_195637169_195637494	chr3	195637169	195637494	1072	1072	0	0	0.00101801067317565	0.720795800291521	3.89036889705586	3.89036889705586	325	373	Genic/other	1	Non-heritable	0.0843717717375786	0.87791979870231	0.00690757178541631	0	0	0	0.843717717375786	5.78382518232974	5.92425579741453	0	1.35850398785256
BA_only	hippocampus	AA	psi	chr3_195653824_195654266	chr3	195653824	195654266	1082	1082	0	0	0.00046688578371736	0.604162640906295	4.63289816536894	-4.63289816536894	442	389	Genic/other	1	Heritable	0.125483743534236	0.903660712223371	0.01966185832723	0	0	0	1.25483743534236	6.0913098820777	5.96614673912369	0	1.53318262807275
BA_only	hippocampus	AA	psi	chr3_195657488_195657590	chr3	195657488	195657590	1082	1082	0	0	0.000220644034084264	0.495453565136512	8.10898499109899	8.10898499109899	102	401	Promoter	1	Heritable	0.100956430469434	0.887077975073013	0.0158204797871519	0	0	0	1.00956430469434	4.62497281328427	5.99645208861902	0	2.09297270629971
BA_only	hippocampus	AA	psi	chr3_195712603_195713332	chr3	195712603	195713332	1146	1146	0	0	1.17615504675622e-05	0.107974293920074	3.76592622016575	3.76592622016575	729	423	Genic/other	0	Heritable	0.111460265976335	0.908225865318883	0.0120402392682885	0	0	0	1.11460265976335	6.59167373200866	6.04973345523196	0	1.32599384166439
BA_only	hippocampus	AA	psi	chr3_195760477_195760845	chr3	195760477	195760845	1254	1254	0	0	0.000465933001724317	0.604162640906295	4.33907883324247	-4.33907883324247	368	442	Genic/other	1	Heritable	0.160296382997699	0.899190297353762	0.00744368303553333	3329	0	0	1.60296382997699	5.90808293816893	6.09356977004514	8.11072758297449	1.46766207748368
BA_only	hippocampus	AA	psi	chr3_195761413_195762861	chr3	195761413	195762861	1254	1254	0	0	0.000218645411067656	0.495453565136512	11.3896075135341	-11.3896075135341	1448	443	Genic/other	2	Heritable	0.159203874077057	0.922760971940828	0.0111974019391801	2587	0	0	1.59203874077057	7.27793857294566	6.09582456243223	7.85864065562079	2.43270131887893
BA_only	hippocampus	AA	psi	chr3_195775094_195775381	chr3	195775094	195775381	1253	1253	0	0	0.00193283262211589	0.804679915749906	5.34466408976609	-5.34466408976609	287	440	Genic/other	0	Heritable	0.158740121260387	0.890282630721719	0.00885299695917676	0	0	0	1.58740121260387	5.65948221575962	6.08904487544685	0	1.67609869867926
BA_only	hippocampus	AA	psi	chr3_195804576_195804969	chr3	195804576	195804969	1248	1248	0	0	0.00043095953766382	0.600933463320688	4.88317675362897	-4.88317675362897	393	441	Enhancer	0	Heritable	0.114397743432984	0.918459749947027	0.00696813825328775	0	0	0	1.14397743432984	5.97380961186926	6.0913098820777	0	1.58579598422547
BA_only	hippocampus	AA	psi	chr3_195849591_195850200	chr3	195849591	195850200	1265	1265	0	0	0.000206647300507264	0.4907995675102	4.98311925414332	-4.98311925414332	609	449	Genic/other	0	Heritable	0.352046360895202	0.889238557802786	0.0148022673634687	0	0	0	3.52046360895202	6.4118182677099	6.10924758276437	0	1.60605605321781
BA_only	hippocampus	AA	psi	chr3_195850779_195851467	chr3	195850779	195851467	1265	1265	0	0	0.00165045992182325	0.786661074605562	5.39932012918392	5.39932012918392	688	444	Genic/other	0	Non-heritable	0.0972301968768992	0.885390490967555	0.0090554715243057	0	0	0	0.972301968768992	6.53378883793334	6.09807428216624	0	1.68627304549301
BA_only	hippocampus	AA	psi	chr3_195873639_195873848	chr3	195873639	195873848	1265	1265	0	0	0.000384191977488394	0.579438373379997	6.35421813625928	-6.35421813625928	209	456	Promoter	1	Non-heritable	0.0883045195025313	0.901147365867227	0.00755720884827902	0	0	0	0.883045195025313	5.34233425196481	6.12468339089421	0	1.84911886737308
BA_only	hippocampus	AA	psi	chr3_195931432_195932355	chr3	195931432	195932355	1154	1154	0	0	0.00204210684717391	0.810220699818703	7.99367588289562	-7.99367588289562	923	447	Genic/other	0	Non-heritable	0.0826046995871769	0.906540702411518	0.00712479241273565	0	0	0	0.826046995871769	6.82762923450285	6.10479323241499	0	2.07865071567132
BA_only	hippocampus	AA	psi	chr3_195955274_195955634	chr3	195955274	195955634	1054	1054	0	0	1.33917668431998e-05	0.114971790288422	8.39789540315396	-8.39789540315396	360	446	Promoter	1	Heritable	0.183554229282557	0.868661484894001	0.00628934782426126	1452	0	0	1.83554229282557	5.88610403145016	6.10255859461357	7.28138566357028	2.12798112840426
BA_only	hippocampus	AA	psi	chr3_195994349_195994544	chr3	195994349	195994544	292	292	0	0	0.000125278851320579	0.416727663010105	4.17784751152153	-4.17784751152153	195	442	Genic/other	1	Heritable	0.113787326405309	0.912069467501109	0.00880072537220849	1870	0	0	1.13787326405309	5.27299955856375	6.09356977004514	7.53422832627409	1.4297961669015
BA_only	hippocampus	AA	psi	chr3_196208126_196208246	chr3	196208126	196208246	242	242	0	0	0.000283797221507353	0.526573761111555	3.57197309684268	3.57197309684268	120	575	Genic/other	2	Non-heritable	0.0641661726927092	0.90738269539051	0.00736551261480546	313	0	0	0.641661726927092	4.78749174278205	6.35610766069589	5.74939298590825	1.27311813410648
BA_only	hippocampus	AA	psi	chr3_196500378_196501591	chr3	196500378	196501591	39	39	0	0	0.0301780152441904	0.976893291659941	3.60989501185272	3.60989501185272	1213	596	Genic/other	2	Heritable	0.216562898679245	0.91928556799635	0.0141171807856852	0	0	0	2.16562898679245	7.10085190894405	6.3919171133926	0	1.28367869210277
BA_only	hippocampus	AA	psi	chr3_196528338_196528402	chr3	196528338	196528402	37	37	0	0	0.00211769654894316	0.815187053503819	18.1245872234573	18.1245872234573	64	602	Genic/other	1	Heritable	0.110615003150685	0.932678603192635	0.00786764564955756	13177	0	0	1.10615003150685	4.15888308335967	6.40191719672719	9.48630405147376	2.89726942715493
BA_only	hippocampus	AA	psi	chr3_196532422_196533496	chr3	196532422	196533496	37	37	0	0	0.00946436514014396	0.939841915020693	5.76155684796538	-5.76155684796538	1074	623	Genic/other	1	Heritable	0.211983048404775	0.892074453782983	0.00527005804883744	17261	0	0	2.11983048404775	6.97914527506881	6.43615036836943	9.7562628327796	1.75120772602783
BA_only	hippocampus	AA	psi	chr3_196619115_196619656	chr3	196619115	196619656	30	30	0	0	0.0103661758713326	0.944902218841749	3.14846809198308	-3.14846809198308	541	609	Intergenic	0	Non-heritable	0.0634579574510941	0.955411812011471	0.00895947754796193	11988	0	0	0.634579574510941	6.29341927884648	6.41345895716736	9.39174484170765	1.14691601771639
BA_only	hippocampus	AA	psi	chr3_196757731_196758443	chr3	196757731	196758443	46	46	0	0	0.0366594967646957	0.980549382116533	3.87554692923928	-3.87554692923928	712	484	Genic/other	0	Non-heritable	0.0968280730743238	0.928532482656037	0.00708425501296278	26738	0	0	0.968280730743238	6.56807791141198	6.18414889093748	10.1938784527988	1.35468679845534
BA_only	hippocampus	AA	psi	chr3_196763135_196763588	chr3	196763135	196763588	48	48	0	0	0.0245861477065174	0.975932065139872	2.9091684315968	2.9091684315968	453	505	Genic/other	0	Heritable	0.111822122220652	0.886765599408211	0.00946143510442997	32142	0	0	1.11822122220652	6.11589212548303	6.22653666928747	10.3779499765658	1.0678672814451
BA_only	hippocampus	AA	psi	chr3_196772620_196773185	chr3	196772620	196773185	48	48	0	0	0.0897669510130268	0.989446665475032	2.35462548810013	2.35462548810013	565	487	Genic/other	0	Heritable	0.137230864229185	0.926435005491962	0.00837186835194241	41627	0	0	1.37230864229185	6.33682573114644	6.19031540585315	10.6365282967578	0.856381690661395
BA_only	hippocampus	AA	psi	chr3_196943600_196943962	chr3	196943600	196943962	95	95	0	0	0.031124683213731	0.976893291659941	4.47319030789873	4.47319030789873	362	562	Genic/other	1	Non-heritable	0.0635040964773284	0.949691683297933	0.00694428422420181	1173	0	0	0.635040964773284	5.89164421182577	6.33327962813969	7.06817200038804	1.49810187170088
BA_only	hippocampus	AA	psi	chr3_196994886_196994932	chr3	196994886	196994932	114	114	0	0	0.000578661994667354	0.642817408649347	3.30140490428965	-3.30140490428965	46	565	Genic/other	0	Non-heritable	0.0444426857300597	0.895967856424904	0.00717878762705001	4639	0	0	0.444426857300597	3.8286413964891	6.33859407820318	8.4424696452203	1.19434810947737
BA_only	hippocampus	AA	psi	chr3_197030425_197030530	chr3	197030425	197030530	114	114	0	0	0.020232873238251	0.975856666808667	6.17117797001168	6.17117797001168	105	585	Promoter	2	Non-heritable	0.0756665848449261	0.952036332034949	0.00761828162252522	14198	0	0	0.756665848449261	4.65396035015752	6.37331978957701	9.56092681857436	1.81988974027964
BA_only	hippocampus	AA	psi	chr3_197222074_197223299	chr3	197222074	197223299	247	247	0	0	0.00170273211933553	0.787503986353103	6.65049490215285	6.65049490215285	1225	480	Promoter	0	Heritable	0.126255313085453	0.888655944907662	0.00647936844772177	0	0	0	1.26255313085453	7.11069612297883	6.17586727010576	0	1.89469127477865
BA_only	hippocampus	AA	psi	chr3_197292362_197294936	chr3	197292362	197294936	244	244	0	0	0.00292614058888796	0.846222391562562	7.21117807107796	7.21117807107796	2574	474	Promoter	1	Heritable	0.138891166031523	0.932615027222753	0.00592277293979513	1540	0	0	1.38891166031523	7.85321638815607	6.16331480403464	7.34018683532012	1.97563233338311
BA_only	hippocampus	AA	psi	chr3_197299783_197300055	chr3	197299783	197300055	246	246	0	0	0.00822333336046867	0.933559278800072	9.65203972892322	-9.65203972892322	272	465	Promoter	1	Non-heritable	0.0721544789893336	0.916980950707061	0.0075096875689324	0	0	0	0.721544789893336	5.605802066296	6.14418563412565	0	2.26716926492414
BA_only	hippocampus	AA	psi	chr3_197353586_197354189	chr3	197353586	197354189	204	204	0	0	0.000982507073027148	0.716185863339116	6.30561556653881	-6.30561556653881	603	451	Intergenic	0	Heritable	0.111652689931177	0.907060102299211	0.0070773790097284	0	0	0	1.11652689931177	6.40191719672719	6.11368217983223	0	1.84144059772623
BA_only	hippocampus	AA	psi	chr3_197354394_197355014	chr3	197354394	197355014	204	204	0	0	0.00166750347923983	0.786661074605562	7.37109344656682	-7.37109344656682	620	458	Intergenic	0	Non-heritable	0.0516271593159821	0.933182824976323	0.00730053034682728	0	0	0	0.516271593159821	6.42971947803914	6.12905021006055	0	1.99756606108035
BA_only	hippocampus	AA	psi	chr3_197356345_197356663	chr3	197356345	197356663	204	204	0	0	0.000804649185256305	0.683148985370606	5.8743297005732	-5.8743297005732	318	451	Intergenic	0	Non-heritable	0.0507908246798976	0.926792449886344	0.00747240032376605	0	0	0	0.507908246798976	5.76205138278018	6.11368217983223	0	1.77059196170393
BA_only	hippocampus	AA	psi	chr3_197406335_197406538	chr3	197406335	197406538	312	312	0	0	0.00812395090296517	0.933559278800072	7.54661022520714	7.54661022520714	203	453	Genic/other	0	Non-heritable	0.042060091998923	0.88658928873405	0.00613658600933514	0	0	0	0.42060091998923	5.31320597904179	6.11809719804135	0	2.02109848697202
BA_only	hippocampus	AA	psi	chr3_197460028_197460174	chr3	197460028	197460174	316	316	0	0	0.000509334396806425	0.618950101433934	4.7905691529731	4.7905691529731	146	426	Genic/other	1	Heritable	0.207218636988466	0.892945365100387	0.00861132831389265	0	0	0	2.07218636988466	4.98360662170834	6.05678401322863	0	1.56664922753157
BA_only	hippocampus	AA	psi	chr3_197504706_197504895	chr3	197504706	197504895	321	321	0	0	0.0104142818576683	0.944902218841749	4.02955678522005	4.02955678522005	189	385	Intergenic	0	Heritable	0.115951341178515	0.893257035839196	0.00586357108100663	0	0	0	1.15951341178515	5.24174701505964	5.95583736946483	0	1.39365639353855
BA_only	hippocampus	AA	psi	chr3_197510737_197511024	chr3	197510737	197511024	289	289	0	0	0.00988609450261559	0.94314908031497	4.88090251242891	4.88090251242891	287	381	Genic/other	0	Non-heritable	0.0665350565235531	0.881633561885255	0.0101996919262094	1339	0	0	0.665350565235531	5.65948221575962	5.94542060860658	7.20042489294496	1.58533014588586
BA_only	hippocampus	AA	psi	chr3_197520615_197521314	chr3	197520615	197521314	289	289	0	0	0.00383344751282156	0.871680437000402	4.59843216501511	4.59843216501511	699	378	Enhancer	0	Non-heritable	0.0851345257796813	0.880295272748446	0.00806482366689601	0	0	0	0.851345257796813	6.54965074223381	5.93753620508243	0	1.52571541388033
BA_only	hippocampus	AA	psi	chr3_197603354_197603722	chr3	197603354	197603722	165	165	0	0	0.0113457517717089	0.950759805447716	5.4704053339266	5.4704053339266	368	362	Genic/other	0	Heritable	0.359463150228752	0.907006778313106	0.00790094081477807	0	0	0	3.59463150228752	5.90808293816893	5.89440283426485	0	1.69935271678283
BA_only	hippocampus	AA	psi	chr3_197631483_197632431	chr3	197631483	197632431	172	172	0	0	0.000336696348995326	0.556148969961787	5.59090534728553	-5.59090534728553	948	374	Genic/other	1	Heritable	0.159735847580386	0.864430706704831	0.00754964946794243	0	0	0	1.59735847580386	6.85435450225502	5.92692602597041	0	1.72114123421129
BA_only	hippocampus	AA	psi	chr3_197655714_197655920	chr3	197655714	197655920	172	172	0	0	0.00531132928356741	0.911505484735131	11.4106786556029	11.4106786556029	206	363	Genic/other	1	Heritable	0.109816815712301	0.883782096769113	0.00620792697945845	0	0	0	1.09816815712301	5.32787616878958	5.89715386763674	0	2.43454964200021
BA_only	hippocampus	AA	psi	chr3_197847715_197848477	chr3	197847715	197848477	250	250	0	0	0.00756238034705537	0.933559278800072	6.39961647651452	6.39961647651452	762	300	Promoter	0	Non-heritable	0.0617326522211115	0.831875328442263	0.00907321548229612	8393	0	0	0.617326522211115	6.63594655568665	5.70711026474888	9.03527244389354	1.85623806458801
BA_only	hippocampus	AA	psi	chr3_197880532_197881414	chr3	197880532	197881414	190	190	0	0	0.000697249433958005	0.666489951712716	5.38565100414384	5.38565100414384	882	283	Genic/other	0	Non-heritable	0.0900583841357685	0.833505477757366	0.00812807334765486	0	0	0	0.900583841357685	6.78219205600679	5.64897423816121	0	1.68373819729269
BA_only	hippocampus	AA	psi	chr3_197882128_197883679	chr3	197882128	197883679	190	190	0	0	0.00199903637900864	0.806886144690754	3.43205135191576	-3.43205135191576	1551	287	Genic/other	0	Non-heritable	0.063949311252272	0.838830469052568	0.00709425358678872	0	0	0	0.63949311252272	7.34665516317654	5.66296048013595	0	1.2331581471069
BA_only	hippocampus	AA	psi	chr3_198105886_198105944	chr3	198105886	198105944	145	145	0	0	0.0196424170220475	0.973631121108853	0.924517562660064	-0.924517562660064	58	134	Genic/other	2	Heritable	0.267269218129168	0.774331608859067	0.0176567786336258	4438	0	0	2.67269218129168	4.06044301054642	4.90527477843843	8.39818440483404	-0.0784832205908062
BA_only	hippocampus	AA	psi	chr3_198118139_198120558	chr3	198118139	198120558	145	145	0	0	0.0114281076372852	0.951715111774742	3.96944384879443	3.96944384879443	2419	118	Promoter	0	Heritable	0.13925974353795	0.681212088925647	0.00880671771351771	6769	0	0	1.3925974353795	7.79110951061003	4.77912349311153	8.82025636590632	1.37862599894016
BA_only	hippocampus	AA	psi	chr3_198157171_198157353	chr3	198157171	198157353	138	138	0	0	0.0163733766106161	0.969245141301252	1.74319881682922	1.74319881682922	182	119	Genic/other	2	Non-heritable	0.059910322013224	0.655695558159908	0.0148002265527282	0	0	0	0.59910322013224	5.2040066870768	4.78749174278205	0	0.555721831649664
BA_only	hippocampus	AA	psi	chr3_19946170_19946457	chr3	19946170	19946457	11	11	0	0	0.0414268616427385	0.980549382116533	2.17488430755786	-2.17488430755786	287	283	Promoter	1	Heritable	0.161474418098104	0.799862215673994	0.00804092160604923	1063	0	0	1.61474418098104	5.65948221575962	5.64897423816121	6.96979066990159	0.776975475796432
BA_only	hippocampus	AA	psi	chr3_20042371_20043151	chr3	20042371	20043151	12	12	0	0	0.124446746433327	0.991064867102684	1.0288574498953	-1.0288574498953	780	277	Genic/other	2	Heritable	0.184288318625785	0.804157010496927	0.00787323168713226	66727	0	0	1.84288318625785	6.65929391968364	5.62762111369064	11.1083799339214	0.0284489243172683
BA_only	hippocampus	AA	psi	chr3_21749381_21750211	chr3	21749381	21750211	17	17	0	0	0.0584309864908352	0.98577631996496	1.25614399091255	1.25614399091255	830	534	Genic/other	0	Heritable	0.123323000269485	0.946178168437081	0.00841819116244622	0	0	0	1.23323000269485	6.72142570079064	6.28226674689601	0	0.228046711882232
BA_only	hippocampus	AA	psi	chr3_21944421_21945121	chr3	21944421	21945121	14	14	0	0	0.102860818209706	0.990610842832516	0.902479235489484	-0.902479235489484	700	545	Genic/other	0	Non-heritable	0.0596779410761541	0.922217537214423	0.00743820813657286	0	0	0	0.596779410761541	6.5510803350434	6.30261897574491	0	-0.102609585727081
BA_only	hippocampus	AA	psi	chr3_23481306_23481812	chr3	23481306	23481812	1	1	0	0	0.88869109958949	0.999100225123066	0.131585989782538	0.131585989782538	506	333	Genic/other	0	Non-heritable	0.0847020088110152	0.89045854550627	0.00714339402769848	0	0	0	0.847020088110152	6.22653666928747	5.8111409929767	0	-2.02809465038134
BA_only	hippocampus	AA	psi	chr3_23671480_23671669	chr3	23671480	23671669	25	25	0	0	0.0364889200317895	0.980549382116533	2.59683988971605	-2.59683988971605	189	322	Intergenic	0	Non-heritable	0.0863888317885612	0.890001128977166	0.0082864851569823	135751	0	0	0.863888317885612	5.24174701505964	5.77765232322266	11.8185849706527	0.954295282615499
BA_only	hippocampus	AA	psi	chr3_23672232_23672476	chr3	23672232	23672476	25	25	0	0	0.105540160999653	0.990610842832516	2.44630071266234	2.44630071266234	244	326	Intergenic	0	Heritable	0.115927434393319	0.83996367895319	0.00804461882272446	134944	0	0	1.15927434393319	5.4971682252932	5.78996017089725	11.8126225670002	0.894576974377708
BA_only	hippocampus	AA	psi	chr3_23763030_23763453	chr3	23763030	23763453	25	25	0	0	0.0858915318234258	0.988137148207548	3.79225577469339	-3.79225577469339	423	415	Enhancer	0	Non-heritable	0.0942901876834924	0.846742179837262	0.00953649791011482	43967	0	0	0.942901876834924	6.04737217904628	6.03068526026126	10.691217375582	1.33296103588723
BA_only	hippocampus	AA	psi	chr3_23776482_23777642	chr3	23776482	23777642	25	25	0	0	0.053451625772821	0.985016765603212	2.34730211143549	2.34730211143549	1160	404	Enhancer	0	Non-heritable	0.0809526514490559	0.899935898038676	0.00933146343334029	29778	0	0	0.809526514490559	7.05617528410041	6.00388706710654	10.3015587260906	0.853266635229184
BA_only	hippocampus	AA	psi	chr3_25429408_25429824	chr3	25429408	25429824	46	46	0	0	0.00841308530584173	0.933559278800072	1.4936525956651	1.4936525956651	416	432	Genic/other	0	Heritable	0.141852374370183	0.843168702876622	0.00668372407713658	0	0	0	1.41852374370183	6.03068526026126	6.07073772800249	0	0.401224533343606
BA_only	hippocampus	AA	psi	chr3_25784270_25784358	chr3	25784270	25784358	64	64	0	0	0.0143348871415524	0.965174790265377	1.95882162957973	-1.95882162957973	88	342	Promoter	1	Heritable	0.205831708318959	0.904588770505409	0.0118453402527673	0	0	0	2.05831708318959	4.47733681447821	5.83773044716594	0	0.6723430881506
BA_only	hippocampus	AA	psi	chr3_26218818_26218898	chr3	26218818	26218898	1	1	0	0	0.181449538985583	0.991064867102684	0.049370096473162	-0.049370096473162	80	260	Intergenic	0	Heritable	0.418435130454827	0.816967891998705	0.0142832331689047	10940	0	0	4.18435130454827	4.38202663467388	5.56452040732269	9.30027247947679	-3.00841017007683
BA_only	hippocampus	AA	psi	chr3_26243851_26244906	chr3	26243851	26244906	1	1	0	0	0.763705961761142	0.997605074979657	0.0116330152285317	-0.0116330152285317	1055	264	Intergenic	0	Heritable	0.729399326914772	0.855439404072537	0.00896141821779533	35973	0	0	7.29399326914772	6.96129604591017	5.57972982598622	10.4905517342879	-4.45390722344603
BA_only	hippocampus	AA	psi	chr3_27725946_27726641	chr3	27725946	27726641	56	56	0	0	0.0116513463852537	0.953190818243131	4.11159858991036	4.11159858991036	695	330	Genic/other	2	Non-heritable	0.0756771811613503	0.821284681480697	0.0113637655640421	3515	0	0	0.756771811613503	6.54391184556479	5.80211837537706	8.16507925880507	1.41381190663472
BA_only	hippocampus	AA	psi	chr3_28915999_28916389	chr3	28915999	28916389	3	3	0	0	0.394151664302621	0.99451450116979	2.3744441037972	-2.3744441037972	390	537	Genic/other	0	Heritable	0.107202753907265	0.946032964825026	0.00588148754843582	0	0	0	1.07202753907265	5.96614673912369	6.28785856016178	0	0.864763352742361
BA_only	hippocampus	AA	psi	chr3_30680775_30682402	chr3	30680775	30682402	24	24	0	0	0.00388387013388784	0.874445816920646	1.95344255702213	-1.95344255702213	1627	469	Promoter	0	Non-heritable	0.0586140493973514	0.921843241113712	0.00737183792564865	30497	0	0	0.586140493973514	7.39449310721904	6.1527326947041	10.325416386675	0.669593235040937
BA_only	hippocampus	AA	psi	chr3_32062545_32063867	chr3	32062545	32063867	4	4	0	0	0.0780040149274829	0.987720536119146	1.61386521429684	1.61386521429684	1322	526	Genic/other	0	Heritable	0.116589799298642	0.881338783686576	0.00978695471915066	42890	0	0	1.16589799298642	7.18690102041163	6.26720054854136	10.6664172926973	0.478632062207956
BA_only	hippocampus	AA	psi	chr3_32105798_32106166	chr3	32105798	32106166	4	4	0	0	0.169291035588165	0.991064867102684	0.943669769092179	-0.943669769092179	368	533	Promoter	1	Non-heritable	0.0709627725974302	0.937989164251053	0.00614309409079181	591	0	0	0.709627725974302	5.90808293816893	6.2803958389602	6.38350663488401	-0.0579789843182344
BA_only	hippocampus	AA	psi	chr3_32402124_32402300	chr3	32402124	32402300	4	4	0	0	0.0572825566618696	0.98577631996496	0.380515761729797	-0.380515761729797	176	439	Genic/other	1	Heritable	0.108785916945659	0.931650557282709	0.00648240731745863	34251	0	0	1.08785916945659	5.17048399503815	6.08677472691231	10.4415002361461	-0.966227652526817
BA_only	hippocampus	AA	psi	chr3_32577559_32577918	chr3	32577559	32577918	12	12	0	0	0.118479407973841	0.990898390030923	1.88586773697628	1.88586773697628	359	485	Intergenic	0	Heritable	0.106859452588316	0.93476814957205	0.00903404721889908	6933	0	0	1.06859452588316	5.88332238848828	6.18620862390049	8.84419212624497	0.63438805819803
BA_only	hippocampus	AA	psi	chr3_32626554_32626918	chr3	32626554	32626918	12	12	0	0	0.0038253864946233	0.871592970243331	0.349496887562647	0.349496887562647	364	461	Intergenic	0	Heritable	0.35786432074673	0.877522208927451	0.0122455855039224	13552	0	0	3.5786432074673	5.89715386763674	6.13556489108174	9.51436320401602	-1.05126059413552
BA_only	hippocampus	AA	psi	chr3_32902547_32903290	chr3	32902547	32903290	19	19	0	0	0.127854363341016	0.991064867102684	1.17115167177793	-1.17115167177793	743	352	Intergenic	0	Heritable	0.134840734660816	0.864930712246275	0.0103338803858335	84917	0	0	1.34840734660816	6.61069604471776	5.8664680569333	11.3494413639619	0.157987608061326
BA_only	hippocampus	AA	psi	chr3_33097697_33097864	chr3	33097697	33097864	13	13	0	0	0.0651343927359468	0.985907779499035	1.87809457381843	-1.87809457381843	167	303	Promoter	1	Non-heritable	0.0598868519903527	0.805589840069587	0.007471777869895	685	0	0	0.598868519903527	5.11799381241676	5.71702770140622	6.53087762772589	0.630257743638411
BA_only	hippocampus	AA	psi	chr3_33115165_33115497	chr3	33115165	33115497	13	13	0	0	0.107394858296	0.990610842832516	0.981218348045663	-0.981218348045663	332	306	Promoter	1	Non-heritable	0.0733966728031717	0.838745566126122	0.0149907568115706	0	0	0	0.733966728031717	5.80513496891649	5.7268477475872	0	-0.0189602569831192
BA_only	hippocampus	AA	psi	chr3_34043640_34044633	chr3	34043640	34044633	48	48	0	0	0.0395394313341896	0.980549382116533	3.00972570517559	-3.00972570517559	993	240	Genic/other	0	Heritable	0.101235306835576	0.818147759274505	0.00844230685820857	114782	0	0	1.01235306835576	6.90073066404517	5.48479693349066	11.6507986682784	1.10184895008231
BA_only	hippocampus	AA	psi	chr3_37183391_37184162	chr3	37183391	37184162	107	107	0	0	0.00467410633817187	0.900895908545546	24.0704560385713	-24.0704560385713	771	295	Promoter	0	Non-heritable	0.0733629798384081	0.716567008803338	0.00979299566954926	0	0	0	0.733629798384081	6.64768837356333	5.69035945432406	0	3.18098519837791
BA_only	hippocampus	AA	psi	chr3_37280914_37282237	chr3	37280914	37282237	45	45	0	0	0.0286867628375843	0.975932065139872	4.29763913770617	4.29763913770617	1323	257	Genic/other	0	Heritable	0.116923324822187	0.748240315226095	0.0092861466735895	0	0	0	1.16923324822187	7.18765716411496	5.55295958492162	0	1.45806583650721
BA_only	hippocampus	AA	psi	chr3_37694041_37694644	chr3	37694041	37694644	74	74	0	0	0.0290477032553315	0.975932065139872	2.39222450847688	2.39222450847688	603	289	Genic/other	0	Non-heritable	0.0984677021092076	0.778625422218212	0.00701144689143317	16	0	0	0.984677021092076	6.40191719672719	5.66988092298052	2.83321334405622	0.872223693923099
BA_only	hippocampus	AA	psi	chr3_3801527_3802221	chr3	3801527	3802221	2	2	0	0	0.340686647761949	0.993832821375533	2.36413107012506	2.36413107012506	694	545	Promoter	1	Heritable	0.172078913078728	0.949429145096549	0.00832917045250724	0	0	0	1.72078913078728	6.54247196050681	6.30261897574491	0	0.8604105464521
BA_only	hippocampus	AA	psi	chr3_39178416_39178741	chr3	39178416	39178741	154	154	0	0	0.0292541471620014	0.976321847132651	3.04364456752954	-3.04364456752954	325	313	Genic/other	1	Non-heritable	0.0817522189995429	0.865886028039846	0.0103207406167647	0	0	0	0.817522189995429	5.78382518232974	5.74939298590825	0	1.11305567152968
BA_only	hippocampus	AA	psi	chr3_39405753_39406268	chr3	39405753	39406268	82	82	0	0	0.00621310478276378	0.920376068783091	3.40801763603593	-3.40801763603593	515	290	Promoter	1	Heritable	0.525150491962949	0.811439929371101	0.0148168670559868	495	0	0	5.25150491962949	6.24416690066374	5.67332326717149	6.20657592672493	1.22613078678111
BA_only	hippocampus	AA	psi	chr3_39470132_39474418	chr3	39470132	39474418	70	70	0	0	0.0083459649352828	0.933559278800072	2.31881970374484	-2.31881970374484	4286	300	Enhancer	0	Non-heritable	0.0838861355375027	0.867894161913188	0.00828695257617591	0	0	0	0.838861355375027	8.36310917603352	5.70711026474888	0	0.841058312148544
BA_only	hippocampus	AA	psi	chr3_39478544_39480109	chr3	39478544	39480109	70	70	0	0	0.00848595678126065	0.933559278800072	4.05165050169905	4.05165050169905	1565	302	Genic/other	0	Non-heritable	0.0973235648370099	0.853525078204815	0.00706449177260336	0	0	0	0.973235648370099	7.35564110297425	5.71373280550937	0	1.39912433185197
BA_only	hippocampus	AA	psi	chr3_39483971_39494109	chr3	39483971	39494109	70	70	0	0	0.00529526630453343	0.911505484735131	8.32239157968481	-8.32239157968481	10138	290	Enhancer	0	Non-heritable	0.085085246426507	0.858031859118958	0.00514793306127472	0	0	0	0.85085246426507	9.2240460190323	5.67332326717149	0	2.11894966421036
BA_only	hippocampus	AA	psi	chr3_39501330_39506271	chr3	39501330	39506271	65	65	0	0	0.00109898620839436	0.726050490461723	3.20713107449909	-3.20713107449909	4941	312	Promoter	3	Heritable	0.140213264927804	0.889325191689564	0.00641554325355455	0	0	0	1.40213264927804	8.50532301884575	5.74620319054015	0	1.16537679436869
BA_only	hippocampus	AA	psi	chr3_39530726_39531464	chr3	39530726	39531464	62	62	0	0	0.00253191244332085	0.830598713704804	6.59721535951108	6.59721535951108	738	302	Intergenic	0	Non-heritable	0.0895081210425971	0.86818944249991	0.00672706003014528	17342	0	0	0.895081210425971	6.60394382460047	5.71373280550937	9.76094424575059	1.88664764629131
BA_only	hippocampus	AA	psi	chr3_40476864_40476921	chr3	40476864	40476921	233	233	0	0	0.0090530038529954	0.938585776116121	3.58025780038817	3.58025780038817	57	215	Promoter	1	Heritable	0.27023652754507	0.789088958020735	0.00903587968739387	1081	0	0	2.7023652754507	4.04305126783455	5.37527840768417	6.98656645940643	1.27543481189463
BA_only	hippocampus	AA	psi	chr3_42658582_42658826	chr3	42658582	42658826	144	144	0	1	7.20439407965644e-06	0.0776740909977917	5.09043100473014	5.09043100473014	244	356	Promoter	2	Non-heritable	0.0709316842798909	0.772384350017977	0.0074022785976147	306	0	1	0.709316842798909	5.4971682252932	5.87773578177964	5.7268477475872	1.6273625057063
BA_only	hippocampus	AA	psi	chr3_42685760_42686265	chr3	42685760	42686265	146	146	0	0	0.00441058758389816	0.88997635598352	5.47164145675201	-5.47164145675201	505	374	Genic/other	1	Non-heritable	0.0539110796307825	0.770895323964163	0.00775478163628569	6609	0	0	0.539110796307825	6.22455842927536	5.92692602597041	8.79633893284573	1.69957865674673
BA_only	hippocampus	AA	psi	chr3_42732651_42734656	chr3	42732651	42734656	151	151	0	0	0.000122939597881016	0.416727663010105	4.60340313684324	-4.60340313684324	2005	378	Promoter	0	Non-heritable	0.0822316458913933	0.87757858776331	0.00884825713268724	0	0	0	0.822316458913933	7.60339933974067	5.93753620508243	0	1.52679584449832
BA_only	hippocampus	AA	psi	chr3_42936245_42936498	chr3	42936245	42936498	30	30	0	0	0.0311366335854054	0.976893291659941	2.48641645642534	-2.48641645642534	253	302	Promoter	2	Heritable	0.101613146016918	0.849452102882152	0.00700070335909383	0	0	0	1.01613146016918	5.53338948872752	5.71373280550937	0	0.910842503766326
BA_only	hippocampus	AA	psi	chr3_43999887_44001303	chr3	43999887	44001303	42	42	0	0	0.0805536368903877	0.988137148207548	3.60859433154386	-3.60859433154386	1416	230	Promoter	1	Heritable	0.103531317209153	0.836635613496169	0.00682344775453656	0	0	0	1.03531317209153	7.25559127425367	5.44241771052179	0	1.28331831744335
BA_only	hippocampus	AA	psi	chr3_44049664_44050536	chr3	44049664	44050536	42	42	0	0	0.0518810142785173	0.984153364580922	2.17393264223246	-2.17393264223246	872	242	Intergenic	0	Heritable	0.108790709421329	0.833362709272531	0.00793090109831411	0	0	0	1.08790709421329	6.77078942390898	5.49306144334055	0	0.776537809485248
BA_only	hippocampus	AA	psi	chr3_44337203_44337612	chr3	44337203	44337612	30	30	0	0	0.0356624352106245	0.980494018606455	2.5153459504691	2.5153459504691	409	189	Promoter	1	Non-heritable	0.0702376149563924	0.75754720502546	0.00696779064222554	706	0	0	0.702376149563924	6.0137151560428	5.24702407216049	6.56103066589657	0.922410352925986
BA_only	hippocampus	AA	psi	chr3_4466345_4466452	chr3	4466345	4466452	19	19	0	0	0.032803253438076	0.978956589179054	3.21762460084364	3.21762460084364	107	632	Genic/other	1	Non-heritable	0.0958760645994326	0.971758994585213	0.00873513816118816	13462	0	0	0.958760645994326	4.67282883446191	6.45047042214418	9.50770046097924	1.16864338882713
BA_only	hippocampus	AA	psi	chr3_44729025_44729172	chr3	44729025	44729172	56	56	0	0	0.0263549235653165	0.975932065139872	4.68808103010147	-4.68808103010147	147	246	Promoter	1	Non-heritable	0.0598722839807738	0.63294050240552	0.00766251443026506	0	0	0	0.598722839807738	4.99043258677874	5.50938833662798	0	1.54502333883636
BA_only	hippocampus	AA	psi	chr3_45036428_45036586	chr3	45036428	45036586	22	22	0	0	0.0339565578807433	0.979164877002956	2.90890897316906	-2.90890897316906	158	304	Genic/other	1	Heritable	0.226957328049387	0.885583002156551	0.00657655612093128	5600	0	0	2.26957328049387	5.06259503302697	5.72031177660741	8.63070043220983	1.0677780910102
BA_only	hippocampus	AA	psi	chr3_45144942_45145325	chr3	45144942	45145325	24	24	0	0	0.0756703787434316	0.987023137100836	2.31620288109031	2.31620288109031	383	322	Genic/other	1	Heritable	0.128464907881258	0.888670629257802	0.0075373912258609	62606	0	0	1.28464907881258	5.94803498918065	5.77765232322266	11.0446323719229	0.83992915997145
BA_only	hippocampus	AA	psi	chr3_46488037_46488317	chr3	46488037	46488317	39	39	0	0	0.0171139350634269	0.970581273335112	4.15403088530206	4.15403088530206	280	239	Genic/other	0	Non-heritable	0.0920295375458708	0.796368800243216	0.00733437902543063	23211	0	0	0.920295375458708	5.63478960316925	5.48063892334199	10.0524246653105	1.4240791629087
BA_only	hippocampus	AA	psi	chr3_46558445_46559451	chr3	46558445	46559451	34	34	0	0	0.00806019633140479	0.933559278800072	4.0501263480225	4.0501263480225	1006	228	Promoter	0	Heritable	0.470521383609228	0.820878992965045	0.010135598998204	0	0	0	4.70521383609228	6.91373735065969	5.43372200355424	0	1.39874808014348
BA_only	hippocampus	AA	psi	chr3_46628792_46629338	chr3	46628792	46629338	49	49	0	0	0.00196610937096128	0.80614848610333	3.95875206587367	-3.95875206587367	546	227	Enhancer	0	Heritable	0.104305337986356	0.673378970894725	0.00853766740023284	21982	0	0	1.04305337986356	6.30261897574491	5.42934562895444	9.99802470636012	1.37592884324662
BA_only	hippocampus	AA	psi	chr3_46663130_46663458	chr3	46663130	46663458	36	36	0	0	0.0307985998981334	0.976893291659941	3.20243744859712	3.20243744859712	328	220	Enhancer	0	Heritable	0.243245633310672	0.768042386455397	0.00698043377468993	8125	0	0	2.43245633310672	5.79301360838414	5.39816270151775	9.00282407654767	1.16391222566664
BA_only	hippocampus	AA	psi	chr3_46717794_46718487	chr3	46717794	46718487	41	41	0	0	0.00802765488418799	0.933559278800072	9.63626324521111	9.63626324521111	693	210	Promoter	2	Non-heritable	0.0904282960376579	0.756556485450738	0.00747271894840638	12003	0	0	0.904282960376579	6.5410299991899	5.35185813347607	9.39299520656026	2.26553340434739
BA_only	hippocampus	AA	psi	chr3_46753689_46757511	chr3	46753689	46757511	44	44	0	0	0.0226455212400358	0.975932065139872	0.633232624721756	-0.633232624721756	3822	215	Promoter	3	Heritable	0.215948276547855	0.742184696230812	0.0633061739592566	47898	0	0	2.15948276547855	8.24852912480022	5.37527840768417	10.7768499063544	-0.45691741294496
BA_only	hippocampus	AA	psi	chr3_46899060_46899304	chr3	46899060	46899304	74	74	0	0	0.00123346961250187	0.746042330377449	5.40230648399257	5.40230648399257	244	201	Genic/other	1	Heritable	0.119341272010674	0.610592756590995	0.00687992710961688	151	0	0	1.19341272010674	5.4971682252932	5.30826769740121	5.02388052084628	1.68682599089395
BA_only	hippocampus	AA	psi	chr3_47165472_47165671	chr3	47165472	47165671	102	102	0	0	0.0186180877467356	0.972503866121758	2.96008773577822	-2.96008773577822	199	145	Genic/other	1	Non-heritable	0.0299006105708198	0.434439301344182	0.00767189211533191	0	0	0	0.299006105708198	5.29330482472449	4.98360662170834	0	1.08521891174059
BA_only	hippocampus	AA	psi	chr3_47450319_47451882	chr3	47450319	47451882	47	47	0	0	0.0823154926081051	0.988137148207548	4.68393194304113	-4.68393194304113	1563	98	Genic/other	0	Heritable	0.338360183030474	0.737955531437379	0.0124303235076988	15310	0	0	3.38360183030474	7.35436233042148	4.59511985013459	9.6363268033051	1.54413791809816
BA_only	hippocampus	AA	psi	chr3_47573734_47574143	chr3	47573734	47574143	20	20	0	0	0.0371227835924204	0.980549382116533	8.39690307224775	-8.39690307224775	409	95	Genic/other	1	Non-heritable	0.06319898818058	0.52311732848309	0.0101266127210186	1047	0	0	0.6319898818058	6.0137151560428	4.56434819146784	6.95463886488099	2.12786295718504
BA_only	hippocampus	AA	psi	chr3_47802177_47802310	chr3	47802177	47802310	26	26	0	0	0.137090742580512	0.991064867102684	1.39690856442679	1.39690856442679	133	110	Promoter	1	Heritable	0.102787050178741	0.613270476316372	0.00722482922357666	8400	0	0	1.02787050178741	4.89034912822175	4.70953020131233	9.03610602536485	0.334261633914783
BA_only	hippocampus	AA	psi	chr3_48040193_48040413	chr3	48040193	48040413	27	27	0	0	0.0504668751496712	0.984077279506327	2.03979395161064	-2.03979395161064	220	111	Genic/other	0	Non-heritable	0.0502105786771962	0.594784594610455	0.00832636855556291	0	0	0	0.502105786771962	5.39362754635236	4.71849887129509	0	0.712848803544891
BA_only	hippocampus	AA	psi	chr3_48089739_48089814	chr3	48089739	48089814	45	45	0	0	0.0408841482761709	0.980549382116533	1.54114181264846	1.54114181264846	75	109	Promoter	1	Non-heritable	0.0997565029315757	0.596628633064772	0.0112989418569121	774	0	0	0.997565029315757	4.31748811353631	4.70048036579242	6.65286302935335	0.432523584970482
BA_only	hippocampus	AA	psi	chr3_48130425_48130955	chr3	48130425	48130955	40	40	0	0	0.00978427005159601	0.939841915020693	4.92265414622364	4.92265414622364	530	117	Intergenic	0	Non-heritable	0.051672159355059	0.567783250134028	0.00628931268822528	41460	0	0	0.51672159355059	6.27287700654617	4.77068462446567	10.6325085053323	1.59384784769363
BA_only	hippocampus	AA	psi	chr3_48427576_48428124	chr3	48427576	48428124	132	132	0	0	0.00199073534239457	0.80651122630121	9.27329286671624	9.27329286671624	548	118	Enhancer	1	Non-heritable	0.0570934249785414	0.5950009276679	0.0086858876250412	0	0	0	0.570934249785414	6.30627528694802	4.77912349311153	0	2.2271385351343
BA_only	hippocampus	AA	psi	chr3_48493093_48493832	chr3	48493093	48493832	169	169	0	0	0.0101430248091824	0.944902218841749	6.38724920696809	6.38724920696809	739	124	Genic/other	0	Non-heritable	0.0654611556713603	0.52362872462793	0.0105456862960962	0	0	0	0.654611556713603	6.6052979209482	4.8283137373023	0	1.85430369322765
BA_only	hippocampus	AA	psi	chr3_48532173_48532761	chr3	48532173	48532761	172	172	0	0	0.00961781774649577	0.939841915020693	3.4667632270512	3.4667632270512	588	116	Genic/other	0	Heritable	0.142218926797757	0.677982183110751	0.00568968550859048	0	0	0	1.42218926797757	6.37672694789863	4.76217393479776	0	1.24322137393292
BA_only	hippocampus	AA	psi	chr3_48543160_48543623	chr3	48543160	48543623	169	169	0	0	0.00293294763693368	0.846222391562562	3.11413407079238	3.11413407079238	463	114	Genic/other	0	Non-heritable	0.0654801661076201	0.628882465198827	0.00738133366196993	6610	0	0	0.654801661076201	6.13772705408623	4.74493212836325	8.79649020733358	1.13595112990053
BA_only	hippocampus	AA	psi	chr3_48608538_48609001	chr3	48608538	48609001	152	152	1	1	2.72204433785761e-06	0.0427779879053607	10.9823692631125	-10.9823692631125	463	115	Genic/other	1	Non-heritable	0.0830730417258409	0.341046497513766	0.00756707292428624	0	1	1	0.830730417258409	6.13772705408623	4.75359019110636	0	2.39629119359755
BA_only	hippocampus	AA	psi	chr3_48610250_48610521	chr3	48610250	48610521	152	152	0	0	0.00257306531114284	0.833167185490902	4.73192200189883	-4.73192200189883	271	119	Promoter	1	Heritable	0.132781248031219	0.670012613617325	0.0080801747234187	697	0	0	1.32781248031219	5.6021188208797	4.78749174278205	6.54821910276237	1.55433146497839
BA_only	hippocampus	AA	psi	chr3_48747155_48748012	chr3	48747155	48748012	171	171	0	0	0.00281891742884816	0.8436517891388	6.54026859491874	-6.54026859491874	857	109	Genic/other	0	Heritable	0.255865788517244	0.662314973705402	0.00713460274538585	0	0	0	2.55865788517244	6.75343791859778	4.70048036579242	0	1.87797823571421
BA_only	hippocampus	AA	psi	chr3_48898096_48898290	chr3	48898096	48898290	260	260	0	0	0.000776696712054203	0.681447094882683	6.34430746020738	-6.34430746020738	194	106	Genic/other	1	Non-heritable	0.0482757275478074	0.555960744830816	0.00807973591942065	0	0	0	0.482757275478074	5.26785815906333	4.67282883446191	0	1.84755794945812
BA_only	hippocampus	AA	psi	chr3_49105422_49105525	chr3	49105422	49105525	185	185	0	0	0.0224457544453178	0.975932065139872	4.25179079417944	-4.25179079417944	103	92	Promoter	1	Non-heritable	0.0855444647157099	0.434182280497257	0.00807981584591708	416	0	0	0.855444647157099	4.63472898822964	4.53259949315326	6.0330862217988	1.44734025987601
BA_only	hippocampus	AA	psi	chr3_49199098_49199894	chr3	49199098	49199894	229	229	0	0	0.00396717420319544	0.876132919298309	4.4591619878679	-4.4591619878679	796	91	Promoter	2	Non-heritable	0.0574631954337228	0.393949471631862	0.00657881557714971	0	0	0	0.574631954337228	6.67959918584438	4.52178857704904	0	1.49496085552317
BA_only	hippocampus	AA	psi	chr3_49449186_49449749	chr3	49449186	49449749	109	109	0	0	0.0129964451684192	0.964283399649536	1.23413434538484	-1.23413434538484	563	92	Intergenic	0	Heritable	0.313887112269226	0.688681423659932	0.0063461367785993	19305	0	0	3.13887112269226	6.33327962813969	4.53259949315326	9.86817120740856	0.210369797501998
BA_only	hippocampus	AA	psi	chr3_4952818_4954030	chr3	4952818	4954030	227	227	0	0	0.00774221417119788	0.933559278800072	4.01993820518888	4.01993820518888	1212	796	Genic/other	0	Heritable	0.569749684776873	0.941240658042408	0.00994845316211053	0	0	0	5.69749684776873	7.10002716662926	6.68085467879022	0	1.39126653315682
BA_only	hippocampus	AA	psi	chr3_49720113_49720309	chr3	49720113	49720309	118	118	0	0	0.00534010284352101	0.912035111152522	2.29932445128154	-2.29932445128154	196	99	Promoter	1	Non-heritable	0.0444591544295543	0.48138071276502	0.00858738395575592	584	0	0	0.444591544295543	5.27811465923052	4.60517018598809	6.37161184723186	0.832615367306857
BA_only	hippocampus	AA	psi	chr3_49789302_49790517	chr3	49789302	49790517	101	101	0	0	0.0104053704112072	0.944902218841749	2.65130966427557	-2.65130966427557	1215	100	Genic/other	1	Non-heritable	0.0885182799310339	0.561645056558163	0.010049109125146	369	0	0	0.885182799310339	7.10249935577465	4.61512051684126	5.91350300563827	0.975053734621039
BA_only	hippocampus	AA	psi	chr3_49939640_49939685	chr3	49939640	49939685	100	100	0	0	0.00168501981217975	0.786661074605562	3.47595357272375	3.47595357272375	45	108	Promoter	1	Non-heritable	0.0727521257488507	0.441634101962856	0.00614486042007901	539	0	0	0.727521257488507	3.80666248977032	4.69134788222914	6.29156913955832	1.24586885366719
BA_only	hippocampus	AA	psi	chr3_49983730_49985335	chr3	49983730	49985335	87	87	0	0	0.0051082367683096	0.909885926705608	1.26543109649149	1.26543109649149	1605	106	Genic/other	0	Heritable	0.612603505538172	0.777061443104617	0.0205561678338849	0	0	0	6.12603505538172	7.38087903556412	4.67282883446191	0	0.235412859767284
BA_only	hippocampus	AA	psi	chr3_50193680_50193894	chr3	50193680	50193894	126	126	0	0	0.00170263494848688	0.787503986353103	3.94870746758029	3.94870746758029	214	106	Genic/other	1	Non-heritable	0.0993698326934227	0.586779310186011	0.00744564975990983	0	0	0	0.993698326934227	5.36597601502185	4.67282883446191	0	1.37338830449885
BA_only	hippocampus	AA	psi	chr3_50212515_50213544	chr3	50212515	50213544	126	126	0	0	0.0106419007452717	0.944902218841749	3.30069526257172	3.30069526257172	1029	119	Genic/other	0	Non-heritable	0.0719895784990974	0.483563806716786	0.00839727823742455	13648	0	0	0.719895784990974	6.93634273583405	4.78749174278205	9.5214215378562	1.19413313493879
BA_only	hippocampus	AA	psi	chr3_50258133_50258668	chr3	50258133	50258668	103	103	0	0	0.0387188728480316	0.980549382116533	3.9463947206469	-3.9463947206469	535	113	Genic/other	1	Non-heritable	0.0521048495699198	0.45544276207988	0.00656273866294827	2647	0	0	0.521048495699198	6.28226674689601	4.7361984483945	7.8815599170569	1.37280243570614
BA_only	hippocampus	AA	psi	chr3_50259669_50259828	chr3	50259669	50259828	103	103	0	0	0.00299525086855775	0.846513053928579	5.63570365962841	-5.63570365962841	159	111	Promoter	1	Heritable	0.147095055214429	0.571151985241101	0.00606059317766624	1487	0	0	1.47095055214429	5.06890420222023	4.71849887129509	7.30518821539304	1.72912201451867
BA_only	hippocampus	AA	psi	chr3_50272539_50272705	chr3	50272539	50272705	104	104	0	0	0.0235341880114801	0.975932065139872	9.31036556641326	-9.31036556641326	166	110	Promoter	1	Non-heritable	0.0872675274657224	0.620946061422763	0.00691844594738104	608	0	0	0.872675274657224	5.11198778835654	4.70953020131233	6.4118182677099	2.23112835758714
BA_only	hippocampus	AA	psi	chr3_50442844_50443402	chr3	50442844	50443402	97	97	0	0	0.0253324834430374	0.975932065139872	4.30626331401907	4.30626331401907	558	106	Enhancer	0	Non-heritable	0.0559902491493013	0.377125912739615	0.00818949278767708	10907	0	0	0.559902491493013	6.32435896238131	4.67282883446191	9.29725174396548	1.46007054988688
BA_only	hippocampus	AA	psi	chr3_51964813_51966736	chr3	51964813	51966736	89	89	0	0	0.00632953354109793	0.920376068783091	3.98316407257156	3.98316407257156	1923	169	Genic/other	2	Heritable	0.104172223044921	0.721351707952799	0.00608535350726245	0	0	0	1.04172223044921	7.56164174558878	5.13579843705026	0	1.38207649907571
BA_only	hippocampus	AA	psi	chr3_51996190_51996270	chr3	51996190	51996270	105	105	0	0	0.0267384740106527	0.975932065139872	2.67796899767849	2.67796899767849	80	166	Promoter	1	Heritable	0.528130956620504	0.809741735830268	0.00773637120651295	332	0	0	5.28130956620504	4.38202663467388	5.11799381241676	5.80814248998044	0.985058674266424
BA_only	hippocampus	AA	psi	chr3_52028665_52029215	chr3	52028665	52029215	110	110	0	0	0.000158883017898435	0.450512554310618	4.17441840480841	4.17441840480841	550	172	Intergenic	0	Heritable	0.13363429685592	0.727946848944284	0.00769415027314379	16145	0	0	1.3363429685592	6.30991827822652	5.15329159449778	9.68942761995496	1.42897504675712
BA_only	hippocampus	AA	psi	chr3_52039763_52039946	chr3	52039763	52039946	116	116	0	0	0.0188915726251272	0.972503866121758	4.99289824992325	4.99289824992325	183	179	Intergenic	0	Heritable	0.101292072663971	0.726294787420427	0.00670473014534418	27243	0	0	1.01292072663971	5.20948615284142	5.19295685089021	10.2125885923612	1.60801655476836
BA_only	hippocampus	AA	psi	chr3_52046534_52048241	chr3	52046534	52048241	122	122	0	0	0.00164190204407399	0.786661074605562	3.55055286988259	3.55055286988259	1707	179	Promoter	0	Non-heritable	0.0991523366729138	0.758942810494467	0.00761499472349609	27743	0	0	0.991523366729138	7.44249272279444	5.19295685089021	10.2307748795803	1.26710333217298
BA_only	hippocampus	AA	psi	chr3_52054229_52054710	chr3	52054229	52054710	122	122	0	0	0.00971639010558242	0.939841915020693	2.89585773662174	2.89585773662174	481	177	Genic/other	1	Non-heritable	0.096109061212234	0.746071001457712	0.0078349832099582	21274	0	0	0.96109061212234	6.17586727010576	5.18178355029209	9.96528795344157	1.06328135267535
BA_only	hippocampus	AA	psi	chr3_52107945_52108583	chr3	52107945	52108583	119	119	0	0	0.00286994885016018	0.844808629760907	5.59700316641443	5.59700316641443	638	180	Enhancer	0	Heritable	0.168640022434952	0.810138104428223	0.00738917820443247	0	0	0	1.68640022434952	6.45833828334479	5.19849703126583	0	1.72223130742995
BA_only	hippocampus	AA	psi	chr3_52279307_52280169	chr3	52279307	52280169	79	79	0	0	0.0149809527681532	0.966167725188189	3.45440009018748	3.45440009018748	862	165	Promoter	1	Non-heritable	0.0694635180014138	0.742110160165044	0.00637776692778088	1105	0	0	0.694635180014138	6.75925527066369	5.11198778835654	7.00850518208228	1.23964880978127
BA_only	hippocampus	AA	psi	chr3_52366485_52366580	chr3	52366485	52366580	88	88	0	0	0.00274570784373146	0.841419595132505	3.89730138002247	3.89730138002247	95	164	Genic/other	0	Heritable	0.136211306538488	0.715257411998526	0.00925335542007467	4096	0	0	1.36211306538488	4.55387689160054	5.10594547390058	8.31801027754687	1.36028436235053
BA_only	hippocampus	AA	psi	chr3_52368648_52368733	chr3	52368648	52368733	89	89	0	0	0.0052287211330553	0.910521893616427	5.85534043491559	-5.85534043491559	85	169	Genic/other	0	Non-heritable	0.0935853016012107	0.685322293751929	0.00503160272861069	6259	0	0	0.935853016012107	4.44265125649032	5.13579843705026	8.74193546409414	1.76735414137389
BA_only	hippocampus	AA	psi	chr3_52518670_52519151	chr3	52518670	52519151	103	103	0	0	0.0127910302653337	0.962087948231084	3.56619831858357	-3.56619831858357	481	156	Promoter	0	Heritable	0.180156987489524	0.77241556768838	0.00816185262827612	252	0	0	1.80156987489524	6.17586727010576	5.05624580534831	5.53338948872752	1.27150013443495
BA_only	hippocampus	AA	psi	chr3_52534513_52534746	chr3	52534513	52534746	105	105	0	0	0.0111861646606816	0.948703871232836	5.59467382649302	5.59467382649302	233	147	Promoter	1	Heritable	0.202380398650504	0.762304876347681	0.00722241671909824	0	0	0	2.02380398650504	5.4510384535657	4.99721227376412	0	1.72181504453167
BA_only	hippocampus	AA	psi	chr3_53182920_53183195	chr3	53182920	53183195	40	40	0	0	0.00807982960943113	0.933559278800072	1.62758268211496	-1.62758268211496	275	252	Genic/other	1	Non-heritable	0.0822268107219382	0.744329359911261	0.00835111431436359	10	0	0	0.822268107219382	5.61677109766657	5.53338948872752	2.39789527279837	0.487095903097065
BA_only	hippocampus	AA	psi	chr3_53493157_53493469	chr3	53493157	53493469	10	10	0	0	0.166585367155197	0.991064867102684	0.957607126225811	0.957607126225811	312	339	Genic/other	1	Non-heritable	0.0748614746658864	0.893372953541193	0.00876189715192667	0	0	0	0.748614746658864	5.74300318780948	5.82894561761021	0	-0.0433176725670903
BA_only	hippocampus	AA	psi	chr3_536068_536869	chr3	536068	536869	28	28	0	0	0.007087165270055	0.931602204679102	1.99911419498168	-1.99911419498168	801	611	Promoter	0	Heritable	0.108146542949986	0.939148580345402	0.00867834039665613	0	0	0	1.08146542949986	6.68586094706836	6.41673228251233	0	0.692704184942715
BA_only	hippocampus	AA	psi	chr3_53844893_53845406	chr3	53844893	53845406	17	17	0	0	0.099772850629008	0.990400450319684	2.10184152851543	2.10184152851543	513	417	Promoter	1	Non-heritable	0.0773005139293819	0.837366335077087	0.00563184737805589	0	0	0	0.773005139293819	6.24027584517077	6.03548143252476	0	0.742813883559534
BA_only	hippocampus	AA	psi	chr3_55474252_55474992	chr3	55474252	55474992	21	21	0	0	0.0274665644866343	0.975932065139872	1.39953593406098	-1.39953593406098	740	471	Genic/other	2	Non-heritable	0.0859999328105144	0.899514507452785	0.0103050459769717	36283	0	0	0.859999328105144	6.60665018619822	6.15697898558556	10.4991321517348	0.336140713145506
BA_only	hippocampus	AA	psi	chr3_56769230_56769487	chr3	56769230	56769487	36	36	0	0	0.00591663830034257	0.917383673107698	4.07238627096348	-4.07238627096348	257	316	Genic/other	0	Heritable	0.100749175973495	0.877242093671477	0.00579014550124721	4328	0	0	1.00749175973495	5.54907608489522	5.75890177387728	8.37309184744198	1.40422913746109
BA_only	hippocampus	AA	psi	chr3_56800820_56801189	chr3	56800820	56801189	37	37	0	0	0.0406983034137608	0.980549382116533	2.5155532815215	-2.5155532815215	369	325	Genic/other	1	Non-heritable	0.0900297899794807	0.860492823062723	0.0063252184695197	0	0	0	0.900297899794807	5.91079664404053	5.78689738136671	0	0.92249277598482
BA_only	hippocampus	AA	psi	chr3_56802533_56802659	chr3	56802533	56802659	37	37	0	0	0.108323106128734	0.990898390030923	1.65293235111302	-1.65293235111302	126	304	Promoter	1	Non-heritable	0.0461524904210825	0.828396184049998	0.00764303912765444	829	0	0	0.461524904210825	4.83628190695148	5.72031177660741	6.72142570079064	0.502550899134791
BA_only	hippocampus	AA	psi	chr3_57196547_57197276	chr3	57196547	57197276	13	13	0	0	0.111642381009719	0.990898390030923	0.618094570753376	-0.618094570753376	729	297	Intergenic	0	Heritable	0.102810290028776	0.850326972098869	0.0115855340146382	26313	0	0	1.02810290028776	6.59167373200866	5.69709348650541	10.1778563959258	-0.481113789944123
BA_only	hippocampus	AA	psi	chr3_57378876_57379638	chr3	57378876	57379638	13	13	0	0	0.0979687731236185	0.990400450319684	0.829039292139574	-0.829039292139574	762	222	Genic/other	0	Heritable	0.646133500940718	0.867246946357513	0.00827834050753354	56532	0	0	6.46133500940718	6.63594655568665	5.40717177146012	10.942579817428	-0.187487715875836
BA_only	hippocampus	AA	psi	chr3_57545304_57545717	chr3	57545304	57545717	18	18	0	0	0.0284720935168054	0.975932065139872	2.2090574021508	2.2090574021508	413	192	Promoter	0	Non-heritable	0.0648518055758183	0.743296755560314	0.0061589990311941	13670	0	0	0.648518055758183	6.02344759296103	5.26269018890489	9.52303207993199	0.792565914209252
BA_only	hippocampus	AA	psi	chr3_57627993_57628511	chr3	57627993	57628511	26	26	0	0	0.0131093995645425	0.964283399649536	1.92368315869032	1.92368315869032	518	199	Promoter	0	Non-heritable	0.0863860671954682	0.703850993862307	0.00955952597491419	0	0	0	0.863860671954682	6.24997524225948	5.29831736654804	0	0.654241665445509
BA_only	hippocampus	AA	psi	chr3_57948419_57948893	chr3	57948419	57948893	41	41	0	0	0.00487608204653689	0.903845859635741	2.52196219264873	-2.52196219264873	474	236	Intergenic	0	Non-heritable	0.0368309070777424	0.739362925852579	0.00752742423366981	21122	0	0	0.368309070777424	6.16120732169508	5.46806014113513	9.95811777318724	0.925037250375992
BA_only	hippocampus	AA	psi	chr3_58058988_58059734	chr3	58058988	58059734	52	52	0	0	0.00755443293897094	0.933559278800072	1.56009003382025	-1.56009003382025	746	244	Genic/other	0	Heritable	0.131787663038612	0.763101756476626	0.00734059008019582	39173	0	0	1.31787663038612	6.61472560020376	5.50125821054473	10.5757685404147	0.444743539993284
BA_only	hippocampus	AA	psi	chr3_58186923_58187964	chr3	58186923	58187964	49	49	0	0	0.0314517066623926	0.977060807838727	3.13631652986692	3.13631652986692	1041	322	Intergenic	0	Non-heritable	0.0789198881674643	0.854540467499394	0.00801466253585885	4838	0	0	0.789198881674643	6.94793706861497	5.77765232322266	8.48446336679332	1.14304903485188
BA_only	hippocampus	AA	psi	chr3_58249400_58249806	chr3	58249400	58249806	57	57	0	0	0.0206077660073586	0.975856666808667	3.07957255108224	3.07957255108224	406	338	Genic/other	0	Non-heritable	0.0628910066703661	0.811117697749411	0.00961917910239467	0	0	0	0.628910066703661	6.00635315960173	5.82600010738045	0	1.1247908084854
BA_only	hippocampus	AA	psi	chr3_58287450_58288432	chr3	58287450	58288432	64	64	0	0	0.0131110783562823	0.964283399649536	2.75629692646994	2.75629692646994	982	360	Genic/other	0	Heritable	0.102975293483151	0.869587211259088	0.00612806057703385	17984	0	0	1.02975293483151	6.88959130835447	5.88887795833288	9.79729335612972	1.01388808917277
BA_only	hippocampus	AA	psi	chr3_58334893_58335678	chr3	58334893	58335678	65	65	0	0	0.0104960509669109	0.944902218841749	3.67836436334314	3.67836436334314	785	361	Genic/other	2	Non-heritable	0.0928462570802157	0.868388834683863	0.0103718113653118	18327	0	0	0.928462570802157	6.66568371778241	5.89164421182577	9.81618522413333	1.30246818961209
BA_only	hippocampus	AA	psi	chr3_58493504_58494054	chr3	58493504	58494054	62	62	0	0	0.0219840379266527	0.975932065139872	7.5111963586814	7.5111963586814	550	331	Promoter	1	Heritable	0.123869718798413	0.820792617413599	0.00585271628472097	4727	0	0	1.23869718798413	6.30991827822652	5.80513496891649	8.46125755908594	2.01639475650823
BA_only	hippocampus	AA	psi	chr3_58584651_58584850	chr3	58584651	58584850	54	54	0	0	0.0208030505793799	0.975856666808667	2.47157163742923	2.47157163742923	199	288	Genic/other	2	Heritable	0.176215960961931	0.851793501985523	0.00669746027050258	4418	0	0	1.76215960961931	5.29330482472449	5.66642668811243	8.39366870513074	0.904854242796129
BA_only	hippocampus	AA	psi	chr3_58586135_58586322	chr3	58586135	58586322	54	54	0	0	0.0158976601419051	0.967716068030647	2.34130645736912	2.34130645736912	187	300	Genic/other	1	Heritable	0.130149134098644	0.814929622623736	0.0111857486387331	2946	0	0	1.30149134098644	5.23110861685459	5.70711026474888	7.9885429827377	0.850709092955842
BA_only	hippocampus	AA	psi	chr3_62109872_62110563	chr3	62109872	62110563	434	434	0	0	4.95844034343667e-05	0.27028390983384	7.03783068841034	-7.03783068841034	691	489	Genic/other	0	Heritable	0.468869346157779	0.90014695473825	0.00701516446940401	108419	0	0	4.68869346157779	6.53813982376767	6.19440539110467	11.5937678528143	1.95129998325489
BA_only	hippocampus	AA	psi	chr3_62187847_62189065	chr3	62187847	62189065	435	435	0	0	0.00298808728049709	0.846513053928579	5.17836282739547	-5.17836282739547	1218	508	Genic/other	0	Heritable	0.118696107059078	0.879672137736073	0.00619699937633441	29917	0	0	1.18696107059078	7.10496544826984	6.23244801655052	10.3062155849344	1.64448895175877
BA_only	hippocampus	AA	psi	chr3_62377898_62378036	chr3	62377898	62378036	440	440	0	0	0.000272281130192468	0.517338610990775	4.21528383022199	-4.21528383022199	138	515	Genic/other	1	Heritable	0.115601668920108	0.933562609573233	0.0080083766674773	8591	0	0	1.15601668920108	4.92725368515721	6.24610676548156	9.05858681674865	1.43871692968999
BA_only	hippocampus	AA	psi	chr3_62667420_62668098	chr3	62667420	62668098	6	6	0	0	0.018393570071662	0.972503866121758	0.734462866632122	-0.734462866632122	678	462	Genic/other	0	Non-heritable	0.0663659970370268	0.92955305997919	0.00678945773059724	130923	0	0	0.663659970370268	6.5191472879404	6.13772705408623	11.7823722811579	-0.308615827011583
BA_only	hippocampus	AA	psi	chr3_63296380_63297978	chr3	63296380	63297978	9	9	0	0	0.109527841861522	0.990898390030923	0.917357002259699	-0.917357002259699	1598	455	Genic/other	0	Heritable	0.549603420414782	0.928098784246704	0.00817708508514041	0	0	0	5.49603420414782	7.37650812632622	6.12249280951439	0	-0.0862585561470545
BA_only	hippocampus	AA	psi	chr3_63343581_63344792	chr3	63343581	63344792	10	10	0	0	0.0957369398738478	0.990400450319684	0.798454225440692	0.798454225440692	1211	455	Genic/other	0	Heritable	0.169655439773527	0.939987123031948	0.0093081641408157	0	0	0	1.69655439773527	7.09920174355309	6.12249280951439	0	-0.225077626130844
BA_only	hippocampus	AA	psi	chr3_63927532_63928287	chr3	63927532	63928287	26	26	0	0	0.0474286354232847	0.982661996589092	2.39625365748924	2.39625365748924	755	456	Genic/other	0	Heritable	0.102077495010297	0.901802504636543	0.00770398216662117	14943	0	0	1.02077495010297	6.62671774924903	6.12468339089421	9.61206516046862	0.873906545888488
BA_only	hippocampus	AA	psi	chr3_64444383_64444607	chr3	64444383	64444607	53	53	0	0	0.0229282087085441	0.975932065139872	1.11552610847301	1.11552610847301	224	493	Promoter	1	Non-heritable	0.046120953682248	0.895876041582532	0.00916983702098823	0	0	0	0.46120953682248	5.41164605185504	6.20253551718792	0	0.1093261487562
BA_only	hippocampus	AA	psi	chr3_64890030_64890263	chr3	64890030	64890263	97	97	0	0	0.00589380058380975	0.91660165241749	2.92143012279341	2.92143012279341	233	523	Genic/other	0	Non-heritable	0.069551912614824	0.938554339195205	0.00697861376902088	0	0	0	0.69551912614824	5.4510384535657	6.26149168432104	0	1.07207326788587
BA_only	hippocampus	AA	psi	chr3_65497786_65498122	chr3	65497786	65498122	5	5	0	0	0.244985555393917	0.992299860644177	0.523938328173386	-0.523938328173386	336	545	Genic/other	0	Heritable	0.115889699840306	0.932038041754337	0.00772664277514086	0	0	0	1.15889699840306	5.8171111599632	6.30261897574491	0	-0.646381276826999
BA_only	hippocampus	AA	psi	chr3_65548561_65548682	chr3	65548561	65548682	5	5	0	0	0.181559466562623	0.991064867102684	0.39483300598091	0.39483300598091	121	551	Genic/other	1	Non-heritable	0.0815651543997416	0.877586442273159	0.00795898514295836	0	0	0	0.815651543997416	4.79579054559674	6.3135480462771	0	-0.929292347814727
BA_only	hippocampus	AA	psi	chr3_65594624_65596342	chr3	65594624	65596342	5	5	0	0	0.332702541396704	0.993828622005322	0.14251351135228	-0.14251351135228	1718	543	Genic/other	0	Heritable	0.116731420282315	0.927339668846883	0.0123150294778654	0	0	0	1.16731420282315	7.4489161025442	6.29894924685594	0	-1.94831839709222
BA_only	hippocampus	AA	psi	chr3_66387032_66387504	chr3	66387032	66387504	11	11	0	0	0.0996253522453065	0.990400450319684	1.71494263594557	-1.71494263594557	472	435	Genic/other	0	Non-heritable	0.0663283342149128	0.913077179642237	0.00804792647520866	847	0	0	0.663283342149128	6.15697898558556	6.07764224334903	6.7428806357919	0.539379637461352
BA_only	hippocampus	AA	psi	chr3_66418740_66419294	chr3	66418740	66419294	11	11	0	0	0.00929625402479825	0.939841915020693	3.87805363739606	-3.87805363739606	554	422	Genic/other	0	Non-heritable	0.088395612000463	0.867208844022956	0.00718559266533269	13541	0	0	0.88395612000463	6.31716468674728	6.04737217904628	9.51355124604559	1.35533339050406
BA_only	hippocampus	AA	psi	chr3_66456445_66457052	chr3	66456445	66457052	12	12	0	0	0.0762385290081313	0.987408598172976	2.40651727262858	-2.40651727262858	607	424	Genic/other	0	Heritable	0.106439427644517	0.909578569374798	0.00627573471686414	51246	0	0	1.06439427644517	6.4085287910595	6.05208916892442	10.844412358702	0.878180591380193
BA_only	hippocampus	AA	psi	chr3_66537715_66538333	chr3	66537715	66538333	15	15	0	0	0.0354871957124429	0.980327953711174	2.14033079808015	-2.14033079808015	618	401	Intergenic	0	Non-heritable	0.0720690464344324	0.849641604347956	0.00864158696498234	27570	0	0	0.720690464344324	6.42648845745769	5.99645208861902	10.2245197746695	0.76096040030203
BA_only	hippocampus	AA	psi	chr3_66577584_66578218	chr3	66577584	66578218	15	15	0	0	0.0795622222689185	0.988137148207548	3.55567373005838	-3.55567373005838	634	387	Intergenic	0	Non-heritable	0.0811717160695948	0.893621663398468	0.00683082520762572	0	0	0	0.811717160695948	6.45204895443723	5.96100533962327	0	1.26854456430251
BA_only	hippocampus	AA	psi	chr3_66620078_66620532	chr3	66620078	66620532	9	9	0	0	0.369054117696277	0.994240189962501	0.920397113586145	0.920397113586145	454	390	Intergenic	0	Heritable	0.113557217651187	0.904302083847558	0.00807118332698914	0	0	0	1.13557217651187	6.11809719804135	5.96870755998537	0	-0.0829500460038355
BA_only	hippocampus	AA	psi	chr3_6770842_6771992	chr3	6770842	6771992	50	50	0	0	0.0129836110840047	0.964283399649536	3.76225404598648	3.76225404598648	1150	527	Genic/other	0	Non-heritable	0.0899256944093549	0.881446967336103	0.0132146622145427	0	0	0	0.899256944093549	7.0475172213573	6.26909628370626	0	1.32501826075879
BA_only	hippocampus	AA	psi	chr3_68005468_68006643	chr3	68005468	68006643	5	5	0	0	0.0612636388174392	0.985907779499035	0.371270093585317	0.371270093585317	1175	330	Promoter	2	Heritable	0.143899284995673	0.899624296890719	0.00973053042773632	0	0	0	1.43899284995673	7.06902342657826	5.80211837537706	0	-0.990825439259783
BA_only	hippocampus	AA	psi	chr3_69012541_69012713	chr3	69012541	69012713	21	21	0	0	0.0155517676900949	0.967076513219291	2.25267631707567	-2.25267631707567	172	367	Genic/other	1	Non-heritable	0.0447593620200905	0.831886523128883	0.00706383522992061	0	0	0	0.447593620200905	5.14749447681345	5.90808293816893	0	0.812118988047319
BA_only	hippocampus	AA	psi	chr3_69116405_69117303	chr3	69116405	69117303	23	23	0	0	0.0600027342250571	0.98577631996496	1.70620134673275	-1.70620134673275	898	358	Genic/other	0	Heritable	0.137083016008654	0.897483977385969	0.00791434167231622	5105	0	0	1.37083016008654	6.8001700683022	5.88332238848828	8.53817159780143	0.534269470670168
BA_only	hippocampus	AA	psi	chr3_69181129_69182881	chr3	69181129	69182881	23	23	0	0	0.00566774639006247	0.914301706404424	4.07888556633206	-4.07888556633206	1752	359	Genic/other	0	Non-heritable	0.077554164057638	0.888228860782329	0.00744171468220294	15892	0	0	0.77554164057638	7.46851327149634	5.88610403145016	9.67363403969682	1.40582380804984
BA_only	hippocampus	AA	psi	chr3_69249895_69250341	chr3	69249895	69250341	22	22	0	0	0.136641154476316	0.991064867102684	2.06619253777863	2.06619253777863	446	388	Promoter	0	Heritable	0.16523083117854	0.921510566181303	0.0109243523400089	0	0	0	1.6523083117854	6.10031895202006	5.96357934361845	0	0.725707564698715
BA_only	hippocampus	AA	psi	chr3_69368167_69368928	chr3	69368167	69368928	9	9	0	0	0.249438870706521	0.99258796918521	1.55574783343745	-1.55574783343745	761	388	Genic/other	0	Heritable	0.106821436723912	0.883798580992274	0.00635190451649431	0	0	0	1.06821436723912	6.63463335786169	5.96357934361845	0	0.441956358277864
BA_only	hippocampus	AA	psi	chr3_69370229_69370772	chr3	69370229	69370772	9	9	0	0	0.299572132315371	0.993663620961428	1.60082481012494	1.60082481012494	543	390	Genic/other	0	Heritable	0.124442854544978	0.909196362094015	0.00750518614321982	0	0	0	1.24442854544978	6.29710931993394	5.96870755998537	0	0.470519008992863
BA_only	hippocampus	AA	psi	chr3_69383065_69385168	chr3	69383065	69385168	8	8	0	0	0.00414931921822485	0.88309716232936	2.74367941621585	-2.74367941621585	2103	393	Genic/other	2	Non-heritable	0.0979023898689129	0.902755652183392	0.007003749807382	0	0	0	0.979023898689129	7.6511201757027	5.97635090929793	0	1.009299875858
BA_only	hippocampus	AA	psi	chr3_69740778_69741819	chr3	69740778	69741819	9	9	0	0	0.0853457399016439	0.988137148207548	1.78603113624533	1.78603113624533	1041	326	Enhancer	1	Heritable	0.121865527582582	0.877537082548147	0.0105268680391185	0	0	0	1.21865527582582	6.94793706861497	5.78996017089725	0	0.579995921409376
BA_only	hippocampus	AA	psi	chr3_69887599_69888683	chr3	69887599	69888683	98	98	0	0	0.0153032290658602	0.967076513219291	2.7320787628605	2.7320787628605	1084	298	Genic/other	0	Heritable	0.137948892065273	0.83068877799159	0.00810394436060244	8464	0	0	1.37948892065273	6.98841318199959	5.70044357339069	9.04369529456724	1.00506277469715
BA_only	hippocampus	AA	psi	chr3_69966923_69968172	chr3	69966923	69968172	98	98	0	0	0.00691739648770685	0.928872608627617	4.07198360870227	-4.07198360870227	1249	307	Genic/other	0	Heritable	0.220657692499896	0.890221156029408	0.00612272367966098	2008	0	0	2.20657692499896	7.13009851012558	5.73009978297357	7.60539236481494	1.40413025632811
BA_only	hippocampus	AA	psi	chr3_70000901_70001247	chr3	70000901	70001247	98	98	0	0	0.00398816414701512	0.876453522128082	3.68844562532895	-3.68844562532895	346	290	Genic/other	0	Non-heritable	0.0721768214677016	0.871525132657634	0.00705997246936061	0	0	0	0.721768214677016	5.84643877505773	5.67332326717149	0	1.30520513226897
BA_only	hippocampus	AA	psi	chr3_70070798_70072451	chr3	70070798	70072451	98	98	0	0	0.0257592596149009	0.975932065139872	5.84460520681762	-5.84460520681762	1653	301	Genic/other	0	Non-heritable	0.0967492440858975	0.872976935548109	0.00675967831585189	0	0	0	0.967492440858975	7.41034709782102	5.71042701737487	0	1.76551905061005
BA_only	hippocampus	AA	psi	chr3_70230139_70231939	chr3	70230139	70231939	89	89	0	0	0.0239717001917167	0.975932065139872	6.09265722376659	-6.09265722376659	1800	277	Genic/other	0	Non-heritable	0.0415511237758867	0.726937927873928	0.0061516032242	0	0	0	0.415511237758867	7.49554194388426	5.62762111369064	0	1.80708431394237
BA_only	hippocampus	AA	psi	chr3_70982937_70983198	chr3	70982937	70983198	29	29	0	0	0.05184336725588	0.984153364580922	2.3783841314271	2.3783841314271	261	392	Enhancer	0	Non-heritable	0.090253023620222	0.916666505579318	0.00621737249219408	4878	0	0	0.90253023620222	5.56452040732269	5.97380961186926	8.49269555981584	0.866421324931077
BA_only	hippocampus	AA	psi	chr3_71306422_71307244	chr3	71306422	71307244	27	27	0	0	0.0216602635292665	0.975932065139872	2.07414524366677	2.07414524366677	822	468	Promoter	0	Non-heritable	0.0959817613885068	0.926347641364568	0.00801280811982399	0	0	0	0.959817613885068	6.71174039505618	6.15060276844628	0	0.729549142874139
BA_only	hippocampus	AA	psi	chr3_71497908_71498359	chr3	71497908	71498359	113	113	0	0	0.011216198954354	0.948703871232836	2.68492731383977	2.68492731383977	451	554	Genic/other	0	Non-heritable	0.0876920240316709	0.909246491028397	0.00716616725243364	0	0	0	0.876920240316709	6.11146733950268	6.31896811374643	0	0.987653660123276
BA_only	hippocampus	AA	psi	chr3_71543268_71543633	chr3	71543268	71543633	113	113	0	0	0.0159612066212615	0.967790987409223	2.58669081016244	-2.58669081016244	365	569	Promoter	0	Heritable	0.107654786194361	0.94822134893091	0.00577383596434618	0	0	0	1.07654786194361	5.89989735358249	6.3456363608286	0	0.950379383175087
BA_only	hippocampus	AA	psi	chr3_72100112_72100238	chr3	72100112	72100238	248	248	0	0	0.00406972717627027	0.880626276698998	4.55283650823638	4.55283650823638	126	713	Promoter	0	Non-heritable	0.0741098848540077	0.967028047380529	0.00662243676341296	0	0	0	0.741098848540077	4.83628190695148	6.57088296233958	0	1.5157504493246
BA_only	hippocampus	AA	psi	chr3_72172021_72173498	chr3	72172021	72173498	248	248	0	1	9.42373298826151e-06	0.0939544152320428	6.84272658443558	-6.84272658443558	1477	678	Genic/other	0	Non-heritable	0.0650753897148157	0.957717439169761	0.00757855542152905	0	0	1	0.650753897148157	7.29776828253138	6.5206211275587	0	1.92318627712214
BA_only	hippocampus	AA	psi	chr3_72334970_72335649	chr3	72334970	72335649	234	234	0	0	0.000188312369145233	0.477398618736782	8.7310643397677	8.7310643397677	679	617	Intergenic	0	Non-heritable	0.0864627072961195	0.9563370608051	0.00703209435642735	55303	0	0	0.864627072961195	6.5206211275587	6.42648845745769	10.9206005176251	2.16688728106468
BA_only	hippocampus	AA	psi	chr3_72338023_72339064	chr3	72338023	72339064	234	234	0	0	0.000114702137412743	0.413849507326493	11.0488662040687	11.0488662040687	1041	620	Intergenic	0	Non-heritable	0.0998992989779236	0.951080520871212	0.0066100543409464	58356	0	0	0.998992989779236	6.94793706861497	6.43133108193348	10.9743345962435	2.40232781763785
BA_only	hippocampus	AA	psi	chr3_72347901_72348897	chr3	72347901	72348897	234	234	0	0	0.000801704021524126	0.683148985370606	4.63239918570881	-4.63239918570881	996	613	Enhancer	0	Non-heritable	0.0996282913118498	0.941240059898449	0.010362365420106	68234	0	0	0.996282913118498	6.9037472575846	6.41999492814714	11.1307129086722	1.53307491870507
BA_only	hippocampus	AA	psi	chr3_72412231_72413114	chr3	72412231	72413114	115	115	0	0	0.00036154541237068	0.566263173502353	4.32230187185483	4.32230187185483	883	623	Genic/other	0	Non-heritable	0.0812944070262229	0.920779684057887	0.00660245337306033	43078	0	0	0.812944070262229	6.78332520060396	6.43615036836943	10.6707909183732	1.46378810336754
BA_only	hippocampus	AA	psi	chr3_72442795_72444496	chr3	72442795	72444496	70	70	0	0	0.0018435247988319	0.800326971574895	10.6487801365954	10.6487801365954	1701	616	Genic/other	1	Non-heritable	0.0761370616336302	0.90884594902436	0.00930052698697692	11696	0	0	0.761370616336302	7.43897159239586	6.42486902390539	9.36708767765071	2.36544534536942
BA_only	hippocampus	AA	psi	chr3_72654008_72654853	chr3	72654008	72654853	29	29	0	0	0.0250194582109475	0.975932065139872	2.04892107084287	2.04892107084287	845	556	Intergenic	1	Heritable	0.130293218116122	0.955930136627733	0.0102812359379656	2894	0	0	1.30293218116122	6.73933662735717	6.32256523992728	7.9707403900071	0.717313352576923
BA_only	hippocampus	AA	psi	chr3_72739295_72739475	chr3	72739295	72739475	26	26	0	0	0.0233175146627466	0.975932065139872	1.62151030083246	-1.62151030083246	180	499	Genic/other	1	Heritable	0.124496805591344	0.922506081565466	0.00847813095415386	0	0	0	1.24496805591344	5.19295685089021	6.21460809842219	0	0.483358005568614
BA_only	hippocampus	AA	psi	chr3_72889232_72889968	chr3	72889232	72889968	17	17	0	0	0.0360759304361889	0.980549382116533	1.8364054941186	-1.8364054941186	736	483	Genic/other	1	Heritable	0.135123909024413	0.932933318432616	0.00682033218845644	2202	0	0	1.35123909024413	6.60123011872888	6.18208490671663	7.69757534680234	0.607810130621394
BA_only	hippocampus	AA	psi	chr3_73623199_73623783	chr3	73623199	73623783	10	10	0	0	0.000188187146629175	0.477398618736782	1.4865063212199	1.4865063212199	584	546	Promoter	1	Heritable	0.108702489551081	0.877976688629959	0.010129936280594	181	0	0	1.08702489551081	6.36990098282823	6.30444880242198	5.2040066870768	0.396428622592522
BA_only	hippocampus	AA	psi	chr3_73999916_74000685	chr3	73999916	74000685	1	1	0	0	0.729198152425916	0.997543272146997	0.234544991335122	-0.234544991335122	769	528	Genic/other	0	Non-heritable	0.084150313948749	0.945386849337139	0.0059157793158172	130139	0	0	0.84150313948749	6.64509096950564	6.2709884318583	11.776366073049	-1.45010780615883
BA_only	hippocampus	AA	psi	chr3_74612330_74612902	chr3	74612330	74612902	2	2	0	0	0.185574012266687	0.991064867102684	0.559184110939864	-0.559184110939864	572	331	Genic/other	2	Heritable	0.218528779344877	0.8988397916171	0.00709417098381542	3544	0	0	2.18528779344877	6.3491389913798	5.80513496891649	8.17329343896623	-0.581276484495998
BA_only	hippocampus	AA	psi	chr3_75395799_75396547	chr3	75395799	75396547	1126	1126	0	0	0.000391847010791834	0.579438373379997	5.42377895024519	5.42377895024519	748	231	Promoter	2	Non-heritable	0.0557014932687927	0.739156559701762	0.0114712471574281	17012	0	0	0.557014932687927	6.61740297797448	5.44673737166631	9.74173303668214	1.69079279764052
BA_only	hippocampus	AA	psi	chr3_75429377_75429760	chr3	75429377	75429760	1145	1145	0	0	0.000669079145919906	0.662516029185809	7.62702204796888	7.62702204796888	383	227	Genic/other	0	Heritable	0.169187003229446	0.775732157438698	0.00824711152968174	0	0	0	1.69187003229446	5.94803498918065	5.42934562895444	0	2.03169747526772
BA_only	hippocampus	AA	psi	chr3_75580568_75580820	chr3	75580568	75580820	1147	1147	0	0	0.00116120352443321	0.72939557362483	10.3061866797842	10.3061866797842	252	261	Promoter	1	Heritable	0.10990911651237	0.828272623836341	0.00802688728927301	0	0	0	1.0990911651237	5.52942908751142	5.5683445037611	0	2.3327443644115
BA_only	hippocampus	AA	psi	chr3_75620152_75620291	chr3	75620152	75620291	1148	1148	0	0	0.000914524710873797	0.704421462184525	11.1280771775367	-11.1280771775367	139	281	Genic/other	1	Non-heritable	0.0926235557849197	0.875682064988946	0.00633426089129825	4723	0	0	0.926235557849197	4.93447393313069	5.64190707093811	8.46041117731725	2.40947139093216
BA_only	hippocampus	AA	psi	chr3_75636806_75637222	chr3	75636806	75637222	1148	1148	0	0	0.0014534081182258	0.762484248609066	5.18690966165645	5.18690966165645	416	296	Genic/other	0	Heritable	0.144351243711225	0.852994232589702	0.00652407014586239	0	0	0	1.44351243711225	6.03068526026126	5.6937321388027	0	1.64613808084641
BA_only	hippocampus	AA	psi	chr3_75644731_75650747	chr3	75644731	75650747	1148	1148	0	0	0.000557384455106671	0.636920160415722	10.9694449599173	-10.9694449599173	6016	298	Genic/other	0	Non-heritable	0.0962656268633807	0.854350958388328	0.0131474106369579	0	0	0	0.962656268633807	8.70217786562968	5.70044357339069	0	2.39511367773982
BA_only	hippocampus	AA	psi	chr3_75654509_75655718	chr3	75654509	75655718	1148	1148	0	0	0.000239017079499502	0.503902674622265	9.60284492946652	9.60284492946652	1209	306	Promoter	2	Heritable	0.122392356463605	0.87657078319006	0.00518503571596275	0	0	0	1.22392356463605	7.09754885061479	5.7268477475872	0	2.26205940243253
BA_only	hippocampus	AA	psi	chr3_75658101_75659064	chr3	75658101	75659064	1148	1148	0	0	0.000669512686848154	0.662516029185809	6.7268824154179	6.7268824154179	963	294	Promoter	2	Heritable	0.179153248799478	0.856996721606447	0.0137154756411939	0	0	0	1.79153248799478	6.87005341179813	5.68697535633982	0	1.90611180087941
BA_only	hippocampus	AA	psi	chr3_75668414_75668660	chr3	75668414	75668660	1148	1148	0	0	0.00021022576984262	0.491811708572313	4.65712257178908	4.65712257178908	246	298	Promoter	1	Heritable	0.156750947730456	0.85349247309248	0.00603166953680655	0	0	0	1.56750947730456	5.50533153593236	5.70044357339069	0	1.5383977857043
BA_only	hippocampus	AA	psi	chr3_75672144_75673313	chr3	75672144	75673313	1146	1146	0	0	0.00129111737549056	0.748685029382681	6.12235720663026	6.12235720663026	1169	300	Promoter	2	Heritable	0.139295510856796	0.839434526022948	0.0143365336137217	0	0	0	1.39295510856796	7.06390396147207	5.70711026474888	0	1.81194718848286
BA_only	hippocampus	AA	psi	chr3_75708468_75711380	chr3	75708468	75711380	436	436	0	0	0.00147032104981616	0.76503560042533	2.79957567293729	2.79957567293729	2912	296	Genic/other	0	Heritable	0.144762155030482	0.857273161167779	0.0221176991249932	0	0	0	1.44762155030482	7.97659540931658	5.6937321388027	0	1.02946786388943
BA_only	hippocampus	AA	psi	chr3_75713044_75720086	chr3	75713044	75720086	436	436	0	0	0.000916567598426695	0.704421462184525	5.22578246154867	-5.22578246154867	7042	303	Enhancer	0	Heritable	0.100912897298646	0.845679986832741	0.0262377630841802	0	0	0	1.00912897298646	8.859647499715	5.71702770140622	0	1.65360454195899
BA_only	hippocampus	AA	psi	chr3_75721969_75722214	chr3	75721969	75722214	436	436	0	0	0.00218925644926428	0.816522369956905	4.85868122832965	-4.85868122832965	245	300	Genic/other	0	Heritable	0.105232982213468	0.846540094770625	0.00687662998800362	0	0	0	1.05232982213468	5.50125821054473	5.70711026474888	0	1.58076705095236
BA_only	hippocampus	AA	psi	chr3_75725845_75729555	chr3	75725845	75729555	436	436	0	0	0.00351999506733316	0.866906756094015	11.1744988182303	-11.1744988182303	3710	309	Genic/other	0	Heritable	0.129888283236359	0.85529512513012	0.00754954034753092	0	0	0	1.29888283236359	8.21878715560148	5.73657229747919	0	2.41363429190829
BA_only	hippocampus	AA	psi	chr3_75741431_75743028	chr3	75741431	75743028	435	435	0	0	8.78611495094225e-05	0.357115007671868	11.5971957188196	11.5971957188196	1597	303	Genic/other	0	Heritable	0.15421566133964	0.832305529463301	0.00694144760310302	0	0	0	1.5421566133964	7.37588214821501	5.71702770140622	0	2.45076332137113
BA_only	hippocampus	AA	psi	chr3_75749958_75753983	chr3	75749958	75753983	435	435	0	0	0.000171151549398157	0.462584505778846	5.10266892908129	-5.10266892908129	4025	319	Genic/other	0	Non-heritable	0.0876829554037677	0.85987077440959	0.0201264354840967	0	0	0	0.876829554037677	8.30028018985266	5.76832099579377	0	1.62976372423389
BA_only	hippocampus	AA	psi	chr3_75785082_75786017	chr3	75785082	75786017	329	329	0	0	0.00437675654664799	0.889848816018623	5.18296123586829	5.18296123586829	935	299	Promoter	2	Heritable	0.150684969574911	0.868346656645682	0.00814790618882895	0	0	0	1.50684969574911	6.84054652928869	5.7037824746562	0	1.64537656201741
BA_only	hippocampus	AA	psi	chr3_75786499_75786958	chr3	75786499	75786958	329	329	0	0	0.00257890852646627	0.833258918532135	5.70740985761794	-5.70740985761794	459	296	Promoter	1	Non-heritable	0.0870543271875257	0.837267336447429	0.00736544900523728	1114	0	0	0.870543271875257	6.12905021006055	5.6937321388027	7.01660968389422	1.74176530737735
BA_only	hippocampus	AA	psi	chr3_75860830_75861536	chr3	75860830	75861536	203	203	0	0	0.0027355554575565	0.840817154309229	4.23477721309744	4.23477721309744	706	267	Intergenic	0	Heritable	0.125608974896015	0.875272779551932	0.00886388526005702	0	0	0	1.25608974896015	6.55961523749324	5.59098698051086	0	1.44333072296536
BA_only	hippocampus	AA	psi	chr3_77780447_77781656	chr3	77780447	77781656	9	9	0	0	0.0433982761648764	0.980549382116533	3.79337508476931	3.79337508476931	1209	278	Intergenic	0	Non-heritable	0.0946961808915212	0.813917615668564	0.0109901236097885	69252	0	0	0.946961808915212	7.09754885061479	5.63121178182137	11.1455217444109	1.33325614913537
BA_only	hippocampus	AA	psi	chr3_78670073_78670562	chr3	78670073	78670562	2	2	0	0	0.213042681273469	0.991290284450776	2.78939255537571	-2.78939255537571	489	286	Promoter	0	Heritable	0.161608300538495	0.869807652578295	0.00849030999861368	1588	0	0	1.61608300538495	6.19236248947487	5.65948221575962	7.37086016653672	1.02582385362583
BA_only	hippocampus	AA	psi	chr3_79081290_79081623	chr3	79081290	79081623	0	0	0	0					333	204	Genic/other	0	Non-heritable	0.0773762959326727	0.745766570638946	0.00574192179288277	231282	0	0	0.773762959326727	5.80814248998044	5.32300997913841	12.3513973478963	
BA_only	hippocampus	AA	psi	chr3_79366577_79366760	chr3	79366577	79366760	1	1	0	0	0.773939229322022	0.997765793013548	0.0677596778117492	0.0677596778117492	183	197	Genic/other	0	Heritable	0.111502884226726	0.770058624909546	0.0123767656401518	61974	0	0	1.11502884226726	5.20948615284142	5.28826703069454	11.0344863569034	-2.69178783591357
BA_only	hippocampus	AA	psi	chr3_79490247_79491382	chr3	79490247	79491382	1	1	0	0	0.563310093459651	0.996372748468176	0.157345742434148	0.157345742434148	1135	184	Genic/other	0	Non-heritable	0.0715750065435921	0.718953157191798	0.0118488025772717	32786	0	0	0.715750065435921	7.0343879299155	5.22035582507832	10.3977873743448	-1.84930965021709
BA_only	hippocampus	AA	psi	chr3_82030750_82032090	chr3	82030750	82032090	21	21	0	0	0.0498690482968194	0.984017207786399	1.57600235999584	1.57600235999584	1340	160	Promoter	0	Non-heritable	0.0896917383708596	0.666331601573898	0.00775862705402444	0	0	0	0.896917383708596	7.20042489294496	5.08140436498446	0	0.454891495239024
BA_only	hippocampus	AA	psi	chr3_8324942_8326120	chr3	8324942	8326120	19	19	0	0	0.0855915739033992	0.988137148207548	0.93854170590542	-0.93854170590542	1178	607	Genic/other	0	Non-heritable	0.0892846297327511	0.968327093048435	0.00804706236481287	0	0	0	0.892846297327511	7.07157336421153	6.41017488196617	0	-0.0634279743905008
BA_only	hippocampus	AA	psi	chr3_84962062_84962601	chr3	84962062	84962601	10	10	0	0	0.189884480833047	0.991064867102684	1.59443853723804	-1.59443853723804	539	158	Enhancer	1	Non-heritable	0.0507883656334307	0.684680261358985	0.0124954180514008	0	0	0	0.507883656334307	6.289715570909	5.06890420222023	0	0.46652166626622
BA_only	hippocampus	AA	psi	chr3_8678425_8680201	chr3	8678425	8680201	26	26	0	0	0.0705379358799729	0.985907779499035	0.780748016329954	0.780748016329954	1776	683	Genic/other	0	Heritable	0.106172262266837	0.957542506341184	0.0192907560731682	1218	0	0	1.06172262266837	7.48211892355212	6.52795791762255	7.10578612948127	-0.247502810737669
BA_only	hippocampus	AA	psi	chr3_8681187_8681556	chr3	8681187	8681556	26	26	0	0	0.11785728151187	0.990898390030923	0.957173487471465	0.957173487471465	369	681	Genic/other	0	Non-heritable	0.0955253208364017	0.943150723712285	0.00872419635006733	3980	0	0	0.955253208364017	5.91079664404053	6.52502965784346	8.28928832300032	-0.0437706108871549
BA_only	hippocampus	AA	psi	chr3_8767293_8767557	chr3	8767293	8767557	24	24	0	0	0.00304181471676277	0.846573428968813	1.1195931517266	1.1195931517266	264	694	Genic/other	1	Non-heritable	0.0726214193389152	0.967224081171727	0.00787498754625983	1033	0	0	0.726214193389152	5.57594910314632	6.54391184556479	6.94119005506837	0.112965370857908
BA_only	hippocampus	AA	psi	chr3_88148849_88148936	chr3	88148849	88148936	11	11	0	0	0.00496074205414069	0.905975914621958	0.598529845962719	0.598529845962719	87	182	Genic/other	1	Non-heritable	0.0542394648739185	0.575772747672873	0.00941246988924993	4534	0	0	0.542394648739185	4.46590811865458	5.20948615284142	8.41958036254924	-0.513278870578818
BA_only	hippocampus	AA	psi	chr3_88262592_88264179	chr3	88262592	88264179	12	12	0	0	0.0453345128603508	0.981564613306094	1.6652732207653	1.6652732207653	1587	181	Intergenic	0	Non-heritable	0.0898591470421417	0.729161503438037	0.00710880897429705	74463	0	0	0.898591470421417	7.36960072052641	5.2040066870768	11.218071066102	0.509989212530797
BA_only	hippocampus	AA	psi	chr3_9301732_9301955	chr3	9301732	9301955	303	303	0	0	0.000619244995874189	0.657105411686211	4.8125789663208	-4.8125789663208	223	495	Genic/other	0	Non-heritable	0.0863251910866732	0.945674723893986	0.00868024249808543	35721	0	0	0.863251910866732	5.40717177146012	6.20657592672493	10.4835220244644	1.57123311014331
BA_only	hippocampus	AA	psi	chr3_95459776_95461546	chr3	95459776	95461546	4	4	0	0	0.00773237238988326	0.933559278800072	0.825970168495076	0.825970168495076	1770	165	Intergenic	0	Heritable	0.537497523457692	0.812607065283835	0.00925104566811871	163273	0	0	5.37497523457692	7.47873482556788	5.11198778835654	12.0031850501158	-0.191196609629764
BA_only	hippocampus	AA	psi	chr3_95952808_95953931	chr3	95952808	95953931	1	1	0	0	0.708419915763756	0.997543272146997	0.00724983947048735	-0.00724983947048735	1123	177	Intergenic	0	Heritable	0.430931308067587	0.795997381913898	0.00792321092136478	230790	0	0	4.30931308067587	7.02375895473844	5.18178355029209	12.3492678180551	-4.9267745730225
BA_only	hippocampus	AA	psi	chr3_96776285_96777128	chr3	96776285	96777128	10	10	0	0	0.0994686345165091	0.990400450319684	1.30509828642886	1.30509828642886	843	175	Promoter	2	Non-heritable	0.080792378191024	0.699787714395795	0.0125119972733562	33815	0	0	0.80792378191024	6.73696695800186	5.17048399503815	10.4286893422466	0.266278360872019
BA_only	hippocampus	AA	psi	chr3_97972826_97973023	chr3	97972826	97973023	17	17	0	0	0.00908238541791115	0.938585776116121	1.39775357157198	1.39775357157198	197	278	Promoter	1	Heritable	0.144090331275727	0.811444723699407	0.00899097335922044	444	0	0	1.44090331275727	5.28320372873799	5.63121178182137	6.09807428216624	0.334866363305152
BA_only	hippocampus	AA	psi	chr3_98186510_98187421	chr3	98186510	98187421	32	32	0	0	0.00318785256096394	0.853185837570312	5.91661523942307	5.91661523942307	911	300	Genic/other	0	Heritable	0.560103928945305	0.861803791677283	0.0121046998905815	0	0	0	5.60103928945305	6.81454289725996	5.70711026474888	0	1.7777645369772
BA_only	hippocampus	AA	psi	chr3_98188684_98194688	chr3	98188684	98194688	32	32	0	0	0.0185896924076167	0.972503866121758	6.46109053153959	6.46109053153959	6004	296	Promoter	0	Heritable	0.252986969537298	0.907488566152786	0.0117373187742853	0	0	0	2.52986969537298	8.70018119275335	5.6937321388027	0	1.86579811802676
BA_only	hippocampus	AA	psi	chr3_98308402_98309710	chr3	98308402	98309710	58	58	0	0	0.0506518233934232	0.984153364580922	2.09979854716083	-2.09979854716083	1308	303	Genic/other	0	Heritable	0.309065796245933	0.855927589163531	0.00975940830609757	0	0	0	3.09065796245933	7.17625453201714	5.71702770140622	0	0.741841414966755
BA_only	hippocampus	AA	psi	chr3_9843016_9843111	chr3	9843016	9843111	228	228	0	0	0.00222023217067309	0.817446144573316	5.56804808953014	5.56804808953014	95	347	Genic/other	1	Non-heritable	0.0811039200034187	0.842818056994653	0.00982063233320874	0	0	0	0.811039200034187	4.55387689160054	5.85220247977447	0	1.71704456155985
BA_only	hippocampus	AA	psi	chr3_9850991_9852186	chr3	9850991	9852186	228	228	0	0	0.0126664511418493	0.961717006536833	4.03420297830459	-4.03420297830459	1195	359	Genic/other	0	Heritable	0.117464024981142	0.857608681191545	0.00727677356736174	0	0	0	1.17464024981142	7.08590146436561	5.88610403145016	0	1.39480875762762
BA_only	hippocampus	AA	psi	chr3_98591663_98592435	chr3	98591663	98592435	128	128	0	0	0.00636724221750258	0.920376068783091	2.68038174296136	2.68038174296136	772	262	Genic/other	1	Non-heritable	0.0692599279116381	0.820018515963992	0.011301619581148	650	0	0	0.692599279116381	6.64898455002478	5.57215403217777	6.47850964220857	0.985959229513256
BA_only	hippocampus	AA	psi	chr3_98594116_98594272	chr3	98594116	98594272	128	128	0	0	0.0198082290987347	0.974913375101634	2.45566337981616	2.45566337981616	156	263	Promoter	1	Non-heritable	0.0879623545178126	0.73557720690274	0.00815138124414351	837	0	0	0.879623545178126	5.04985600724954	5.57594910314632	6.73101810048208	0.898396944628049
BA_only	hippocampus	AA	psi	chr3_98734096_98734528	chr3	98734096	98734528	263	263	0	0	0.00029931797172979	0.537579539290605	9.76098202399047	-9.76098202399047	432	271	Genic/other	1	Non-heritable	0.045320457967056	0.763190776611248	0.0109273364622218	0	0	0	0.45320457967056	6.06842558824411	5.605802066296	0	2.27839301360005
BA_only	hippocampus	AA	psi	chr3_9916346_9916632	chr3	9916346	9916632	240	240	0	0	0.00329711538953629	0.859947050942661	4.35845025931622	-4.35845025931622	286	385	Promoter	1	Heritable	0.182269628161353	0.900218123550659	0.00971601813215529	787	0	0	1.82269628161353	5.65599181081985	5.95583736946483	6.66949808985788	1.47211655135879
BA_only	hippocampus	AA	psi	chr3_9934557_9934685	chr3	9934557	9934685	238	238	0	0	0.00668207633476685	0.926346320137909	2.81316430217452	2.81316430217452	128	389	Genic/other	1	Heritable	0.173075671846481	0.937601168208939	0.00765022501719785	44	0	0	1.73075671846481	4.85203026391962	5.96614673912369	3.80666248977032	1.03430993952401
BA_only	hippocampus	AA	psi	chr3_9947603_9947901	chr3	9947603	9947901	238	238	0	0	0.000289806227310119	0.532630066323697	3.42692443414464	3.42692443414464	298	397	Promoter	1	Non-heritable	0.0750283007137374	0.856911467425394	0.00775318868703534	0	0	0	0.750283007137374	5.69709348650541	5.98645200528444	0	1.23166319541997
BA_only	hippocampus	AA	psi	chr4_100191160_100191517	chr4	100191160	100191517	25	25	0	0	0.0340641968621435	0.979302031268167	2.51290299295935	-2.51290299295935	357	272	Promoter	1	Non-heritable	0.0669410505959814	0.772186051212718	0.00660889738046618	496	0	0	0.669410505959814	5.87773578177964	5.60947179518496	6.20859002609663	0.921438659710421
BA_only	hippocampus	AA	psi	chr4_1001927_1002276	chr4	1001927	1002276	129	129	0	0	0.0128341177332352	0.962619045073414	7.48991702241371	7.48991702241371	349	396	Promoter	1	Non-heritable	0.0972854179416088	0.873020281828275	0.00702279715674745	1314	0	0	0.972854179416088	5.85507192220243	5.98393628068719	7.18159194461187	2.01355772035345
BA_only	hippocampus	AA	psi	chr4_1012576_1012661	chr4	1012576	1012661	132	132	0	0	0.00819198638884716	0.933559278800072	1.95627617023103	-1.95627617023103	85	394	Genic/other	1	Non-heritable	0.0515613191246778	0.820369999526485	0.00766245906662966	105	0	0	0.515613191246778	4.44265125649032	5.97888576490112	4.66343909411207	0.671042758082479
BA_only	hippocampus	AA	psi	chr4_10144369_10145142	chr4	10144369	10145142	46	46	0	0	0.037908923874251	0.980549382116533	1.25810497582773	1.25810497582773	773	241	Promoter	1	Heritable	0.651993116824846	0.896000563714071	0.0076408465188105	25651	0	0	6.51993116824846	6.65027904858742	5.48893772615669	10.1523768202688	0.229606609349156
BA_only	hippocampus	AA	psi	chr4_1014504_1015429	chr4	1014504	1015429	132	132	0	0	0.0165216169369958	0.969699026744516	3.43630315253413	-3.43630315253413	925	403	Genic/other	1	Heritable	0.109597910567924	0.90022726253234	0.0107385719703647	2033	0	0	1.09597910567924	6.82979373751243	6.00141487796115	7.61775957660851	1.23439623146797
BA_only	hippocampus	AA	psi	chr4_101456161_101457801	chr4	101456161	101457801	2	2	0	0	0.203281381290725	0.991064867102684	0.417018265736573	-0.417018265736573	1640	292	Genic/other	0	Heritable	0.559623471608749	0.881490555251589	0.00895312869887271	107836	0	0	5.59623471608749	7.40245152081824	5.68017260901707	11.5883761067681	-0.874625231437288
BA_only	hippocampus	AA	psi	chr4_102868197_102868363	chr4	102868197	102868363	78	78	0	0	0.0347908607930154	0.980327953711174	1.98008897493287	1.98008897493287	166	184	Promoter	1	Non-heritable	0.0818752378126705	0.719766664881107	0.00914388505860666	0	0	0	0.818752378126705	5.11198778835654	5.22035582507832	0	0.683141785581876
BA_only	hippocampus	AA	psi	chr4_1045358_1047122	chr4	1045358	1047122	112	112	0	0	0.000895806080904509	0.701697689573722	5.69056363155572	-5.69056363155572	1764	434	Intergenic	1	Heritable	0.221712382378812	0.89273873944462	0.0106827747160761	0	0	0	2.21712382378812	7.47533923656674	6.07534603108868	0	1.73880930150219
BA_only	hippocampus	AA	psi	chr4_1050730_1051503	chr4	1050730	1051503	111	111	0	0	0.0290591131583361	0.975932065139872	1.53768041579862	1.53768041579862	773	452	Intergenic	2	Heritable	0.478079169747874	0.910569969176751	0.0154604897629022	0	0	0	4.78079169747874	6.65027904858742	6.11589212548303	0	0.430275063926474
BA_only	hippocampus	AA	psi	chr4_105087960_105088443	chr4	105087960	105088443	71	71	0	0	0.00872289741357542	0.933559278800072	5.69274404215046	-5.69274404215046	483	269	Genic/other	0	Heritable	0.119279186100133	0.805196062754494	0.00955244776952864	0	0	0	1.19279186100133	6.18001665365257	5.59842195899838	0	1.73919239061479
BA_only	hippocampus	AA	psi	chr4_106497994_106498635	chr4	106497994	106498635	42	42	0	0	0.0030562642143535	0.84755929189175	4.13666409988079	-4.13666409988079	641	182	Intergenic	0	Heritable	0.105739419764341	0.708141693373082	0.00793147649083885	44767	0	0	1.05739419764341	6.46302945692067	5.20948615284142	10.7092488774652	1.41988969246944
BA_only	hippocampus	AA	psi	chr4_107718546_107719024	chr4	107718546	107719024	28	28	0	0	0.0285334977770331	0.975932065139872	2.07340259197422	-2.07340259197422	478	270	Genic/other	1	Heritable	0.13261348597472	0.821897029206841	0.0075018971881873	0	0	0	1.3261348597472	6.16961073249146	5.6021188208797	0	0.729191026837225
BA_only	hippocampus	AA	psi	chr4_107990874_107991040	chr4	107990874	107991040	529	529	0	0	0.00149113856342356	0.76853563374921	6.26365832504341	6.26365832504341	166	319	Genic/other	1	Heritable	0.181375170612942	0.861240474813691	0.00720274114600731	0	0	0	1.81375170612942	5.11198778835654	5.76832099579377	0	1.8347644129869
BA_only	hippocampus	AA	psi	chr4_108514436_108515552	chr4	108514436	108515552	70	70	0	0	0.000822247292596264	0.683148985370606	1.60944084948854	-1.60944084948854	1116	327	Intergenic	0	Heritable	0.15334416764369	0.833718752557251	0.00815261682529092	41192	0	0	1.5334416764369	7.01750614294126	5.79301360838414	10.6260236179899	0.475886826433312
BA_only	hippocampus	AA	psi	chr4_108611649_108612678	chr4	108611649	108612678	46	46	0	0	0.00142291033253105	0.760861501502567	2.93549163882087	-2.93549163882087	1029	355	Genic/other	0	Non-heritable	0.0579092921781385	0.862255895115325	0.00673723475531869	0	0	0	0.579092921781385	6.93634273583405	5.87493073085203	0	1.07687495162651
BA_only	hippocampus	AA	psi	chr4_108714314_108715020	chr4	108714314	108715020	33	33	0	0	0.0252261643675918	0.975932065139872	1.28685035973136	-1.28685035973136	706	338	Intergenic	0	Heritable	0.279005369175836	0.894223306128907	0.00700878311732485	36517	0	0	2.79005369175836	6.55961523749324	5.82600010738045	10.5055605686967	0.252197659019946
BA_only	hippocampus	AA	psi	chr4_108742802_108743495	chr4	108742802	108743495	33	33	0	0	0.0439155977045518	0.980789550235948	0.531623717526373	-0.531623717526373	693	328	Genic/other	0	Heritable	0.161575923998307	0.846594550010218	0.00928895103940939	12996	0	0	1.61575923998307	6.5410299991899	5.79605775076537	9.47247384058159	-0.63181931896611
BA_only	hippocampus	AA	psi	chr4_108761568_108761881	chr4	108761568	108761881	33	33	0	0	0.0211354070464629	0.975932065139872	2.1738727807458	-2.1738727807458	313	323	Genic/other	1	Non-heritable	0.0607472724290907	0.826703715545774	0.00656305409492833	0	0	0	0.607472724290907	5.74620319054015	5.78074351579233	0	0.776510273070636
BA_only	hippocampus	AA	psi	chr4_110411006_110411196	chr4	110411006	110411196	58	58	0	0	0.00521979020287983	0.910521893616427	2.7487183301102	2.7487183301102	190	454	Genic/other	0	Heritable	0.310117234803529	0.915403417074666	0.00728790398543786	0	0	0	3.10117234803529	5.24702407216049	6.12029741895095	0	1.01113474489788
BA_only	hippocampus	AA	psi	chr4_111788123_111788765	chr4	111788123	111788765	10	10	0	0	0.160000493550034	0.991064867102684	1.58432913557494	-1.58432913557494	642	210	Intergenic	0	Non-heritable	0.0891886421185512	0.789265782469626	0.00562772171623167	14117	0	0	0.891886421185512	6.46458830368996	5.35185813347607	9.55520585795542	0.46016106572964
BA_only	hippocampus	AA	psi	chr4_111838461_111839351	chr4	111838461	111839351	10	10	0	0	0.00928611603833021	0.939841915020693	3.4329085888906	3.4329085888906	890	225	Genic/other	0	Non-heritable	0.085111787656829	0.739460697828968	0.00648604480112512	9533	0	0	0.85111787656829	6.79122146272619	5.42053499927229	9.16261963576477	1.23340788985389
BA_only	hippocampus	AA	psi	chr4_112297229_112297968	chr4	112297229	112297968	27	27	0	0	0.018613299014213	0.972503866121758	4.08891645673309	-4.08891645673309	739	251	Promoter	0	Non-heritable	0.0398631178987431	0.729397869389011	0.00570306550667111	0	0	0	0.398631178987431	6.6052979209482	5.52942908751142	0	1.40828001239738
BA_only	hippocampus	AA	psi	chr4_112308367_112308748	chr4	112308367	112308748	27	27	0	0	0.0766854944902017	0.987589764461923	2.4439041440561	-2.4439041440561	381	251	Genic/other	0	Non-heritable	0.0839016374964534	0.851456758073383	0.0109648850374324	0	0	0	0.839016374964534	5.9427993751267	5.52942908751142	0	0.893596823705692
BA_only	hippocampus	AA	psi	chr4_112309243_112309802	chr4	112309243	112309802	27	27	0	0	0.0469504309629945	0.982445572707507	2.38023023368096	-2.38023023368096	559	251	Genic/other	0	Heritable	0.154436480769005	0.827623372001485	0.00691342748895649	0	0	0	1.54436480769005	6.3261494731551	5.52942908751142	0	0.867197224046691
BA_only	hippocampus	AA	psi	chr4_112508682_112509319	chr4	112508682	112509319	81	81	0	0	0.00430905006435481	0.888539612676336	3.99870996704803	-3.99870996704803	637	280	Intergenic	1	Non-heritable	0.0850789030882741	0.848460305084297	0.00831199464037327	5223	0	0	0.850789030882741	6.45676965557216	5.63835466933375	8.56101867095627	1.38597180336574
BA_only	hippocampus	AA	psi	chr4_112513778_112514305	chr4	112513778	112514305	81	81	0	0	0.0499464967382203	0.984017207786399	3.60457618807081	-3.60457618807081	527	276	Genic/other	1	Non-heritable	0.0872852296541033	0.832170021083104	0.00887780827376205	237	0	0	0.872852296541033	6.26720054854136	5.62401750618734	5.47227067367148	1.2822042043452
BA_only	hippocampus	AA	psi	chr4_112519846_112520470	chr4	112519846	112520470	80	80	0	0	0.0306759434588231	0.976893291659941	5.34823431035363	5.34823431035363	624	272	Genic/other	1	Non-heritable	0.0880113927155122	0.86979968091099	0.0061042397195563	0	0	0	0.880113927155122	6.43615036836943	5.60947179518496	0	1.67676647285609
BA_only	hippocampus	AA	psi	chr4_112956442_112957057	chr4	112956442	112957057	23	23	0	0	0.0255217176220093	0.975932065139872	1.90083171325376	1.90083171325376	615	380	Genic/other	0	Non-heritable	0.0789284029612484	0.816420999576848	0.013844936502406	0	0	0	0.789284029612484	6.42162226780652	5.9427993751267	0	0.642291539469144
BA_only	hippocampus	AA	psi	chr4_113547632_113548259	chr4	113547632	113548259	54	54	0	0	0.0226404495536909	0.975932065139872	1.46476783980571	1.46476783980571	627	401	Genic/other	0	Non-heritable	0.0767891925852971	0.86012240581466	0.00625305553967839	0	0	0	0.767891925852971	6.44094654063292	5.99645208861902	0	0.381696765615794
BA_only	hippocampus	AA	psi	chr4_11369328_11369591	chr4	11369328	11369591	12	12	0	0	0.00621517350539121	0.920376068783091	2.94835958001631	-2.94835958001631	263	463	Genic/other	1	Non-heritable	0.0804288282801739	0.911693119274922	0.00883835429781913	0	0	0	0.804288282801739	5.57215403217777	6.13988455222626	0	1.0812489445059
BA_only	hippocampus	AA	psi	chr4_114495091_114496444	chr4	114495091	114496444	16	16	0	0	0.0520177713083408	0.984191523535161	0.58761700444632	-0.58761700444632	1353	298	Intergenic	0	Heritable	0.5077233873276	0.879866949970521	0.00850968056807694	0	0	0	5.077233873276	7.21007962817079	5.70044357339069	0	-0.531679879270585
BA_only	hippocampus	AA	psi	chr4_114601572_114604118	chr4	114601572	114604118	9	9	0	0	0.0564586139781582	0.98577631996496	0.328985548241358	-0.328985548241358	2546	293	Genic/other	2	Heritable	0.101838002405324	0.873316263955314	0.0100680993380755	0	0	0	1.01838002405324	7.84227877911735	5.68357976733868	0	-1.11174142510314
BA_only	hippocampus	AA	psi	chr4_114630399_114631604	chr4	114630399	114631604	6	6	0	0	0.0825270984282097	0.988137148207548	0.50116141714568	-0.50116141714568	1205	298	Genic/other	0	Heritable	0.159289822066989	0.865751568350661	0.0067837731202866	7519	0	0	1.59289822066989	7.09423484592476	5.70044357339069	8.92532141694389	-0.690827019924108
BA_only	hippocampus	AA	psi	chr4_114659531_114661484	chr4	114659531	114661484	6	6	0	0	0.0185575913323177	0.972503866121758	0.473347446102714	-0.473347446102714	1953	292	Genic/other	0	Non-heritable	0.0506142945980151	0.8733911032683	0.00682526130422373	36651	0	0	0.506142945980151	7.57712193087668	5.68017260901707	10.5092232760851	-0.74792558066333
BA_only	hippocampus	AA	psi	chr4_118056627_118058878	chr4	118056627	118058878	71	71	0	0	0.00436400652031534	0.889521220752069	1.5577851121176	1.5577851121176	2251	223	Genic/other	0	Heritable	0.412880759175959	0.848706857736047	0.00725629660131746	187167	0	0	4.12880759175959	7.71912984090673	5.41164605185504	12.1397618882428	0.443265018885245
BA_only	hippocampus	AA	psi	chr4_118566141_118566369	chr4	118566141	118566369	71	71	0	0	0.0174772800321083	0.970581273335112	3.26559759271939	-3.26559759271939	228	268	Intergenic	0	Non-heritable	0.0890317991996289	0.807901807464619	0.00594446731134281	18386	0	0	0.890317991996289	5.42934562895444	5.59471137960184	9.81939917215384	1.18344277897206
BA_only	hippocampus	AA	psi	chr4_118590840_118592236	chr4	118590840	118592236	85	85	0	0	0.0484189794554543	0.982661996589092	2.48984277413747	2.48984277413747	1396	276	Promoter	0	Non-heritable	0.0972113286605289	0.791772958984514	0.00975778085670462	0	0	0	0.972113286605289	7.24136628332232	5.62401750618734	0	0.912219569582657
BA_only	hippocampus	AA	psi	chr4_119330798_119333096	chr4	119330798	119333096	78	78	0	0	0.0760952643731007	0.987408598172976	1.81341831966824	1.81341831966824	2298	294	Genic/other	0	Heritable	0.718553953316552	0.904910179227623	0.0086197781173592	0	0	0	7.18553953316552	7.7397944584087	5.68697535633982	0	0.595213644080047
BA_only	hippocampus	AA	psi	chr4_119394887_119395239	chr4	119394887	119395239	81	81	0	0	0.0010690108931479	0.72236199431176	2.80001369314894	2.80001369314894	352	264	Genic/other	0	Heritable	0.125844987548146	0.840731356692602	0.00484488058255613	0	0	0	1.25844987548146	5.8636311755981	5.57972982598622	0	1.02962431115095
BA_only	hippocampus	AA	psi	chr4_1194173_1194408	chr4	1194173	1194408	128	128	0	0	0.0012937523495289	0.749267663024353	4.22428231757745	-4.22428231757745	235	489	Genic/other	2	Non-heritable	0.0953278074634879	0.930341628164686	0.00734975033007536	0	0	0	0.953278074634879	5.45958551414416	6.19440539110467	0	1.44084938308546
BA_only	hippocampus	AA	psi	chr4_119455803_119456120	chr4	119455803	119456120	81	81	0	0	0.0562627532972369	0.98577631996496	0.998979733702411	0.998979733702411	317	248	Promoter	1	Non-heritable	0.0914483955197607	0.767373181272945	0.0110051762459313	1251	0	0	0.914483955197607	5.75890177387728	5.51745289646471	7.13249755166004	-0.00102077711331916
BA_only	hippocampus	AA	psi	chr4_1194873_1195043	chr4	1194873	1195043	128	128	0	0	0.00481577580129997	0.903845859635741	4.2877192942066	-4.2877192942066	170	495	Genic/other	1	Heritable	0.112229500343728	0.919250911900896	0.00570914246212543	0	0	0	1.12229500343728	5.13579843705026	6.20657592672493	0	1.45575496085314
BA_only	hippocampus	AA	psi	chr4_121695643_121695858	chr4	121695643	121695858	22	22	0	0	0.032974621839499	0.979164877002956	1.19155988814559	-1.19155988814559	215	376	Genic/other	1	Non-heritable	0.0371440686950798	0.844368565699285	0.0066640613858004	0	0	0	0.371440686950798	5.37063802812766	5.93224518744801	0	0.175263287502161
BA_only	hippocampus	AA	psi	chr4_121709653_121710406	chr4	121709653	121710406	25	25	0	0	0.0190676646562297	0.97294422691241	1.57345985215214	1.57345985215214	753	368	Intergenic	0	Non-heritable	0.0629416585917448	0.696006797276139	0.0118940551617036	1837	0	0	0.629416585917448	6.62406522779989	5.91079664404053	7.51643330291563	0.453276928555181
BA_only	hippocampus	AA	psi	chr4_122826094_122826239	chr4	122826094	122826239	10	10	0	0	0.0370919017897764	0.980549382116533	1.119026726788	-1.119026726788	145	193	Promoter	1	Non-heritable	0.0521021260635616	0.73733873402563	0.00740038844420116	57002	0	0	0.521021260635616	4.97673374242057	5.26785815906333	10.9508591770106	0.112459322509938
BA_only	hippocampus	AA	psi	chr4_122828333_122829196	chr4	122828333	122829196	10	10	0	0	0.119771859306302	0.991064867102684	0.498358792816876	0.498358792816876	863	195	Genic/other	1	Non-heritable	0.0743509400502008	0.641123088889402	0.00731654997948089	54045	0	0	0.743509400502008	6.76041469108343	5.27811465923052	10.8975908147784	-0.696434973799974
BA_only	hippocampus	AA	psi	chr4_123351736_123352528	chr4	123351736	123352528	8	8	0	0	3.97450307048058e-05	0.240862159671513	1.21417998837689	1.21417998837689	792	300	Promoter	0	Non-heritable	0.066721959509069	0.669988277615674	0.0109783622951648	44403	0	0	0.66721959509069	6.67456139181443	5.70711026474888	10.7010848344525	0.194068950490794
BA_only	hippocampus	AA	psi	chr4_123443637_123444379	chr4	123443637	123444379	13	13	0	0	0.00418898019037693	0.88413881341503	1.27461588529497	-1.27461588529497	742	300	Enhancer	0	Non-heritable	0.06786887562321	0.832493977608608	0.00578861974618163	19697	0	0	0.6786887562321	6.60934924316738	5.70711026474888	9.88827238672965	0.242644874630724
BA_only	hippocampus	AA	psi	chr4_123506437_123506511	chr4	123506437	123506511	14	14	0	0	0.104966970869912	0.990610842832516	0.495944089528022	-0.495944089528022	74	307	Genic/other	1	Non-heritable	0.080163676246469	0.837820722306083	0.00796435383908495	30023	0	0	0.80163676246469	4.30406509320417	5.73009978297357	10.3097523408149	-0.701292061173093
BA_only	hippocampus	AA	psi	chr4_124935942_124936909	chr4	124935942	124936909	1	1	0	0	0.945841847377739	0.999440443764458	0.0328641159918964	-0.0328641159918964	967	333	Intergenic	0	Heritable	0.156091019248611	0.892400111456824	0.00735676920083592	18958	0	0	1.56091019248611	6.87419849545329	5.8111409929767	9.85003403180204	-3.41537361150745
BA_only	hippocampus	AA	psi	chr4_125452049_125452527	chr4	125452049	125452527	14	14	0	0	0.0781943188277427	0.987720536119146	2.1144553107511	-2.1144553107511	478	316	Genic/other	0	Non-heritable	0.0619742627499243	0.868975857237641	0.00836027814577409	282	0	0	0.619742627499243	6.16961073249146	5.75890177387728	5.64544689764324	0.748797247771531
BA_only	hippocampus	AA	psi	chr4_127783937_127784781	chr4	127783937	127784781	125	125	0	0	0.0174979164780127	0.970581273335112	4.04220104490329	-4.04220104490329	844	148	Genic/other	1	Non-heritable	0.0744921482348375	0.696078809350846	0.00724956300950739	0	0	0	0.744921482348375	6.73815249459596	5.00394630594546	0	1.39678935918506
BA_only	hippocampus	AA	psi	chr4_128552941_128554521	chr4	128552941	128554521	73	73	0	0	0.000367236013451727	0.569477694536431	4.41211878190799	-4.41211878190799	1580	314	Promoter	0	Non-heritable	0.055992663252524	0.851186427958971	0.00802109753233699	0	0	0	0.55992663252524	7.36518012602101	5.75257263882563	0	1.48435502575862
BA_only	hippocampus	AA	psi	chr4_128635242_128636155	chr4	128635242	128636155	73	73	0	0	0.0330973482887467	0.979164877002956	2.19231410022471	2.19231410022471	913	310	Intergenic	0	Heritable	0.134889855041174	0.894407991946834	0.0108290674440963	240	0	0	1.34889855041174	6.81673588059497	5.73979291217923	5.48479693349066	0.784957657279703
BA_only	hippocampus	AA	psi	chr4_128653676_128654306	chr4	128653676	128654306	73	73	0	0	0.0230305323155804	0.975932065139872	1.34719026786416	-1.34719026786416	630	313	Promoter	0	Non-heritable	0.0860957713967998	0.873993243410712	0.00868575684930045	0	0	0	0.860957713967998	6.44571981938558	5.74939298590825	0	0.298021147930123
BA_only	hippocampus	AA	psi	chr4_128668469_128669215	chr4	128668469	128669215	73	73	0	0	0.0140530022765182	0.964826773227435	3.16286900662227	3.16286900662227	746	320	Intergenic	0	Heritable	0.100572387276539	0.887823383622918	0.0105708534213384	0	0	0	1.00572387276539	6.61472560020376	5.77144112313002	0	1.15147953234441
BA_only	hippocampus	AA	psi	chr4_129096018_129096277	chr4	129096018	129096277	3	3	0	0	0.327068364491342	0.993828622005322	0.297336119696625	-0.297336119696625	259	352	Promoter	1	Heritable	0.113196873139005	0.896906017320846	0.00805262064669731	0	0	0	1.13196873139005	5.55682806169954	5.8664680569333	0	-1.21289203030519
BA_only	hippocampus	AA	psi	chr4_133155590_133156716	chr4	133155590	133156716	18	18	0	0	0.00348197690319769	0.866906756094015	1.59786094658438	1.59786094658438	1126	250	Enhancer	1	Non-heritable	0.0806613785924508	0.815273149064378	0.0119565273620335	6560	0	0	0.806613785924508	7.02642680869964	5.52545293913178	8.78889830934488	0.46866583266003
BA_only	hippocampus	AA	psi	chr4_134495454_134495783	chr4	134495454	134495783	30	30	0	0	0.0109674163533881	0.946626318637551	3.20922255748368	3.20922255748368	329	225	Genic/other	0	Heritable	0.655981427365056	0.865768179686278	0.00753576196555749	0	0	0	6.55981427365056	5.79605775076537	5.42053499927229	0	1.16602871699394
BA_only	hippocampus	AA	psi	chr4_13652650_13653726	chr4	13652650	13653726	12	12	0	0	0.123298285649543	0.991064867102684	1.38341187597833	-1.38341187597833	1076	348	Promoter	0	Heritable	0.213128360187027	0.912982165525865	0.0141624741014661	727	0	0	2.13128360187027	6.98100574072173	5.85507192220243	6.59030104819669	0.324552829006864
BA_only	hippocampus	AA	psi	chr4_138588041_138590492	chr4	138588041	138590492	81	81	0	0	0.0196328453843226	0.973631121108853	2.28464039848862	-2.28464039848862	2451	491	Genic/other	0	Heritable	0.390384858084941	0.91561714540418	0.00730774589422337	0	0	0	3.90384858084941	7.80425138352811	6.19847871649231	0	0.826208641497638
BA_only	hippocampus	AA	psi	chr4_139014769_139014958	chr4	139014769	139014958	50	50	0	0	0.0164166867533984	0.969245141301252	2.84961706558609	-2.84961706558609	189	359	Promoter	1	Non-heritable	0.0867674307431294	0.863160936392186	0.00761995969510721	13390	0	0	0.867674307431294	5.24174701505964	5.88610403145016	9.50233811849557	1.04718462581004
BA_only	hippocampus	AA	psi	chr4_139028013_139028963	chr4	139028013	139028963	49	49	0	0	0.000967076521371466	0.71448692209386	3.91215107005268	3.91215107005268	950	369	Genic/other	0	Non-heritable	0.0464730250947347	0.774239332558781	0.00868503850027267	0	0	0	0.464730250947347	6.85646198459459	5.91350300563827	0	1.36408737107222
BA_only	hippocampus	AA	psi	chr4_139568284_139568998	chr4	139568284	139568998	44	44	0	0	0.0252414858016116	0.975932065139872	6.37570961755613	6.37570961755613	714	478	Promoter	0	Heritable	0.109539366458652	0.908863120539724	0.00538653220145038	0	0	0	1.09539366458652	6.57088296233958	6.17170059741092	0	1.85249539897598
BA_only	hippocampus	AA	psi	chr4_139650410_139650771	chr4	139650410	139650771	27	27	0	0	0.0458267781789054	0.981789757189854	1.49892877197757	1.49892877197757	361	527	Intergenic	0	Heritable	0.200778599172255	0.909081490400558	0.00946837107663142	15305	0	0	2.00778599172255	5.88887795833288	6.26909628370626	9.63600018736987	0.404750707636618
BA_only	hippocampus	AA	psi	chr4_139783907_139784385	chr4	139783907	139784385	20	20	0	0	0.160559516120944	0.991064867102684	0.752364621864047	-0.752364621864047	478	535	Genic/other	0	Heritable	0.118517987944377	0.943295983497201	0.00613336170282572	15016	0	0	1.18517987944377	6.16961073249146	6.2841341610708	9.61693817168028	-0.28453418975204
BA_only	hippocampus	AA	psi	chr4_139833543_139833868	chr4	139833543	139833868	14	14	0	0	0.185088953045725	0.991064867102684	0.976920345951923	-0.976920345951923	325	552	Genic/other	0	Non-heritable	0.0785195946421501	0.939137908631392	0.00672460090523212	64652	0	0	0.785195946421501	5.78382518232974	6.31535800152234	11.0767897868357	-0.023350149246933
BA_only	hippocampus	AA	psi	chr4_139858542_139858795	chr4	139858542	139858795	13	13	0	0	0.000684569233098525	0.66356279177562	4.1731714463026	4.1731714463026	253	570	Genic/other	1	Heritable	0.108664984392287	0.95178287793481	0.00638727824749015	89651	0	0	1.08664984392287	5.53338948872752	6.34738920965601	11.4036907877638	1.42867628782566
BA_only	hippocampus	AA	psi	chr4_139901283_139903212	chr4	139901283	139903212	6	6	0	0	0.0676317341465811	0.985907779499035	1.41245588636215	1.41245588636215	1929	580	Enhancer	0	Heritable	0.206521334463622	0.93269468029289	0.00714298277565871	132392	0	0	2.06521334463622	7.56475701290573	6.36475075685191	11.7935300509967	0.345329959736578
BA_only	hippocampus	AA	psi	chr4_140047649_140048090	chr4	140047649	140048090	4	4	0	0	0.114536683459176	0.990898390030923	0.66685974923632	0.66685974923632	441	543	Genic/other	0	Heritable	0.170774674216901	0.952035055153688	0.00694734998481266	79996	0	0	1.70774674216901	6.08904487544685	6.29894924685594	11.2897444129529	-0.40517551119092
BA_only	hippocampus	AA	psi	chr4_140093159_140093707	chr4	140093159	140093707	9	9	0	0	0.209188917820689	0.991109148328494	0.45094869917893	-0.45094869917893	548	530	Genic/other	0	Non-heritable	0.0972218648369976	0.938313136529057	0.00792188341659406	34379	0	0	0.972218648369976	6.30627528694802	6.27476202124194	10.4452302789368	-0.796401672822837
BA_only	hippocampus	AA	psi	chr4_140351354_140352099	chr4	140351354	140352099	20	20	0	0	0.0243393714771695	0.975932065139872	2.4025938601196	2.4025938601196	745	417	Genic/other	0	Heritable	0.123992984387294	0.878078949344746	0.00698327403459044	8874	0	0	1.23992984387294	6.61338421837956	6.03548143252476	9.09099361434362	0.876548932949015
BA_only	hippocampus	AA	psi	chr4_140920629_140921736	chr4	140920629	140921736	2	2	0	0	0.0971617661340616	0.990400450319684	1.25674500843506	1.25674500843506	1107	417	Genic/other	0	Heritable	0.474203493218991	0.891359750238153	0.0069688301153175	27635	0	0	4.74203493218991	7.00940893270864	6.03548143252476	10.2268745496087	0.228525059735514
BA_only	hippocampus	AA	psi	chr4_141130892_141131568	chr4	141130892	141131568	23	23	0	0	0.0694104796961622	0.985907779499035	1.30516742242343	1.30516742242343	676	394	Genic/other	1	Non-heritable	0.0261799913150022	0.789426233097554	0.00850666694916626	0	0	0	0.261799913150022	6.51619307604296	5.97888576490112	0	0.266331333252434
BA_only	hippocampus	AA	psi	chr4_141332967_141333934	chr4	141332967	141333934	25	25	0	0	0.0649631680784602	0.985907779499035	1.57975923749106	1.57975923749106	967	357	Promoter	0	Heritable	0.121749612401053	0.901017417711928	0.00797514409574519	0	0	0	1.21749612401053	6.87419849545329	5.8805329864007	0	0.457272460422967
BA_only	hippocampus	AA	psi	chr4_142522627_142524234	chr4	142522627	142524234	27	27	0	0	0.00841199329468817	0.933559278800072	4.22558074785663	4.22558074785663	1607	246	Genic/other	0	Heritable	0.147307909165563	0.837765133987108	0.00864268025792346	0	0	0	1.47307909165563	7.38212436573751	5.50938833662798	0	1.44115670884358
BA_only	hippocampus	AA	psi	chr4_143020286_143021337	chr4	143020286	143021337	11	11	0	0	0.0377732618038894	0.980549382116533	1.47370248330244	-1.47370248330244	1051	201	Genic/other	0	Heritable	0.599442130430601	0.842791600812502	0.00591667906369756	57669	0	0	5.99442130430601	6.95749737087695	5.30826769740121	10.9624923866095	0.38777793710132
BA_only	hippocampus	AA	psi	chr4_143131172_143132009	chr4	143131172	143132009	12	12	0	0	0.0409393248622821	0.980549382116533	1.27584685194683	-1.27584685194683	837	213	Genic/other	0	Heritable	0.423184572767064	0.864748230527529	0.0074510312105814	0	0	0	4.23184572767064	6.72982407048948	5.36597601502185	0	0.243610163572072
BA_only	hippocampus	AA	psi	chr4_143338348_143339383	chr4	143338348	143339383	33	33	0	0	0.0366071254701325	0.980549382116533	1.98295213468418	1.98295213468418	1035	204	Genic/other	1	Non-heritable	0.0736504209587532	0.710641073941181	0.00599411286472253	0	0	0	0.736504209587532	6.94215670569947	5.32300997913841	0	0.684586716459863
BA_only	hippocampus	AA	psi	chr4_143351022_143351958	chr4	143351022	143351958	33	33	0	0	0.0140841915548129	0.964826773227435	2.9435849786226	-2.9435849786226	936	200	Promoter	0	Non-heritable	0.0967003908470352	0.786213757556371	0.00761995059837957	0	0	0	0.967003908470352	6.84161547647759	5.30330490805908	0	1.07962822239111
BA_only	hippocampus	AA	psi	chr4_143559757_143559902	chr4	143559757	143559902	84	84	0	0	0.00483987578026663	0.903845859635741	2.06401770699481	-2.06401770699481	145	188	Promoter	2	Non-heritable	0.0738921933742309	0.731244477112783	0.00764811667270066	56	0	0	0.738921933742309	4.97673374242057	5.24174701505964	4.04305126783455	0.724654431397791
BA_only	hippocampus	AA	psi	chr4_143911914_143912462	chr4	143911914	143912462	112	112	0	0	0.00387869664607483	0.874388174036895	2.84395045983946	2.84395045983946	548	245	Promoter	0	Non-heritable	0.0805522148856432	0.764152389110342	0.00911224158687258	0	0	0	0.805522148856432	6.30627528694802	5.50533153593236	0	1.04519409612108
BA_only	hippocampus	AA	psi	chr4_144650035_144650712	chr4	144650035	144650712	10	10	0	0	0.175081799766181	0.991064867102684	1.24859586018349	-1.24859586018349	677	182	Promoter	1	Non-heritable	0.0882566971144927	0.76949140635742	0.0115415258113208	0	0	0	0.882566971144927	6.51767127291228	5.20948615284142	0	0.222019616082364
BA_only	hippocampus	AA	psi	chr4_145819218_145820015	chr4	145819218	145820015	44	44	0	0	0.0577774094510243	0.98577631996496	1.4817080292258	-1.4817080292258	797	350	Genic/other	0	Non-heritable	0.0524962550638394	0.83775981888351	0.00661590675182006	3509	0	0	0.524962550638394	6.68085467879022	5.86078622346587	8.16337131645991	0.393195502894961
BA_only	hippocampus	AA	psi	chr4_145839288_145839992	chr4	145839288	145839992	49	49	0	0	0.0011266685180057	0.726050490461723	1.45781620357512	1.45781620357512	704	320	Genic/other	0	Heritable	0.163370840030591	0.90600131107112	0.00771695259869633	0	0	0	1.63370840030591	6.55677835615804	5.77144112313002	0	0.376939571851665
BA_only	hippocampus	AA	psi	chr4_145847687_145848670	chr4	145847687	145848670	61	61	0	0	0.00764263145126838	0.933559278800072	1.93721590518823	1.93721590518823	983	323	Genic/other	0	Heritable	0.112328014006796	0.881075264667417	0.00866740966755144	1730	0	0	1.12328014006796	6.89060912014717	5.78074351579233	7.45645455517621	0.661251847075976
BA_only	hippocampus	AA	psi	chr4_145882067_145883559	chr4	145882067	145883559	120	120	0	0	0.0133481406550052	0.964283399649536	1.50572789075773	1.50572789075773	1492	310	Genic/other	0	Non-heritable	0.0718611276557907	0.864759248674567	0.00716566740054355	0	0	0	0.718611276557907	7.30787278076371	5.73979291217923	0	0.409276436265989
BA_only	hippocampus	AA	psi	chr4_147685320_147685497	chr4	147685320	147685497	21	21	0	0	0.0197158226430339	0.974612769745579	1.65223382228437	-1.65223382228437	177	293	Genic/other	1	Non-heritable	0.0864566545052571	0.79269410489903	0.00679104635510293	1520	0	0	0.864566545052571	5.17614973257383	5.68357976733868	7.32712329225929	0.502128210048568
BA_only	hippocampus	AA	psi	chr4_14862807_14863263	chr4	14862807	14863263	9	9	0	0	0.0139602623760586	0.964529504141215	1.12887636351383	-1.12887636351383	456	411	Genic/other	2	Non-heritable	0.0841106992979911	0.914066570280827	0.00798349686624485	3263	0	0	0.841106992979911	6.12249280951439	6.02102334934953	8.090708716084	0.121222778298377
BA_only	hippocampus	AA	psi	chr4_1490289_1490566	chr4	1490289	1490566	108	108	0	0	0.0265789308414989	0.975932065139872	2.75256603607482	-2.75256603607482	277	466	Intergenic	2	Non-heritable	0.0842945143791458	0.925119064125578	0.00743285356570851	0	0	0	0.842945143791458	5.62401750618734	6.1463292576689	0	1.01253358426772
BA_only	hippocampus	AA	psi	chr4_150080322_150080821	chr4	150080322	150080821	2	2	0	0	0.0460633737297779	0.981789757189854	1.17080831194596	1.17080831194596	499	213	Genic/other	1	Heritable	0.103816664000339	0.790661056978364	0.0077533827233782	117281	0	0	1.03816664000339	6.21260609575152	5.36597601502185	11.6723365701811	0.157694383724545
BA_only	hippocampus	AA	psi	chr4_150173247_150173907	chr4	150173247	150173907	4	4	0	0	0.159436387105342	0.991064867102684	0.943804946208651	0.943804946208651	660	220	Genic/other	0	Heritable	0.127750524214673	0.807675465166219	0.00796876759527637	24195	0	0	1.27750524214673	6.49223983502047	5.39816270151775	10.0939426092268	-0.0578357483700388
BA_only	hippocampus	AA	psi	chr4_150580060_150580146	chr4	150580060	150580146	4	4	0	0	0.462004659410015	0.994840206451052	0.372534852898429	-0.372534852898429	86	147	Genic/other	1	Heritable	0.113572013001222	0.567062682797751	0.00668947144428764	10712	0	0	1.13572013001222	4.45434729625351	4.99721227376412	9.27921323626256	-0.987424653868315
BA_only	hippocampus	AA	psi	chr4_150955481_150955816	chr4	150955481	150955816	32	32	0	0	0.0049214673114964	0.903851486872121	10.7105277124342	10.7105277124342	335	141	Genic/other	0	Non-heritable	0.0358992700984877	0.470729059482483	0.012006386618641	81401	0	0	0.358992700984877	5.81413053182507	4.95582705760126	11.3071551217134	2.37122715704912
BA_only	hippocampus	AA	psi	chr4_150957021_150961046	chr4	150957021	150961046	32	32	0	0	0.00137648723322306	0.758185047287174	10.3794555530774	10.3794555530774	4025	152	Genic/other	0	Heritable	0.301301417340469	0.597167229876458	0.0167778377218517	76171	0	0	3.01301417340469	8.30028018985266	5.03043792139244	11.2407492200787	2.33982842579159
BA_only	hippocampus	AA	psi	chr4_151169289_151169757	chr4	151169289	151169757	64	64	0	0	0.0542961348309496	0.985488390833102	1.4868496868421	1.4868496868421	468	139	Enhancer	0	Heritable	0.112179100752335	0.702376961324142	0.00722484621966286	0	0	0	1.12179100752335	6.14846829591765	4.9416424226093	0	0.396659584253679
BA_only	hippocampus	AA	psi	chr4_1512609_1512792	chr4	1512609	1512792	81	81	0	0	0.00382196868246752	0.871592970243331	2.64006209728541	2.64006209728541	183	444	Intergenic	1	Heritable	0.283061111998782	0.895742599787697	0.00851337278744703	9553	0	0	2.83061111998782	5.20948615284142	6.09807428216624	9.16471519394991	0.970802442368402
BA_only	hippocampus	AA	psi	chr4_151408100_151408366	chr4	151408100	151408366	37	37	0	0	0.100262264334802	0.990400450319684	1.75111653516063	-1.75111653516063	266	178	Promoter	1	Non-heritable	0.0789147470836754	0.716659665574418	0.0071312685230539	0	0	0	0.789147470836754	5.5834963087817	5.18738580584076	0	0.560253610289566
BA_only	hippocampus	AA	psi	chr4_151946087_151948206	chr4	151946087	151948206	137	137	0	0	0.0197264843080907	0.974612769745579	7.73769393849891	7.73769393849891	2119	250	Intergenic	0	Heritable	0.547570316538035	0.854715623797193	0.00875946076777221	0	0	0	5.47570316538035	7.6586995582683	5.52545293913178	0	2.04610370373843
BA_only	hippocampus	AA	psi	chr4_1520037_1520673	chr4	1520037	1520673	80	80	0	0	0.000901434463641336	0.702367433751224	3.59408016601743	3.59408016601743	636	466	Intergenic	1	Heritable	0.195681266465885	0.900392964166044	0.0139660624036637	16981	0	0	1.95681266465885	6.45519856334012	6.1463292576689	9.73990923855931	1.27928809640899
BA_only	hippocampus	AA	psi	chr4_152046347_152046804	chr4	152046347	152046804	137	137	0	0	0.0132224439322293	0.964283399649536	4.76521773368963	-4.76521773368963	457	237	Intergenic	0	Heritable	0.135246496940654	0.843951577286849	0.00809454975547579	2267	0	0	1.35246496940654	6.12468339089421	5.47227067367148	7.72665366484764	1.56134323253423
BA_only	hippocampus	AA	psi	chr4_1524035_1524980	chr4	1524035	1524980	80	80	0	0	0.0725728917737826	0.985907779499035	1.77473879881364	1.77473879881364	945	455	Intergenic	1	Non-heritable	0.0668148409776885	0.908748604069507	0.0087202773457044	20979	0	0	0.668148409776885	6.85118492749374	6.12249280951439	9.95132488195029	0.573653262135614
BA_only	hippocampus	AA	psi	chr4_152566903_152567283	chr4	152566903	152567283	19	19	0	0	0.00960709945151383	0.939841915020693	2.00966689740509	2.00966689740509	380	363	Intergenic	0	Heritable	0.130095387148466	0.902960225546457	0.00568477681989047	31775	0	0	1.30095387148466	5.94017125272043	5.89715386763674	10.3664665668449	0.697968990629377
BA_only	hippocampus	AA	psi	chr4_152989841_152991027	chr4	152989841	152991027	119	119	0	0	0.00361847410044572	0.866906756094015	3.23964927734457	3.23964927734457	1186	451	Intergenic	0	Heritable	0.367387644567503	0.886414711016517	0.00747560790072139	17927	0	0	3.67387644567503	7.07834157955767	6.11368217983223	9.79411901548076	1.17546507929863
BA_only	hippocampus	AA	psi	chr4_153161174_153162003	chr4	153161174	153162003	143	143	0	0	0.00463949933675406	0.900464468238672	3.69146840946233	3.69146840946233	829	525	Genic/other	0	Heritable	0.156214430881152	0.953502562752636	0.00604158994924919	0	0	0	1.56214430881152	6.7202201551353	6.26530121273771	0	1.30602432454681
BA_only	hippocampus	AA	psi	chr4_153168608_153170500	chr4	153168608	153170500	143	143	0	0	0.00139848985017442	0.759071555562182	2.87504082965253	2.87504082965253	1892	503	Genic/other	0	Non-heritable	0.0800783920392412	0.927067150406554	0.00778178406462307	0	0	0	0.800783920392412	7.54538974961182	6.22257626807137	0	1.05606687924495
BA_only	hippocampus	AA	psi	chr4_153204916_153208694	chr4	153204916	153208694	139	139	0	0	0.0151878786446908	0.966228276045537	2.29550500444353	2.29550500444353	3778	510	Promoter	0	Heritable	0.145379997055549	0.950839829076998	0.00829514053756801	0	0	0	1.45379997055549	8.23695004806146	6.2363695902037	0	0.83095286917155
BA_only	hippocampus	AA	psi	chr4_153213211_153215420	chr4	153213211	153215420	139	139	0	0	0.00436663800238177	0.889521220752069	4.06770960502284	4.06770960502284	2209	509	Genic/other	0	Non-heritable	0.0901919232545307	0.958643156813601	0.00747808617324689	0	0	0	0.901919232545307	7.70029520342012	6.23441072571837	0	1.4030800929007
BA_only	hippocampus	AA	psi	chr4_153220962_153221560	chr4	153220962	153221560	139	139	0	0	0.00912349936239035	0.939077729475158	5.28928356118704	-5.28928356118704	598	514	Promoter	1	Heritable	0.111599479489262	0.956809642541573	0.00860602141694744	0	0	0	1.11599479489262	6.39359075395063	6.24416690066374	0	1.66568280592114
BA_only	hippocampus	AA	psi	chr4_153224084_153226031	chr4	153224084	153226031	139	139	0	0	0.0150888796926854	0.966167725188189	4.04500313337697	-4.04500313337697	1947	490	Genic/other	2	Heritable	0.138814732276847	0.948757819559739	0.00606912259851447	0	0	0	1.38814732276847	7.5740450053722	6.19644412779452	0	1.397482327612
BA_only	hippocampus	AA	psi	chr4_153227279_153228079	chr4	153227279	153228079	139	139	0	0	0.00440762391091017	0.88997635598352	3.74754699258518	3.74754699258518	800	491	Genic/other	1	Heritable	0.140722849693734	0.953508835833508	0.0063013817355342	0	0	0	1.40722849693734	6.68461172766793	6.19847871649231	0	1.32110149330027
BA_only	hippocampus	AA	psi	chr4_153250266_153250399	chr4	153250266	153250399	139	139	0	0	0.0153436430869948	0.967076513219291	1.55554762754492	1.55554762754492	133	497	Genic/other	1	Heritable	0.114808402193053	0.929571733134052	0.00943343998260509	0	0	0	1.14808402193053	4.89034912822175	6.21060007702465	0	0.44182766211639
BA_only	hippocampus	AA	psi	chr4_153264367_153264686	chr4	153264367	153264686	139	139	0	0	0.00817571509969066	0.933559278800072	3.76774755500109	-3.76774755500109	319	508	Genic/other	0	Non-heritable	0.0829745759781553	0.898508647008925	0.0072418025074304	0	0	0	0.829745759781553	5.76519110278484	6.23244801655052	0	1.32647736004343
BA_only	hippocampus	AA	psi	chr4_153297115_153298207	chr4	153297115	153298207	135	135	0	0	0.00274029082985963	0.841330986679633	5.41799956504286	5.41799956504286	1092	501	Genic/other	2	Non-heritable	0.0965836692420975	0.940556703058524	0.00706733998972767	0	0	0	0.965836692420975	6.99576615630485	6.21860011969173	0	1.68972666522858
BA_only	hippocampus	AA	psi	chr4_153488697_153489148	chr4	153488697	153489148	147	147	0	0	0.00508670108646189	0.909885926705608	2.60181427640699	-2.60181427640699	451	509	Enhancer	0	Heritable	0.135535462885074	0.932528982105707	0.00814349557511406	73945	0	0	1.35535462885074	6.11146733950268	6.23441072571837	11.2110903760742	0.956209004140724
BA_only	hippocampus	AA	psi	chr4_153790658_153790888	chr4	153790658	153790888	25	25	0	0	0.103085677261804	0.990610842832516	0.9704390945027	-0.9704390945027	230	443	Enhancer	1	Non-heritable	0.0848859455835416	0.833927460637382	0.00925884879356369	0	0	0	0.848859455835416	5.4380793089232	6.09582456243223	0	-0.0300066248613463
BA_only	hippocampus	AA	psi	chr4_154333634_154333898	chr4	154333634	154333898	13	13	0	0	0.0136051899964373	0.964283399649536	0.820650249223224	-0.820650249223224	264	383	Genic/other	1	Non-heritable	0.0951779758355658	0.898042154225674	0.00782270558174493	35380	0	0	0.951779758355658	5.57594910314632	5.95064255258773	10.4739302318706	-0.197658253928748
BA_only	hippocampus	AA	psi	chr4_154744900_154745179	chr4	154744900	154745179	26	26	0	0	0.00105076285446975	0.721965237965727	11.1080765771976	11.1080765771976	279	418	Promoter	1	Heritable	0.20002856326582	0.906034780145689	0.00745298424449697	328	0	0	2.0002856326582	5.63121178182137	6.03787091992214	5.79605775076537	2.40767246419911
BA_only	hippocampus	AA	psi	chr4_154781458_154781870	chr4	154781458	154781870	24	24	0	0	0.00457462392906763	0.897520405788695	21.5210886003804	21.5210886003804	412	413	Promoter	1	Heritable	0.122585447602608	0.858287313803808	0.00811795167925687	0	0	0	1.22585447602608	6.02102334934953	6.02586597382531	0	3.06903331999838
BA_only	hippocampus	AA	psi	chr4_154845927_154846293	chr4	154845927	154846293	16	16	0	0	0.174404137062017	0.991064867102684	4.92683423799016	4.92683423799016	366	405	Intergenic	0	Heritable	0.705255712602037	0.903936120026472	0.00740131574060312	18058	0	0	7.05255712602037	5.90263333340137	6.00635315960173	9.80139945445234	1.59469664142706
BA_only	hippocampus	AA	psi	chr4_155802365_155802624	chr4	155802365	155802624	28	28	0	0	0.0912460488914242	0.989446665475032	2.76281894462346	2.76281894462346	259	423	Genic/other	0	Heritable	0.160463022292683	0.944747121867443	0.00754982652263865	0	0	0	1.60463022292683	5.55682806169954	6.04973345523196	0	1.01625151886626
BA_only	hippocampus	AA	psi	chr4_156237128_156237367	chr4	156237128	156237367	29	29	0	0	0.114313558485582	0.990898390030923	1.42487145507124	1.42487145507124	239	414	Intergenic	0	Heritable	0.105726121887217	0.934276883711545	0.00882613757938769	98301	0	0	1.05726121887217	5.47646355193151	6.0282785202307	11.4957996518082	0.354081609702347
BA_only	hippocampus	AA	psi	chr4_15656112_15656310	chr4	15656112	15656310	61	61	0	0	0.00654030402030134	0.923561800805115	3.24565397927563	3.24565397927563	198	427	Promoter	2	Non-heritable	0.0866381977355129	0.889782070879436	0.00847551483395464	0	0	0	0.866381977355129	5.28826703069454	6.0591231955818	0	1.17731686737725
BA_only	hippocampus	AA	psi	chr4_15703473_15703649	chr4	15703473	15703649	60	60	0	0	0.0114614156156969	0.952345428537307	3.87575871844456	-3.87575871844456	176	420	Genic/other	1	Heritable	0.229626825894836	0.917788893003606	0.0124593764166174	0	0	0	2.29626825894836	5.17048399503815	6.04263283368238	0	1.35474144452774
BA_only	hippocampus	AA	psi	chr4_157061526_157061937	chr4	157061526	157061937	32	32	0	0	0.0473843418187709	0.982661996589092	4.07904555373762	4.07904555373762	411	285	Genic/other	0	Heritable	0.587965029337498	0.859247220940229	0.00840670896722809	14359	0	0	5.87965029337498	6.01859321449623	5.65599181081985	9.57220184260222	1.40586303059361
BA_only	hippocampus	AA	psi	chr4_1577426_1577965	chr4	1577426	1577965	73	73	0	0	0.0174754245625801	0.970581273335112	3.45810376357538	-3.45810376357538	539	458	Genic/other	1	Non-heritable	0.0699111736972942	0.908655469839638	0.00663009687861556	0	0	0	0.699111736972942	6.289715570909	6.12905021006055	0	1.2407203965203
BA_only	hippocampus	AA	psi	chr4_158209439_158209958	chr4	158209439	158209958	60	60	0	0	0.0103107723948943	0.944902218841749	2.17142496098697	-2.17142496098697	519	239	Promoter	1	Heritable	0.109601235367577	0.829166841533361	0.0122966051616561	0	0	0	1.09601235367577	6.25190388316589	5.48063892334199	0	0.775383620697437
BA_only	hippocampus	AA	psi	chr4_158236724_158238348	chr4	158236724	158238348	59	59	0	0	0.0492770259209717	0.983382963027712	4.43387370364269	-4.43387370364269	1624	233	Promoter	0	Non-heritable	0.0519488641083482	0.862895691795394	0.00775525777509891	0	0	0	0.519488641083482	7.39264752072162	5.4553211153577	0	1.48927362942692
BA_only	hippocampus	AA	psi	chr4_158356282_158356525	chr4	158356282	158356525	59	59	0	0	0.0428521663784345	0.980549382116533	1.49995529698806	-1.49995529698806	243	202	Genic/other	0	Heritable	0.189206104536531	0.803582080327736	0.00675218400872414	0	0	0	1.89206104536531	5.49306144334055	5.31320597904179	0	0.405435312322981
BA_only	hippocampus	AA	psi	chr4_159269129_159269873	chr4	159269129	159269873	10	10	0	0	0.302779964991219	0.993663620961428	0.768778180571253	-0.768778180571253	744	263	Genic/other	0	Non-heritable	0.0474535471066609	0.710883405088987	0.00984938381151272	0	0	0	0.474535471066609	6.61204103483309	5.57594910314632	0	-0.262952789871969
BA_only	hippocampus	AA	psi	chr4_16067419_16068169	chr4	16067419	16068169	25	25	0	0	0.0332902155564613	0.979164877002956	0.627989667511026	-0.627989667511026	750	438	Genic/other	0	Heritable	0.130638899822479	0.884862930958363	0.00671495704744878	0	0	0	1.30638899822479	6.62007320653036	6.08449941307517	0	-0.465231549733382
BA_only	hippocampus	AA	psi	chr4_162115536_162116524	chr4	162115536	162116524	0	0	0	0					988	352	Genic/other	0	Heritable	0.187904874305386	0.911637802711518	0.00764835356491687	4264	0	0	1.87904874305386	6.89568269774787	5.8664680569333	8.35819745992578	
BA_only	hippocampus	AA	psi	chr4_16228382_16228582	chr4	16228382	16228582	20	20	0	0	0.0325866524352171	0.978660772153819	1.17449818812296	1.17449818812296	200	524	Promoter	1	Heritable	0.104358169951073	0.947434448019816	0.0164895160323123	1072	0	0	1.04358169951073	5.29831736654804	6.26339826259162	6.9782137426307	0.160840990950443
BA_only	hippocampus	AA	psi	chr4_162467129_162468161	chr4	162467129	162468161	1	1	0	0	0.45975316786848	0.994840206451052	0.0253351227735523	-0.0253351227735523	1032	357	Intergenic	0	Non-heritable	0.0916641521189544	0.905832669044345	0.00757517641496044	5372	0	0	0.916641521189544	6.93925394604151	5.8805329864007	8.58914169072882	-3.67556319935151
BA_only	hippocampus	AA	psi	chr4_163330790_163331460	chr4	163330790	163331460	14	14	0	0	0.226414169623146	0.991497141402577	1.15239483103535	-1.15239483103535	670	394	Promoter	1	Heritable	0.129929595292012	0.913250697719632	0.00700099307291241	0	0	0	1.29929595292012	6.50727771238501	5.97888576490112	0	0.141842247504705
BA_only	hippocampus	AA	psi	chr4_163544465_163544592	chr4	163544465	163544592	13	13	0	0	0.0495916376706981	0.983467460127533	1.07686754762146	1.07686754762146	127	384	Enhancer	0	Non-heritable	0.0638281481993079	0.896717363168361	0.00659729769875582	1150	0	0	0.638281481993079	4.84418708645859	5.95324333428779	7.04838640872188	0.0740564171875717
BA_only	hippocampus	AA	psi	chr4_163550553_163551032	chr4	163550553	163551032	13	13	0	0	0.0308479853485666	0.976893291659941	1.59284329566339	1.59284329566339	479	350	Genic/other	0	Heritable	0.119902362722199	0.920051276479254	0.0105126948338923	0	0	0	1.19902362722199	6.17170059741092	5.86078622346587	0	0.465520661785614
BA_only	hippocampus	AA	psi	chr4_164956434_164957474	chr4	164956434	164957474	2	2	0	0	0.0480586935978393	0.982661996589092	0.547796547398607	0.547796547398607	1040	484	Promoter	2	Heritable	0.377809640808139	0.898669717744331	0.012062518420303	19345	0	0	3.77809640808139	6.94697599213542	6.18414889093748	9.87024095874249	-0.601851306585818
BA_only	hippocampus	AA	psi	chr4_164997860_164998607	chr4	164997860	164998607	7	7	0	0	0.485679560032351	0.994840206451052	0.616474798939078	-0.616474798939078	747	502	Intergenic	0	Heritable	0.145890041283986	0.948837483490474	0.00824038624589044	20328	0	0	1.45890041283986	6.61606518513282	6.22059017009974	9.91980371702106	-0.483737818625276
BA_only	hippocampus	AA	psi	chr4_165027830_165028373	chr4	165027830	165028373	7	7	0	0	0.00417536266907191	0.88413881341503	0.957286270766255	0.957286270766255	543	486	Promoter	0	Non-heritable	0.0694547576906169	0.937412991349853	0.00903006302001882	3738	0	0	0.694547576906169	6.29710931993394	6.18826412308259	8.22657347497711	-0.0436527883074355
BA_only	hippocampus	AA	psi	chr4_165209402_165211041	chr4	165209402	165211041	17	17	0	0	0.0250188533887144	0.975932065139872	2.3592529846018	-2.3592529846018	1639	482	Promoter	2	Non-heritable	0.0891496761076442	0.920773829206884	0.00701435866217074	9017	0	0	0.891496761076442	7.40184157874383	6.18001665365257	9.10697785898103	0.858345041220948
BA_only	hippocampus	AA	psi	chr4_165379924_165380185	chr4	165379924	165380185	30	30	0	0	0.00138130785010856	0.758574055158455	1.77294219723096	-1.77294219723096	261	429	Genic/other	1	Non-heritable	0.0788963296115892	0.895194413555025	0.0106697278202021	0	0	0	0.788963296115892	5.56452040732269	6.06378520868761	0	0.572640430526381
BA_only	hippocampus	AA	psi	chr4_165381342_165382073	chr4	165381342	165382073	30	30	0	0	0.00532867008370561	0.912035111152522	2.19602368828931	-2.19602368828931	731	424	Genic/other	2	Heritable	0.121462970625642	0.923888265232369	0.00743613510082633	0	0	0	1.21462970625642	6.59441345974978	6.05208916892442	0	0.78664831515978
BA_only	hippocampus	AA	psi	chr4_165426736_165429656	chr4	165426736	165429656	31	31	0	0	0.0353364480972724	0.980327953711174	1.12380573094977	-1.12380573094977	2920	393	Genic/other	0	Heritable	0.706053132572322	0.920189237744252	0.0131430307210152	0	0	0	7.06053132572322	7.97933889526233	5.97635090929793	0	0.116720908198458
BA_only	hippocampus	AA	psi	chr4_167232321_167233156	chr4	167232321	167233156	9	9	0	0	0.0829138472453474	0.988137148207548	1.30301333739556	1.30301333739556	835	286	Enhancer	0	Non-heritable	0.0828680871518319	0.861595410703782	0.00822983162947481	0	0	0	0.828680871518319	6.72743172485086	5.65948221575962	0	0.264679541678547
BA_only	hippocampus	AA	psi	chr4_167896067_167896276	chr4	167896067	167896276	0	0	0	0					209	290	Intergenic	0	Heritable	0.135544353578978	0.820786068554643	0.00615574483348097	142873	0	0	1.35544353578978	5.34233425196481	5.67332326717149	11.8697184019475	
BA_only	hippocampus	AA	psi	chr4_168479840_168479970	chr4	168479840	168479970	17	17	0	0	0.0228441587859006	0.975932065139872	2.93480343727976	2.93480343727976	130	427	Genic/other	1	Heritable	0.134061269588518	0.931460348814602	0.00831583520975344	0	0	0	1.34061269588518	4.86753445045558	6.0591231955818	0	1.07664048247871
BA_only	hippocampus	AA	psi	chr4_168816888_168817277	chr4	168816888	168817277	24	24	0	0	0.000663467493081689	0.660861069979607	1.05961618562284	1.05961618562284	389	476	Enhancer	0	Non-heritable	0.0917641056004739	0.932116818004473	0.00852004465658664	0	0	0	0.917641056004739	5.96357934361845	6.16751649088834	0	0.0579067629562353
BA_only	hippocampus	AA	psi	chr4_168877543_168878576	chr4	168877543	168878576	25	25	0	0	0.0263817397993563	0.975932065139872	1.07344760573098	-1.07344760573098	1033	472	Genic/other	2	Non-heritable	0.0955985438725516	0.926104225587858	0.00763460330802049	0	0	0	0.955985438725516	6.94022246911964	6.15909538849193	0	0.0708755395037448
BA_only	hippocampus	AA	psi	chr4_16909253_16909549	chr4	16909253	16909549	7	7	0	0	0.266191512306839	0.993281887346014	0.515383834391193	-0.515383834391193	296	486	Intergenic	0	Heritable	0.118361805065255	0.907510954399228	0.00776217818706394	10898	0	0	1.18361805065255	5.69035945432406	6.18826412308259	9.29642632088931	-0.662843327023122
BA_only	hippocampus	AA	psi	chr4_169115954_169116955	chr4	169115954	169116955	22	22	0	0	0.138036237719691	0.991064867102684	0.735297299843386	0.735297299843386	1001	374	Genic/other	0	Non-heritable	0.0919837370171396	0.898818510040296	0.00780751476746801	5243	0	0	0.919837370171396	6.90875477931522	5.92692602597041	8.56483984488359	-0.307480358370379
BA_only	hippocampus	AA	psi	chr4_169268848_169269500	chr4	169268848	169269500	13	13	0	0	0.173793996639944	0.991064867102684	0.58179894962755	-0.58179894962755	652	297	Promoter	1	Heritable	0.150913690600529	0.834374489668117	0.00724737224829128	21906	0	0	1.50913690600529	6.48004456192665	5.69709348650541	9.9945614994355	-0.541630321118664
BA_only	hippocampus	AA	psi	chr4_169315014_169315974	chr4	169315014	169315974	21	21	0	0	0.0476934887210009	0.982661996589092	3.12364462815711	-3.12364462815711	960	303	Intergenic	0	Non-heritable	0.0670405748973917	0.776870009575568	0.00707137724567497	0	0	0	0.670405748973917	6.86693328446188	5.71702770140622	0	1.13900047331674
BA_only	hippocampus	AA	psi	chr4_16942155_16942795	chr4	16942155	16942795	7	7	0	0	0.055377591103938	0.98577631996496	1.2419911412608	1.2419911412608	640	490	Intergenic	0	Heritable	0.133026460093735	0.91510063856738	0.0075494298598113	43800	0	0	1.33026460093735	6.46146817635372	6.19644412779452	10.6874119271541	0.216715858897179
BA_only	hippocampus	AA	psi	chr4_169775122_169775427	chr4	169775122	169775427	31	31	0	0	0.0197702561988197	0.974612769745579	4.08625290670283	4.08625290670283	305	248	Intergenic	2	Heritable	0.206446573064972	0.834588300051747	0.00839189711834683	77760	0	0	2.06446573064972	5.72031177660741	5.51745289646471	11.2613952991339	1.40762839284075
BA_only	hippocampus	AA	psi	chr4_169944048_169944332	chr4	169944048	169944332	18	18	0	0	0.0328151928814401	0.978956589179054	3.10664408345245	3.10664408345245	284	269	Enhancer	0	Non-heritable	0.0540005029346622	0.793999888079691	0.00746269914182296	0	0	0	0.540005029346622	5.64897423816121	5.59842195899838	0	1.13354307394691
BA_only	hippocampus	AA	psi	chr4_169993120_169994305	chr4	169993120	169994305	28	28	0	0	0.0191774476514084	0.973092377667411	2.87986050977939	2.87986050977939	1185	277	Genic/other	0	Non-heritable	0.0412885845809334	0.756016440512608	0.00755034294929517	0	0	0	0.412885845809334	7.07749805356923	5.62762111369064	0	1.0577418623429
BA_only	hippocampus	AA	psi	chr4_170091077_170091155	chr4	170091077	170091155	31	31	0	0	0.0082308187612422	0.933559278800072	2.68526485191652	-2.68526485191652	78	283	Promoter	1	Non-heritable	0.0586828884267729	0.805970521367116	0.00749827251173838	851	0	0	0.586828884267729	4.35670882668959	5.64897423816121	6.74758652682932	0.987779368129812
BA_only	hippocampus	AA	psi	chr4_170975678_170977657	chr4	170975678	170977657	8	8	0	0	0.0340292436517	0.979302031268167	0.429940108893717	-0.429940108893717	1979	255	Genic/other	0	Heritable	0.547302955683657	0.827463096399909	0.00875652323899035	63037	0	0	5.47302955683657	7.59034694560257	5.54517744447956	11.0514929981402	-0.844109338378583
BA_only	hippocampus	AA	psi	chr4_1729572_1730131	chr4	1729572	1730131	71	71	0	0	0.000843043403888591	0.689309160875426	1.72133142995315	-1.72133142995315	559	418	Promoter	0	Heritable	0.552069108023953	0.900610566529305	0.0143464084726013	0	0	0	5.52069108023953	6.3261494731551	6.03787091992214	0	0.543098084365924
BA_only	hippocampus	AA	psi	chr4_173372972_173374078	chr4	173372972	173374078	1762	1762	0	0	0.00371398228633027	0.867953489674172	5.03136429672664	-5.03136429672664	1106	384	Genic/other	1	Non-heritable	0.0856007750530989	0.887434031039952	0.00714695791178407	1237	0	0	0.856007750530989	7.00850518208228	5.95324333428779	7.12125245324454	1.61569118127605
BA_only	hippocampus	AA	psi	chr4_174136080_174136684	chr4	174136080	174136684	45	45	0	0	0.00380413673799698	0.871332559521944	1.58743517390666	1.58743517390666	604	554	Genic/other	0	Non-heritable	0.0701071988466548	0.938350721521811	0.0114025708175398	0	0	0	0.701071988466548	6.40357419793482	6.31896811374643	0	0.462119621916007
BA_only	hippocampus	AA	psi	chr4_17509464_17510846	chr4	17509464	17510846	6	6	0	0	0.0409532839714037	0.980549382116533	0.964932021726305	0.964932021726305	1382	391	Promoter	2	Heritable	0.101376632975315	0.89850655515018	0.00696557644036069	0	0	0	1.01376632975315	7.23128700432762	5.97126183979046	0	-0.0356976135679461
BA_only	hippocampus	AA	psi	chr4_175673794_175674311	chr4	175673794	175674311	17	17	0	0	0.0326668335435924	0.978956589179054	1.70687376603547	-1.70687376603547	517	384	Genic/other	0	Heritable	0.122260939445485	0.887495995102542	0.00809234885682441	101	0	0	1.22260939445485	6.24804287450843	5.95324333428779	4.62497281328427	0.534663496166393
BA_only	hippocampus	AA	psi	chr4_175807440_175808093	chr4	175807440	175808093	16	16	0	0	0.0365472734401468	0.980549382116533	1.19648868313111	-1.19648868313111	653	395	Promoter	0	Heritable	0.139597720582741	0.897022262433266	0.00678752561282078	0	0	0	1.39597720582741	6.48157712927643	5.98141421125448	0	0.179391178368535
BA_only	hippocampus	AA	psi	chr4_17636144_17636398	chr4	17636144	17636398	19	19	0	0	0.121749767973533	0.991064867102684	1.93258462105563	-1.93258462105563	254	364	Genic/other	0	Non-heritable	0.0730033756574384	0.898898231204929	0.0110435511359684	22211	0	0	0.730033756574384	5.53733426701854	5.89989735358249	10.0083879623615	0.658858294081011
BA_only	hippocampus	AA	psi	chr4_17641907_17642332	chr4	17641907	17642332	19	19	0	0	0.10941146357672	0.990898390030923	3.26866812134848	-3.26866812134848	425	378	Genic/other	0	Heritable	0.148736072431221	0.862461541039754	0.00709216867001446	27974	0	0	1.48736072431221	6.05208916892442	5.93753620508243	10.2390665331801	1.18438260265847
BA_only	hippocampus	AA	psi	chr4_176797582_176798963	chr4	176797582	176798963	16	16	0	0	0.0808911364426198	0.988137148207548	4.17887543336502	4.17887543336502	1381	421	Intergenic	0	Heritable	0.490958355164303	0.893981543948644	0.00780133858241892	1531	0	0	4.90958355164303	7.23056315340929	6.04500531403601	7.33432935030054	1.43004217765309
BA_only	hippocampus	AA	psi	chr4_177191340_177192180	chr4	177191340	177192180	12	12	0	0	0.0363545067834005	0.980549382116533	0.800247364000556	0.800247364000556	840	412	Enhancer	0	Non-heritable	0.0377180316356256	0.905468522812523	0.00446569664498347	28494	0	0	0.377180316356256	6.73340189183736	6.02344759296103	10.2574839122691	-0.222834381611393
BA_only	hippocampus	AA	psi	chr4_177441191_177441559	chr4	177441191	177441559	15	15	0	0	0.00624936061655109	0.920376068783091	2.62251662131857	-2.62251662131857	368	468	Promoter	1	Heritable	0.169977063433614	0.918989371585029	0.00704054000128014	917	0	0	1.69977063433614	5.90808293816893	6.15060276844628	6.82219739062049	0.964134403048405
BA_only	hippocampus	AA	psi	chr4_1776572_1777036	chr4	1776572	1777036	77	77	0	0	0.00993978269143151	0.944242339259987	4.21607113711434	-4.21607113711434	464	447	Intergenic	0	Heritable	0.111692770009645	0.911056609861955	0.00714862658179492	22763	0	0	1.11692770009645	6.13988455222626	6.10479323241499	10.032935619723	1.43890368659818
BA_only	hippocampus	AA	psi	chr4_178095504_178097119	chr4	178095504	178097119	4	4	0	0	0.0690622892609563	0.985907779499035	0.389939858030599	-0.389939858030599	1615	402	Intergenic	0	Heritable	0.136958144756462	0.912540695174342	0.0097605411171406	67023	0	0	1.36958144756462	7.38709023565676	5.99893656194668	11.1128060431868	-0.941762736283028
BA_only	hippocampus	AA	psi	chr4_180518222_180519127	chr4	180518222	180519127	45	45	0	0	0.001918685938585	0.801360789073658	10.7464642622439	-10.7464642622439	905	580	Intergenic	0	Heritable	0.496262548631942	0.933649306892894	0.00691852027851394	0	0	0	4.96262548631942	6.80793494369993	6.36475075685191	0	2.37457679556505
BA_only	hippocampus	AA	psi	chr4_180919961_180920735	chr4	180919961	180920735	4	4	0	0	0.0216932712181287	0.975932065139872	2.5797571862597	2.5797571862597	774	622	Intergenic	0	Heritable	0.559362036304847	0.927746808661604	0.0115816692227496	115871	0	0	5.59362036304847	6.65157187358973	6.43454651878745	11.6602414125654	0.947695284528044
BA_only	hippocampus	AA	psi	chr4_181006554_181007035	chr4	181006554	181007035	4	4	0	0	0.0440985366244135	0.980789550235948	2.07120949404683	2.07120949404683	481	612	Intergenic	0	Non-heritable	0.0644831432967652	0.926106703535303	0.00807353125673091	29571	0	0	0.644831432967652	6.17586727010576	6.41836493593621	10.294583246677	0.728132738111537
BA_only	hippocampus	AA	psi	chr4_181158303_181158521	chr4	181158303	181158521	5	5	0	0	0.0307939573214631	0.976893291659941	1.81417780206267	-1.81417780206267	218	621	Genic/other	0	Heritable	0.106689150114611	0.95416232037308	0.00743892781513704	2689	0	0	1.06689150114611	5.38449506278909	6.43294009273918	7.89729647259589	0.595632368974359
BA_only	hippocampus	AA	psi	chr4_181280935_181281970	chr4	181280935	181281970	5	5	0	0	0.040636589115224	0.980549382116533	1.11892607859335	1.11892607859335	1035	643	Intergenic	0	Heritable	0.140268612657205	0.9312322563465	0.0117465530329422	15989	0	0	1.40268612657205	6.94215670569947	6.46769872610435	9.679718805828	0.112369375846562
BA_only	hippocampus	AA	psi	chr4_181874922_181875714	chr4	181874922	181875714	33	33	0	0	0.00131281280238863	0.751853324816034	2.01460782853827	2.01460782853827	792	669	Genic/other	0	Heritable	0.241662625928686	0.9371904739038	0.00989691541961765	7169	0	0	2.41662625928686	6.67456139181443	6.50727771238501	8.87766093359367	0.700424555384689
BA_only	hippocampus	AA	psi	chr4_181939288_181939714	chr4	181939288	181939714	51	51	0	0	0.0211151847441361	0.975932065139872	3.49534950892197	-3.49534950892197	426	659	Genic/other	0	Non-heritable	0.0806315081796439	0.956954698544609	0.00735628510732084	33597	0	0	0.806315081796439	6.05443934626937	6.49223983502047	10.4222218203702	1.25143337609958
BA_only	hippocampus	AA	psi	chr4_182141591_182142564	chr4	182141591	182142564	50	50	0	0	0.0341018755258698	0.979346259483413	2.47909815304002	2.47909815304002	973	677	Genic/other	2	Heritable	0.109469369364414	0.940683981585344	0.00460644873133935	0	0	0	1.09469369364414	6.88038408218601	6.5191472879404	0	0.907894850106926
BA_only	hippocampus	AA	psi	chr4_182366947_182367516	chr4	182366947	182367516	27	27	0	0	0.0550920772213096	0.98577631996496	1.91541867334687	-1.91541867334687	569	673	Genic/other	0	Non-heritable	0.0947817471095865	0.957389710700667	0.00772923833464674	43000	0	0	0.947817471095865	6.34388043412633	6.51323011091231	10.6689786502192	0.649936232337265
BA_only	hippocampus	AA	psi	chr4_182384387_182385153	chr4	182384387	182385153	27	27	0	0	0.0145967785272762	0.966089857218066	1.87316549041833	1.87316549041833	766	711	Genic/other	0	Non-heritable	0.0814058902603033	0.967270887996454	0.0069236148853891	60440	0	0	0.814058902603033	6.64118216974059	6.56807791141198	11.009422961584	0.627629780699996
BA_only	hippocampus	AA	psi	chr4_182834717_182834960	chr4	182834717	182834960	56	56	0	0	0.0262071132720531	0.975932065139872	2.31905317468435	2.31905317468435	243	524	Intergenic	0	Non-heritable	0.097328319777927	0.95500041604104	0.00830256820740879	39725	0	0	0.97328319777927	5.49306144334055	6.26339826259162	10.5897611641529	0.841158992328799
BA_only	hippocampus	AA	psi	chr4_182922770_182923193	chr4	182922770	182923193	57	57	0	0	0.0184227239521128	0.972503866121758	1.82259154607353	-1.82259154607353	423	586	Intergenic	0	Non-heritable	0.084453666034436	0.95260945893737	0.00680654871019256	4896	0	0	0.84453666034436	6.04737217904628	6.3750248198281	8.49637805170232	0.60025942016755
BA_only	hippocampus	AA	psi	chr4_183012670_183013951	chr4	183012670	183013951	58	58	0	0	0.00932265511636079	0.939841915020693	2.88195681195979	-2.88195681195979	1281	574	Enhancer	0	Heritable	0.346415016103146	0.931279244861739	0.0154948749944432	18220	0	0	3.46415016103146	7.15539630189673	6.35437004079735	9.81033005404988	1.05846951549417
BA_only	hippocampus	AA	psi	chr4_183241702_183242504	chr4	183241702	183242504	18	18	0	0	0.0660752997652611	0.985907779499035	1.45458401119682	-1.45458401119682	802	651	Genic/other	0	Heritable	0.176176763638603	0.957615368058482	0.00605315847988026	0	0	0	1.76176763638603	6.68710860786652	6.48004456192665	0	0.374719963662719
BA_only	hippocampus	AA	psi	chr4_183342763_183343349	chr4	183342763	183343349	34	34	0	0	0.00101591083992985	0.720704405562106	3.34438286080094	-3.34438286080094	586	602	Intergenic	0	Heritable	0.110743077635255	0.959492241996914	0.00881947182756162	60054	0	0	1.10743077635255	6.37331978957701	6.40191719672719	11.0030160879886	1.20728218352516
BA_only	hippocampus	AA	psi	chr4_183375469_183376492	chr4	183375469	183376492	34	34	0	0	0.00859543247160101	0.933559278800072	1.69062954716976	1.69062954716976	1023	605	Genic/other	0	Heritable	0.231771360687582	0.923692369920286	0.00674776792403818	31089	0	0	2.31771360687582	6.93049476595163	6.40687998606931	10.3446415030528	0.525100978602354
BA_only	hippocampus	AA	psi	chr4_183571440_183571823	chr4	183571440	183571823	43	43	0	0	0.0142273016651056	0.964826773227435	7.09974040142801	-7.09974040142801	383	677	Intergenic	0	Heritable	0.113223793736771	0.942521185108576	0.00764213807075492	0	0	0	1.13223793736771	5.94803498918065	6.5191472879404	0	1.96005822160817
BA_only	hippocampus	AA	psi	chr4_183618637_183619516	chr4	183618637	183619516	45	45	0	0	0.00180723872874968	0.796268588634543	3.31365606401282	3.31365606401282	879	701	Intergenic	0	Heritable	0.116756036246222	0.977450241469091	0.00921539483286027	0	0	0	1.16756036246222	6.77878489768518	6.55393340402581	0	1.19805213390036
BA_only	hippocampus	AA	psi	chr4_183721826_183722553	chr4	183721826	183722553	43	43	0	0	0.0289242677839949	0.975932065139872	4.69779695787261	-4.69779695787261	727	773	Genic/other	1	Non-heritable	0.0998128784496132	0.963632894327769	0.00829572648054031	13289	0	0	0.998128784496132	6.58892647753352	6.65157187358973	9.49476715170729	1.54709366858778
BA_only	hippocampus	AA	psi	chr4_183723390_183723538	chr4	183723390	183723538	43	43	0	0	0.046728876036167	0.982445572707507	1.39336632288689	1.39336632288689	148	779	Genic/other	1	Non-heritable	0.079769293560781	0.966151720916486	0.00816756606916717	14853	0	0	0.79769293560781	4.99721227376412	6.65929391968364	9.60602446822924	0.331722641478209
BA_only	hippocampus	AA	psi	chr4_183798854_183799136	chr4	183798854	183799136	14	14	0	0	0.0198999877429358	0.975042617701122	1.67697893567773	1.67697893567773	282	794	Genic/other	1	Heritable	0.107956827558511	0.97473161805318	0.00879856159035892	0	0	0	1.07956827558511	5.64190707093811	6.67834211465433	0	0.516993928008372
BA_only	hippocampus	AA	psi	chr4_183860280_183861127	chr4	183860280	183861127	14	14	0	0	0.018097378157946	0.971452676751561	1.59819340724265	1.59819340724265	847	769	Genic/other	0	Non-heritable	0.0599459822364238	0.957075428342601	0.00925302168947354	0	0	0	0.599459822364238	6.74170069465206	6.64639051484773	0	0.468873877092685
BA_only	hippocampus	AA	psi	chr4_184017003_184017334	chr4	184017003	184017334	15	15	0	0	0.243769900646673	0.992251400764981	0.678903095008896	0.678903095008896	331	811	Genic/other	0	Non-heritable	0.0917102988110749	0.973620992054861	0.00964115143856633	0	0	0	0.917102988110749	5.80211837537706	6.69950034016168	0	-0.38727686409699
BA_only	hippocampus	AA	psi	chr4_184040073_184040346	chr4	184040073	184040346	25	25	0	0	0.0273188542759514	0.975932065139872	2.07464945150626	-2.07464945150626	273	804	Intergenic	0	Non-heritable	0.0654460613260213	0.955663865247587	0.00674923387219016	22983	0	0	0.654460613260213	5.60947179518496	6.69084227741856	10.0425536006591	0.729792205197819
BA_only	hippocampus	AA	psi	chr4_184100183_184101007	chr4	184100183	184101007	43	43	0	0	0.0118471284630445	0.95477271817661	1.70345611391431	1.70345611391431	824	798	Promoter	1	Heritable	0.469195480461017	0.93234521221282	0.0101632574642102	83093	0	0	4.69195480461017	6.71417052990947	6.68336094576628	11.3277277760708	0.532659201352964
BA_only	hippocampus	AA	psi	chr4_184190924_184191671	chr4	184190924	184191671	63	63	0	0	0.0255574918517469	0.975932065139872	1.88470343940061	-1.88470343940061	747	717	Genic/other	0	Non-heritable	0.0873734884678146	0.967047702710267	0.0104965618699591	0	0	0	0.873734884678146	6.61606518513282	6.57646956904822	0	0.633770487250799
BA_only	hippocampus	AA	psi	chr4_184216615_184217752	chr4	184216615	184217752	63	63	0	0	0.0226329150053482	0.975932065139872	2.38008040503991	-2.38008040503991	1137	710	Promoter	0	Heritable	0.104638628082722	0.962413860925566	0.00663937990673523	0	0	0	1.04638628082722	7.03614849375054	6.56667242980324	0	0.867134274944482
BA_only	hippocampus	AA	psi	chr4_184432230_184432757	chr4	184432230	184432757	132	132	0	0	0.026459420275001	0.975932065139872	3.25883176953023	3.25883176953023	527	718	Genic/other	0	Non-heritable	0.0932507335758296	0.964763503182922	0.00870813996363468	0	0	0	0.932507335758296	6.26720054854136	6.57786135772105	0	1.18136878131862
BA_only	hippocampus	AA	psi	chr4_184476758_184477406	chr4	184476758	184477406	134	134	0	0	0.0107779281231375	0.944902218841749	2.98860081094348	2.98860081094348	648	723	Genic/other	2	Non-heritable	0.0974884625854006	0.963666936933382	0.00796805964810583	0	0	0	0.974884625854006	6.47389069635227	6.58479139238572	0	1.09480532501677
BA_only	hippocampus	AA	psi	chr4_184646911_184647661	chr4	184646911	184647661	269	269	0	0	0.000201902141181813	0.487513751356527	4.01106981937625	4.01106981937625	750	751	Genic/other	1	Heritable	0.106966130300327	0.963044323798783	0.00566972980540335	0	0	0	1.06966130300327	6.62007320653036	6.62273632394984	0	1.3890579961044
BA_only	hippocampus	AA	psi	chr4_184805846_184806431	chr4	184805846	184806431	354	354	0	0	0.000247753297459819	0.503902674622265	3.30570082484425	-3.30570082484425	585	692	Promoter	1	Non-heritable	0.0518071705281244	0.96535262605036	0.00879234943515066	0	0	0	0.518071705281244	6.37161184723186	6.5410299991899	0	1.19564850372656
BA_only	hippocampus	AA	psi	chr4_184807612_184808106	chr4	184807612	184808106	354	354	0	0	0.00076273296071064	0.680174427388751	4.03508792854905	4.03508792854905	494	677	Genic/other	0	Non-heritable	0.07019640418252	0.964463841575827	0.00843489521772574	0	0	0	0.7019640418252	6.20253551718792	6.5191472879404	0	1.39502809542471
BA_only	hippocampus	AA	psi	chr4_184937472_184938111	chr4	184937472	184938111	333	333	0	0	0.000920182310058449	0.704421462184525	2.42806537195851	2.42806537195851	639	598	Genic/other	0	Heritable	0.131498846434139	0.94367830920323	0.00859201574456608	0	0	0	1.31498846434139	6.45990445437754	6.39526159811545	0	0.887094801153682
BA_only	hippocampus	AA	psi	chr4_184965069_184965343	chr4	184965069	184965343	332	332	0	0	0.00168100416554018	0.786661074605562	8.39601054613848	8.39601054613848	274	586	Genic/other	0	Heritable	0.269100832107276	0.943141659083082	0.00702925173736444	0	0	0	2.69100832107276	5.61312810638807	6.3750248198281	0	2.12775665923945
BA_only	hippocampus	AA	psi	chr4_185039727_185040357	chr4	185039727	185040357	327	327	0	0	0.000171729624209658	0.462584505778846	3.97463988147476	-3.97463988147476	630	591	Intergenic	0	Heritable	0.100703766753199	0.955639404770412	0.010863680788321	11578	0	0	1.00703766753199	6.44571981938558	6.38350663488401	9.35694839161227	1.37993415066279
BA_only	hippocampus	AA	psi	chr4_185071576_185071862	chr4	185071576	185071862	325	325	0	0	0.000378414892752342	0.577087690590647	2.43099922338277	-2.43099922338277	286	575	Genic/other	0	Non-heritable	0.0957733952424372	0.943606574553424	0.0097870705764356	0	0	0	0.957733952424372	5.65599181081985	6.35610766069589	0	0.888302379983369
BA_only	hippocampus	AA	psi	chr4_185211258_185211576	chr4	185211258	185211576	146	146	0	0	0.004781744722772	0.903845859635741	2.59826425972758	-2.59826425972758	318	711	Genic/other	1	Heritable	0.102552680996993	0.971119650924258	0.00897639344721838	0	0	0	1.02552680996993	5.76205138278018	6.56807791141198	0	0.954843633524649
BA_only	hippocampus	AA	psi	chr4_185394768_185394946	chr4	185394768	185394946	38	38	0	0	0.00235582967754109	0.822771912239237	1.21881026395404	-1.21881026395404	178	692	Genic/other	1	Non-heritable	0.0806096164382216	0.962261240553638	0.013394554848972	0	0	0	0.806096164382216	5.18178355029209	6.5410299991899	0	0.197875197659067
BA_only	hippocampus	AA	psi	chr4_185399550_185399735	chr4	185399550	185399735	38	38	0	0	0.0138051955459956	0.964441318501853	2.08813959582615	-2.08813959582615	185	686	Genic/other	1	Heritable	0.103436481188409	0.976152616525074	0.00841576721090013	602	0	0	1.03436481188409	5.22035582507832	6.53233429222235	6.40191719672719	0.736273528813143
BA_only	hippocampus	AA	psi	chr4_185819996_185820327	chr4	185819996	185820327	54	54	0	0	0.00373529351109331	0.868236155887141	3.274473975189	3.274473975189	331	781	Genic/other	0	Heritable	0.11476460951287	0.97989890482938	0.0062563769042997	0	0	0	1.1476460951287	5.80211837537706	6.66185474054531	0	1.18615724097775
BA_only	hippocampus	AA	psi	chr4_185870258_185870987	chr4	185870258	185870987	67	67	0	0	0.00818828314790605	0.933559278800072	3.12987064090425	-3.12987064090425	729	801	Genic/other	0	Heritable	0.106055471381902	0.97572315377086	0.00979686509319884	0	0	0	1.06055471381902	6.59167373200866	6.68710860786652	0	1.14099167810844
BA_only	hippocampus	AA	psi	chr4_18593538_18593943	chr4	18593538	18593943	1	1	0	0	0.496955137821784	0.994840206451052	0.0308482748148133	0.0308482748148133	405	269	Genic/other	0	Heritable	0.104633356792792	0.831869028679241	0.00599998544908926	104680	0	0	1.04633356792792	6.00388706710654	5.59842195899838	11.5586729095216	-3.47867412775128
BA_only	hippocampus	AA	psi	chr4_185999368_186000210	chr4	185999368	186000210	69	69	0	0	0.00435112201124128	0.888829067591761	2.30730962031226	-2.30730962031226	842	808	Intergenic	0	Non-heritable	0.0643049532288602	0.970353988902301	0.00985506180304566	43171	0	0	0.643049532288602	6.73578001424233	6.69579891705849	10.6729474159452	0.836082183585137
BA_only	hippocampus	AA	psi	chr4_186021600_186021765	chr4	186021600	186021765	70	70	0	0	0.00978593667519605	0.939841915020693	2.2669355061968	2.2669355061968	165	821	Intergenic	0	Heritable	0.124805701624775	0.979561363969028	0.00893996372225626	55071	0	0	1.24805701624775	5.10594547390058	6.71174039505618	10.9163966990113	0.818428926567155
BA_only	hippocampus	AA	psi	chr4_186145647_186146690	chr4	186145647	186146690	54	54	0	0	0.0260072129391458	0.975932065139872	2.75532848923351	2.75532848923351	1043	765	Genic/other	1	Heritable	0.10931729632717	0.967696625253987	0.00691985464035289	0	0	0	1.0931729632717	6.94985645500077	6.64118216974059	0	1.01353667296798
BA_only	hippocampus	AA	psi	chr4_186149593_186150270	chr4	186149593	186150270	54	54	0	0	0.00250734642346336	0.828365432527787	1.88987297184076	-1.88987297184076	677	779	Genic/other	0	Heritable	0.338912631977741	0.944285933195992	0.0143545823858541	0	0	0	3.38912631977741	6.51767127291228	6.65929391968364	0	0.636509621437909
BA_only	hippocampus	AA	psi	chr4_186203740_186204804	chr4	186203740	186204804	62	62	0	0	0.00111213601627737	0.726050490461723	1.84053817407845	1.84053817407845	1064	775	Promoter	2	Heritable	0.326549322487434	0.935812006361528	0.0132046887825623	0	0	0	3.26549322487434	6.96979066990159	6.65415252018322	0	0.610058020200623
BA_only	hippocampus	AA	psi	chr4_186297780_186298875	chr4	186297780	186298875	63	63	0	0	0.00675508058202386	0.92655656508175	2.87046364859898	2.87046364859898	1095	756	Genic/other	2	Heritable	0.108997787704606	0.972941117169812	0.00929582543473781	39758	0	0	1.08997787704606	6.9985096422506	6.62936325343745	10.5905915095488	1.05447357024197
BA_only	hippocampus	AA	psi	chr4_186657312_186658194	chr4	186657312	186658194	30	30	0	0	0.00224241331657758	0.818039030279412	1.00694660192194	1.00694660192194	882	669	Genic/other	0	Non-heritable	0.0955843389920361	0.946346844584089	0.00816762532771686	51650	0	0	0.955843389920361	6.78219205600679	6.50727771238501	10.8522648354446	0.0069225953716319
BA_only	hippocampus	AA	psi	chr4_187124406_187124639	chr4	187124406	187124639	43	43	0	0	0.0308119434778345	0.976893291659941	2.66168415962969	2.66168415962969	233	604	Intergenic	0	Non-heritable	0.071603514333959	0.946155118806245	0.00780505758464495	33245	0	0	0.71603514333959	5.4510384535657	6.40522845803084	10.4116897380954	0.978959068918268
BA_only	hippocampus	AA	psi	chr4_187465433_187465701	chr4	187465433	187465701	67	67	0	0	0.018507916781541	0.972503866121758	6.60726708394263	6.60726708394263	268	530	Intergenic	0	Non-heritable	0.0914755783582776	0.963799754892041	0.00683107694871234	0	0	0	0.914755783582776	5.59098698051086	6.27476202124194	0	1.88817011813387
BA_only	hippocampus	AA	psi	chr4_187922368_187923628	chr4	187922368	187923628	71	71	0	0	0.0144345801972829	0.966012740036302	2.55926705571074	2.55926705571074	1260	643	Intergenic	0	Non-heritable	0.0630954669864996	0.949940604948256	0.0044368218563314	1676	0	0	0.630954669864996	7.13886699994552	6.46769872610435	7.42476176182321	0.939720915042356
BA_only	hippocampus	AA	psi	chr4_188218062_188218736	chr4	188218062	188218736	96	96	0	0	0.0101353536920622	0.944902218841749	1.86985084217142	1.86985084217142	674	722	Intergenic	0	Heritable	0.223021906391185	0.933335663326362	0.0113973527527004	27501	0	0	2.23021906391185	6.51323011091231	6.58340922215877	10.2220140082829	0.625858669488539
BA_only	hippocampus	AA	psi	chr4_188236782_188237096	chr4	188236782	188237096	230	230	0	0	0.00620468500796191	0.920376068783091	5.70421688675221	-5.70421688675221	314	726	Intergenic	0	Heritable	0.120242796559025	0.972781998280349	0.00780009565999977	46221	0	0	1.20242796559025	5.74939298590825	6.58892647753352	10.7412111542033	1.74120570776636
BA_only	hippocampus	AA	psi	chr4_188660810_188661358	chr4	188660810	188661358	549	549	0	0	0.000876444954628462	0.696297367007034	6.04337726691172	6.04337726691172	548	661	Genic/other	1	Non-heritable	0.0925147532563309	0.969806202720955	0.00867424408468396	0	0	0	0.925147532563309	6.30627528694802	6.49526555593701	0	1.79896300748618
BA_only	hippocampus	AA	psi	chr4_188664590_188668644	chr4	188664590	188668644	544	544	0	0	0.00699328940432414	0.931516361210935	8.02876377605023	-8.02876377605023	4054	669	Genic/other	0	Heritable	0.510363954775855	0.921371791426874	0.00717418938752079	0	0	0	5.10363954775855	8.30745932701195	6.50727771238501	0	2.08303056667389
BA_only	hippocampus	AA	psi	chr4_188679523_188680191	chr4	188679523	188680191	541	541	0	0	0.000737895312192244	0.676738315160382	11.2169607999523	-11.2169607999523	668	677	Genic/other	0	Heritable	0.111910696187162	0.972520953401742	0.0109206962391626	0	0	0	1.11910696187162	6.50428817353665	6.5191472879404	0	2.41742699084868
BA_only	hippocampus	AA	psi	chr4_188843441_188843845	chr4	188843441	188843845	460	460	0	0	0.00293302222081002	0.846222391562562	4.37547168966064	-4.37547168966064	404	596	Intergenic	0	Heritable	0.37303069184952	0.911601654975766	0.00671012630969146	46282	0	0	3.7303069184952	6.00141487796115	6.3919171133926	10.7425300020243	1.47601433106302
BA_only	hippocampus	AA	psi	chr4_189188277_189188567	chr4	189188277	189188567	17	17	0	0	0.193107231696749	0.991064867102684	1.44049054014658	-1.44049054014658	290	489	Genic/other	0	Heritable	0.336442661451497	0.92004003029406	0.00704076736907144	4708	0	0	3.36442661451497	5.66988092298052	6.19440539110467	8.45723085024356	0.36498371540054
BA_only	hippocampus	AA	psi	chr4_189272963_189277882	chr4	189272963	189277882	15	15	0	0	0.135623254788153	0.991064867102684	0.569514015917629	0.569514015917629	4919	486	Enhancer	0	Non-heritable	0.0725092563978407	0.842829857562698	0.0104120098883558	54719	0	0	0.725092563978407	8.50086053679534	6.18826412308259	10.9099845522964	-0.562971867921216
BA_only	hippocampus	AA	psi	chr4_189503309_189503579	chr4	189503309	189503579	18	18	0	0	0.0162744580861848	0.969245141301252	0.508847396774441	0.508847396774441	270	415	Intergenic	0	Heritable	0.130198533697782	0.872268678551865	0.00724436082819404	114110	0	0	1.30198533697782	5.59842195899838	6.03068526026126	11.6449269378642	-0.675607097604719
BA_only	hippocampus	AA	psi	chr4_189551052_189552135	chr4	189551052	189552135	41	41	0	0	0.0241652108018536	0.975932065139872	1.62969937220702	-1.62969937220702	1083	414	Intergenic	0	Heritable	0.130077478160304	0.902517813260795	0.00997170329922004	65554	0	0	1.30077478160304	6.98749024700099	6.0282785202307	11.0906447639335	0.488395569715866
BA_only	hippocampus	AA	psi	chr4_189603075_189603829	chr4	189603075	189603829	49	49	0	0	0.0138647630064065	0.964441318501853	2.761767843548	-2.761767843548	754	371	Intergenic	0	Heritable	0.103877068293934	0.88423518265862	0.0104941826717039	13860	0	0	1.03877068293934	6.62539236800796	5.91889385427315	9.53683442021335	1.01587100132725
BA_only	hippocampus	AA	psi	chr4_189617621_189617962	chr4	189617621	189617962	51	51	0	0	0.0259139637481119	0.975932065139872	4.95007594523084	4.95007594523084	341	350	Intergenic	0	Non-heritable	0.0704395260509342	0.827718764699214	0.00874622281134471	0	0	0	0.704395260509342	5.83188247728352	5.86078622346587	0	1.59940292095395
BA_only	hippocampus	AA	psi	chr4_189643170_189643790	chr4	189643170	189643790	54	54	0	0	0.0120408987699231	0.956258804297162	4.29336159793832	-4.29336159793832	620	318	Intergenic	2	Heritable	0.124064922308177	0.851875153248469	0.007568012606787	15190	0	0	1.24064922308177	6.42971947803914	5.76519110278484	9.62845842620766	1.45707001768633
BA_only	hippocampus	AA	psi	chr4_189647416_189648578	chr4	189647416	189648578	54	54	0	0	0.0219922393022053	0.975932065139872	3.70435809290228	-3.70435809290228	1162	319	Enhancer	2	Non-heritable	0.0767811362152953	0.858776923454929	0.00824752866322674	10402	0	0	0.767811362152953	7.05789793741186	5.76832099579377	9.24984950507089	1.30950999215993
BA_only	hippocampus	AA	psi	chr4_189685528_189686205	chr4	189685528	189686205	56	56	0	0	0.00820292694303698	0.933559278800072	5.49518617706284	-5.49518617706284	677	283	Enhancer	0	Heritable	0.216832923967022	0.827442713085867	0.00835484148073828	0	0	0	2.16832923967022	6.51767127291228	5.64897423816121	0	1.70387247027754
BA_only	hippocampus	AA	psi	chr4_189688805_189689201	chr4	189688805	189689201	59	59	0	0	0.0434548701860996	0.980614596122074	11.9651818653289	-11.9651818653289	396	288	Intergenic	0	Non-heritable	0.0652058417752679	0.764136634207044	0.00745785342363605	0	0	0	0.652058417752679	5.98141421125448	5.66642668811243	0	2.48200092185734
BA_only	hippocampus	AA	psi	chr4_189810493_189811155	chr4	189810493	189811155	83	83	0	0	0.0257924809271089	0.975932065139872	2.32080921836469	-2.32080921836469	662	250	Genic/other	2	Heritable	0.124889700244156	0.844917674088378	0.00847900213028075	0	0	0	1.24889700244156	6.49526555593701	5.52545293913178	0	0.84191593018939
BA_only	hippocampus	AA	psi	chr4_190014315_190014879	chr4	190014315	190014879	71	71	0	0	0.00702371435788855	0.931602204679102	3.4720079119763	3.4720079119763	564	169	Promoter	2	Heritable	0.142418196467758	0.671246023053798	0.00863048660558012	6423	0	0	1.42418196467758	6.33505425149806	5.13579843705026	8.7677962556266	1.2447330784707
BA_only	hippocampus	AA	psi	chr4_190022801_190023431	chr4	190022801	190023431	71	71	0	0	0.0186145707258203	0.972503866121758	2.88798130639887	2.88798130639887	630	169	Promoter	1	Heritable	0.112162757197395	0.709282306518868	0.00921431648701562	0	0	0	1.12162757197395	6.44571981938558	5.13579843705026	0	1.06055775161868
BA_only	hippocampus	AA	psi	chr4_190041017_190041462	chr4	190041017	190041462	70	70	0	0	0.00242877911262233	0.824728302674626	4.49565962485108	4.49565962485108	445	163	Promoter	1	Non-heritable	0.0967673663440996	0.69027642541749	0.0093718010623236	0	0	0	0.967673663440996	6.09807428216624	5.0998664278242	0	1.5031124057335
BA_only	hippocampus	AA	psi	chr4_190082025_190082098	chr4	190082025	190082098	70	70	0	0	0.00456997270882507	0.897520405788695	2.90604166129456	-2.90604166129456	73	132	Genic/other	1	Non-heritable	0.0666861508566153	0.501903503472927	0.0120447489628147	29633	0	0	0.666861508566153	4.29045944114839	4.89034912822175	10.2966776297687	1.06679190478876
BA_only	hippocampus	AA	psi	chr4_19521074_19521378	chr4	19521074	19521378	1	1	0	0	0.783769599830849	0.997796053933084	0.115960293806705	0.115960293806705	304	200	Genic/other	0	Heritable	0.241885069759381	0.760327563342316	0.00860415432814394	64427	0	0	2.41885069759381	5.71702770140622	5.30330490805908	11.0733036002106	-2.15450735500537
BA_only	hippocampus	AA	psi	chr4_21366302_21368659	chr4	21366302	21368659	3	3	0	0	0.202799279930678	0.991064867102684	0.735457764818709	-0.735457764818709	2357	360	Enhancer	0	Heritable	0.356980372218911	0.853931560382074	0.00754230660303196	0	0	0	3.56980372218911	7.76514490293613	5.88887795833288	0	-0.30726215076038
BA_only	hippocampus	AA	psi	chr4_21369920_21370086	chr4	21369920	21370086	3	3	0	0	0.257737690442011	0.992837608310815	0.582684458617828	-0.582684458617828	166	377	Genic/other	0	Heritable	0.158751335429648	0.90265305703203	0.00658491007988347	0	0	0	1.58751335429648	5.11198778835654	5.93489419561959	0	-0.540109459353726
BA_only	hippocampus	AA	psi	chr4_2141818_2143009	chr4	2141818	2143009	52	52	0	0	0.00312507757877429	0.850469282776054	3.18525610180048	-3.18525610180048	1191	426	Enhancer	0	Non-heritable	0.0771695992513196	0.818269239167051	0.00739100550286441	13704	0	0	0.771695992513196	7.0825485693553	6.05678401322863	9.52551600873689	1.15853269765955
BA_only	hippocampus	AA	psi	chr4_21947307_21947778	chr4	21947307	21947778	6	6	0	0	0.35601513381069	0.993985364332494	1.29610146070578	-1.29610146070578	471	362	Genic/other	1	Non-heritable	0.0537436550456088	0.833852160240226	0.00671797246285334	0	0	0	0.537436550456088	6.15485809401642	5.89440283426485	0	0.259360890162836
BA_only	hippocampus	AA	psi	chr4_22233223_22233827	chr4	22233223	22233827	5	5	0	0	0.303135512392787	0.993663620961428	1.14246883252833	-1.14246883252833	604	333	Genic/other	0	Non-heritable	0.0871005410032491	0.860691919408089	0.00825184626062564	82492	0	0	0.871005410032491	6.40357419793482	5.8111409929767	11.3204687202381	0.133191572104358
BA_only	hippocampus	AA	psi	chr4_2364457_2365499	chr4	2364457	2365499	30	30	0	0	0.00477615973926978	0.903845859635741	0.978916754295311	0.978916754295311	1042	355	Promoter	2	Heritable	0.144833068588344	0.870923698875826	0.0117966547446139	0	0	0	1.44833068588344	6.94889722231331	5.87493073085203	0	-0.0213086612149435
BA_only	hippocampus	AA	psi	chr4_24007862_24008145	chr4	24007862	24008145	8	8	0	0	0.227677917447557	0.991497141402577	0.323815289452368	-0.323815289452368	283	461	Intergenic	0	Heritable	0.121754569275456	0.918755356763635	0.00753429904860101	103867	0	0	1.21754569275456	5.64544689764324	6.13556489108174	11.5508761411987	-1.12758198915635
BA_only	hippocampus	AA	psi	chr4_2403006_2403450	chr4	2403006	2403450	29	29	0	0	0.0143939251446538	0.965777132080372	2.68972661978768	-2.68972661978768	444	368	Genic/other	1	Heritable	0.158949967668595	0.891828311391551	0.00763741452342333	0	0	0	1.58949967668595	6.09582456243223	5.91079664404053	0	0.989439563835371
BA_only	hippocampus	AA	psi	chr4_2432682_2433150	chr4	2432682	2433150	29	29	0	0	0.020613818816138	0.975856666808667	2.96428586721324	-2.96428586721324	468	374	Genic/other	1	Heritable	0.151388185036602	0.889676820616233	0.00685580909924605	12157	0	0	1.51388185036602	6.14846829591765	5.92692602597041	9.40574266830867	1.0866361525849
BA_only	hippocampus	AA	psi	chr4_24800849_24801192	chr4	24800849	24801192	12	12	0	0	0.00320986698137608	0.853517162049828	0.733019506751163	0.733019506751163	343	449	Intergenic	1	Heritable	0.172311995536331	0.935566673347384	0.00711836928601799	18782	0	0	1.72311995536331	5.83773044716594	6.10924758276437	9.84070748441342	-0.3105829515957
BA_only	hippocampus	AA	psi	chr4_24816474_24817187	chr4	24816474	24817187	15	15	0	0	0.190786140245262	0.991064867102684	1.01239213757292	-1.01239213757292	713	454	Genic/other	0	Non-heritable	0.0842415793695477	0.926602611731587	0.00777506554428581	2787	0	0	0.842415793695477	6.5694814204143	6.12029741895095	7.93307977188042	0.0123159934091668
BA_only	hippocampus	AA	psi	chr4_25089072_25089375	chr4	25089072	25089375	21	21	0	0	0.0253213248411014	0.975932065139872	3.84111539077585	-3.84111539077585	303	489	Intergenic	1	Heritable	0.25969890524853	0.851344835643344	0.00679338408565647	11964	0	0	2.5969890524853	5.71373280550937	6.19440539110467	9.38974100034247	1.34576279337374
BA_only	hippocampus	AA	psi	chr4_25159457_25159726	chr4	25159457	25159726	23	23	0	0	0.000109853397972347	0.405473785948733	2.145811489333	-2.145811489333	269	540	Promoter	1	Heritable	0.586977568265892	0.923595206088339	0.00912301111241834	0	0	0	5.86977568265892	5.59471137960184	6.29341927884648	0	0.763517802201862
BA_only	hippocampus	AA	psi	chr4_25161422_25162176	chr4	25161422	25162176	23	23	0	0	0.00648178423047483	0.922854781406953	1.29107757120021	1.29107757120021	754	517	Promoter	1	Heritable	0.420847152100335	0.899505668619533	0.0141251880733378	0	0	0	4.20847152100335	6.62539236800796	6.24997524225948	0	0.255477203939816
BA_only	hippocampus	AA	psi	chr4_25235246_25235646	chr4	25235246	25235646	20	20	0	0	0.00304280449114346	0.846573428968813	2.57035815322448	2.57035815322448	400	530	Genic/other	1	Non-heritable	0.0703760564158154	0.930612367969923	0.00682507434294043	0	0	0	0.703760564158154	5.99146454710798	6.27476202124194	0	0.944045252319356
BA_only	hippocampus	AA	psi	chr4_25313736_25313843	chr4	25313736	25313843	21	21	0	0	0.0265307152933783	0.975932065139872	3.26809589118792	3.26809589118792	107	541	Genic/other	1	Non-heritable	0.0537006587362809	0.931548285055796	0.00727954575372612	51228	0	0	0.537006587362809	4.67282883446191	6.29526600143965	10.8440610569301	1.18420752209592
BA_only	hippocampus	AA	psi	chr4_25839606_25840530	chr4	25839606	25840530	12	12	0	0	0.0931775703067559	0.989446665475032	1.56587318511443	1.56587318511443	924	643	Genic/other	0	Non-heritable	0.0888994597176791	0.97010458555556	0.00694484253307741	0	0	0	0.888994597176791	6.82871207164168	6.46769872610435	0	0.448443620544486
BA_only	hippocampus	AA	psi	chr4_25915613_25915802	chr4	25915613	25915802	27	27	0	0	0.0340845401050497	0.979346259483413	1.19977477264321	1.19977477264321	189	641	Genic/other	1	Non-heritable	0.0922679971409931	0.966240823329156	0.0071483414297322	0	0	0	0.922679971409931	5.24174701505964	6.46458830368996	0	0.182133858048989
BA_only	hippocampus	AA	psi	chr4_25970641_25971026	chr4	25970641	25971026	26	26	0	0	0.0642325385212046	0.985907779499035	1.66953452361065	-1.66953452361065	385	594	Intergenic	0	Heritable	0.118872910427677	0.932410579143812	0.00662769083887917	41486	0	0	1.18872910427677	5.95324333428779	6.38856140554563	10.6331354041328	0.512544865189527
BA_only	hippocampus	AA	psi	chr4_26258682_26259555	chr4	26258682	26259555	97	97	0	0	0.00297101425422158	0.846261736290652	3.27096752432956	-3.27096752432956	873	481	Genic/other	0	Heritable	0.459122303210168	0.890158644706798	0.0063143137826116	0	0	0	4.59122303210168	6.7719355558396	6.1779441140506	0	1.18508582320267
BA_only	hippocampus	AA	psi	chr4_26361170_26362516	chr4	26361170	26362516	101	101	0	0	0.00978818772477552	0.939841915020693	1.95343798359787	1.95343798359787	1346	479	Promoter	2	Heritable	0.12283203611368	0.943322672735594	0.0131801445381711	0	0	0	1.2283203611368	7.20489251020467	6.17378610390194	0	0.669590893825643
BA_only	hippocampus	AA	psi	chr4_26528743_26529600	chr4	26528743	26529600	101	101	0	0	0.00340332657901685	0.86596841039349	4.61495367553053	4.61495367553053	857	383	Intergenic	0	Heritable	0.134448244865427	0.901822645589332	0.00621179275348769	47196	0	0	1.34448244865427	6.75343791859778	5.95064255258773	10.7620856102316	1.52930183226644
BA_only	hippocampus	AA	psi	chr4_26856851_26856919	chr4	26856851	26856919	17	17	0	0	0.207762192022361	0.991064867102684	0.41156860430422	-0.41156860430422	68	400	Promoter	1	Non-heritable	0.0631996793849392	0.89898246472522	0.00663197571059518	762	0	0	0.631996793849392	4.21950770517611	5.99396142730657	6.63725803128446	-0.887779530834843
BA_only	hippocampus	AA	psi	chr4_27595043_27595448	chr4	27595043	27595448	3	3	0	0	0.423258200662997	0.994840206451052	0.870772021608631	0.870772021608631	405	414	Intergenic	0	Heritable	0.213182262398086	0.926363033420099	0.00736788588536142	97207	0	0	2.13182262398086	6.00388706710654	6.0282785202307	11.4846082915884	-0.138375068179994
BA_only	hippocampus	AA	psi	chr4_2807041_2807333	chr4	2807041	2807333	78	78	0	0	0.0430102346331686	0.980549382116533	3.21916309724288	3.21916309724288	292	315	Genic/other	0	Non-heritable	0.0427228318299438	0.7867359402453	0.00662843828085817	0	0	0	0.427228318299438	5.67675380226828	5.75574221358691	0	1.16912142119231
BA_only	hippocampus	AA	psi	chr4_2875931_2876051	chr4	2875931	2876051	80	80	0	0	0.0273124064483679	0.975932065139872	4.04145419982843	-4.04145419982843	120	279	Genic/other	0	Heritable	0.121494052878932	0.857089334578074	0.0091796598547229	34	0	0	1.21494052878932	4.78749174278205	5.63478960316925	3.55534806148941	1.39660458013337
BA_only	hippocampus	AA	psi	chr4_29060312_29062848	chr4	29060312	29062848	22	22	0	0	0.0104372068588959	0.944902218841749	2.5793295913135	2.5793295913135	2536	366	Intergenic	0	Heritable	0.646369295757391	0.904786391196264	0.00841978949065172	45981	0	0	6.46369295757391	7.83834331555712	5.90536184805457	10.7360052945439	0.947529520715975
BA_only	hippocampus	AA	psi	chr4_2977404_2977773	chr4	2977404	2977773	81	81	0	0	0.00110987477305034	0.726050490461723	3.05101429476643	3.05101429476643	369	296	Genic/other	0	Non-heritable	0.0556380005344463	0.730645094477289	0.00766343065938356	30530	0	0	0.556380005344463	5.91079664404053	5.6937321388027	10.32649783986	1.11547409427367
BA_only	hippocampus	AA	psi	chr4_3041331_3042390	chr4	3041331	3042390	76	76	0	0	0.0115617317804716	0.95315577890577	6.87886908704749	6.87886908704749	1059	299	Promoter	2	Non-heritable	0.0848068397223572	0.85896101007095	0.011931938473397	0	0	0	0.848068397223572	6.96508034560141	5.7037824746562	0	1.92845426300499
BA_only	hippocampus	AA	psi	chr4_31436227_31437907	chr4	31436227	31437907	4	4	0	0	0.247082045806822	0.992357527579722	0.117759094414744	-0.117759094414744	1680	393	Intergenic	0	Heritable	0.663509270030203	0.929332289498966	0.00994918026301661	68917	0	0	6.63509270030203	7.42654907239731	5.97635090929793	11.1406726710682	-2.1391142292042
BA_only	hippocampus	AA	psi	chr4_32199313_32200100	chr4	32199313	32200100	22	22	0	0	0.0326775612153911	0.978956589179054	0.789841593226393	-0.789841593226393	787	327	Genic/other	0	Heritable	0.573849704743154	0.890371311446578	0.0108149221172261	0	0	0	5.73849704743154	6.6682282484174	5.79301360838414	0	-0.235922855869404
BA_only	hippocampus	AA	psi	chr4_32243573_32245252	chr4	32243573	32245252	22	22	0	0	0.0754206516318253	0.987023137100836	1.07342834018756	-1.07342834018756	1679	294	Intergenic	0	Heritable	0.545165894971636	0.876701611524378	0.00941485662999885	18548	0	0	5.45165894971636	7.42595365707754	5.68697535633982	9.82817115822668	0.0708575919895647
BA_only	hippocampus	AA	psi	chr4_32356769_32357645	chr4	32356769	32357645	22	22	0	0	0.0450981661632038	0.981395945960329	1.11355828108355	-1.11355828108355	876	274	Intergenic	0	Heritable	0.107094953764569	0.798891470646569	0.0066277979165717	4290	0	0	1.07094953764569	6.77536609093639	5.61677109766657	8.36427508499152	0.107560555769036
BA_only	hippocampus	AA	psi	chr4_3286013_3286374	chr4	3286013	3286374	23	23	0	0	0.0070505188978888	0.931602204679102	1.63435342005038	-1.63435342005038	361	471	Intergenic	0	Heritable	0.165260011065062	0.928566546779441	0.00888154045518806	6724	0	0	1.65260011065062	5.88887795833288	6.15697898558556	8.81358720447004	0.491247270509341
BA_only	hippocampus	AA	psi	chr4_3370976_3371956	chr4	3370976	3371956	31	31	0	0	0.000467789697915947	0.604162640906295	1.4761858250011	1.4761858250011	980	470	Enhancer	2	Non-heritable	0.0852361991345063	0.910470598477765	0.00688086829293423	0	0	0	0.852361991345063	6.88755257166462	6.15485809401642	0	0.389461622725268
BA_only	hippocampus	AA	psi	chr4_3388039_3389068	chr4	3388039	3389068	31	31	0	0	0.00366239477724875	0.867953489674172	2.02214339716497	2.02214339716497	1029	480	Enhancer	0	Heritable	0.108787494768393	0.934348206715057	0.0049850919462197	0	0	0	1.08787494768393	6.93634273583405	6.17586727010576	0	0.704158041508145
BA_only	hippocampus	AA	psi	chr4_3483924_3484729	chr4	3483924	3484729	28	28	0	0	0.00967939318995208	0.939841915020693	1.43593055457407	-1.43593055457407	805	468	Promoter	2	Heritable	0.229937421196007	0.915580991586408	0.00819067057475738	0	0	0	2.29937421196007	6.69084227741856	6.15060276844628	0	0.361813116096295
BA_only	hippocampus	AA	psi	chr4_3546835_3547477	chr4	3546835	3547477	29	29	0	0	0.0324957202450061	0.978660772153819	0.710411236704424	0.710411236704424	642	460	Genic/other	0	Heritable	0.131198443093435	0.929762958807571	0.0112561000631695	0	0	0	1.31198443093435	6.46458830368996	6.13339804299665	0	-0.341911255919888
BA_only	hippocampus	AA	psi	chr4_3567035_3567910	chr4	3567035	3567910	29	29	0	0	0.0292057188008183	0.976056724851304	0.881033493065646	-0.881033493065646	875	451	Intergenic	2	Heritable	0.301104747198091	0.891407467290179	0.0100237571972311	9212	0	0	3.01104747198091	6.77422388635761	6.11368217983223	9.12837080910893	-0.126659625317663
BA_only	hippocampus	AA	psi	chr4_36292592_36292876	chr4	36292592	36292876	21	21	0	0	0.0556975753664645	0.98577631996496	0.786705042704369	0.786705042704369	284	300	Genic/other	0	Heritable	0.105198886699828	0.876658667329159	0.00871439844521352	2218	0	0	1.05198886699828	5.64897423816121	5.70711026474888	7.70481192293259	-0.239901875010429
BA_only	hippocampus	AA	psi	chr4_3737756_3737872	chr4	3737756	3737872	794	794	0	0	0.00209415231209057	0.814610583534308	4.99905019472287	-4.99905019472287	116	527	Intergenic	1	Heritable	0.162716404714947	0.894795639970441	0.0060626675572346	42986	0	0	1.62716404714947	4.75359019110636	6.26909628370626	10.6686530233847	1.60924793533417
BA_only	hippocampus	AA	psi	chr4_37827551_37827801	chr4	37827551	37827801	20	20	0	0	0.0709295428402205	0.985907779499035	1.75264690722253	-1.75264690722253	250	603	Genic/other	1	Non-heritable	0.0813128860120885	0.924993992734865	0.00769119196450154	177	0	0	0.813128860120885	5.52146091786225	6.40357419793482	5.18178355029209	0.561127169350073
BA_only	hippocampus	AA	psi	chr4_38052577_38053128	chr4	38052577	38053128	35	35	0	0	0.000560408765937006	0.636920160415722	3.94157017048972	3.94157017048972	551	614	Genic/other	0	Heritable	0.139128333648632	0.955743056994517	0.00728190446989292	0	0	0	1.39128333648632	6.31173480915292	6.42162226780652	0	1.37157916688759
BA_only	hippocampus	AA	psi	chr4_38204477_38205333	chr4	38204477	38205333	21	21	0	0	0.0650119449582706	0.985907779499035	0.999496454000391	0.999496454000391	856	582	Intergenic	0	Heritable	0.209202135723992	0.928306115847146	0.00827743808367433	0	0	0	2.09202135723992	6.75227037614174	6.36818718635049	0	-0.000503662816433413
BA_only	hippocampus	AA	psi	chr4_38574579_38575084	chr4	38574579	38575084	193	193	0	0	0.00046912552456115	0.604162640906295	5.36720657716424	5.36720657716424	505	597	Intergenic	0	Non-heritable	0.0757022217232979	0.947336115653248	0.00632841010232171	5491	0	0	0.757022217232979	6.22455842927536	6.39359075395063	8.61104776688786	1.68030758456573
BA_only	hippocampus	AA	psi	chr4_38575220_38576361	chr4	38575220	38576361	193	193	0	0	0.00357734745421583	0.866906756094015	4.21203257375674	-4.21203257375674	1141	614	Intergenic	0	Non-heritable	0.0814561121208589	0.954233837468782	0.00569063903145944	6132	0	0	0.814561121208589	7.03966034986208	6.42162226780652	8.72143930562598	1.43794533017646
BA_only	hippocampus	AA	psi	chr4_38677771_38678674	chr4	38677771	38678674	190	190	0	0	0.00166361361640744	0.786661074605562	5.29811461809657	-5.29811461809657	903	568	Enhancer	0	Heritable	0.103633819330393	0.926060462232321	0.00997363769116936	0	0	0	1.03633819330393	6.80572255341699	6.34388043412633	0	1.66735102672314
BA_only	hippocampus	AA	psi	chr4_3873493_3873750	chr4	3873493	3873750	870	870	0	0	0.000820980846206537	0.683148985370606	8.74529229148534	8.74529229148534	257	617	Intergenic	1	Non-heritable	0.0583223112182582	0.951674880667499	0.0053618509229985	28803	0	0	0.583223112182582	5.54907608489522	6.42648845745769	10.2682695453688	2.16851553289599
BA_only	hippocampus	AA	psi	chr4_38924642_38926318	chr4	38924642	38926318	52	52	0	0	0.0176650143123538	0.970931943606436	2.01400155914007	2.01400155914007	1676	446	Genic/other	0	Heritable	0.1060125329828	0.889491882644262	0.00712457376862086	32898	0	0	1.060125329828	7.42416528104203	6.10255859461357	10.4011975411547	0.700123573412289
BA_only	hippocampus	AA	psi	chr4_38991440_38992256	chr4	38991440	38992256	47	47	0	0	0.0100690034947764	0.944902218841749	2.12634688237357	-2.12634688237357	816	432	Genic/other	0	Heritable	0.33621923350469	0.89582719116571	0.00762442829271185	1741	0	0	3.3621923350469	6.70441435496411	6.07073772800249	7.46278915741245	0.754405433295113
BA_only	hippocampus	AA	psi	chr4_39115451_39116203	chr4	39115451	39116203	34	34	0	0	0.0224408708944259	0.975932065139872	2.57728621669631	-2.57728621669631	752	388	Genic/other	0	Heritable	0.681311532351317	0.937905009196515	0.00613274156078311	0	0	0	6.81311532351317	6.62273632394984	5.96357934361845	0	0.946736995233257
BA_only	hippocampus	AA	psi	chr4_39525473_39525804	chr4	39525473	39525804	62	62	0	0	0.022673048718986	0.975932065139872	1.26329382773183	1.26329382773183	331	222	Genic/other	1	Heritable	0.113073388667114	0.76454439751257	0.00740208510402048	0	0	0	1.13073388667114	5.80211837537706	5.40717177146012	0	0.233722466928422
BA_only	hippocampus	AA	psi	chr4_3972665_3974555	chr4	3972665	3974555	870	870	0	0	0.00148142268025388	0.766510580643325	5.75351022005546	-5.75351022005546	1890	621	Promoter	0	Heritable	0.14785880558098	0.906473253532539	0.00980595012489331	0	0	0	1.4785880558098	7.54433210805369	6.43294009273918	0	1.74981014333758
BA_only	hippocampus	AA	psi	chr4_40054453_40054581	chr4	40054453	40054581	13	13	0	0	0.0223831714668956	0.975932065139872	1.4743654346362	1.4743654346362	128	494	Genic/other	1	Heritable	0.105636634375608	0.92966716672587	0.010351579073338	42987	0	0	1.05636634375608	4.85203026391962	6.20455776256869	10.668676285961	0.388227690199886
BA_only	hippocampus	AA	psi	chr4_4033239_4033491	chr4	4033239	4033491	868	868	0	0	0.00197567797517449	0.80614848610333	5.50430396582015	-5.50430396582015	252	604	Intergenic	0	Heritable	0.103026948328096	0.951037649438945	0.00797479382166109	0	0	0	1.03026948328096	5.52942908751142	6.40522845803084	0	1.70553032727102
BA_only	hippocampus	AA	psi	chr4_4047309_4047505	chr4	4047309	4047505	871	871	0	0	0.00125929930934407	0.748685029382681	5.92280785338075	5.92280785338075	196	594	Intergenic	0	Non-heritable	0.0544531946837868	0.957520675266597	0.00607114367021976	0	0	0	0.544531946837868	5.27811465923052	6.38856140554563	0	1.77881063769738
BA_only	hippocampus	AA	psi	chr4_40630569_40631051	chr4	40630569	40631051	32	32	0	0	0.0980722087811986	0.990400450319684	3.74886317621451	3.74886317621451	482	664	Promoter	1	Non-heritable	0.0746179834430494	0.924857850829572	0.00766946640126726	105	0	0	0.746179834430494	6.1779441140506	6.49978704065585	4.66343909411207	1.32145264368017
BA_only	hippocampus	AA	psi	chr4_40831554_40831923	chr4	40831554	40831923	29	29	0	0	0.0525985807634022	0.984783117109287	1.87345986779772	-1.87345986779772	369	604	Genic/other	0	Heritable	0.127967797670307	0.939496647484791	0.00780010501626941	0	0	0	1.27967797670307	5.91079664404053	6.40522845803084	0	0.627786923381892
BA_only	hippocampus	AA	psi	chr4_40842954_40843388	chr4	40842954	40843388	29	29	0	0	0.0640195227308061	0.985907779499035	2.93007579671806	2.93007579671806	434	604	Promoter	0	Non-heritable	0.085920420316493	0.946365654357633	0.00736705071173258	0	0	0	0.85920420316493	6.07304453410041	6.40522845803084	0	1.07502829529431
BA_only	hippocampus	AA	psi	chr4_40857712_40857796	chr4	40857712	40857796	31	31	0	0	0.0701609490376822	0.985907779499035	3.058965790366	-3.058965790366	84	585	Promoter	1	Heritable	0.139963608800057	0.97198626739359	0.00653791402282951	0	0	0	1.39963608800057	4.43081679884331	6.37331978957701	0	1.11807688510169
BA_only	hippocampus	AA	psi	chr4_40934083_40934806	chr4	40934083	40934806	21	21	0	0	0.0112948041853203	0.950081225852059	2.3709312418892	-2.3709312418892	723	522	Promoter	0	Heritable	0.140322940948583	0.939921147218764	0.00768199154412181	10263	0	0	1.40322940948583	6.58340922215877	6.25958146406492	9.23639790629547	0.863282811255555
BA_only	hippocampus	AA	psi	chr4_41216990_41217206	chr4	41216990	41217206	22	22	0	0	0.0600214692727063	0.98577631996496	3.13107541618635	3.13107541618635	216	472	Promoter	1	Non-heritable	0.073134704647987	0.933540082520445	0.0100579287851678	483	0	0	0.73134704647987	5.37527840768417	6.15909538849193	6.18208490671663	1.1413765321807
BA_only	hippocampus	AA	psi	chr4_4130114_4132695	chr4	4130114	4132695	874	874	1	2	1.94689250157643e-11	2.2564678782521e-06	19.9172322630036	19.9172322630036	2581	617	Intergenic	0	Non-heritable	0.0629728382078304	0.850296879199843	0.00198764705976692	0	1	1	0.629728382078304	7.85593219971861	6.42648845745769	0	2.99158530038481
BA_only	hippocampus	AA	psi	chr4_41362366_41363310	chr4	41362366	41363310	16	16	0	0	0.0510297709127711	0.984153364580922	2.04511392381615	2.04511392381615	944	472	Enhancer	1	Heritable	0.114292848685153	0.932714160537732	0.00809336127192177	0	0	0	1.14292848685153	6.8501261661455	6.15909538849193	0	0.715453501300364
BA_only	hippocampus	AA	psi	chr4_4141278_4142256	chr4	4141278	4142256	877	877	2	3	6.99452501411735e-07	0.0175280528359182	13.5614474912679	-13.5614474912679	978	596	Intergenic	1	Heritable	0.102930135016308	0.939981884287809	0.00986108896169121	0	1	1	1.02930135016308	6.88550967003482	6.3919171133926	0	2.60723102469621
BA_only	hippocampus	AA	psi	chr4_41427395_41428650	chr4	41427395	41428650	15	15	0	0	0.0103416737703902	0.944902218841749	3.51192916378217	3.51192916378217	1255	432	Genic/other	0	Heritable	0.167285365810895	0.939955994798526	0.00895339690973516	0	0	0	1.67285365810895	7.13489085156588	6.07073772800249	0	1.256165508651
BA_only	hippocampus	AA	psi	chr4_4143676_4145243	chr4	4143676	4145243	877	877	0	0	0.000237492908101518	0.503902674622265	8.5880992315106	8.5880992315106	1567	595	Genic/other	2	Heritable	0.120626939248895	0.942740287484968	0.00444653245390252	0	0	0	1.20626939248895	7.35691824235602	6.39024066706535	0	2.15037743578472
BA_only	hippocampus	AA	psi	chr4_4145598_4146231	chr4	4145598	4146231	877	877	1	1	6.83133798501398e-07	0.0175280528359182	5.56935064369966	-5.56935064369966	633	582	Genic/other	2	Heritable	0.128306756752756	0.941620911497822	0.00929319929600506	0	1	1	1.28306756752756	6.45047042214418	6.36818718635049	0	1.71727846791524
BA_only	hippocampus	AA	psi	chr4_4164265_4164956	chr4	4164265	4164956	877	877	0	0	0.000467356141549439	0.604162640906295	3.30912701162219	3.30912701162219	691	563	Intergenic	0	Heritable	0.146028495418279	0.960222002045235	0.012254893468794	0	0	0	1.46028495418279	6.53813982376767	6.33505425149806	0	1.19668441491236
BA_only	hippocampus	AA	psi	chr4_41865282_41865660	chr4	41865282	41865660	38	38	0	0	0.0766113130063927	0.987589764461923	0.94479820505803	-0.94479820505803	378	430	Intergenic	2	Non-heritable	0.0895914481562389	0.889726510999759	0.00940071086647405	0	0	0	0.895914481562389	5.93489419561959	6.06610809010375	0	-0.056783903328087
BA_only	hippocampus	AA	psi	chr4_42396418_42396681	chr4	42396418	42396681	11	11	0	0	0.0423649016932306	0.980549382116533	0.762397841917665	0.762397841917665	263	349	Promoter	1	Heritable	0.208296008258761	0.867256402891587	0.00888120458804885	4898	0	0	2.08296008258761	5.57215403217777	5.85793315448346	8.49678638163858	-0.271286744172786
BA_only	hippocampus	AA	psi	chr4_4254150_4255086	chr4	4254150	4255086	129	129	0	0	0.0116611218047391	0.953296193469274	3.66867073329178	3.66867073329178	936	531	Intergenic	0	Heritable	0.10248049781897	0.940949543116809	0.00768899611730886	31485	0	0	1.0248049781897	6.84161547647759	6.27664348934165	10.3572982815746	1.29982940116958
BA_only	hippocampus	AA	psi	chr4_42626045_42627360	chr4	42626045	42627360	7	7	0	0	0.197137411208543	0.991064867102684	0.654175141259653	-0.654175141259653	1315	354	Genic/other	0	Heritable	0.119458926730404	0.910821380412507	0.00664258425438011	25566	0	0	1.19458926730404	7.18159194461187	5.87211778947542	10.1490577364119	-0.424380147999343
BA_only	hippocampus	AA	psi	chr4_43948883_43950285	chr4	43948883	43950285	23	23	0	0	0.027030851687754	0.975932065139872	2.88721010966967	-2.88721010966967	1402	234	Genic/other	0	Heritable	0.530582847385769	0.805351408344462	0.00822251908076242	30145	0	0	5.30582847385769	7.24565506759454	5.45958551414416	10.3138075233705	1.06029067935196
BA_only	hippocampus	AA	psi	chr4_4502688_4503236	chr4	4502688	4503236	177	177	0	0	0.000143291959821025	0.431795965327074	3.72245164360468	3.72245164360468	548	621	Genic/other	0	Heritable	0.116835718291166	0.949571891138358	0.00963443697324502	39189	0	0	1.16835718291166	6.30627528694802	6.43294009273918	10.5761768911937	1.31438249787709
BA_only	hippocampus	AA	psi	chr4_46723989_46724898	chr4	46723989	46724898	5	5	0	0	0.099723421644818	0.990400450319684	2.73180017477625	2.73180017477625	909	178	Promoter	0	Heritable	0.111522790332397	0.765614477255207	0.00800968166093433	120115	0	0	1.11522790332397	6.81234509417748	5.18738580584076	11.6962132215095	1.00496080022566
BA_only	hippocampus	AA	psi	chr4_4853594_4855221	chr4	4853594	4855221	64	64	0	0	0.0054464695658883	0.913863581840058	2.53115094083711	2.53115094083711	1627	711	Enhancer	1	Non-heritable	0.0925529251056754	0.962876010785653	0.00637645402263198	1567	0	0	0.925529251056754	7.39449310721904	6.56807791141198	7.35755620091035	0.928674120573605
BA_only	hippocampus	AA	psi	chr4_4857408_4858890	chr4	4857408	4858890	64	64	0	0	0.00119357579748275	0.737795352021592	2.04275729479116	2.04275729479116	1482	697	Promoter	2	Non-heritable	0.0995243269758889	0.965247945578929	0.00638610094345075	0	0	0	0.995243269758889	7.30114780585603	6.54821910276237	0	0.714300515235733
BA_only	hippocampus	AA	psi	chr4_4864200_4866086	chr4	4864200	4866086	58	58	0	0	0.00920001220964413	0.939585238273321	3.40406846698146	3.40406846698146	1886	682	Intergenic	2	Heritable	0.111033659826023	0.960394409503512	0.00404059130697153	0	0	0	1.11033659826023	7.5422134631934	6.52649485957079	0	1.22497132713084
BA_only	hippocampus	AA	psi	chr4_48653882_48654684	chr4	48653882	48654684	28	28	0	0	0.013751218066132	0.964441318501853	4.66358243876259	-4.66358243876259	802	133	Promoter	0	Non-heritable	0.0710537410743675	0.581738451513205	0.0068264667215711	0	0	0	0.710537410743675	6.68710860786652	4.89783979995091	0	1.53978391861735
BA_only	hippocampus	AA	psi	chr4_4867951_4869724	chr4	4867951	4869724	58	58	0	0	0.0136069156592931	0.964283399649536	2.04100255215868	-2.04100255215868	1773	681	Intergenic	1	Non-heritable	0.0878702192090696	0.962937490406388	0.00929293037779498	287	0	0	0.878702192090696	7.48042830607421	6.52502965784346	5.66296048013595	0.713441139171692
BA_only	hippocampus	AA	psi	chr4_4871189_4871430	chr4	4871189	4871430	58	58	0	1	4.70607187948757e-06	0.062317525742981	2.72627208135491	-2.72627208135491	241	671	Intergenic	1	Non-heritable	0.0402761695927973	0.91203566704761	0.00720982926540026	3525	0	1	0.402761695927973	5.48479693349066	6.51025834052315	8.16791936295782	1.00293514170304
BA_only	hippocampus	AA	psi	chr4_48776234_48778001	chr4	48776234	48778001	28	28	0	0	0.0668248294572701	0.985907779499035	2.85857125219919	-2.85857125219919	1767	96	Genic/other	2	Non-heritable	0.0482299803263942	0.478430489555148	0.00764131467004693	0	0	0	0.482299803263942	7.4770384723197	4.57471097850338	0	1.05032194133914
BA_only	hippocampus	AA	psi	chr4_49096167_49098682	chr4	49096167	49098682	49	49	0	0	0.00735790412037659	0.933559278800072	1.54930015559582	1.54930015559582	2515	54	Intergenic	0	Heritable	0.159231451450357	0.549545954438545	0.0100343562407106	62674	0	0	1.59231451450357	7.83002808253384	4.00733318523247	11.0457179230265	0.437803322904387
BA_only	hippocampus	AA	psi	chr4_49100171_49100741	chr4	49100171	49100741	49	49	0	0	0.00155853523668837	0.777132814755397	1.54575225692795	-1.54575225692795	570	57	Intergenic	0	Heritable	0.144715169546868	0.483848239977346	0.0106276963946319	60615	0	0	1.44715169546868	6.3456363608286	4.06044301054642	11.0123141636112	0.435510696010827
BA_only	hippocampus	AA	psi	chr4_49102664_49103416	chr4	49102664	49103416	49	49	0	0	0.00135841503782528	0.756931063937442	1.64425104403049	-1.64425104403049	752	55	Intergenic	0	Heritable	0.150709763150743	0.46864180073821	0.00619190317795976	57940	0	0	1.50709763150743	6.62273632394984	4.02535169073515	10.9671805304081	0.497284994239404
BA_only	hippocampus	AA	psi	chr4_49113534_49118972	chr4	49113534	49118972	46	46	0	0	0.0172281849300036	0.970581273335112	1.51986306087733	1.51986306087733	5438	56	Intergenic	0	Heritable	0.126025997802681	0.489013377129244	0.0104341521878847	42384	0	0	1.26025997802681	8.60116662519242	4.04305126783455	10.6545498050425	0.418620245851167
BA_only	hippocampus	AA	psi	chr4_49122776_49123160	chr4	49122776	49123160	46	46	0	0	0.00568545628931743	0.914301706404424	1.08227154193983	1.08227154193983	384	53	Intergenic	0	Non-heritable	0.0813179671661528	0.469512016324648	0.0322875037287308	38196	0	0	0.813179671661528	5.95064255258773	3.98898404656427	10.5505122574793	0.0790621211539886
BA_only	hippocampus	AA	psi	chr4_49130062_49130592	chr4	49130062	49130592	46	46	0	0	0.00408049042396678	0.881593601077023	1.790264047897	1.790264047897	530	52	Intergenic	0	Heritable	0.103644220454373	0.441214263244557	0.0159283513214395	30764	0	0	1.03644220454373	6.27287700654617	3.97029191355212	10.3341329591746	0.58236312735111
BA_only	hippocampus	AA	psi	chr4_49136860_49146771	chr4	49136860	49146771	46	46	0	0	0.00457396431310196	0.897520405788695	1.07950233291257	1.07950233291257	9911	55	Intergenic	0	Heritable	0.133508212726986	0.541523877308235	0.0167153725807842	14585	0	0	1.33508212726986	9.20140053040671	4.02535169073515	9.58781744354418	0.0765001413386605
BA_only	hippocampus	AA	psi	chr4_49147227_49148705	chr4	49147227	49148705	42	42	0	0	0.00450566687323285	0.89486574837001	1.15962524418822	-1.15962524418822	1478	54	Intergenic	0	Heritable	0.193320741559788	0.531171600200401	0.0138025770961947	12651	0	0	1.93320741559788	7.29844510150815	4.00733318523247	9.44557058442554	0.148096896189912
BA_only	hippocampus	AA	psi	chr4_49149464_49155330	chr4	49149464	49155330	42	42	0	0	0.00350215381711583	0.866906756094015	1.15236487186399	-1.15236487186399	5866	54	Intergenic	0	Heritable	0.209804724788918	0.47792210141506	0.0190501361993878	6026	0	0	2.09804724788918	8.6769282495374	4.00733318523247	8.70400465348305	0.141816249852052
BA_only	hippocampus	AA	psi	chr4_49270561_49270630	chr4	49270561	49270630	38	38	0	0	0.0180457427449667	0.971452676751561	0.95283086854064	0.95283086854064	69	48	Intergenic	0	Non-heritable	0.0625916129886618	0.364248601929201	0.00987729330416661	11043	0	0	0.625916129886618	4.23410650459726	3.89182029811063	9.30964257305004	-0.0483178532581208
BA_only	hippocampus	AA	psi	chr4_52052323_52052943	chr4	52052323	52052943	28	28	0	0	0.00260669455013259	0.833258918532135	0.922200810724058	0.922200810724058	620	84	Genic/other	1	Non-heritable	0.0751772442977719	0.508257607750638	0.0125039354139256	0	0	0	0.751772442977719	6.42971947803914	4.44265125649032	0	-0.0809922692467333
BA_only	hippocampus	AA	psi	chr4_52075741_52076515	chr4	52075741	52076515	28	28	0	0	0.0411798160862616	0.980549382116533	1.26719494383102	1.26719494383102	774	92	Genic/other	1	Heritable	0.171098515246329	0.62871085573611	0.00769275369349504	0	0	0	1.71098515246329	6.65157187358973	4.53259949315326	0	0.236805759929171
BA_only	hippocampus	AA	psi	chr4_5267376_5267630	chr4	5267376	5267630	5	5	0	0	0.00146124141148943	0.762823213405844	0.681825220275003	-0.681825220275003	254	711	Genic/other	0	Non-heritable	0.087970117406033	0.955782882750258	0.00739304646252182	127470	0	0	0.87970117406033	5.53733426701854	6.56807791141198	11.7556441667293	-0.382981914572869
BA_only	hippocampus	AA	psi	chr4_52721871_52722128	chr4	52721871	52722128	22	22	0	0	0.144722063662401	0.991064867102684	1.95115374279618	-1.95115374279618	257	191	Genic/other	2	Heritable	0.78061233392239	0.846084890894276	0.00601177261023657	615	0	0	7.8061233392239	5.54907608489522	5.25749537202778	6.42324696353352	0.668420865709701
BA_only	hippocampus	AA	psi	chr4_53313251_53314532	chr4	53313251	53314532	29	29	0	0	0.000914152448887828	0.704421462184525	3.42362231733896	3.42362231733896	1281	275	Genic/other	0	Non-heritable	0.0659948780280252	0.665629670533404	0.00799608489689757	63302	0	0	0.659948780280252	7.15539630189673	5.62040086571715	11.0556880003742	1.2306991506009
BA_only	hippocampus	AA	psi	chr4_54101949_54102178	chr4	54101949	54102178	1	1	0	0	0.174672945917196	0.991064867102684	0.174030736151026	-0.174030736151026	229	369	Genic/other	1	Non-heritable	0.067356749318045	0.799337738129729	0.00797018778724277	366	0	0	0.67356749318045	5.43372200355424	5.91350300563827	5.90536184805457	-1.74852329336018
BA_only	hippocampus	AA	psi	chr4_54102685_54103442	chr4	54102685	54103442	1	1	0	0	0.152375714294655	0.991064867102684	0.215640698775223	-0.215640698775223	757	373	Enhancer	1	Non-heritable	0.0754790138506577	0.874028983054841	0.00714562022910517	1102	0	0	0.754790138506577	6.62936325343745	5.92425579741453	7.0057890192535	-1.53414164155922
BA_only	hippocampus	AA	psi	chr4_54149259_54149866	chr4	54149259	54149866	13	13	0	0	0.0894703860806401	0.989302342378139	0.833809860406742	0.833809860406742	607	375	Genic/other	0	Heritable	0.152252839933709	0.89965686905449	0.0244251712620685	47676	0	0	1.52252839933709	6.4085287910595	5.9295891433899	10.7722043802966	-0.181749875746618
BA_only	hippocampus	AA	psi	chr4_54540174_54540565	chr4	54540174	54540565	36	36	0	0	0.0538179324921955	0.985176584192382	1.39384147143652	1.39384147143652	391	446	Intergenic	0	Heritable	0.107215990009141	0.91017329065771	0.0115741986937372	82493	0	0	1.07215990009141	5.96870755998537	6.10255859461357	11.3204808424053	0.332063590977411
BA_only	hippocampus	AA	psi	chr4_55157358_55159107	chr4	55157358	55159107	62	62	0	0	0.00630900267797438	0.920376068783091	2.09993504196804	2.09993504196804	1749	371	Promoter	2	Heritable	0.499432863343491	0.870845081388099	0.011357566345734	0	0	0	4.99432863343491	7.4667994750186	5.91889385427315	0	0.741906416616842
BA_only	hippocampus	AA	psi	chr4_55169520_55170397	chr4	55169520	55170397	61	61	0	0	0.0075069708344117	0.933559278800072	2.90143828808003	-2.90143828808003	877	384	Intergenic	0	Heritable	0.455195530288762	0.876119690794118	0.00799331466221952	0	0	0	4.55195530288762	6.77650699237218	5.95324333428779	0	1.06520657889769
BA_only	hippocampus	AA	psi	chr4_55364133_55364852	chr4	55364133	55364852	75	75	0	0	0.031602083532054	0.977060807838727	5.03721602952131	-5.03721602952131	719	385	Promoter	0	Heritable	0.103489641625702	0.883433753300678	0.00867145578916496	0	0	0	1.03489641625702	6.57786135772105	5.95583736946483	0	1.6168535563582
BA_only	hippocampus	AA	psi	chr4_55397777_55399405	chr4	55397777	55399405	73	73	0	0	0.0357459236402857	0.980494018606455	3.07961900280456	-3.07961900280456	1628	370	Promoter	2	Heritable	0.102725049995395	0.833725003059237	0.00837839987992267	1748	0	0	1.02725049995395	7.39510754656249	5.91620206260744	7.4667994750186	1.12480589219298
BA_only	hippocampus	AA	psi	chr4_56371428_56372432	chr4	56371428	56372432	21	21	0	0	0.0390711598136004	0.980549382116533	1.65416772829944	1.65416772829944	1004	487	Genic/other	0	Heritable	0.150978689441618	0.924646799483582	0.00691525519437363	0	0	0	1.50978689441618	6.91174730025167	6.19031540585315	0	0.503298005183442
BA_only	hippocampus	AA	psi	chr4_56592449_56592861	chr4	56592449	56592861	59	59	0	0	0.00635780976384222	0.920376068783091	3.1706430294263	-3.1706430294263	412	506	Promoter	2	Heritable	0.121309490975961	0.920862421289967	0.00725008315796875	62098	0	0	1.21309490975961	6.02102334934953	6.22851100359118	11.0364851647323	1.15393441887163
BA_only	hippocampus	AA	psi	chr4_56954233_56954676	chr4	56954233	56954676	49	49	0	0	0.0210637813463278	0.975932065139872	4.31889774725329	4.31889774725329	443	499	Genic/other	0	Non-heritable	0.0960726863202848	0.921784927472729	0.00709189466445143	0	0	0	0.960726863202848	6.09356977004514	6.21460809842219	0	1.46300022091607
BA_only	hippocampus	AA	psi	chr4_57052717_57053881	chr4	57052717	57053881	37	37	0	0	0.0603311273975641	0.98577631996496	2.34454462447115	-2.34454462447115	1164	509	Genic/other	0	Heritable	0.610789398997959	0.904336973656025	0.009407038244006	56005	0	0	6.10789398997959	7.05961762829138	6.23441072571837	10.933214106835	0.852091197315165
BA_only	hippocampus	AA	psi	chr4_57056045_57056311	chr4	57056045	57056311	37	37	0	0	0.000212842081169723	0.491811708572313	5.35510790225878	5.35510790225878	266	522	Genic/other	0	Heritable	0.15189504983527	0.950813827453049	0.00513983619071021	53575	0	0	1.5189504983527	5.5834963087817	6.25958146406492	10.8888564855899	1.67805085537898
BA_only	hippocampus	AA	psi	chr4_57109163_57109572	chr4	57109163	57109572	36	36	0	0	0.102803283246278	0.990610842832516	1.95228062898897	1.95228062898897	409	473	Promoter	1	Non-heritable	0.074294487799611	0.930420873554123	0.00851782087748275	314	0	0	0.74294487799611	6.0137151560428	6.16120732169508	5.75257263882563	0.668998247630846
BA_only	hippocampus	AA	psi	chr4_57194175_57194698	chr4	57194175	57194698	34	34	0	0	0.0304248986001345	0.976893291659941	3.26067636735975	-3.26067636735975	523	456	Genic/other	1	Non-heritable	0.0662237889357129	0.9105887914902	0.0108681366823782	0	0	0	0.662237889357129	6.25958146406492	6.12468339089421	0	1.18193465157581
BA_only	hippocampus	AA	psi	chr4_58436055_58436505	chr4	58436055	58436505	1	1	0	0	0.543975037182388	0.996308698789727	0.226603835508804	-0.226603835508804	450	271	Intergenic	0	Heritable	0.308015527798894	0.840181436693313	0.00867875966238515	88318	0	0	3.08015527798894	6.10924758276437	5.605802066296	11.3887105389831	-1.4845519600609
BA_only	hippocampus	AA	psi	chr4_6007986_6008557	chr4	6007986	6008557	40	40	0	0	0.0785175969429768	0.987720536119146	0.994045186960208	0.994045186960208	571	950	Genic/other	2	Non-heritable	0.0820160498145288	0.984267811266631	0.0114663044763487	41314	0	0	0.820160498145288	6.34738920965601	6.85751406254539	10.6289809091353	-0.00597260358040069
BA_only	hippocampus	AA	psi	chr4_62437209_62438220	chr4	62437209	62438220	16	16	0	0	0.0117563371760503	0.954216543045477	1.06337567853746	1.06337567853746	1011	297	Intergenic	0	Heritable	0.571227252918892	0.889866392693046	0.00801847151048868	216877	0	0	5.71227252918892	6.91869521902047	5.69709348650541	12.2870902624406	0.0614484598157211
BA_only	hippocampus	AA	psi	chr4_6246092_6246202	chr4	6246092	6246202	50	50	0	0	0.0383643499854043	0.980549382116533	2.49707757697748	-2.49707757697748	110	1012	Genic/other	2	Heritable	0.212452980875495	0.962567690047299	0.00688057312729959	8835	0	0	2.12452980875495	4.70048036579242	6.92067150424868	9.08658956454001	0.915121082892394
BA_only	hippocampus	AA	psi	chr4_6309712_6309987	chr4	6309712	6309987	49	49	0	0	0.0270886651527999	0.975932065139872	2.14159726167515	2.14159726167515	275	1037	Genic/other	0	Non-heritable	0.0984778429636878	0.975970159491773	0.00653070740285878	5796	0	0	0.984778429636878	5.61677109766657	6.94505106372583	8.66509582133973	0.761551939257538
BA_only	hippocampus	AA	psi	chr4_646314_646632	chr4	646314	646632	191	191	0	0	0.00174576132318677	0.793095751495605	5.17276521851652	5.17276521851652	318	319	Enhancer	0	Heritable	0.162296535674796	0.856048863930005	0.00718944780255889	6926	0	0	1.62296535674796	5.76205138278018	5.76832099579377	8.84318209802261	1.64340740598154
BA_only	hippocampus	AA	psi	chr4_64648500_64649401	chr4	64648500	64649401	4	4	0	0	0.0828545648166465	0.988137148207548	2.61586861251435	2.61586861251435	901	282	Intergenic	0	Heritable	0.511112125762685	0.855974979909082	0.00624525150719988	111760	0	0	5.11112125762685	6.80350525760834	5.64544689764324	11.624117941636	0.961596211582453
BA_only	hippocampus	AA	psi	chr4_651865_652220	chr4	651865	652220	195	195	0	0	0.00444810493021365	0.892091231711012	4.34970216577724	4.34970216577724	355	318	Promoter	1	Heritable	0.132413901487422	0.864451131866041	0.00634968216166194	1338	0	0	1.32413901487422	5.87211778947542	5.76519110278484	7.19967834569117	1.47010737741817
BA_only	hippocampus	AA	psi	chr4_66275579_66277501	chr4	66275579	66277501	3	3	0	0	0.284184498580839	0.993663620961428	0.587099978817702	0.587099978817702	1922	264	Promoter	0	Heritable	0.231443405559033	0.843479661938971	0.00819155622885864	140190	0	0	2.31443405559033	7.56112158953024	5.57972982598622	11.8507610575135	-0.532560134958664
BA_only	hippocampus	AA	psi	chr4_6659089_6659301	chr4	6659089	6659301	21	21	0	0	0.0199041823368901	0.975042617701122	2.87812206554272	2.87812206554272	212	913	Genic/other	2	Non-heritable	0.0797496013499336	0.974954569363149	0.00649758292718332	0	0	0	0.797496013499336	5.35658627467201	6.81783057145415	0	1.05713802436294
BA_only	hippocampus	AA	psi	chr4_6673289_6673628	chr4	6673289	6673628	21	21	0	0	0.0625616435058065	0.985907779499035	1.82436060009085	1.82436060009085	339	904	Promoter	1	Heritable	0.29955311043988	0.971052856373401	0.0120674869857999	0	0	0	2.9955311043988	5.82600010738045	6.80793494369993	0	0.601229575012182
BA_only	hippocampus	AA	psi	chr4_6730645_6730859	chr4	6730645	6730859	17	17	0	0	0.00888414019791034	0.934904762753836	1.71122526316947	-1.71122526316947	214	933	Enhancer	1	Non-heritable	0.0897237022414859	0.976337631656843	0.00726977838873649	29218	0	0	0.897237022414859	5.36597601502185	6.83947643822884	10.2825744615842	0.537209647943865
BA_only	hippocampus	AA	psi	chr4_67445356_67446461	chr4	67445356	67446461	4	4	0	0	0.0112983662169379	0.950081225852059	0.247430288021582	0.247430288021582	1105	300	Promoter	0	Heritable	0.151109182473057	0.870035181586837	0.0170678093046387	24457	0	0	1.51109182473057	7.00760061395185	5.70711026474888	10.1047126397493	-1.39662636079215
BA_only	hippocampus	AA	psi	chr4_6761575_6762157	chr4	6761575	6762157	17	17	0	0	0.0147412063975444	0.966089857218066	3.87449848507614	3.87449848507614	582	914	Genic/other	0	Non-heritable	0.0688496617698917	0.974402762200758	0.0058358299062468	0	0	0	0.688496617698917	6.36647044773144	6.81892406527552	0	1.35441623380423
BA_only	hippocampus	AA	psi	chr4_680723_682021	chr4	680723	682021	197	197	0	0	0.0116734320571272	0.953492238780509	4.08508005530922	-4.08508005530922	1298	312	Promoter	2	Heritable	0.12859172275565	0.884425510481733	0.0112058926351953	314	0	0	1.2859172275565	7.16857989726404	5.74620319054015	5.75257263882563	1.40734132795079
BA_only	hippocampus	AA	psi	chr4_68314187_68314289	chr4	68314187	68314289	12	12	0	0	0.0155179052999945	0.967076513219291	1.72229800321672	-1.72229800321672	102	257	Genic/other	0	Heritable	0.15582553243377	0.818036177098107	0.00748777421202012	4439	0	0	1.5582553243377	4.62497281328427	5.55295958492162	8.39840965542627	0.543659453294897
BA_only	hippocampus	AA	psi	chr4_68515386_68515650	chr4	68515386	68515650	6	6	0	0	0.106812595321983	0.990610842832516	0.738650509736861	0.738650509736861	264	223	Genic/other	0	Heritable	0.108820411669693	0.769391740391643	0.00733499456939563	40662	0	0	1.08820411669693	5.57594910314632	5.41164605185504	10.6130738670478	-0.302930379584007
BA_only	hippocampus	AA	psi	chr4_68526797_68530900	chr4	68526797	68530900	6	6	0	0	0.30142242634858	0.993663620961428	0.314578698675052	0.314578698675052	4103	226	Intergenic	0	Non-heritable	0.0950300526181002	0.800050170403347	0.0162622610281259	34819	0	0	0.950300526181002	8.31947369244219	5.4249500174814	10.4579472133222	-1.15652096809557
BA_only	hippocampus	AA	psi	chr4_68534935_68536569	chr4	68534935	68536569	6	6	0	0	0.0404872468501365	0.980549382116533	0.823696337974645	0.823696337974645	1634	221	Intergenic	0	Heritable	0.121779330477277	0.784595019294002	0.011195962513415	29150	0	0	1.21779330477277	7.39878627541995	5.40267738187228	10.2802444965075	-0.193953326728574
BA_only	hippocampus	AA	psi	chr4_68537714_68538761	chr4	68537714	68538761	6	6	0	0	0.0912053868033559	0.989446665475032	0.592580166044932	0.592580166044932	1047	216	Genic/other	0	Non-heritable	0.0924972015995682	0.822298584693483	0.0132808798257176	26958	0	0	0.924972015995682	6.95368421087054	5.37989735354046	10.2020724723502	-0.523269096908241
BA_only	hippocampus	AA	psi	chr4_68539842_68543439	chr4	68539842	68543439	6	6	0	0	0.121123715535306	0.991064867102684	0.525534686709517	0.525534686709517	3597	230	Genic/other	0	Non-heritable	0.0997706946052243	0.83760788205115	0.0134093274124718	22280	0	0	0.997706946052243	8.18785544369562	5.44241771052179	10.0114895763374	-0.643339064756238
BA_only	hippocampus	AA	psi	chr4_68597341_68599092	chr4	68597341	68599092	6	6	0	0	0.353004066371319	0.993907636149293	0.306148181169213	-0.306148181169213	1751	211	Intergenic	0	Heritable	0.106376765916088	0.816144708654488	0.00856056791922	21389	0	0	1.06376765916088	7.46794233228585	5.35658627467201	9.97067880207645	-1.18368600939112
BA_only	hippocampus	AA	psi	chr4_68600556_68605324	chr4	68600556	68605324	6	6	0	0	0.429276866496204	0.994840206451052	0.229703410604827	0.229703410604827	4768	225	Intergenic	0	Heritable	0.116767985820501	0.822622995425509	0.0120495000263397	24604	0	0	1.16767985820501	8.46968220874519	5.42053499927229	10.1107049533001	-1.47096627777921
BA_only	hippocampus	AA	psi	chr4_68607480_68607836	chr4	68607480	68607836	6	6	0	0	0.30715792737516	0.993663620961428	0.239066432126066	0.239066432126066	356	220	Intergenic	0	Non-heritable	0.0990529983353268	0.826104095086214	0.0150020208273485	31528	0	0	0.990529983353268	5.87493073085203	5.39816270151775	10.35866303621	-1.43101376515814
BA_only	hippocampus	AA	psi	chr4_68614577_68617790	chr4	68614577	68617790	6	6	0	0	0.111542528773258	0.990898390030923	0.542611112375556	0.542611112375556	3213	215	Promoter	0	Heritable	0.112863515851008	0.825869912230097	0.00730382610613516	38625	0	0	1.12863515851008	8.07496035911586	5.37527840768417	10.5616809038325	-0.611362380671123
BA_only	hippocampus	AA	psi	chr4_68618886_68620427	chr4	68618886	68620427	6	6	0	0	0.254357781618496	0.992837608310815	0.378296497081414	0.378296497081414	1541	218	Genic/other	0	Non-heritable	0.0716184112954512	0.824118524681159	0.00743221419321721	42934	0	0	0.716184112954512	7.34018683532012	5.3890717298165	10.6674426231066	-0.972076980583205
BA_only	hippocampus	AA	psi	chr4_68622341_68622826	chr4	68622341	68622826	6	6	0	0	0.307030036228242	0.993663620961428	0.33446833949572	0.33446833949572	485	222	Intergenic	0	Heritable	0.121411807927841	0.816604702549109	0.00639947719594833	46389	0	0	1.21411807927841	6.18414889093748	5.40717177146012	10.7448391977458	-1.09521302423229
BA_only	hippocampus	AA	psi	chr4_68905937_68906768	chr4	68905937	68906768	17	17	0	0	0.130514251794081	0.991064867102684	0.685638782871221	-0.685638782871221	831	205	Genic/other	0	Heritable	0.359759897242046	0.829181454063366	0.00712916928155413	0	0	0	3.59759897242046	6.72262979485545	5.32787616878958	0	-0.377404330931697
BA_only	hippocampus	AA	psi	chr4_68993721_68994394	chr4	68993721	68994394	17	17	0	0	0.201705966297265	0.991064867102684	2.27185474106003	-2.27185474106003	673	190	Intergenic	0	Non-heritable	0.0770382694847143	0.727327584805411	0.00705295546677546	10740	0	0	0.770382694847143	6.51174532964473	5.25227342804663	9.28182347359805	0.820596568824112
BA_only	hippocampus	AA	psi	chr4_69103768_69104179	chr4	69103768	69104179	19	19	0	0	0.0893083817939787	0.989174742478409	3.23537019559921	3.23537019559921	411	200	Genic/other	0	Heritable	0.336701220833765	0.855569436766969	0.00575225845639792	3082	0	0	3.36701220833765	6.01859321449623	5.30330490805908	8.03365842788615	1.17414335899401
BA_only	hippocampus	AA	psi	chr4_69267307_69269683	chr4	69267307	69269683	17	17	0	0	0.0645548078735876	0.985907779499035	2.0168323293269	-2.0168323293269	2376	213	Intergenic	0	Heritable	0.177807875647368	0.818748987714488	0.0104622403206632	17436	0	0	1.77807875647368	7.77317368048254	5.36597601502185	9.76634966431749	0.701528131732719
BA_only	hippocampus	AA	psi	chr4_69296000_69297040	chr4	69296000	69297040	12	12	0	0	0.18581982963874	0.991064867102684	1.80805614918769	-1.80805614918769	1040	214	Intergenic	0	Heritable	0.210150808660226	0.818084518039938	0.0208829254671117	0	0	0	2.10150808660226	6.94697599213542	5.37063802812766	0	0.592252322985203
BA_only	hippocampus	AA	psi	chr4_69313909_69315972	chr4	69313909	69315972	12	12	0	0	0.0169183970298957	0.970581273335112	6.75627621056745	-6.75627621056745	2063	209	Intergenic	0	Heritable	0.119441370702979	0.77019787828536	0.00969654141601481	0	0	0	1.19441370702979	7.63191651307125	5.34710753071747	0	1.9104718833329
BA_only	hippocampus	AA	psi	chr4_69320110_69323685	chr4	69320110	69323685	12	12	0	0	0.196034447417543	0.991064867102684	2.37022489992038	2.37022489992038	3575	219	Intergenic	0	Heritable	0.139677981831163	0.744192832583533	0.00622778356201562	0	0	0	1.39677981831163	8.18172045512811	5.39362754635236	0	0.862984849345025
BA_only	hippocampus	AA	psi	chr4_69338230_69338420	chr4	69338230	69338420	12	12	0	0	0.0269627865521133	0.975932065139872	1.96867774329273	1.96867774329273	190	209	Intergenic	0	Heritable	0.144908692002515	0.712933269838573	0.00316563497862553	0	0	0	1.44908692002515	5.24702407216049	5.34710753071747	0	0.677362126178264
BA_only	hippocampus	AA	psi	chr4_69343912_69344234	chr4	69343912	69344234	12	12	0	0	0.168748590397405	0.991064867102684	3.49610202764782	3.49610202764782	322	210	Genic/other	0	Heritable	0.158262351280822	0.773870473141165	0.00457288336162867	0	0	0	1.58262351280822	5.77455154554441	5.35185813347607	0	1.25164864433756
BA_only	hippocampus	AA	psi	chr4_69348885_69349267	chr4	69348885	69349267	13	13	0	0	0.0682851437001932	0.985907779499035	6.02778651522806	6.02778651522806	382	216	Genic/other	0	Heritable	0.115690544514849	0.794131243446603	0.00539977788492296	0	0	0	1.15690544514849	5.94542060860658	5.37989735354046	0	1.79637986627321
BA_only	hippocampus	AA	psi	chr4_69365021_69365657	chr4	69365021	69365657	14	14	0	0	0.0131934793942852	0.964283399649536	0.332980254782919	0.332980254782919	636	223	Intergenic	0	Heritable	0.247793212657608	0.839328890784307	0.0125664700281092	15813	0	0	2.47793212657608	6.45519856334012	5.41164605185504	9.66865090263087	-1.09967205567409
BA_only	hippocampus	AA	psi	chr4_69535506_69536113	chr4	69535506	69536113	14	14	0	0	0.0547497769738603	0.98577631996496	3.03594399476568	3.03594399476568	607	215	Intergenic	0	Heritable	0.621013800004015	0.850301979399971	0.00600719314323921	9818	0	0	6.21013800004015	6.4085287910595	5.37527840768417	9.19207456316929	1.11052241561023
BA_only	hippocampus	AA	psi	chr4_6962195_6962800	chr4	6962195	6962800	14	14	0	0	0.0566191610532749	0.98577631996496	1.22799227359231	-1.22799227359231	605	1016	Genic/other	0	Non-heritable	0.06247985656622	0.982006993009647	0.00818452489173321	24548	0	0	0.6247985656622	6.40522845803084	6.92461239604856	10.1084263991955	0.205380545985591
BA_only	hippocampus	AA	psi	chr4_6984882_6985996	chr4	6984882	6985996	14	14	0	0	0.0145466620906028	0.966089857218066	2.10894833749207	-2.10894833749207	1114	1014	Genic/other	1	Non-heritable	0.0640033225743352	0.984453420782729	0.00726955587896495	1352	0	0	0.640033225743352	7.01571242048723	6.92264389147589	7.21007962817079	0.746189409727807
BA_only	hippocampus	AA	psi	chr4_6999925_7000405	chr4	6999925	7000405	14	14	0	0	0.0161826218546308	0.968106276565941	1.43963698313166	-1.43963698313166	480	1010	Genic/other	0	Non-heritable	0.0435493161363951	0.982874579869746	0.00746250545943673	5740	0	0	0.435493161363951	6.17378610390194	6.91869521902047	8.65538869016764	0.364390993705349
BA_only	hippocampus	AA	psi	chr4_70032828_70035552	chr4	70032828	70035552	7	7	0	0	0.00776908730066722	0.933559278800072	1.89000833695765	1.89000833695765	2724	264	Genic/other	0	Heritable	0.234204084512022	0.890979438352127	0.00695381559444969	0	0	0	2.34204084512022	7.9098566672694	5.57972982598622	0	0.636581245441508
BA_only	hippocampus	AA	psi	chr4_7165059_7165280	chr4	7165059	7165280	17	17	0	0	0.0225161206658814	0.975932065139872	1.04567021560285	1.04567021560285	221	1023	Intergenic	0	Non-heritable	0.0781111070461301	0.975035399268941	0.00826435700663551	61790	0	0	0.781111070461301	5.39816270151775	6.93147180559945	11.0315130017726	0.0446580440438998
BA_only	hippocampus	AA	psi	chr4_72627374_72630633	chr4	72627374	72630633	1	1	0	0	0.135009650387651	0.991064867102684	0.570348503115305	-0.570348503115305	3259	236	Intergenic	0	Heritable	0.50798023030026	0.892371606453567	0.00785738642248906	57680	0	0	5.0798023030026	8.08917567883756	5.46806014113513	10.9626831088404	-0.561507678480498
BA_only	hippocampus	AA	psi	chr4_7313170_7313757	chr4	7313170	7313757	12	12	0	0	0.0945021139078177	0.989916224239147	0.91877334640787	0.91877334640787	587	1027	Enhancer	0	Heritable	0.125926936699158	0.98419984935933	0.00938499642720902	46589	0	0	1.25926936699158	6.3750248198281	6.93537044601511	10.7491412048108	-0.0847158068376838
BA_only	hippocampus	AA	psi	chr4_73139453_73139745	chr4	73139453	73139745	46	46	0	0	0.0121079298398501	0.95649320230981	3.01369574290171	-3.01369574290171	292	200	Genic/other	0	Heritable	0.17402469897929	0.791770787249143	0.00604868329741991	0	0	0	1.7402469897929	5.67675380226828	5.30330490805908	0	1.10316715048454
BA_only	hippocampus	AA	psi	chr4_73260278_73260919	chr4	73260278	73260919	56	56	0	0	0.00595900515057373	0.918414150018684	4.91601248000423	-4.91601248000423	641	212	Genic/other	1	Non-heritable	0.0856943873313741	0.748045921561348	0.00824865496801342	0	0	0	0.856943873313741	6.46302945692067	5.36129216570943	0	1.5924977323849
BA_only	hippocampus	AA	psi	chr4_7326967_7327165	chr4	7326967	7327165	8	8	0	0	0.0794328906896884	0.988137148207548	0.679963852750517	-0.679963852750517	198	1042	Genic/other	0	Non-heritable	0.0820593984337875	0.983310537545188	0.00674823605624785	60386	0	0	0.820593984337875	5.28826703069454	6.94985645500077	11.0085291289691	-0.38571562523807
BA_only	hippocampus	AA	psi	chr4_7351075_7351365	chr4	7351075	7351365	6	6	0	0	0.036695809539798	0.980549382116533	1.56605077367886	-1.56605077367886	290	1040	Genic/other	0	Heritable	0.105937228424928	0.983346675822654	0.00613179158277329	84494	0	0	1.05937228424928	5.66988092298052	6.94793706861497	11.3444476399969	0.448557025956509
BA_only	hippocampus	AA	psi	chr4_73981188_73982675	chr4	73981188	73982675	37	37	0	0	0.0211558062224371	0.975932065139872	1.87673145200885	-1.87673145200885	1487	301	Promoter	2	Heritable	0.132170220830345	0.88557711069399	0.010047704484933	0	0	0	1.32170220830345	7.30451594646016	5.71042701737487	0	0.629531679712772
BA_only	hippocampus	AA	psi	chr4_74046311_74046529	chr4	74046311	74046529	34	34	0	0	0.0231395232711198	0.975932065139872	3.2397425538101	-3.2397425538101	218	301	Intergenic	0	Non-heritable	0.0868481642926717	0.85314886705374	0.00786877677850846	0	0	0	0.868481642926717	5.38449506278909	5.71042701737487	0	1.17549387103331
BA_only	hippocampus	AA	psi	chr4_74159024_74159430	chr4	74159024	74159430	25	25	0	0	0.069772213950678	0.985907779499035	2.08738138482661	2.08738138482661	406	321	Promoter	1	Heritable	0.102091472877783	0.858584061694901	0.00718744863280744	0	0	0	1.02091472877783	6.00635315960173	5.77455154554441	0	0.735910359279207
BA_only	hippocampus	AA	psi	chr4_7463427_7463825	chr4	7463427	7463825	7	7	0	0	0.0213619750856449	0.975932065139872	0.796170109412318	-0.796170109412318	398	1007	Genic/other	0	Heritable	0.248121925034339	0.972117113643152	0.00662056953368894	188115	0	0	2.48121925034339	5.98645200528444	6.91572344863131	12.1448140728093	-0.22794239811749
BA_only	hippocampus	AA	psi	chr4_751813_751894	chr4	751813	751894	214	214	0	0	0.00367239036450934	0.867953489674172	2.69285273924665	2.69285273924665	81	339	Genic/other	0	Heritable	0.137309661451554	0.830952429868796	0.00686944444823286	10845	0	0	1.37309661451554	4.39444915467244	5.82894561761021	9.29155162740101	0.990601133257882
BA_only	hippocampus	AA	psi	chr4_7519914_7520223	chr4	7519914	7520223	6	6	0	0	0.0747714086246579	0.986273715994367	2.05005056603039	-2.05005056603039	309	1044	Genic/other	0	Heritable	0.105401118785384	0.987805218007748	0.00783768804925445	131717	0	0	1.05401118785384	5.73334127689775	6.95177216439891	11.788418552652	0.717864464080323
BA_only	hippocampus	AA	psi	chr4_75269259_75269713	chr4	75269259	75269713	79	79	0	0	0.0188213731295898	0.972503866121758	1.86704382894183	1.86704382894183	454	291	Genic/other	0	Heritable	0.520184261140792	0.861851788611611	0.00938772037181232	0	0	0	5.20184261140792	6.11809719804135	5.67675380226828	0	0.624356345238294
BA_only	hippocampus	AA	psi	chr4_7591766_7591960	chr4	7591766	7591960	7	7	0	0	0.200713986798408	0.991064867102684	5.93771030856419	-5.93771030856419	194	1072	Genic/other	2	Heritable	0.106548623054469	0.987456595028153	0.00655457772179708	59980	0	0	1.06548623054469	5.26785815906333	6.9782137426307	11.0017831243881	1.78132359080738
BA_only	hippocampus	AA	psi	chr4_76420556_76420765	chr4	76420556	76420765	50	50	0	0	0.0204344599331603	0.975856666808667	5.4513424882912	5.4513424882912	209	329	Genic/other	1	Non-heritable	0.0907133118949562	0.834348650642276	0.00778234357827394	0	0	0	0.907133118949562	5.34233425196481	5.79909265446053	0	1.6958619083026
BA_only	hippocampus	AA	psi	chr4_7655653_7656454	chr4	7655653	7656454	7	7	0	0	0.0395702782546922	0.980549382116533	1.63949421625049	-1.63949421625049	801	1057	Genic/other	0	Non-heritable	0.0977986509801539	0.984414013588989	0.00685658866807072	1782	0	0	0.977986509801539	6.68586094706836	6.96413561241825	7.48605261786314	0.494387795643721
BA_only	hippocampus	AA	psi	chr4_76898535_76898668	chr4	76898535	76898668	68	68	0	0	0.0121130701721715	0.95649320230981	11.7582927484309	11.7582927484309	133	388	Promoter	1	Heritable	0.28897907952216	0.849755438858425	0.00876269003751534	0	0	0	2.8897907952216	4.89034912822175	5.96357934361845	0	2.46455875832896
BA_only	hippocampus	AA	psi	chr4_769016_769299	chr4	769016	769299	217	217	0	0	0.00345792632844451	0.866906756094015	3.76143068227094	3.76143068227094	283	329	Genic/other	0	Heritable	0.105664885479511	0.851517768032049	0.00722304475272465	0	0	0	1.05664885479511	5.64544689764324	5.79909265446053	0	1.32479938829234
BA_only	hippocampus	AA	psi	chr4_77154575_77155783	chr4	77154575	77155783	77	77	0	0	0.000950985232718925	0.709134489015595	8.20593962611374	-8.20593962611374	1208	425	Genic/other	2	Non-heritable	0.0321348242450128	0.910504508648091	0.00913027788277579	0	0	0	0.321348242450128	7.09672137849476	6.05443934626937	0	2.10485823792588
BA_only	hippocampus	AA	psi	chr4_77286814_77288856	chr4	77286814	77288856	46	46	0	0	0.00636021581785186	0.920376068783091	1.93055177347501	1.93055177347501	2042	414	Genic/other	0	Heritable	0.733452822882531	0.913970795819919	0.0106671059903957	128280	0	0	7.33452822882531	7.62168499872461	6.0282785202307	11.7619784492242	0.65780586022928
BA_only	hippocampus	AA	psi	chr4_77320312_77323361	chr4	77320312	77323361	45	45	0	0	0.019009710631424	0.97294422691241	1.87327411032369	1.87327411032369	3049	382	Genic/other	0	Heritable	0.665524560541224	0.888841445147691	0.00733102926603708	161778	0	0	6.65524560541224	8.02256894698826	5.94803498918065	11.9939864853191	0.627687766369798
BA_only	hippocampus	AA	psi	chr4_7761703_7762168	chr4	7761703	7762168	10	10	0	0	0.0369064439126697	0.980549382116533	2.22386500642268	-2.22386500642268	465	999	Genic/other	0	Heritable	0.45258180947115	0.967149007273442	0.0086183406335358	0	0	0	4.5258180947115	6.14203740558736	6.90775527898214	0	0.799246680491827
BA_only	hippocampus	AA	psi	chr4_7919798_7920156	chr4	7919798	7920156	17	17	0	0	0.145781562972485	0.991064867102684	5.39232680075361	-5.39232680075361	358	921	Genic/other	0	Heritable	0.52669984583657	0.934550565203707	0.00681328315377482	88040	0	0	5.2669984583657	5.8805329864007	6.82654522355659	11.3855578940493	1.68497698207624
BA_only	hippocampus	AA	psi	chr4_7924408_7924844	chr4	7924408	7924844	17	17	0	0	0.105662568575155	0.990610842832516	3.28146551734227	-3.28146551734227	436	900	Genic/other	0	Heritable	0.48810091289342	0.947822048585817	0.00556825316320873	83352	0	0	4.8810091289342	6.07764224334903	6.80350525760834	11.3308398803327	1.18829012972402
BA_only	hippocampus	AA	psi	chr4_7963211_7963592	chr4	7963211	7963592	20	20	0	0	0.0256319893186034	0.975932065139872	3.86790425868763	3.86790425868763	381	824	Intergenic	0	Non-heritable	0.0894281826388908	0.97147296997877	0.00687921001987143	44604	0	0	0.894281826388908	5.9427993751267	6.71538338633468	10.7056012393479	1.35271282772108
BA_only	hippocampus	AA	psi	chr4_7966988_7967244	chr4	7966988	7967244	22	22	0	0	0.0188211560301098	0.972503866121758	2.20977583506245	-2.20977583506245	256	846	Genic/other	0	Non-heritable	0.0937881961184493	0.980109406162458	0.0066627939299603	40952	0	0	0.937881961184493	5.54517744447956	6.74170069465206	10.6201803466711	0.792891082811985
BA_only	hippocampus	AA	psi	chr4_79727789_79729504	chr4	79727789	79729504	48	48	0	0	0.00467789725621909	0.900895908545546	1.07510287603248	-1.07510287603248	1715	300	Intergenic	0	Heritable	0.330835120267841	0.895394749240958	0.0135854905392982	104560	0	0	3.30835120267841	7.44716835960004	5.70711026474888	11.5575259121391	0.0724163649371043
BA_only	hippocampus	AA	psi	chr4_79965067_79965221	chr4	79965067	79965221	21	21	0	0	0.0592170586822151	0.98577631996496	2.38204743947693	2.38204743947693	154	298	Promoter	1	Non-heritable	0.0771093925206342	0.676022125300882	0.00842711297291219	0	0	0	0.771093925206342	5.03695260241363	5.70044357339069	0	0.867960390750211
BA_only	hippocampus	AA	psi	chr4_80188578_80189389	chr4	80188578	80189389	24	24	0	0	0.0296736045405924	0.976741514025636	1.72521329551097	1.72521329551097	811	270	Genic/other	2	Non-heritable	0.098191042797664	0.821251630870236	0.00796572583939579	469	0	0	0.98191042797664	6.69826805411541	5.6021188208797	6.1527326947041	0.545350698207306
BA_only	hippocampus	AA	psi	chr4_8019321_8020248	chr4	8019321	8020248	38	38	0	0	0.0580629345342573	0.98577631996496	1.96678151897188	-1.96678151897188	927	810	Genic/other	0	Non-heritable	0.08521609807127	0.963675676312042	0.00722134430537933	0	0	0	0.8521609807127	6.83195356556586	6.69826805411541	0	0.676398465100057
BA_only	hippocampus	AA	psi	chr4_80199114_80199590	chr4	80199114	80199590	24	24	0	0	0.0551267716594964	0.98577631996496	6.81068665460288	-6.81068665460288	476	267	Genic/other	1	Heritable	0.170161350149446	0.876756910451877	0.00628840070353743	1892	0	0	1.70161350149446	6.16541785423142	5.59098698051086	7.54591815120932	1.91849294688483
BA_only	hippocampus	AA	psi	chr4_80201285_80201917	chr4	80201285	80201917	24	24	0	0	0.00310680438325555	0.849752756919949	4.64058950678998	4.64058950678998	632	269	Genic/other	1	Non-heritable	0.0802032095782342	0.832249792120091	0.00740375968023069	4063	0	0	0.802032095782342	6.44888939414686	5.59842195899838	8.30992298925832	1.53484140920019
BA_only	hippocampus	AA	psi	chr4_80203399_80203563	chr4	80203399	80203563	24	24	0	0	0.0810096038821778	0.988137148207548	1.87785034111906	1.87785034111906	164	272	Genic/other	1	Heritable	0.116053318852256	0.829298162686704	0.00716606254524744	6177	0	0	1.16053318852256	5.0998664278242	5.60947179518496	8.72874987347853	0.630127692370917
BA_only	hippocampus	AA	psi	chr4_8058051_8058577	chr4	8058051	8058577	36	36	0	0	0.0116060733286543	0.95315577890577	1.74611592441075	-1.74611592441075	526	797	Genic/other	0	Heritable	0.116433738094481	0.971046061488701	0.0107191122694417	21901	0	0	1.16433738094481	6.26530121273771	6.68210859744981	9.9943332358357	0.557393855219185
BA_only	hippocampus	AA	psi	chr4_81566063_81566450	chr4	81566063	81566450	5	5	0	0	0.291973155678797	0.993663620961428	0.398002341651573	-0.398002341651573	387	352	Genic/other	0	Non-heritable	0.0652995711496264	0.860771130438269	0.00820920316200124	0	0	0	0.652995711496264	5.95842469302978	5.8664680569333	0	-0.921297365042862
BA_only	hippocampus	AA	psi	chr4_82379717_82380499	chr4	82379717	82380499	35	35	0	0	0.0108447829937832	0.944902218841749	2.50685717966017	-2.50685717966017	782	393	Genic/other	0	Non-heritable	0.0918894334762476	0.900463720634584	0.00694747308130769	0	0	0	0.918894334762476	6.66185474054531	5.97635090929793	0	0.919029852918656
BA_only	hippocampus	AA	psi	chr4_82450812_82451439	chr4	82450812	82451439	35	35	0	0	0.0118990360459777	0.95506848431582	2.36619741040239	2.36619741040239	627	382	Genic/other	0	Heritable	0.102345998392189	0.926145182151437	0.00976355540626698	0	0	0	1.02345998392189	6.44094654063292	5.94803498918065	0	0.861284202651044
BA_only	hippocampus	AA	psi	chr4_82758445_82759339	chr4	82758445	82759339	50	50	0	0	0.0322341532064992	0.978165777237957	4.6331074067346	-4.6331074067346	894	389	Genic/other	0	Heritable	0.124831662286214	0.893060004049614	0.0076024880037387	59913	0	0	1.24831662286214	6.79570577517351	5.96614673912369	11.0006654796661	1.53322779130163
BA_only	hippocampus	AA	psi	chr4_82811925_82812183	chr4	82811925	82812183	59	59	0	0	0.00637376958885073	0.920376068783091	6.93317895141684	6.93317895141684	258	413	Intergenic	0	Heritable	0.102251478801731	0.921703709440516	0.0100867940812712	7069	0	0	1.02251478801731	5.55295958492162	6.02586597382531	8.86361575889062	1.93631843261103
BA_only	hippocampus	AA	psi	chr4_82825169_82825569	chr4	82825169	82825569	62	62	0	0	0.0108441761521213	0.944902218841749	3.81304463039948	-3.81304463039948	400	401	Genic/other	0	Heritable	0.146326156341379	0.93516972791385	0.00674273200980117	613	0	0	1.46326156341379	5.99146454710798	5.99645208861902	6.41999492814714	1.33842798822874
BA_only	hippocampus	AA	psi	chr4_8285389_8285819	chr4	8285389	8285819	55	55	0	0	0.0433015530716641	0.980549382116533	4.26097782641306	-4.26097782641306	430	667	Genic/other	0	Heritable	0.598963545071802	0.939827868308666	0.00688616114702995	15281	0	0	5.98963545071802	6.06378520868761	6.50428817353665	9.63443094420751	1.44949867300532
BA_only	hippocampus	AA	psi	chr4_82889793_82890002	chr4	82889793	82890002	70	70	0	0	0.000566644629804131	0.636920160415722	5.4332041113774	5.4332041113774	209	445	Genic/other	1	Non-heritable	0.0812987195691549	0.917106347629328	0.00749598280056753	0	0	0	0.812987195691549	5.34233425196481	6.10031895202006	0	1.69252903752024
BA_only	hippocampus	AA	psi	chr4_83034276_83034467	chr4	83034276	83034467	78	78	0	0	0.021481506932987	0.975932065139872	1.96395689150047	1.96395689150047	191	393	Promoter	0	Heritable	0.234667370257769	0.927208908917911	0.0152487220116103	830	0	0	2.34667370257769	5.25227342804663	5.97635090929793	6.72262979485545	0.674961265445299
BA_only	hippocampus	AA	psi	chr4_8393050_8393844	chr4	8393050	8393844	65	65	0	0	0.0154174379615551	0.967076513219291	3.58888665915174	-3.58888665915174	794	633	Genic/other	0	Heritable	0.370318913108593	0.927320803622351	0.00727484417322355	22690	0	0	3.70318913108593	6.67708346124714	6.45204895443723	10.0297236490813	1.27784203438959
BA_only	hippocampus	AA	psi	chr4_8394912_8395753	chr4	8394912	8395753	65	65	0	0	0.00206475560770205	0.811090501848299	5.3793347726147	-5.3793347726147	841	635	Promoter	0	Non-heritable	0.0864117821844251	0.952626339715078	0.00812765927391479	20781	0	0	0.864117821844251	6.73459165997295	6.45519856334012	9.94184250641259	1.68256472017471
BA_only	hippocampus	AA	psi	chr4_84126270_84127227	chr4	84126270	84127227	14	14	0	0	0.0454696708299637	0.981607187498161	0.408611646577836	-0.408611646577836	957	426	Enhancer	0	Heritable	0.142693270675269	0.885641633510142	0.00789481144836394	0	0	0	1.42693270675269	6.86380339145295	6.05678401322863	0	-0.894990068914892
BA_only	hippocampus	AA	psi	chr4_86936399_86936704	chr4	86936399	86936704	28	28	0	0	0.00412899316010489	0.882277433336612	4.4167905994263	4.4167905994263	305	206	Promoter	1	Heritable	0.147083203612139	0.759242384019542	0.00945065435729371	0	0	0	1.47083203612139	5.72031177660741	5.33271879326537	0	1.48541332588199
BA_only	hippocampus	AA	psi	chr4_8700220_8700671	chr4	8700220	8700671	19	19	0	0	0.0279579299172756	0.975932065139872	4.05969645210571	4.05969645210571	451	386	Intergenic	0	Heritable	0.103275505291251	0.903522122367199	0.00682758504970928	44993	0	0	1.03275505291251	6.11146733950268	5.95842469302978	10.7142844265294	1.4011082077906
BA_only	hippocampus	AA	psi	chr4_87221168_87221372	chr4	87221168	87221372	20	20	0	0	0.0692649850976153	0.985907779499035	3.11987491836398	-3.11987491836398	204	294	Promoter	1	Heritable	0.110607386787728	0.770768903979537	0.0106717879973415	749	0	0	1.10607386787728	5.31811999384422	5.68697535633982	6.62007320653036	1.13779291395506
BA_only	hippocampus	AA	psi	chr4_8740316_8741018	chr4	8740316	8741018	18	18	0	0	0.0786593401788391	0.987720536119146	2.1323881185007	-2.1323881185007	702	346	Intergenic	0	Heritable	0.102776880887358	0.862766833593077	0.0079248525640132	4646	0	0	1.02776880887358	6.55393340402581	5.84932477994686	8.44397712908498	0.757242538750025
BA_only	hippocampus	AA	psi	chr4_87863646_87864127	chr4	87863646	87864127	152	152	0	0	0.00427541000483883	0.888539612676336	1.69509884487988	-1.69509884487988	481	409	Intergenic	0	Heritable	0.374306098287042	0.886252540732816	0.00878071018023476	0	0	0	3.74306098287042	6.17586727010576	6.01615715969835	0	0.527741060594839
BA_only	hippocampus	AA	psi	chr4_87922541_87922838	chr4	87922541	87922838	156	156	0	0	0.0154336491234054	0.967076513219291	1.80169361344196	1.80169361344196	297	437	Intergenic	0	Heritable	0.316875298040994	0.862632444410306	0.00645839176563593	0	0	0	3.16875298040994	5.6937321388027	6.08221891037645	0	0.588727124443578
BA_only	hippocampus	AA	psi	chr4_88456287_88456458	chr4	88456287	88456458	125	125	0	0	0.00146153380440642	0.762823213405844	3.14697495781503	3.14697495781503	171	367	Promoter	1	Non-heritable	0.0700347890160393	0.8570428069463	0.00728137083309491	0	0	0	0.700347890160393	5.14166355650266	5.90808293816893	0	1.14644166374972
BA_only	hippocampus	AA	psi	chr4_8856481_8856814	chr4	8856481	8856814	89	89	0	0	0.00791461937063486	0.933559278800072	3.5920809428115	-3.5920809428115	333	261	Genic/other	1	Non-heritable	0.0845070708700967	0.704838529276423	0.0075404468168809	0	0	0	0.845070708700967	5.80814248998044	5.5683445037611	0	1.27873168716025
BA_only	hippocampus	AA	psi	chr4_88612650_88613572	chr4	88612650	88613572	48	48	0	0	0.0155188430759364	0.967076513219291	2.22695318332384	-2.22695318332384	922	325	Enhancer	0	Non-heritable	0.0797522710798302	0.895965520591546	0.00785131056820161	6854	0	0	0.797522710798302	6.82654522355659	5.78689738136671	8.83273359199642	0.800634370238386
BA_only	hippocampus	AA	psi	chr4_8862286_8863318	chr4	8862286	8863318	89	89	0	0	0.00764698852651714	0.933559278800072	3.39071126083185	-3.39071126083185	1032	258	Genic/other	1	Heritable	0.102635068965009	0.726097066681007	0.00845703964594099	0	0	0	1.02635068965009	6.93925394604151	5.55682806169954	0	1.22103971378907
BA_only	hippocampus	AA	psi	chr4_8867230_8867898	chr4	8867230	8867898	103	103	0	0	0.000806892751766858	0.683148985370606	3.72131120140663	3.72131120140663	668	254	Genic/other	2	Heritable	0.141253396343943	0.787559766013606	0.00823271883575308	0	0	0	1.41253396343943	6.50428817353665	5.54126354515843	0	1.3140760823645
BA_only	hippocampus	AA	psi	chr4_88760107_88761299	chr4	88760107	88761299	25	25	0	0	0.000962341839239816	0.712692533608524	1.10435346503672	1.10435346503672	1192	346	Promoter	0	Heritable	0.159751651331741	0.847355411805681	0.00703811140353367	0	0	0	1.59751651331741	7.0833878476253	5.84932477994686	0	0.0992600732729893
BA_only	hippocampus	AA	psi	chr4_88820634_88821187	chr4	88820634	88821187	20	20	0	0	0.0402739009492818	0.980549382116533	2.27096657256792	2.27096657256792	553	380	Genic/other	0	Non-heritable	0.0660281752571706	0.912588319984713	0.00604885369563768	0	0	0	0.660281752571706	6.31535800152234	5.9427993751267	0	0.820205548161753
BA_only	hippocampus	AA	psi	chr4_8961339_8961639	chr4	8961339	8961639	316	316	0	0	0.00479309176609698	0.903845859635741	12.9294080143223	12.9294080143223	300	217	Genic/other	2	Non-heritable	0.048868570959503	0.820420526472172	0.00790635077111263	39418	0	0	0.48868570959503	5.7037824746562	5.38449506278909	10.5820032125514	2.55950440862063
BA_only	hippocampus	AA	psi	chr4_89641017_89641353	chr4	89641017	89641353	103	103	0	0	0.0426790627885562	0.980549382116533	2.46082952357508	2.46082952357508	336	352	Genic/other	0	Heritable	0.142335235271772	0.904674182663408	0.00640128484048281	0	0	0	1.42335235271772	5.8171111599632	5.8664680569333	0	0.90049850187253
BA_only	hippocampus	AA	psi	chr4_9123243_9125034	chr4	9123243	9125034	309	309	0	0	0.0039494916289173	0.876132919298309	5.4329543181164	-5.4329543181164	1791	129	Genic/other	0	Heritable	0.178936739846734	0.735169837987985	0.0102335965667756	0	0	0	1.78936739846734	7.49052940206071	4.86753445045558	0	1.69248306115018
BA_only	hippocampus	AA	psi	chr4_91791637_91792040	chr4	91791637	91792040	1	1	0	0	0.862601680900676	0.999100225123066	0.0292164670937912	0.0292164670937912	403	227	Intergenic	0	Heritable	0.100513387828479	0.815118527832258	0.0130663970445512	193064	0	0	1.00513387828479	5.99893656194668	5.42934562895444	12.1707821987516	-3.53302244482232
BA_only	hippocampus	AA	psi	chr4_9248169_9248301	chr4	9248169	9248301	310	310	0	0	0.00165183812061083	0.786661074605562	4.2820161112454	-4.2820161112454	132	78	Promoter	0	Heritable	0.215086902810633	0.780703224492323	0.0273763720474961	95213	0	0	2.15086902810633	4.88280192258637	4.36944785246702	11.4638822687909	1.45442395504723
BA_only	hippocampus	AA	psi	chr4_92635244_92636728	chr4	92635244	92636728	1	1	0	0	0.347443267701207	0.993886763688118	1.08432456362268	-1.08432456362268	1484	190	Genic/other	0	Non-heritable	0.0288825941871771	0.743772703443981	0.00887264097591183	0	0	0	0.288825941871771	7.30249642372733	5.25227342804663	0	0.0809572803607291
BA_only	hippocampus	AA	psi	chr4_9381178_9382216	chr4	9381178	9382216	695	695	0	0	0.000122813205195939	0.416727663010105	7.56153138944535	-7.56153138944535	1038	97	Promoter	2	Heritable	0.174335379876868	0.617747530916918	0.00893056585746082	113722	0	0	1.74335379876868	6.94505106372583	4.58496747867057	11.6415209460009	2.02307373574191
BA_only	hippocampus	AA	psi	chr4_9455766_9455933	chr4	9455766	9455933	686	686	0	1	3.55596633792631e-06	0.0531793618750964	6.00752398917545	-6.00752398917545	167	116	Genic/other	0	Heritable	0.164733810618348	0.68453975511831	0.0078196914815381	40005	0	1	1.64733810618348	5.11799381241676	4.76217393479776	10.5967847218472	1.7930126834895
BA_only	hippocampus	AA	psi	chr4_9457061_9457777	chr4	9457061	9457777	686	686	2	2	2.70854653603943e-10	2.79042890732005e-05	6.99078779067911	-6.99078779067911	716	110	Genic/other	0	Heritable	0.161053711548406	0.645241767125984	0.0214150775641047	38161	1	1	1.61053711548406	6.57368016696065	4.70953020131233	10.5495955350903	1.94459325385492
BA_only	hippocampus	AA	psi	chr4_9461832_9462689	chr4	9461832	9462689	686	686	2	2	2.70483678687938e-12	3.58278043926979e-07	18.8061636622067	18.8061636622067	857	114	Intergenic	0	Heritable	0.229243552173609	0.664176286516472	0.00781494906767381	33249	1	1	2.29243552173609	6.75343791859778	4.74493212836325	10.411810046084	2.93418467100784
BA_only	hippocampus	AA	psi	chr4_9463993_9464329	chr4	9463993	9464329	686	686	4	7	2.58921872898868e-09	0.00021824948356983	4.26188577899095	-4.26188577899095	336	118	Genic/other	0	Heritable	0.145907295819924	0.654402611057224	0.00951287957433366	31609	1	1	1.45907295819924	5.8171111599632	4.77912349311153	10.3612288052097	1.44971173580234
BA_only	hippocampus	AA	psi	chr4_94654263_94654814	chr4	94654263	94654814	14	14	0	0	0.0754173838416656	0.987023137100836	1.82423292830771	1.82423292830771	551	282	Genic/other	0	Non-heritable	0.0424394240982299	0.694451174077548	0.00822752760285499	0	0	0	0.424394240982299	6.31173480915292	5.64544689764324	0	0.601159590903786
BA_only	hippocampus	AA	psi	chr4_9465601_9466288	chr4	9465601	9466288	686	686	5	6	2.47694097345365e-08	0.00135096440359648	15.7278403968326	-15.7278403968326	687	119	Genic/other	0	Heritable	0.138877457489482	0.628474077827368	0.00957279851919169	29650	1	1	1.38877457489482	6.53233429222235	4.78749174278205	10.29725113067	2.75543241628012
BA_only	hippocampus	AA	psi	chr4_9473171_9473380	chr4	9473171	9473380	686	686	0	0	0.00114988323582921	0.72939557362483	2.89794188815049	2.89794188815049	209	118	Intergenic	1	Heritable	0.202935405276179	0.654153364841804	0.0163888017120852	22558	0	0	2.02935405276179	5.34233425196481	4.77912349311153	10.0238893783884	1.06400079475013
BA_only	hippocampus	AA	psi	chr4_9475160_9476489	chr4	9475160	9476489	686	686	0	0	0.00114347998143727	0.729035708269143	4.59482547478122	-4.59482547478122	1329	116	Intergenic	1	Non-heritable	0.0667321591050697	0.602754384282612	0.0161959330925458	19449	0	0	0.667321591050697	7.19218205871325	4.76217393479776	9.87560234904659	1.52493077571345
BA_only	hippocampus	AA	psi	chr4_95044510_95045638	chr4	95044510	95045638	2	2	0	0	0.0516333251558422	0.984153364580922	0.613814952091781	-0.613814952091781	1128	457	Genic/other	0	Heritable	0.227997548268898	0.923105346062121	0.00993005918486813	69183	0	0	2.27997548268898	7.02820143205801	6.12686918411419	11.1445249009989	-0.488061760925819
BA_only	hippocampus	AA	psi	chr4_95231562_95233024	chr4	95231562	95233024	2	2	0	0	0.0195850171581318	0.973631121108853	0.654251755095572	-0.654251755095572	1462	424	Genic/other	0	Non-heritable	0.0470300437846438	0.844414922408874	0.00893361825020526	0	0	0	0.470300437846438	7.28756064030972	6.05208916892442	0	-0.424263039683932
BA_only	hippocampus	AA	psi	chr4_959039_959315	chr4	959039	959315	98	98	0	0	0.0126744188838989	0.961717006536833	4.85653849711747	-4.85653849711747	276	374	Genic/other	1	Non-heritable	0.0860850850156922	0.869005841327952	0.00663690649766089	1214	0	0	0.860850850156922	5.62040086571715	5.92692602597041	7.10249935577465	1.58032594281419
BA_only	hippocampus	AA	psi	chr4_9604677_9605118	chr4	9604677	9605118	688	688	0	0	0.0044821464779102	0.893738079890357	4.37375284730169	-4.37375284730169	441	138	Genic/other	0	Heritable	0.138694223740511	0.628940692668056	0.00743122187578284	0	0	0	1.38694223740511	6.08904487544685	4.93447393313069	0	1.47562141798373
BA_only	hippocampus	AA	psi	chr4_9659407_9662092	chr4	9659407	9662092	688	688	0	0	0.00128089842062919	0.748685029382681	4.95461953593821	4.95461953593821	2685	160	Genic/other	0	Heritable	0.419676276646928	0.797211720534838	0.00866418856237847	0	0	0	4.19676276646928	7.89543600694297	5.08140436498446	0	1.60032038298508
BA_only	hippocampus	AA	psi	chr4_9781013_9781246	chr4	9781013	9781246	692	692	0	0	0.000162311201851237	0.452879333035931	7.20394589396577	7.20394589396577	233	172	Promoter	1	Heritable	0.107138837761591	0.723442541498129	0.00725290709220768	0	0	0	1.07138837761591	5.4510384535657	5.15329159449778	0	1.97462891811919
BA_only	hippocampus	AA	psi	chr4_98587611_98588276	chr4	98587611	98588276	29	29	0	0	0.00896731089764816	0.937915179400488	2.40161718702964	-2.40161718702964	665	283	Genic/other	0	Heritable	0.106873028406829	0.882129598897395	0.00753201542505162	0	0	0	1.06873028406829	6.49978704065585	5.64897423816121	0	0.87614234252667
BA_only	hippocampus	AA	psi	chr4_98929957_98930067	chr4	98929957	98930067	61	61	0	0	0.0300897309537934	0.976893291659941	3.76658465251749	3.76658465251749	110	332	Promoter	1	Non-heritable	0.0981715662251005	0.787193582310675	0.0103474339881104	861	0	0	0.981715662251005	4.70048036579242	5.80814248998044	6.75925527066369	1.32616866580014
BA_only	hippocampus	AA	psi	chr4_99562843_99562970	chr4	99562843	99562970	17	17	0	0	0.00831470543606628	0.933559278800072	1.84285879026214	-1.84285879026214	127	212	Genic/other	1	Heritable	0.146101947572797	0.792719786756592	0.00652586757909147	0	0	0	1.46101947572797	4.84418708645859	5.36129216570943	0	0.611318061678961
BA_only	hippocampus	AA	psi	chr5_1004070_1004252	chr5	1004070	1004252	54	54	0	0	0.0109844934221768	0.946775224156087	2.67675151330141	-2.67675151330141	182	537	Promoter	1	Non-heritable	0.0917441373575593	0.915337421991953	0.0074877163481923	6798	0	0	0.917441373575593	5.2040066870768	6.28785856016178	8.82453082152646	0.984603941142252
BA_only	hippocampus	AA	psi	chr5_10123982_10124675	chr5	10123982	10124675	54	54	0	0	0.0444299890373461	0.981340730902826	3.0979265808109	-3.0979265808109	693	628	Intergenic	0	Heritable	0.222540108874161	0.946973801534872	0.00575184974124479	102971	0	0	2.22540108874161	6.5410299991899	6.44413125670044	11.5422123855951	1.13073304604282
BA_only	hippocampus	AA	psi	chr5_10138594_10138863	chr5	10138594	10138863	52	52	0	0	0.0209516055921719	0.975856666808667	2.53765728525201	-2.53765728525201	269	618	Intergenic	0	Heritable	0.14432422257668	0.962521990791805	0.00871332774273867	88783	0	0	1.4432422257668	5.59471137960184	6.4281052726846	11.3939617325657	0.931241330723366
BA_only	hippocampus	AA	psi	chr5_10333111_10333193	chr5	10333111	10333193	69	69	0	0	0.00959043812957907	0.939841915020693	3.42468514329511	-3.42468514329511	82	590	Genic/other	1	Heritable	0.120804817811498	0.953586322977771	0.00798306979621247	0	0	0	1.20804817811498	4.40671924726425	6.3818160174061	0	1.23100954144351
BA_only	hippocampus	AA	psi	chr5_103561786_103562267	chr5	103561786	103562267	5	5	0	0	0.0369000115008428	0.980549382116533	1.57100650575116	-1.57100650575116	481	354	Genic/other	0	Heritable	0.207220115725165	0.859662207107567	0.0070097174500335	0	0	0	2.07220115725165	6.17586727010576	5.87211778947542	0	0.451716506783126
BA_only	hippocampus	AA	psi	chr5_103562884_103563301	chr5	103562884	103563301	5	5	0	0	0.0407237368588888	0.980549382116533	2.04580947074954	-2.04580947074954	417	364	Promoter	0	Heritable	0.11320850137297	0.887468777357513	0.00703275457939501	180	0	0	1.1320850137297	6.0330862217988	5.89989735358249	5.19849703126583	0.715793545280467
BA_only	hippocampus	AA	psi	chr5_104610761_104611664	chr5	104610761	104611664	20	20	0	0	0.0221564101388704	0.975932065139872	1.39853374271931	1.39853374271931	903	249	Genic/other	0	Non-heritable	0.035385780728878	0.676520471801701	0.0102449691864924	0	0	0	0.35385780728878	6.80572255341699	5.52146091786225	0	0.335424368312724
BA_only	hippocampus	AA	psi	chr5_10524480_10525366	chr5	10524480	10525366	68	68	0	0	0.00101956411900704	0.7208764098031	2.52826172895701	2.52826172895701	886	601	Genic/other	0	Non-heritable	0.0734392190769229	0.953244454808551	0.00824151163055708	2723	0	0	0.734392190769229	6.78671695060508	6.40025744530882	7.9098566672694	0.927532006904961
BA_only	hippocampus	AA	psi	chr5_10534594_10535131	chr5	10534594	10535131	68	68	0	0	0.00994432054105756	0.944331581342984	1.54807831436728	-1.54807831436728	537	585	Intergenic	0	Heritable	0.116535556788305	0.952317364889637	0.00914022740004499	12837	0	0	1.16535556788305	6.28599809450887	6.37331978957701	9.46016480187172	0.437014371024029
BA_only	hippocampus	AA	psi	chr5_10638698_10638831	chr5	10638698	10638831	33	33	0	0	0.0432932238793025	0.980549382116533	2.3896584558032	2.3896584558032	133	510	Genic/other	1	Heritable	0.515255117790617	0.948245578625549	0.00814518340365992	669	0	0	5.15255117790617	4.89034912822175	6.2363695902037	6.50727771238501	0.871150454394477
BA_only	hippocampus	AA	psi	chr5_10649345_10649783	chr5	10649345	10649783	33	33	0	0	0.0642228995800918	0.985907779499035	2.15441498242977	2.15441498242977	438	500	Genic/other	1	Heritable	0.139273454776349	0.929910624337739	0.00577599886717812	11316	0	0	1.39273454776349	6.08221891037645	6.21660610108487	9.33406129896594	0.767519221472551
BA_only	hippocampus	AA	psi	chr5_106620980_106621524	chr5	106620980	106621524	2	2	0	0	0.604465981071855	0.996708385614517	0.389882524710913	-0.389882524710913	544	292	Intergenic	0	Heritable	0.109047951031309	0.82192066938559	0.00908617644696132	194021	0	0	1.09047951031309	6.29894924685594	5.68017260901707	12.1757268336778	-0.941909778275122
BA_only	hippocampus	AA	psi	chr5_107067209_107067885	chr5	107067209	107067885	5	5	0	0	0.145620874447314	0.991064867102684	1.11514810141341	1.11514810141341	676	411	Intergenic	0	Non-heritable	0.0333400603649193	0.74541817134416	0.00804728644270487	0	0	0	0.333400603649193	6.51619307604296	6.02102334934953	0	0.108987231438598
BA_only	hippocampus	AA	psi	chr5_107572862_107573246	chr5	107572862	107573246	7	7	0	0	0.159908746451295	0.991064867102684	0.175542527048602	-0.175542527048602	384	473	Enhancer	0	Non-heritable	0.053154906041754	0.878244909634876	0.0139022314895619	0	0	0	0.53154906041754	5.95064255258773	6.16120732169508	0	-1.73987388909931
BA_only	hippocampus	AA	psi	chr5_108378624_108378908	chr5	108378624	108378908	3	3	0	0	0.369220051944494	0.994240189962501	0.136361002544779	-0.136361002544779	284	294	Genic/other	1	Heritable	0.103649591702557	0.746919839789495	0.009644759572662	2773	0	0	1.03649591702557	5.64897423816121	5.68697535633982	7.92804560087478	-1.99244940621361
BA_only	hippocampus	AA	psi	chr5_108728882_108729121	chr5	108728882	108729121	4	4	0	0	0.158199978414663	0.991064867102684	0.517097376907453	0.517097376907453	239	254	Promoter	1	Heritable	0.120715789882694	0.84956778759175	0.0114733787524774	18878	0	0	1.20715789882694	5.47646355193151	5.54126354515843	9.84580547219504	-0.659524052952905
BA_only	hippocampus	AA	psi	chr5_109692267_109693758	chr5	109692267	109693758	16	16	0	0	0.0152802420435641	0.966884745321541	3.58036388718621	-3.58036388718621	1491	372	Genic/other	2	Heritable	0.110482372549346	0.90789917233106	0.0110016497639789	100478	0	0	1.10482372549346	7.30720231476474	5.92157841964382	11.5177040294232	1.27546444250559
BA_only	hippocampus	AA	psi	chr5_109696124_109696621	chr5	109696124	109696621	16	16	0	0	0.118193734608884	0.990898390030923	3.17982854366296	3.17982854366296	497	368	Genic/other	0	Heritable	0.135671953281159	0.91733651189787	0.00559773270716077	97615	0	0	1.35671953281159	6.20859002609663	5.91079664404053	11.4887966933916	1.15682728139621
BA_only	hippocampus	AA	psi	chr5_110726055_110727437	chr5	110726055	110727437	11	11	0	0	0.193033493637087	0.991064867102684	1.33510007873023	-1.33510007873023	1382	284	Promoter	0	Non-heritable	0.0950302813138321	0.816423419854169	0.00756537817050035	0	0	0	0.950302813138321	7.23128700432762	5.65248918026865	0	0.289006261873524
BA_only	hippocampus	AA	psi	chr5_110894354_110894540	chr5	110894354	110894540	10	10	0	0	0.0128537364331649	0.963140268619854	0.899425389367472	0.899425389367472	186	264	Intergenic	0	Heritable	0.163985478095702	0.858596062816211	0.00822507989910688	132906	0	0	1.63985478095702	5.2257466737132	5.57972982598622	11.7974049144956	-0.10599916469797
BA_only	hippocampus	AA	psi	chr5_111756203_111756695	chr5	111756203	111756695	24	24	0	0	0.0438349696794961	0.980789550235948	0.846035931597444	0.846035931597444	492	326	Promoter	1	Non-heritable	0.0671011397563311	0.781694429299787	0.0104798759406848	0	0	0	0.671011397563311	6.19847871649231	5.78996017089725	0	-0.167193436120605
BA_only	hippocampus	AA	psi	chr5_112307078_112308359	chr5	112307078	112308359	16	16	0	0	0.0562222137725806	0.98577631996496	2.477854996635	2.477854996635	1281	311	Promoter	0	Non-heritable	0.0552576074135827	0.857272919171728	0.00794270259059708	0	0	0	0.552576074135827	7.15539630189673	5.74300318780948	0	0.907393269241208
BA_only	hippocampus	AA	psi	chr5_112492269_112492862	chr5	112492269	112492862	7	7	0	0	0.140841430065816	0.991064867102684	0.509617168091097	0.509617168091097	593	326	Intergenic	0	Heritable	0.272292794571528	0.853138232002372	0.00821807931421916	59357	0	0	2.72292794571528	6.38519439899773	5.78996017089725	10.9913421845513	-0.674095466322347
BA_only	hippocampus	AA	psi	chr5_112555896_112557839	chr5	112555896	112557839	7	7	0	0	0.0349536129748428	0.980327953711174	0.317628574825259	0.317628574825259	1943	319	Intergenic	0	Heritable	0.266901094951054	0.865283412124543	0.0070837695259539	2646	0	0	2.66901094951054	7.57198844937744	5.76832099579377	7.8811822022271	-1.14687255106072
BA_only	hippocampus	AA	psi	chr5_11259797_11261022	chr5	11259797	11261022	2	2	0	0	0.550055220979401	0.996372748468176	0.251886892833387	0.251886892833387	1225	473	Genic/other	0	Heritable	0.127102805246933	0.911917054072953	0.00544904875902662	85604	0	0	1.27102805246933	7.11069612297883	6.16120732169508	11.3574989716389	-1.37877509049101
BA_only	hippocampus	AA	psi	chr5_112736597_112736838	chr5	112736597	112736838	25	25	0	0	0.00924213204162629	0.939841915020693	1.33143747661962	1.33143747661962	241	346	Genic/other	0	Non-heritable	0.0613860547676379	0.805095922005191	0.0100578517286944	0	0	0	0.613860547676379	5.48479693349066	5.84932477994686	0	0.286259175578711
BA_only	hippocampus	AA	psi	chr5_112801005_112801324	chr5	112801005	112801324	28	28	0	0	0.0132587630844545	0.964283399649536	3.68245494686666	-3.68245494686666	319	360	Genic/other	0	Heritable	0.1230002969363	0.874780955806786	0.00771576770636884	14268	0	0	1.230002969363	5.76519110278484	5.88887795833288	9.56584463093058	1.30357963760751
BA_only	hippocampus	AA	psi	chr5_112978210_112978382	chr5	112978210	112978382	27	27	0	0	0.0538782416216224	0.985176584192382	4.14635825885886	4.14635825885886	172	329	Genic/other	1	Heritable	0.124965196425911	0.894654603526966	0.00746171260467589	0	0	0	1.24965196425911	5.14749447681345	5.79909265446053	0	1.42223042341547
BA_only	hippocampus	AA	psi	chr5_11383792_11384046	chr5	11383792	11384046	3	3	0	0	0.157622996411645	0.991064867102684	0.396449767602516	0.396449767602516	254	456	Genic/other	1	Non-heritable	0.0732855356118446	0.912971442547276	0.0111937285391371	0	0	0	0.732855356118446	5.53733426701854	6.12468339089421	0	-0.925205910236226
BA_only	hippocampus	AA	psi	chr5_11386027_11386866	chr5	11386027	11386866	3	3	0	0	0.414817918348937	0.99461028164865	0.253955801556484	-0.253955801556484	839	457	Promoter	1	Heritable	0.137243755686872	0.907013826566972	0.00919266107999122	0	0	0	1.37243755686872	6.73221070646721	6.12686918411419	0	-1.37059499734824
BA_only	hippocampus	AA	psi	chr5_115171090_115171380	chr5	115171090	115171380	16	16	0	0	0.066523018320517	0.985907779499035	1.74866884912397	1.74866884912397	290	313	Genic/other	1	Non-heritable	0.0543552486167061	0.744413268028283	0.00991679081846983	0	0	0	0.543552486167061	5.66988092298052	5.74939298590825	0	0.558854846563798
BA_only	hippocampus	AA	psi	chr5_115814778_115815111	chr5	115814778	115815111	31	31	0	0	0.0410467116241162	0.980549382116533	1.20192042753411	1.20192042753411	333	411	Promoter	1	Heritable	0.118948328755041	0.907682254565295	0.00661431660256275	0	0	0	1.18948328755041	5.80814248998044	6.02102334934953	0	0.183920642186897
BA_only	hippocampus	AA	psi	chr5_115818910_115819457	chr5	115818910	115819457	31	31	0	0	0.0904644444735205	0.989446665475032	1.94031705627152	-1.94031705627152	547	397	Genic/other	2	Non-heritable	0.0865835757213143	0.889478451462387	0.00960042289385047	2325	0	0	0.865835757213143	6.30444880242198	5.98645200528444	7.75190533307861	0.662851395943425
BA_only	hippocampus	AA	psi	chr5_11588859_11589312	chr5	11588859	11589312	15	15	0	0	0.0104048329843301	0.944902218841749	1.03070747183384	1.03070747183384	453	411	Promoter	0	Heritable	0.135138400711641	0.920502221137185	0.00990623936581466	112	0	0	1.35138400711641	6.11589212548303	6.02102334934953	4.72738781871234	0.0302454420173237
BA_only	hippocampus	AA	psi	chr5_116361876_116362165	chr5	116361876	116362165	23	23	0	0	0.172915171176357	0.991064867102684	1.19567184301127	1.19567184301127	289	515	Genic/other	2	Heritable	0.124682663597601	0.926571647231743	0.00729530224683184	70358	0	0	1.24682663597601	5.66642668811243	6.24610676548156	11.1613659861297	0.178708247490083
BA_only	hippocampus	AA	psi	chr5_116443807_116445361	chr5	116443807	116445361	22	22	0	0	0.135824593348318	0.991064867102684	0.730045817768588	-0.730045817768588	1554	543	Genic/other	1	Heritable	0.122118585440001	0.941746376684836	0.00922924700512763	1040	0	0	1.22118585440001	7.34858753092759	6.29894924685594	6.94793706861497	-0.314647969044953
BA_only	hippocampus	AA	psi	chr5_116497757_116498598	chr5	116497757	116498598	26	26	0	0	0.0212338698907398	0.975932065139872	1.83419176256658	1.83419176256658	841	534	Genic/other	0	Heritable	0.136762819361903	0.950343769773423	0.00608993973432526	0	0	0	1.36762819361903	6.73459165997295	6.28226674689601	0	0.606603933562142
BA_only	hippocampus	AA	psi	chr5_116553648_116555072	chr5	116553648	116555072	61	61	0	0	0.00199204944268311	0.80651122630121	1.43611478460206	1.43611478460206	1424	489	Promoter	0	Non-heritable	0.0860887854233467	0.922619272635497	0.00772406476980632	1850	0	0	0.860887854233467	7.26122509197192	6.19440539110467	7.5234813125735	0.361941407961641
BA_only	hippocampus	AA	psi	chr5_116625941_116626663	chr5	116625941	116626663	110	110	0	0	0.0004450957392873	0.604162640906295	2.67429431319753	2.67429431319753	722	487	Intergenic	0	Non-heritable	0.0684009650607707	0.940319498537898	0.00901156307025229	34965	0	0	0.684009650607707	6.58202513889283	6.19031540585315	10.4621314397576	0.983685541133327
BA_only	hippocampus	AA	psi	chr5_116771546_116772664	chr5	116771546	116772664	93	93	0	0	0.0134361855789448	0.964283399649536	4.89894369987225	-4.89894369987225	1118	524	Intergenic	0	Heritable	0.179421505705606	0.93903828583121	0.00672857105905804	0	0	0	1.79421505705606	7.01929665371505	6.26339826259162	0	1.58901961246433
BA_only	hippocampus	AA	psi	chr5_117205228_117205915	chr5	117205228	117205915	6	6	0	0	0.0261773942214692	0.975932065139872	1.25878084468987	1.25878084468987	687	389	Intergenic	0	Non-heritable	0.0983903301974037	0.902104783908973	0.00755962410694967	9089	0	0	0.983903301974037	6.53233429222235	5.96614673912369	9.11493018717152	0.230143676916946
BA_only	hippocampus	AA	psi	chr5_117254279_117255801	chr5	117254279	117255801	12	12	0	0	0.00461618310918072	0.899857403270306	0.938519129516513	0.938519129516513	1522	408	Intergenic	0	Heritable	0.140234595405656	0.873599688717726	0.00987341342838078	0	0	0	1.40234595405656	7.32778053842163	6.0137151560428	0	-0.0634520294325554
BA_only	hippocampus	AA	psi	chr5_118263164_118264425	chr5	118263164	118264425	15	15	0	0	0.0512931965097616	0.984153364580922	1.737501508216	-1.737501508216	1261	352	Genic/other	0	Heritable	0.529366870877155	0.889066187811638	0.0065395991703917	0	0	0	5.29366870877155	7.13966033596492	5.8664680569333	0	0.55244817224981
BA_only	hippocampus	AA	psi	chr5_1182794_1183715	chr5	1182794	1183715	43	43	0	0	0.0084754927242918	0.933559278800072	3.92234444434371	-3.92234444434371	921	567	Enhancer	0	Non-heritable	0.0651017789543889	0.948061168288673	0.00830216321968994	150	0	0	0.651017789543889	6.82546003625531	6.34212141872115	5.01727983681492	1.36668955011442
BA_only	hippocampus	AA	psi	chr5_11901683_11902439	chr5	11901683	11902439	12	12	0	0	0.12618167436534	0.991064867102684	0.617974385461041	0.617974385461041	756	287	Genic/other	1	Non-heritable	0.0510901366077014	0.835461077101067	0.0101900122763087	0	0	0	0.510901366077014	6.62804137617953	5.66296048013595	0	-0.48130825367556
BA_only	hippocampus	AA	psi	chr5_1191012_1192007	chr5	1191012	1192007	43	43	0	0	0.0290022544200271	0.975932065139872	2.54275883259482	2.54275883259482	995	572	Intergenic	2	Heritable	0.497197671867131	0.91777971011312	0.0175840728701688	0	0	0	4.97197671867131	6.90274273715859	6.35088571671474	0	0.933249650088978
BA_only	hippocampus	AA	psi	chr5_119355407_119355541	chr5	119355407	119355541	47	47	0	0	0.0540932891139077	0.985304736230933	2.62181073248183	-2.62181073248183	134	260	Promoter	1	Non-heritable	0.0799240417820799	0.779541847005364	0.00891486913514248	0	0	0	0.799240417820799	4.89783979995091	5.56452040732269	0	0.963865202142096
BA_only	hippocampus	AA	psi	chr5_120779101_120779862	chr5	120779101	120779862	13	13	0	0	0.15270011724166	0.991064867102684	1.16844184233923	1.16844184233923	761	299	Genic/other	0	Heritable	0.108207409441153	0.819009668244942	0.00735158668855626	0	0	0	1.08207409441153	6.63463335786169	5.7037824746562	0	0.155671111104941
BA_only	hippocampus	AA	psi	chr5_122942665_122943531	chr5	122942665	122943531	30	30	0	0	0.0433400468156283	0.980549382116533	1.53754085672831	1.53754085672831	866	360	Genic/other	0	Heritable	0.154045855557919	0.866974988467288	0.00676143604705886	2627	0	0	1.54045855557919	6.76388490856244	5.88887795833288	7.8739783796045	0.430184300331187
BA_only	hippocampus	AA	psi	chr5_123067344_123068403	chr5	123067344	123068403	18	18	0	0	0.00509606268248403	0.909885926705608	1.96627770544289	-1.96627770544289	1059	322	Genic/other	0	Heritable	0.160581313966672	0.883713717437064	0.00732518499121504	12880	0	0	1.60581313966672	6.96508034560141	5.77765232322266	9.46350863639609	0.676142270875441
BA_only	hippocampus	AA	psi	chr5_123086109_123086229	chr5	123086109	123086229	18	18	0	0	0.00843212547106806	0.933559278800072	4.27481351833008	-4.27481351833008	120	306	Genic/other	1	Non-heritable	0.0685906253469646	0.859585968380238	0.00676797073362567	1709	0	0	0.685906253469646	4.78749174278205	5.7268477475872	7.44424864949671	1.45274048233331
BA_only	hippocampus	AA	psi	chr5_123157654_123158213	chr5	123157654	123158213	30	30	0	0	0.0301301718843738	0.976893291659941	3.24181200275408	-3.24181200275408	559	273	Genic/other	0	Heritable	0.11086094936588	0.825286965624265	0.00728146825403896	0	0	0	1.1086094936588	6.3261494731551	5.61312810638807	0	1.17613243667056
BA_only	hippocampus	AA	psi	chr5_123813926_123814299	chr5	123813926	123814299	14	14	0	0	0.145369951023269	0.991064867102684	0.985457640663405	-0.985457640663405	373	315	Enhancer	0	Non-heritable	0.0646694702501023	0.716740885354662	0.00750879884594141	61352	0	0	0.646694702501023	5.92157841964382	5.75574221358691	11.024399348699	-0.0146491257496342
BA_only	hippocampus	AA	psi	chr5_124162711_124163347	chr5	124162711	124163347	35	35	0	0	0.0380983973219451	0.980549382116533	2.5633399614448	-2.5633399614448	636	448	Genic/other	0	Heritable	0.158264042891831	0.925278873482542	0.00653930760381327	0	0	0	1.58264042891831	6.45519856334012	6.10702288774226	0	0.941311084486454
BA_only	hippocampus	AA	psi	chr5_124235816_124236352	chr5	124235816	124236352	36	36	0	0	0.00370010483250757	0.867953489674172	2.91374914992121	2.91374914992121	536	476	Genic/other	0	Heritable	0.144622833778378	0.934255747764825	0.00910967419896277	0	0	0	1.44622833778378	6.2841341610708	6.16751649088834	0	1.06944062305246
BA_only	hippocampus	AA	psi	chr5_124574637_124575278	chr5	124574637	124575278	25	25	0	0	0.0294077463505101	0.976712848084579	2.25217084982846	2.25217084982846	641	475	Intergenic	0	Non-heritable	0.0950184649160504	0.930086241894827	0.00743139229257763	62627	0	0	0.950184649160504	6.46302945692067	6.16541785423142	11.0449677414314	0.811894577660747
BA_only	hippocampus	AA	psi	chr5_1245787_1246378	chr5	1245787	1246378	29	29	0	0	0.0217321907119567	0.975932065139872	1.82642166279969	-1.82642166279969	591	594	Intergenic	1	Heritable	0.139416537845672	0.965308607784029	0.0114299481146138	14221	0	0	1.39416537845672	6.3818160174061	6.38856140554563	9.56254534044346	0.602358682566728
BA_only	hippocampus	AA	psi	chr5_124599040_124599531	chr5	124599040	124599531	27	27	0	0	0.00851339066895924	0.933559278800072	1.49220189368259	-1.49220189368259	491	479	Enhancer	0	Heritable	0.125631522993226	0.864643872787718	0.00878115108290919	38374	0	0	1.25631522993226	6.19644412779452	6.17378610390194	10.5551614848895	0.400252816810119
BA_only	hippocampus	AA	psi	chr5_124739085_124740169	chr5	124739085	124740169	38	38	0	0	0.0130978784026819	0.964283399649536	0.745396850394143	-0.745396850394143	1084	502	Enhancer	0	Heritable	0.1755612482591	0.932999249096501	0.00728413506151761	0	0	0	1.755612482591	6.98841318199959	6.22059017009974	0	-0.293838503920436
BA_only	hippocampus	AA	psi	chr5_124754657_124755043	chr5	124754657	124755043	40	40	0	0	0.00559201487122608	0.914301706404424	1.2984059118412	1.2984059118412	386	517	Intergenic	0	Heritable	0.140994746011709	0.937885943697025	0.0089390993269346	10243	0	0	1.40994746011709	5.95583736946483	6.24997524225948	9.23444744731942	0.261137298083691
BA_only	hippocampus	AA	psi	chr5_124888309_124889421	chr5	124888309	124889421	54	54	0	0	0.0223720829425146	0.975932065139872	2.96212419182674	-2.96212419182674	1112	523	Genic/other	0	Heritable	0.101173244645904	0.927722631937623	0.00814830027224179	4141	0	0	1.01173244645904	7.01391547481053	6.26149168432104	8.32893404195553	1.08590664671084
BA_only	hippocampus	AA	psi	chr5_124919674_124922508	chr5	124919674	124922508	51	51	0	0	0.0293022296438413	0.976398395155855	1.68761072233265	1.68761072233265	2834	519	Genic/other	0	Non-heritable	0.0788674543522883	0.943292829061839	0.00747126485616567	0	0	0	0.788674543522883	7.94944442025063	6.25382881157547	0	0.523313760771794
BA_only	hippocampus	AA	psi	chr5_125348099_125349919	chr5	125348099	125349919	18	18	0	0	0.202838686820538	0.991064867102684	0.44322413088835	-0.44322413088835	1820	418	Genic/other	0	Heritable	0.129895212829149	0.84955346124399	0.00775499071529278	0	0	0	1.29895212829149	7.50659178007084	6.03787091992214	0	-0.813679675519048
BA_only	hippocampus	AA	psi	chr5_125656473_125657828	chr5	125656473	125657828	10	10	0	0	0.0115015259280495	0.953021166460675	1.00390631552388	-1.00390631552388	1355	358	Genic/other	0	Heritable	0.151978496774701	0.859953717611824	0.00725506076285382	44469	0	0	1.51978496774701	7.2115567333138	5.88332238848828	10.7025700835047	0.00389871564566729
BA_only	hippocampus	AA	psi	chr5_126001704_126002584	chr5	126001704	126002584	10	10	0	0	0.176943304183485	0.991064867102684	1.45911126475082	1.45911126475082	880	366	Genic/other	0	Heritable	0.179841405345556	0.908745561040576	0.00618319686802435	52026	0	0	1.79841405345556	6.77992190747225	5.90536184805457	10.8595180935791	0.377827534453393
BA_only	hippocampus	AA	psi	chr5_126593919_126594382	chr5	126593919	126594382	78	78	0	0	0.00147265319603926	0.765104244219473	1.8987217666597	-1.8987217666597	463	392	Promoter	1	Heritable	0.235221604103255	0.861998611092258	0.0085905293448947	0	0	0	2.35221604103255	6.13772705408623	5.97380961186926	0	0.641180910648683
BA_only	hippocampus	AA	psi	chr5_127028748_127029258	chr5	127028748	127029258	30	30	0	0	0.00702655182010893	0.931602204679102	1.12003763896606	1.12003763896606	510	318	Genic/other	1	Heritable	0.154049233441165	0.895400686712568	0.00769122780445921	2560	0	0	1.54049233441165	6.23441072571837	5.76519110278484	7.84815308619953	0.113362299890295
BA_only	hippocampus	AA	psi	chr5_127072961_127073174	chr5	127072961	127073174	37	37	0	0	0.00670299476433138	0.926346320137909	1.19810026343939	-1.19810026343939	213	277	Promoter	0	Heritable	0.113223004408144	0.834366987213044	0.0148667525617397	20347	0	0	1.13223004408144	5.36129216570943	5.62762111369064	9.92073790594266	0.180737196891209
BA_only	hippocampus	AA	psi	chr5_127073535_127073799	chr5	127073535	127073799	37	37	0	0	0.015473311652287	0.967076513219291	1.37755925805898	-1.37755925805898	264	273	Promoter	0	Heritable	0.256274303995182	0.829427420073899	0.00910965634653884	20921	0	0	2.56274303995182	5.57594910314632	5.61312810638807	9.94855651590371	0.32031328693349
BA_only	hippocampus	AA	psi	chr5_127229746_127230157	chr5	127229746	127230157	38	38	0	1	5.88389348061667e-06	0.06994350136379	1.49022724342735	1.49022724342735	411	283	Promoter	2	Heritable	0.266891937470097	0.876179227902436	0.00939883059269793	30	0	1	2.66891937470097	6.01859321449623	5.64897423816121	3.43398720448515	0.398928627406274
BA_only	hippocampus	AA	psi	chr5_127291408_127293317	chr5	127291408	127293317	35	35	0	0	0.00719265549500307	0.931602204679102	1.39014876398237	-1.39014876398237	1909	270	Promoter	2	Heritable	0.155200794974554	0.881216294508696	0.0105784709403771	0	0	0	1.55200794974554	7.55433482372575	5.6021188208797	0	0.329410773057116
BA_only	hippocampus	AA	psi	chr5_127892904_127893568	chr5	127892904	127893568	86	86	0	0	0.000899388444398812	0.701697689573722	3.20248083856356	-3.20248083856356	664	281	Genic/other	0	Non-heritable	0.0937378652093416	0.858207664881671	0.00775168219240314	73359	0	0	0.937378652093416	6.49828214947643	5.64190707093811	11.2031341069303	1.16392577461898
BA_only	hippocampus	AA	psi	chr5_127941592_127942376	chr5	127941592	127942376	87	87	0	0	0.00197004971764177	0.80614848610333	5.44845256547384	-5.44845256547384	784	265	Genic/other	0	Non-heritable	0.0715962918484153	0.794720775493589	0.00804839764786899	24551	0	0	0.715962918484153	6.66440902035041	5.5834963087817	10.1085485962996	1.69533163725337
BA_only	hippocampus	AA	psi	chr5_128081593_128082232	chr5	128081593	128082232	87	87	0	0	0.00489201833630511	0.903845859635741	8.83655623744245	-8.83655623744245	639	253	Promoter	1	Non-heritable	0.064668148440034	0.678124650453492	0.00534953932850561	0	0	0	0.64668148440034	6.45990445437754	5.53733426701854	0	2.17889723598053
BA_only	hippocampus	AA	psi	chr5_129233787_129236551	chr5	129233787	129236551	4	4	0	0	0.0367083560199827	0.980549382116533	0.435595919694558	-0.435595919694558	2764	303	Intergenic	0	Heritable	0.595936878315566	0.870714641993879	0.0101974475902538	128830	0	0	5.95936878315566	7.92443418488756	5.71702770140622	11.7662567469226	-0.83104023210253
BA_only	hippocampus	AA	psi	chr5_132010762_132010879	chr5	132010762	132010879	154	154	0	0	0.000663153547238939	0.660861069979607	3.84770359495546	3.84770359495546	117	189	Promoter	1	Non-heritable	0.0744245043109578	0.687585522968392	0.00883709209201956	0	0	0	0.744245043109578	4.76217393479776	5.24702407216049	0	1.3474765040976
BA_only	hippocampus	AA	psi	chr5_132258073_132258279	chr5	132258073	132258279	233	233	0	0	0.00754198347516346	0.933559278800072	5.03948743260018	5.03948743260018	206	219	Genic/other	2	Non-heritable	0.0598515226591436	0.688287015474058	0.00851256603354833	0	0	0	0.598515226591436	5.32787616878958	5.39362754635236	0	1.61730437901491
BA_only	hippocampus	AA	psi	chr5_132273166_132273443	chr5	132273166	132273443	135	135	0	0	0.0102434637548323	0.944902218841749	1.72085432389942	-1.72085432389942	277	232	Genic/other	1	Non-heritable	0.0936090491472701	0.763022631944165	0.0142620375735335	0	0	0	0.936090491472701	5.62401750618734	5.4510384535657	0	0.542820873263368
BA_only	hippocampus	AA	psi	chr5_132310411_132310894	chr5	132310411	132310894	136	136	0	0	0.0106727824967127	0.944902218841749	3.46293080253901	-3.46293080253901	483	240	Genic/other	0	Heritable	0.107612043407941	0.796197478829268	0.00693559696895055	0	0	0	1.07612043407941	6.18001665365257	5.48479693349066	0	1.24211528616757
BA_only	hippocampus	AA	psi	chr5_132370498_132370742	chr5	132370498	132370742	146	146	0	0	0.0251895882679057	0.975932065139872	6.28386242738687	-6.28386242738687	244	261	Promoter	1	Non-heritable	0.0796729414942326	0.788987215447135	0.00685162154947647	0	0	0	0.796729414942326	5.4971682252932	5.5683445037611	0	1.83798482922233
BA_only	hippocampus	AA	psi	chr5_132738224_132738702	chr5	132738224	132738702	95	95	0	0	0.00234727675357768	0.822334049093026	3.41652130395464	3.41652130395464	478	315	Promoter	1	Heritable	0.137114805065903	0.870014261869337	0.00934338352530175	12294	0	0	1.37114805065903	6.16961073249146	5.75574221358691	9.41694795465029	1.22862287375418
BA_only	hippocampus	AA	psi	chr5_132778363_132779297	chr5	132778363	132779297	81	81	0	0	0.0206007159242436	0.975856666808667	3.56794998482833	3.56794998482833	934	339	Promoter	1	Heritable	0.118970909317027	0.80539304757668	0.00731600913330541	0	0	0	1.18970909317027	6.83947643822884	5.82894561761021	0	1.27199119971718
BA_only	hippocampus	AA	psi	chr5_132820945_132821958	chr5	132820945	132821958	79	79	0	0	0.000485244672644307	0.605033395230762	5.08386484953811	5.08386484953811	1013	365	Genic/other	1	Non-heritable	0.0959423058653739	0.916642420883226	0.00953934502961321	2460	0	0	0.959423058653739	6.92067150424868	5.90263333340137	7.80832305039106	1.62607177145112
BA_only	hippocampus	AA	psi	chr5_1330077_1330797	chr5	1330077	1330797	50	50	0	0	0.000265597118403502	0.511982895968137	1.76118813383736	-1.76118813383736	720	650	Genic/other	0	Heritable	0.101743138787172	0.962943848359676	0.00750596415807189	0	0	0	1.01743138787172	6.5792512120101	6.47850964220857	0	0.565988663010666
BA_only	hippocampus	AA	psi	chr5_133969204_133970106	chr5	133969204	133970106	32	32	0	0	0.00522494628847227	0.910521893616427	2.83117218843111	2.83117218843111	902	448	Promoter	1	Heritable	0.137932074418109	0.945458243145016	0.00556974983596409	677	0	0	1.37932074418109	6.80461452006262	6.10702288774226	6.5191472879404	1.04069083028881
BA_only	hippocampus	AA	psi	chr5_134875544_134875762	chr5	134875544	134875762	24	24	0	0	0.00176280514315633	0.794597487202576	1.6992408947917	1.6992408947917	218	360	Genic/other	1	Heritable	0.132401228000515	0.913349689156931	0.00790507239108027	0	0	0	1.32401228000515	5.38449506278909	5.88887795833288	0	0.530181624746367
BA_only	hippocampus	AA	psi	chr5_135544269_135544910	chr5	135544269	135544910	40	40	0	0	0.0332611196168657	0.979164877002956	1.68910767443511	-1.68910767443511	641	469	Genic/other	1	Heritable	0.113347885543265	0.911216194428128	0.0118028445105024	34686	0	0	1.13347885543265	6.46302945692067	6.1527326947041	10.4541202559705	0.524200392119608
BA_only	hippocampus	AA	psi	chr5_135577481_135577707	chr5	135577481	135577707	42	42	0	0	0.0024629065929051	0.824728302674626	3.31303479701133	3.31303479701133	226	468	Genic/other	1	Non-heritable	0.0966228505578505	0.929148226696814	0.00533216536991613	1889	0	0	0.966228505578505	5.42053499927229	6.15060276844628	7.54433210805369	1.19786462945373
BA_only	hippocampus	AA	psi	chr5_135780822_135783266	chr5	135780822	135783266	16	16	0	0	0.00951827418944529	0.939841915020693	3.37346080649118	3.37346080649118	2444	367	Genic/other	0	Heritable	0.126819193072321	0.825786135778141	0.00947391592329292	38679	0	0	1.26819193072321	7.80139132029149	5.90808293816893	10.5630779495672	1.21593916592709
BA_only	hippocampus	AA	psi	chr5_135851419_135851666	chr5	135851419	135851666	22	22	0	0	0.00861733260622788	0.933559278800072	4.66687624717032	-4.66687624717032	247	343	Genic/other	1	Heritable	0.104015141217542	0.892321041993064	0.00610862021157257	1154	0	0	1.04015141217542	5.50938833662798	5.8406416573734	7.05185562295589	1.54048995218941
BA_only	hippocampus	AA	psi	chr5_136079234_136082559	chr5	136079234	136082559	28	28	0	0	0.0142523191430614	0.964826773227435	2.11343893846845	2.11343893846845	3325	309	Promoter	2	Non-heritable	0.065432216663659	0.849039123688174	0.0230475777307588	16047	0	0	0.65432216663659	8.10922495308996	5.73657229747919	9.68333951020172	0.748316454148271
BA_only	hippocampus	AA	psi	chr5_136191117_136191566	chr5	136191117	136191566	20	20	0	0	0.00509881254795215	0.909885926705608	1.6668775023224	-1.6668775023224	449	284	Intergenic	2	Heritable	0.150456134916658	0.836409509639184	0.0102055558163271	20392	0	0	1.50456134916658	6.10702288774226	5.65248918026865	9.92294698369235	0.510952123158045
BA_only	hippocampus	AA	psi	chr5_137496891_137497783	chr5	137496891	137497783	6	6	0	0	0.460199894554923	0.994840206451052	0.896005547333263	0.896005547333263	892	270	Enhancer	1	Heritable	0.132038119193704	0.833711759166834	0.00602525277329062	0	0	0	1.32038119193704	6.79346613258001	5.6021188208797	0	-0.109808663645567
BA_only	hippocampus	AA	psi	chr5_137563721_137564313	chr5	137563721	137564313	58	58	0	0	0.0163464874834834	0.969245141301252	5.49565718845811	-5.49565718845811	592	238	Genic/other	0	Heritable	0.140454907582409	0.835082901320175	0.00896961034580015	64541	0	0	1.40454907582409	6.38350663488401	5.47646355193151	11.0750714536601	1.70395818005959
BA_only	hippocampus	AA	psi	chr5_138133161_138133533	chr5	138133161	138133533	146	146	0	0	0.00123741588613047	0.746967388637537	2.95723424321689	-2.95723424321689	372	152	Genic/other	0	Non-heritable	0.0894088728483267	0.730465139919328	0.00897143852420544	5219	0	0	0.894088728483267	5.91889385427315	5.03043792139244	8.56025268087669	1.08425445762334
BA_only	hippocampus	AA	psi	chr5_138455178_138455508	chr5	138455178	138455508	45	45	0	0	0.00815294711128024	0.933559278800072	3.16023711896227	-3.16023711896227	330	179	Promoter	0	Non-heritable	0.0912127779090546	0.71414966762991	0.00874072486544478	9943	0	0	0.912127779090546	5.79909265446053	5.19295685089021	9.20472463319055	1.15064706559425
BA_only	hippocampus	AA	psi	chr5_138576178_138576307	chr5	138576178	138576307	59	59	0	0	0.0199242450112811	0.97523831233087	3.43631094776851	3.43631094776851	129	185	Promoter	1	Non-heritable	0.0813495149652646	0.67997624233136	0.00910333156048105	0	0	0	0.813495149652646	4.85981240436167	5.2257466737132	0	1.23439849995977
BA_only	hippocampus	AA	psi	chr5_138928528_138929326	chr5	138928528	138929326	57	57	0	0	0.00992410029851305	0.944143738365007	2.96106555312824	2.96106555312824	798	201	Genic/other	0	Heritable	0.119494664099191	0.758846245197739	0.00792860965104303	1608	0	0	1.19494664099191	6.68210859744981	5.30826769740121	7.38336814699238	1.08554919109932
BA_only	hippocampus	AA	psi	chr5_139223667_139224113	chr5	139223667	139224113	67	67	0	0	0.0030130195376603	0.846513053928579	3.87097644343215	-3.87097644343215	446	163	Genic/other	0	Heritable	0.157877743953211	0.68599036326019	0.00799075537978327	25397	0	0	1.57877743953211	6.10031895202006	5.0998664278242	10.142425709749	1.35350678876434
BA_only	hippocampus	AA	psi	chr5_139675970_139677231	chr5	139675970	139677231	75	75	0	0	0.00595202592403913	0.918414150018684	4.63235388644656	4.63235388644656	1261	235	Genic/other	1	Heritable	0.107901263754755	0.811590537675205	0.0070800232662705	0	0	0	1.07901263754755	7.13966033596492	5.46383180502561	0	1.53306513986654
BA_only	hippocampus	AA	psi	chr5_139709719_139710478	chr5	139709719	139710478	70	70	0	0	0.0261236623339577	0.975932065139872	3.79510058299163	-3.79510058299163	759	246	Genic/other	1	Non-heritable	0.0844447722075961	0.838451536624264	0.00783605416999834	0	0	0	0.844447722075961	6.63200177739563	5.50938833662798	0	1.33371091721346
BA_only	hippocampus	AA	psi	chr5_139733980_139735157	chr5	139733980	139735157	57	57	0	0	0.0878103465781265	0.988801088448008	8.50788436902273	-8.50788436902273	1177	234	Enhancer	0	Heritable	0.146469651621108	0.834153430252281	0.00858260195121204	0	0	0	1.46469651621108	7.07072410726028	5.45958551414416	0	2.14099330756802
BA_only	hippocampus	AA	psi	chr5_139765133_139765318	chr5	139765133	139765318	57	57	0	0	0.038169124385481	0.980549382116533	8.45551885894444	-8.45551885894444	185	228	Intergenic	1	Heritable	0.137233891357039	0.799217998445327	0.00833692235248117	16252	0	0	1.37233891357039	5.22035582507832	5.43372200355424	9.69603278610318	2.1348193487638
BA_only	hippocampus	AA	psi	chr5_139788680_139789092	chr5	139788680	139789092	57	57	0	0	0.0342866611455344	0.979796043331248	3.79122749643188	-3.79122749643188	412	228	Intergenic	1	Heritable	0.2028032860282	0.827782410138163	0.007985612745143	33691	0	0	2.028032860282	6.02102334934953	5.43372200355424	10.4250156994353	1.33268984698146
BA_only	hippocampus	AA	psi	chr5_13988023_13988228	chr5	13988023	13988228	12	12	0	0	0.0401209726429769	0.980549382116533	3.63753501736347	3.63753501736347	205	434	Genic/other	0	Non-heritable	0.052022064849481	0.813107581546908	0.00544934333640596	0	0	0	0.52022064849481	5.32300997913841	6.07534603108868	0	1.29130626196698
BA_only	hippocampus	AA	psi	chr5_140039709_140041294	chr5	140039709	140041294	45	45	0	0	0.0262583934723826	0.975932065139872	1.62279180330957	-1.62279180330957	1585	233	Enhancer	2	Non-heritable	0.0980571005447377	0.808337929464568	0.00557135660557435	0	0	0	0.980571005447377	7.36833968631138	5.4553211153577	0	0.484148007544215
BA_only	hippocampus	AA	psi	chr5_140106916_140107015	chr5	140106916	140107015	45	45	0	0	0.0125488488847622	0.961394807854409	1.96044521311987	-1.96044521311987	99	236	Promoter	1	Heritable	0.190467891645883	0.858900452960724	0.00731857178600816	0	0	0	1.90467891645883	4.59511985013459	5.46806014113513	0	0.673171602099709
BA_only	hippocampus	AA	psi	chr5_140631869_140632155	chr5	140631869	140632155	97	97	0	0	0.0225714383356152	0.975932065139872	3.73759426708904	3.73759426708904	286	166	Genic/other	2	Heritable	0.161616999628195	0.790058871163987	0.00789285044252133	1036	0	0	1.61616999628195	5.65599181081985	5.11799381241676	6.94408720822953	1.31844216303788
BA_only	hippocampus	AA	psi	chr5_140710563_140710750	chr5	140710563	140710750	86	86	0	0	0.00112920637737207	0.726050490461723	2.54841350476138	-2.54841350476138	187	177	Promoter	0	Heritable	0.214607642750441	0.77011980686977	0.00934528835303865	0	0	0	2.14607642750441	5.23110861685459	5.18178355029209	0	0.935471014480077
BA_only	hippocampus	AA	psi	chr5_140726704_140727021	chr5	140726704	140727021	86	86	0	0	0.00112139249202286	0.726050490461723	3.18444618187529	3.18444618187529	317	181	Genic/other	0	Non-heritable	0.0657897085569248	0.6748384024425	0.00889371209538173	15639	0	0	0.657897085569248	5.75890177387728	5.2040066870768	9.6575870140993	1.15827839380328
BA_only	hippocampus	AA	psi	chr5_141339713_141341419	chr5	141339713	141341419	85	85	0	0	0.0304382584197243	0.976893291659941	3.18828317098077	3.18828317098077	1706	291	Genic/other	2	Heritable	0.105743826120823	0.871077489622029	0.00744514196244148	11932	0	0	1.05743826120823	7.44190672805163	5.67675380226828	9.38706295036966	1.1594825841414
BA_only	hippocampus	AA	psi	chr5_14145683_14146218	chr5	14145683	14146218	12	12	0	0	0.0968118857981271	0.990400450319684	0.723119301356036	-0.723119301356036	535	441	Genic/other	1	Heritable	0.131597349279323	0.845705645600818	0.011358319924929	0	0	0	1.31597349279323	6.28226674689601	6.0913098820777	0	-0.324181047815651
BA_only	hippocampus	AA	psi	chr5_141495005_141495810	chr5	141495005	141495810	44	44	0	0	0.0167819663150775	0.970581273335112	2.25998477371578	2.25998477371578	805	350	Genic/other	1	Non-heritable	0.0964805163839817	0.903250527547442	0.00879514116216829	197	0	0	0.964805163839817	6.69084227741856	5.86078622346587	5.28826703069454	0.815358080392405
BA_only	hippocampus	AA	psi	chr5_141508269_141509504	chr5	141508269	141509504	38	38	0	0	0.0136158601096032	0.964283399649536	1.52404724066039	1.52404724066039	1235	329	Enhancer	1	Heritable	0.124661184558172	0.794512656552897	0.00812774678355767	0	0	0	1.24661184558172	7.11882624906208	5.79909265446053	0	0.421369461154164
BA_only	hippocampus	AA	psi	chr5_141514389_141514814	chr5	141514389	141514814	38	38	0	0	0.018154194408318	0.971491284972723	2.25455247318154	-2.25455247318154	425	355	Enhancer	1	Heritable	0.111374998258594	0.865311138400713	0.00783881023793148	0	0	0	1.11374998258594	6.05208916892442	5.87493073085203	0	0.812951497907906
BA_only	hippocampus	AA	psi	chr5_14154226_14154572	chr5	14154226	14154572	11	11	0	0	0.182554990083554	0.991064867102684	0.7945907438962	-0.7945907438962	346	437	Enhancer	0	Non-heritable	0.0676958804055485	0.926631304345591	0.00616424515648586	0	0	0	0.676958804055485	5.84643877505773	6.08221891037645	0	-0.229928071843263
BA_only	hippocampus	AA	psi	chr5_141616803_141617909	chr5	141616803	141617909	40	40	0	0	0.0740105784871629	0.985999440983017	2.1587931061438	2.1587931061438	1106	395	Promoter	1	Heritable	0.129374819270047	0.920772134933499	0.00911059449454023	0	0	0	1.29374819270047	7.00850518208228	5.98141421125448	0	0.76954932301528
BA_only	hippocampus	AA	psi	chr5_141682536_141682677	chr5	141682536	141682677	70	70	0	0	0.0327495057478803	0.978956589179054	2.26532854334702	2.26532854334702	141	391	Promoter	1	Heritable	0.134297445972174	0.905107067843754	0.00789469899111189	362	0	0	1.34297445972174	4.94875989037817	5.97126183979046	5.89440283426485	0.817719805080648
BA_only	hippocampus	AA	psi	chr5_141753800_141753961	chr5	141753800	141753961	77	77	0	0	0.00599330938605664	0.918975427356839	3.59273660681907	3.59273660681907	161	411	Genic/other	1	Non-heritable	0.0933114066004348	0.927584686562252	0.00841282998154355	0	0	0	0.933114066004348	5.08140436498446	6.02102334934953	0	1.27891420091318
BA_only	hippocampus	AA	psi	chr5_141821890_141822315	chr5	141821890	141822315	92	92	0	0	0.00966152625597511	0.939841915020693	2.68031297938386	2.68031297938386	425	416	Intergenic	0	Heritable	0.167624086865368	0.930224321357651	0.00599314622057238	1397	0	0	1.67624086865368	6.05208916892442	6.0330862217988	7.24279792279376	0.985933574787215
BA_only	hippocampus	AA	psi	chr5_141833495_141834119	chr5	141833495	141834119	92	92	0	0	0.0149098313867851	0.966089857218066	4.72327726789955	-4.72327726789955	624	419	Intergenic	0	Heritable	0.658459611999991	0.90613519648693	0.0064180306027491	8402	0	0	6.58459611999991	6.43615036836943	6.04025471127741	9.03634406392822	1.55250289719403
BA_only	hippocampus	AA	psi	chr5_142023890_142024288	chr5	142023890	142024288	75	75	0	0	0.0163293241734334	0.969245141301252	1.50112152095543	1.50112152095543	398	502	Intergenic	0	Heritable	0.127740744154771	0.948774473362045	0.0226647312353059	0	0	0	1.27740744154771	5.98645200528444	6.22059017009974	0	0.406212516032882
BA_only	hippocampus	AA	psi	chr5_142409081_142409555	chr5	142409081	142409555	66	66	0	0	0.000189709002397469	0.47752037638475	6.13590335332666	-6.13590335332666	474	512	Genic/other	0	Non-heritable	0.0978011701297961	0.942140703457074	0.00877834879938086	0	0	0	0.978011701297961	6.16120732169508	6.24027584517077	0	1.81415731480904
BA_only	hippocampus	AA	psi	chr5_142669556_142669670	chr5	142669556	142669670	87	87	0	0	0.0108716314300742	0.945349679735185	4.02393954400702	-4.02393954400702	114	514	Genic/other	0	Non-heritable	0.0743568360093983	0.922334602467721	0.00626144476016745	0	0	0	0.743568360093983	4.7361984483945	6.24416690066374	0	1.39226141131459
BA_only	hippocampus	AA	psi	chr5_143094078_143094680	chr5	143094078	143094680	31	31	0	0	0.0190915499159496	0.97294422691241	3.72855806978215	3.72855806978215	602	445	Genic/other	0	Heritable	0.112620094549582	0.904543457607473	0.0076695890664879	52261	0	0	1.12620094549582	6.40025744530882	6.10031895202006	10.8640248085298	1.31602158513187
BA_only	hippocampus	AA	psi	chr5_14327958_14328702	chr5	14327958	14328702	3	3	0	0	0.0806642494741831	0.988137148207548	0.944732525568206	0.944732525568206	744	444	Genic/other	0	Heritable	0.126232004230991	0.887852676364751	0.00799167751595024	57132	0	0	1.26232004230991	6.61204103483309	6.09807428216624	10.953137162155	-0.0568534226940234
BA_only	hippocampus	AA	psi	chr5_143421147_143422764	chr5	143421147	143422764	32	32	0	0	0.0388270943882151	0.980549382116533	12.2102039258691	12.2102039258691	1617	404	Genic/other	0	Heritable	0.563652991667058	0.899626006468594	0.00361427408151789	0	0	0	5.63652991667058	7.38832785957711	6.00388706710654	0	2.50227199034751
BA_only	hippocampus	AA	psi	chr5_144203486_144204596	chr5	144203486	144204596	5	5	0	0	0.473071401681926	0.994840206451052	0.719121760610543	-0.719121760610543	1110	242	Promoter	1	Non-heritable	0.0729341360830025	0.808499031439066	0.0112512060565799	32950	0	0	0.729341360830025	7.01211529430638	5.49306144334055	10.4027768884838	-0.32972457452937
BA_only	hippocampus	AA	psi	chr5_144206390_144206961	chr5	144206390	144206961	5	5	0	0	0.504714919279127	0.995220890972949	0.900969122480126	-0.900969122480126	571	248	Genic/other	1	Non-heritable	0.0339369435181498	0.788559434949561	0.00997490714809431	35854	0	0	0.339369435181498	6.34738920965601	5.51745289646471	10.4872383063167	-0.104284281139209
BA_only	hippocampus	AA	psi	chr5_145835962_145836135	chr5	145835962	145836135	6	6	0	0	0.0116131154238441	0.95315577890577	0.705824930119322	0.705824930119322	173	272	Promoter	1	Heritable	0.271030278819312	0.849850824120713	0.00724547081721523	784	0	0	2.71030278819312	5.15329159449778	5.60947179518496	6.66568371778241	-0.348388032407033
BA_only	hippocampus	AA	psi	chr5_145937156_145937713	chr5	145937156	145937713	25	25	0	0	0.0306614671266807	0.976893291659941	1.29644194855581	1.29644194855581	557	321	Promoter	1	Non-heritable	0.0944482544824482	0.897011368003958	0.00934508082822106	0	0	0	0.944482544824482	6.32256523992728	5.77455154554441	0	0.259623557201038
BA_only	hippocampus	AA	psi	chr5_146334970_146335964	chr5	146334970	146335964	24	24	0	0	0.0740513208667361	0.986102602339784	1.0364601971854	-1.0364601971854	994	341	Genic/other	1	Heritable	0.107720282881165	0.872193389428931	0.00855814570258051	133779	0	0	1.07720282881165	6.90173720665657	5.83481073706261	11.8039519386724	0.0358112606327488
BA_only	hippocampus	AA	psi	chr5_147080771_147084921	chr5	147080771	147084921	29	29	0	0	0.00546883592375405	0.914301706404424	1.68547112784819	-1.68547112784819	4150	392	Promoter	0	Non-heritable	0.091588614236647	0.899028913721576	0.0066583658998056	0	0	0	0.91588614236647	8.33086361322475	5.97380961186926	0	0.522045131753131
BA_only	hippocampus	AA	psi	chr5_14728074_14728733	chr5	14728074	14728733	7	7	0	0	0.11336763256943	0.990898390030923	0.877930058458984	-0.877930058458984	659	399	Promoter	0	Heritable	0.134222430575119	0.915846909038702	0.00594483049070194	238	0	0	1.34222430575119	6.49072353450251	5.99146454710798	5.47646355193151	-0.130188337199118
BA_only	hippocampus	AA	psi	chr5_147451646_147452244	chr5	147451646	147452244	11	11	0	0	0.18001349334477	0.991064867102684	0.663123044020633	-0.663123044020633	598	403	Enhancer	1	Heritable	0.109106622100866	0.910427432801666	0.00879518035479829	0	0	0	1.09106622100866	6.39359075395063	6.00141487796115	0	-0.41079470417709
BA_only	hippocampus	AA	psi	chr5_147553999_147554810	chr5	147553999	147554810	11	11	0	0	0.214963307643047	0.991290284450776	0.5535292187338	0.5535292187338	811	405	Enhancer	0	Heritable	0.148367383216676	0.922913318737015	0.011680911691345	36875	0	0	1.48367383216676	6.69826805411541	6.00635315960173	10.5153162119185	-0.591440721120555
BA_only	hippocampus	AA	psi	chr5_147635604_147636305	chr5	147635604	147636305	9	9	0	0	0.1243881555781	0.991064867102684	1.13313391397956	-1.13313391397956	701	388	Genic/other	0	Heritable	0.251857046122299	0.891842815994021	0.0054735039043501	0	0	0	2.51857046122299	6.55250788703459	5.96357934361845	0	0.124987178043289
BA_only	hippocampus	AA	psi	chr5_148164427_148165878	chr5	148164427	148165878	26	26	0	0	0.0108568809392429	0.944902218841749	2.01504237142947	2.01504237142947	1451	306	Genic/other	0	Heritable	0.423955961110031	0.849408533401257	0.00961561638680068	55918	0	0	4.23955961110031	7.28000825288419	5.7268477475872	10.9316594940582	0.700640228144935
BA_only	hippocampus	AA	psi	chr5_148175925_148177806	chr5	148175925	148177806	29	29	0	0	0.00302049131205995	0.846513053928579	2.80301008957213	2.80301008957213	1881	297	Genic/other	0	Heritable	0.585992296410841	0.877796497994796	0.00857766817970546	43990	0	0	5.85992296410841	7.53955882930103	5.69709348650541	10.6917403465236	1.03069387530571
BA_only	hippocampus	AA	psi	chr5_148319042_148321382	chr5	148319042	148321382	39	39	0	0	0.0360450501410714	0.980494018606455	0.80448099262507	-0.80448099262507	2340	308	Promoter	0	Heritable	0.189738436045874	0.85025596981345	0.0454886380624979	0	0	0	1.89738436045874	7.75790620835175	5.73334127689775	0	-0.21755792671904
BA_only	hippocampus	AA	psi	chr5_149141162_149141313	chr5	149141162	149141313	111	111	0	0	0.0108588028281596	0.944902218841749	4.04912133771393	4.04912133771393	151	434	Promoter	1	Heritable	0.106174906960255	0.912010701200026	0.00860285488577354	13018	0	0	1.06174906960255	5.01727983681492	6.07534603108868	9.4741651078974	1.39849990639939
BA_only	hippocampus	AA	psi	chr5_149142321_149142639	chr5	149142321	149142639	111	111	0	0	0.0025507420416079	0.831391577052564	9.48609998145114	9.48609998145114	318	447	Genic/other	1	Heritable	0.133593057293012	0.921361587768448	0.0083907250217248	14177	0	0	1.33593057293012	5.76205138278018	6.10479323241499	9.55944674641496	2.24982756834978
BA_only	hippocampus	AA	psi	chr5_149175188_149176104	chr5	149175188	149176104	163	163	0	0	0.000303767817347309	0.541467659154849	6.71956501339441	6.71956501339441	916	474	Genic/other	0	Heritable	0.176141991554019	0.886082430527103	0.00685770839576979	974	0	0	1.76141991554019	6.82001636467413	6.16331480403464	6.88243747099785	1.90502342377852
BA_only	hippocampus	AA	psi	chr5_149228811_149229571	chr5	149228811	149229571	164	164	0	0	0.00102566850293002	0.72098635361173	5.00419364210468	5.00419364210468	760	484	Genic/other	0	Heritable	0.147908740172355	0.945033222615268	0.00810350898925355	0	0	0	1.47908740172355	6.63331843328038	6.18414889093748	0	1.61027629131723
BA_only	hippocampus	AA	psi	chr5_149289032_149289383	chr5	149289032	149289383	152	152	0	0	0.00219502389301245	0.817158945950573	2.4813789946711	2.4813789946711	351	475	Genic/other	0	Non-heritable	0.0681478376864532	0.873948754084159	0.00816736793236001	12341	0	0	0.681478376864532	5.86078622346587	6.16541785423142	9.42076335888101	0.908814455908829
BA_only	hippocampus	AA	psi	chr5_149358947_149359587	chr5	149358947	149359587	124	124	0	0	0.00802322749945736	0.933559278800072	4.094614748686	4.094614748686	640	468	Genic/other	1	Non-heritable	0.0473155151246348	0.836500922135026	0.00865836988972507	0	0	0	0.473155151246348	6.46146817635372	6.15060276844628	0	1.40967263685665
BA_only	hippocampus	AA	psi	chr5_150128974_150129420	chr5	150128974	150129420	22	22	0	0	0.0693356360910183	0.985907779499035	1.14258594305208	1.14258594305208	446	549	Genic/other	1	Non-heritable	0.0871271549816514	0.944616885393927	0.00744974460432318	4587	0	0	0.871271549816514	6.10031895202006	6.30991827822652	8.43119947824926	0.13329407338711
BA_only	hippocampus	AA	psi	chr5_150458482_150458587	chr5	150458482	150458587	42	42	0	0	0.003684885663398	0.867953489674172	3.34361661681185	-3.34361661681185	105	442	Intergenic	0	Heritable	0.100863091173678	0.919775193463878	0.00615821249095557	8778	0	0	1.00863091173678	4.65396035015752	6.09356977004514	9.08011778492621	1.20705304355805
BA_only	hippocampus	AA	psi	chr5_150459283_150459507	chr5	150459283	150459507	42	42	0	0	0.046149358023032	0.981789757189854	4.10203374300838	-4.10203374300838	224	430	Intergenic	0	Non-heritable	0.0877838854783174	0.903736047789147	0.00836212010429327	9579	0	0	0.877838854783174	5.41164605185504	6.06610809010375	9.16743287096491	1.41148288804354
BA_only	hippocampus	AA	psi	chr5_150594054_150594201	chr5	150594054	150594201	40	40	0	0	0.0218509073942298	0.975932065139872	3.93427724764079	3.93427724764079	147	472	Intergenic	0	Heritable	0.133517692459659	0.931772995847899	0.00610044213560693	6986	0	0	1.33517692459659	4.99043258677874	6.15909538849193	8.85180655855245	1.36972719476887
BA_only	hippocampus	AA	psi	chr5_150801005_150802910	chr5	150801005	150802910	36	36	0	0	0.00157878511498027	0.779532208631293	1.66224111908872	-1.66224111908872	1905	494	Intergenic	0	Heritable	0.148163616882605	0.908669486190772	0.0225111801367163	42145	0	0	1.48163616882605	7.5522372875608	6.20455776256869	10.6488950597572	0.508166769597193
BA_only	hippocampus	AA	psi	chr5_150834259_150835211	chr5	150834259	150835211	42	42	0	0	0.0590218197668941	0.98577631996496	4.78441162841591	4.78441162841591	952	478	Intergenic	0	Heritable	0.123547678041049	0.923189191496465	0.0260631653248797	61761	0	0	1.23547678041049	6.85856503479137	6.17170059741092	11.031043567594	1.56536305776607
BA_only	hippocampus	AA	psi	chr5_150945314_150946020	chr5	150945314	150946020	45	45	0	0	0.0141643209043644	0.964826773227435	3.04595397424283	3.04595397424283	706	459	Promoter	1	Heritable	0.112166056501073	0.875413926465225	0.00794146758185516	0	0	0	1.12166056501073	6.55961523749324	6.13122648948314	0	1.11381414741297
BA_only	hippocampus	AA	psi	chr5_150947152_150947780	chr5	150947152	150947780	45	45	0	0	0.0283609322164895	0.975932065139872	2.41982891315978	2.41982891315978	628	459	Promoter	1	Non-heritable	0.0991107480120623	0.91173432683578	0.0097960533568459	0	0	0	0.991107480120623	6.4425401664682	6.13122648948314	0	0.883696844760552
BA_only	hippocampus	AA	psi	chr5_151238945_151240098	chr5	151238945	151240098	37	37	0	0	0.130061060053188	0.991064867102684	2.11440977182307	2.11440977182307	1153	496	Genic/other	0	Heritable	0.661491282986461	0.932557970360354	0.0203218634523414	15021	0	0	6.61491282986461	7.05012252026906	6.20859002609663	9.61727107224596	0.74877571058511
BA_only	hippocampus	AA	psi	chr5_151308340_151309409	chr5	151308340	151309409	20	20	0	0	0.0515752667297205	0.984153364580922	1.61723773597599	1.61723773597599	1069	494	Intergenic	0	Heritable	0.544911703394365	0.914081655650801	0.0177728460373829	14975	0	0	5.44911703394365	6.97447891102505	6.20455776256869	9.61420419871737	0.480719598838582
BA_only	hippocampus	AA	psi	chr5_151449091_151449596	chr5	151449091	151449596	20	20	0	0	0.0249302065592045	0.975932065139872	4.66639512205272	-4.66639512205272	505	498	Genic/other	1	Heritable	0.13943810080192	0.930017759314836	0.00764942416993999	0	0	0	1.3943810080192	6.22455842927536	6.21260609575152	0	1.54038685326558
BA_only	hippocampus	AA	psi	chr5_151652231_151652796	chr5	151652231	151652796	147	147	0	0	0.00185609669380936	0.800632140208814	4.17096300601442	-4.17096300601442	565	409	Promoter	0	Heritable	0.106226189425363	0.785481645584772	0.00682170273161607	0	0	0	1.06226189425363	6.33682573114644	6.01615715969835	0	1.42814694824057
BA_only	hippocampus	AA	psi	chr5_152405611_152405944	chr5	152405611	152405944	12	12	0	0	0.0151307296811353	0.966167725188189	0.776846039273614	0.776846039273614	333	232	Promoter	0	Non-heritable	0.097562216352888	0.734298180506137	0.00708390276481633	0	0	0	0.97562216352888	5.80814248998044	5.4510384535657	0	-0.252513083028772
BA_only	hippocampus	AA	psi	chr5_152813546_152813957	chr5	152813546	152813957	8	8	0	0	0.0237392732350181	0.975932065139872	1.63248343613761	-1.63248343613761	411	217	Genic/other	0	Non-heritable	0.0938801598455116	0.774446391511099	0.0103702194076346	71670	0	0	0.938801598455116	6.01859321449623	5.38449506278909	11.17984148173	0.49010244192568
BA_only	hippocampus	AA	psi	chr5_154191873_154193600	chr5	154191873	154193600	47	47	0	0	0.00720298464948035	0.931602204679102	1.9482034156264	1.9482034156264	1727	325	Genic/other	2	Heritable	0.146039315383318	0.77714656411008	0.00628341545973636	0	0	0	1.46039315383318	7.45414107814668	5.78689738136671	0	0.666907627707756
BA_only	hippocampus	AA	psi	chr5_154610036_154610294	chr5	154610036	154610294	99	99	0	0	0.00494621849756556	0.904749134087742	1.73878418186322	1.73878418186322	258	350	Intergenic	1	Heritable	0.257589252515895	0.881922729287929	0.00773441823333358	72742	0	0	2.57589252515895	5.55295958492162	5.86078622346587	11.194687960473	0.553186128685157
BA_only	hippocampus	AA	psi	chr5_154649793_154650349	chr5	154649793	154650349	97	97	0	0	0.01211484617401	0.95649320230981	2.85162824102035	2.85162824102035	556	346	Intergenic	1	Heritable	0.111721068746122	0.88451865617396	0.00807205565808811	32687	0	0	1.11721068746122	6.32076829425058	5.84932477994686	10.3947633170574	1.04789014728911
BA_only	hippocampus	AA	psi	chr5_154682316_154682368	chr5	154682316	154682368	94	94	0	0	0.00546159399224601	0.914301706404424	2.90035071297573	-2.90035071297573	52	350	Promoter	0	Heritable	0.134741052909934	0.890389198108082	0.00787691730884077	668	0	0	1.34741052909934	3.95124371858143	5.86078622346587	6.50578406012823	1.06483166863705
BA_only	hippocampus	AA	psi	chr5_154691118_154691256	chr5	154691118	154691256	94	94	0	0	0.00603819576662033	0.919417785088414	4.75489602117863	4.75489602117863	138	348	Genic/other	1	Heritable	0.110382157094033	0.852113048441471	0.00670502977526538	0	0	0	1.10382157094033	4.92725368515721	5.85507192220243	0	1.55917483060134
BA_only	hippocampus	AA	psi	chr5_154947690_154948514	chr5	154947690	154948514	83	83	0	0	0.0569366706364296	0.98577631996496	2.23868517715197	-2.23868517715197	824	343	Genic/other	0	Heritable	0.146887104941672	0.909061228543723	0.00569184297280112	0	0	0	1.46887104941672	6.71417052990947	5.8406416573734	0	0.805888723511163
BA_only	hippocampus	AA	psi	chr5_1551429_1552327	chr5	1551429	1552327	314	314	0	0	1.11760583620525e-05	0.105740109405734	6.05452326136421	-6.05452326136421	898	735	Promoter	1	Non-heritable	0.0785998930347603	0.965707680792022	0.00830657819549686	0	0	0	0.785998930347603	6.8001700683022	6.60123011872888	0	1.80080564085247
BA_only	hippocampus	AA	psi	chr5_155275259_155275488	chr5	155275259	155275488	4	4	0	0	0.208772868035772	0.991109148328494	1.66607111857204	1.66607111857204	229	266	Intergenic	0	Heritable	0.140086737145952	0.821680897946201	0.00654600391892046	80180	0	0	1.40086737145952	5.43372200355424	5.58724865840025	11.2920418580569	0.510468237054191
BA_only	hippocampus	AA	psi	chr5_156849824_156850497	chr5	156849824	156850497	4	4	0	0	0.378280607444508	0.994416868537123	0.610179394774927	0.610179394774927	673	291	Promoter	2	Non-heritable	0.0971873589109322	0.853096134458562	0.00624856991154603	75814	0	0	0.971873589109322	6.51174532964473	5.67675380226828	11.236051441235	-0.494002258867122
BA_only	hippocampus	AA	psi	chr5_157143579_157143812	chr5	157143579	157143812	18	18	0	0	0.0146643205475063	0.966089857218066	3.0445277126881	-3.0445277126881	233	279	Promoter	1	Heritable	0.270885382697421	0.879323623936497	0.0105818529533564	758	0	0	2.70885382697421	5.4510384535657	5.63478960316925	6.63200177739563	1.11334578985131
BA_only	hippocampus	AA	psi	chr5_157370858_157371300	chr5	157370858	157371300	36	36	0	0	0.00155059438160463	0.777132814755397	1.5124429363627	1.5124429363627	442	309	Genic/other	0	Heritable	0.114750845316863	0.851542512345895	0.00912567386935442	11852	0	0	1.14750845316863	6.0913098820777	5.73657229747919	9.3803362790795	0.413726188798298
BA_only	hippocampus	AA	psi	chr5_157456206_157456545	chr5	157456206	157456545	35	35	0	0	0.0059445150094684	0.918414150018684	3.93373936950388	-3.93373936950388	339	321	Enhancer	1	Heritable	0.113202198348407	0.888311417113219	0.00763642357719399	3811	0	0	1.13202198348407	5.82600010738045	5.77455154554441	8.24590926477409	1.3695904695527
BA_only	hippocampus	AA	psi	chr5_157690498_157690746	chr5	157690498	157690746	30	30	0	0	0.0382669874935045	0.980549382116533	2.41462431887064	-2.41462431887064	248	365	Promoter	1	Heritable	0.156493171963065	0.839301489196153	0.00760351651748148	32646	0	0	1.56493171963065	5.51342874616498	5.90263333340137	10.3935082468689	0.881543717600767
BA_only	hippocampus	AA	psi	chr5_157948853_157949081	chr5	157948853	157949081	8	8	0	0	0.00840313724991829	0.933559278800072	5.00483836672575	5.00483836672575	228	334	Intergenic	0	Heritable	0.153374931448921	0.851569400121559	0.00749330811311791	89812	0	0	1.53374931448921	5.42934562895444	5.81413053182507	11.4054850099597	1.61040511988329
BA_only	hippocampus	AA	psi	chr5_159052304_159053074	chr5	159052304	159053074	28	28	0	0	0.0415368859505365	0.980549382116533	1.91149376155637	1.91149376155637	770	332	Genic/other	1	Non-heritable	0.0530902926801804	0.766217040860508	0.0106195270857481	0	0	0	0.530902926801804	6.64639051484773	5.80814248998044	0	0.647885015742728
BA_only	hippocampus	AA	psi	chr5_159206132_159206281	chr5	159206132	159206281	59	59	0	0	0.0376515377616973	0.980549382116533	1.7425692815619	1.7425692815619	149	311	Genic/other	1	Heritable	0.125066521991151	0.897964271148608	0.0108031459667628	0	0	0	1.25066521991151	5.00394630594546	5.74300318780948	0	0.55536062846415
BA_only	hippocampus	AA	psi	chr5_1593906_1594981	chr5	1593906	1594981	310	310	0	0	0.00963556361237506	0.939841915020693	6.01634631150356	-6.01634631150356	1075	732	Promoter	2	Non-heritable	0.0799875223569791	0.954003448786714	0.019627256477369	0	0	0	0.799875223569791	6.98007594056176	6.59714570188665	0	1.79448015172993
BA_only	hippocampus	AA	psi	chr5_159799709_159800235	chr5	159799709	159800235	18	18	0	0	0.00920526171525143	0.939585238273321	1.44672774342612	1.44672774342612	526	389	Genic/other	0	Heritable	0.192605407235759	0.918890199558303	0.00612202303018615	0	0	0	1.92605407235759	6.26530121273771	5.96614673912369	0	0.369304284423307
BA_only	hippocampus	AA	psi	chr5_159917962_159918982	chr5	159917962	159918982	15	15	0	0	0.00430854220862198	0.888539612676336	1.57857994278377	-1.57857994278377	1020	398	Genic/other	2	Non-heritable	0.0956261113515936	0.906000739916732	0.00646058037209656	50103	0	0	0.956261113515936	6.92755790627832	5.98896141688986	10.8218561242052	0.456525678847388
BA_only	hippocampus	AA	psi	chr5_160268810_160269334	chr5	160268810	160269334	31	31	0	0	0.0823678639372691	0.988137148207548	2.4211592990673	-2.4211592990673	524	408	Genic/other	0	Heritable	0.191384166263519	0.916351490701106	0.00689437419621369	0	0	0	1.91384166263519	6.26149168432104	6.0137151560428	0	0.884246478792775
BA_only	hippocampus	AA	psi	chr5_160436316_160437129	chr5	160436316	160437129	23	23	0	0	0.00845773949152193	0.933559278800072	0.623154496342699	-0.623154496342699	813	368	Genic/other	0	Non-heritable	0.0745979060329846	0.910020723657439	0.0138883349881986	1539	0	0	0.745979060329846	6.70073110954781	5.91079664404053	7.33953769540768	-0.472960787182181
BA_only	hippocampus	AA	psi	chr5_1634465_1634868	chr5	1634465	1634868	539	539	0	0	0.00406516894135469	0.880626276698998	5.11445778967318	5.11445778967318	403	738	Promoter	1	Heritable	0.187018371804529	0.950867892198737	0.00935246830592704	656	0	0	1.87018371804529	5.99893656194668	6.6052979209482	6.48768401848461	1.63207139176605
BA_only	hippocampus	AA	psi	chr5_163456989_163457292	chr5	163456989	163457292	184	184	0	0	0.00303102266287895	0.846513053928579	4.39841781968762	-4.39841781968762	303	324	Genic/other	1	Heritable	0.112715671628075	0.884768668781295	0.0106471167118625	0	0	0	1.12715671628075	5.71373280550937	5.78382518232974	0	1.48124489209642
BA_only	hippocampus	AA	psi	chr5_1641253_1641421	chr5	1641253	1641421	539	539	0	0	0.00320481811281657	0.853185837570312	3.39417002656104	-3.39417002656104	168	744	Genic/other	1	Non-heritable	0.0703107870130127	0.963873301122052	0.00691601014572416	0	0	0	0.703107870130127	5.12396397940326	6.61338421837956	0	1.22205926472065
BA_only	hippocampus	AA	psi	chr5_165521863_165523352	chr5	165521863	165523352	2	2	0	0	0.824138686819834	0.998090633148732	0.0678258237751811	-0.0678258237751811	1489	392	Genic/other	0	Non-heritable	0.0979465453311293	0.923539372776622	0.00890473402619124	0	0	0	0.979465453311293	7.30586003268401	5.97380961186926	0	-2.69081212747649
BA_only	hippocampus	AA	psi	chr5_16557784_16558947	chr5	16557784	16558947	9	9	0	0	0.0337017155043894	0.979164877002956	1.00605712551017	1.00605712551017	1163	553	Genic/other	0	Heritable	0.149519099520439	0.951628440745754	0.00609090316917754	0	0	0	1.49519099520439	7.05875815251866	6.31716468674728	0	0.00603886480650682
BA_only	hippocampus	AA	psi	chr5_165996489_165996880	chr5	165996489	165996880	9	9	0	0	0.159090101541291	0.991064867102684	0.957113564618008	-0.957113564618008	391	492	Intergenic	0	Heritable	0.132630161866857	0.929253253313225	0.00719368902380462	5018	0	0	1.32630161866857	5.96870755998537	6.20050917404269	8.52098598965493	-0.0438332168090673
BA_only	hippocampus	AA	psi	chr5_16615547_16615934	chr5	16615547	16615934	9	9	0	0	0.0614127378664875	0.985907779499035	2.97988570469909	2.97988570469909	387	547	Promoter	1	Heritable	0.135791727886188	0.955753121772685	0.00839558937688122	0	0	0	1.35791727886188	5.95842469302978	6.30627528694802	0	1.09188494900979
BA_only	hippocampus	AA	psi	chr5_16655086_16656698	chr5	16655086	16656698	10	10	0	0	0.0010500592089881	0.721965237965727	1.06299088911994	-1.06299088911994	1612	539	Genic/other	0	Heritable	0.452146630207006	0.931396726236037	0.0102262035445721	25631	0	0	4.52146630207006	7.38523092306657	6.29156913955832	10.1515968498681	0.0610865378179304
BA_only	hippocampus	AA	psi	chr5_166796454_166797359	chr5	166796454	166797359	1	1	0	0	0.287778501298398	0.993663620961428	0.858608436764936	-0.858608436764936	905	394	Intergenic	0	Non-heritable	0.0677220419271161	0.874439958151697	0.0073033700951802	85035	0	0	0.677220419271161	6.80793494369993	5.97888576490112	11.350829975221	-0.152442285405295
BA_only	hippocampus	AA	psi	chr5_16699390_16699705	chr5	16699390	16699705	10	10	0	0	0.034548719885378	0.980327953711174	1.4857869827691	1.4857869827691	315	574	Genic/other	1	Non-heritable	0.0921092149549713	0.952772701136683	0.00794738696347361	11316	0	0	0.921092149549713	5.75257263882563	6.35437004079735	9.33406129896594	0.395944593335357
BA_only	hippocampus	AA	psi	chr5_167723466_167724562	chr5	167723466	167724562	12	12	0	0	0.0175562271501009	0.970581273335112	0.872684684312228	-0.872684684312228	1096	456	Genic/other	0	Heritable	0.155594870237698	0.926671296211865	0.00731931748912479	0	0	0	1.55594870237698	6.99942246750796	6.12468339089421	0	-0.136180963281981
BA_only	hippocampus	AA	psi	chr5_168006002_168006807	chr5	168006002	168006807	32	32	0	0	0.0418968554040605	0.980549382116533	3.03751395714415	-3.03751395714415	805	493	Genic/other	0	Non-heritable	0.0577611235739802	0.938361381368067	0.00586765134019669	0	0	0	0.577611235739802	6.69084227741856	6.20253551718792	0	1.11103940689285
BA_only	hippocampus	AA	psi	chr5_168039364_168039599	chr5	168039364	168039599	33	33	0	0	0.0321953261859338	0.977880789129003	2.17054964430489	2.17054964430489	235	484	Genic/other	0	Heritable	0.111521915448512	0.929658967967582	0.00806744373885634	0	0	0	1.11521915448512	5.45958551414416	6.18414889093748	0	0.774980432392817
BA_only	hippocampus	AA	psi	chr5_168245271_168245605	chr5	168245271	168245605	28	28	0	0	0.0181590301842763	0.971491284972723	1.17071706201133	1.17071706201133	334	426	Genic/other	0	Heritable	0.158943695280871	0.929491735860113	0.00633835049497458	0	0	0	1.58943695280871	5.8111409929767	6.05678401322863	0	0.157616443135123
BA_only	hippocampus	AA	psi	chr5_168251468_168252254	chr5	168251468	168252254	29	29	0	0	0.0273584273202238	0.975932065139872	2.86458952548567	-2.86458952548567	786	434	Genic/other	0	Non-heritable	0.072325423723767	0.916640507132847	0.00553990722698163	0	0	0	0.72325423723767	6.66695679242921	6.07534603108868	0	1.05242507131139
BA_only	hippocampus	AA	psi	chr5_16826518_16826789	chr5	16826518	16826789	9	9	0	0	0.00766363182684328	0.933559278800072	0.947753942524925	0.947753942524925	271	603	Genic/other	0	Non-heritable	0.0640475435020285	0.927355624843642	0.00634527681535552	0	0	0	0.640475435020285	5.6021188208797	6.40357419793482	0	-0.0536603541645025
BA_only	hippocampus	AA	psi	chr5_168485710_168486064	chr5	168485710	168486064	29	29	0	0	0.0174190419931885	0.970581273335112	2.05900780535243	2.05900780535243	354	510	Promoter	1	Heritable	0.141769780599576	0.910664685003782	0.00596562096735233	478	0	0	1.41769780599576	5.86929691313377	6.2363695902037	6.17170059741092	0.722224223741426
BA_only	hippocampus	AA	psi	chr5_168844187_168844756	chr5	168844187	168844756	3	3	0	0	0.0185148419901677	0.972503866121758	0.262817889890448	-0.262817889890448	569	538	Genic/other	0	Heritable	0.122648568321929	0.924258660788302	0.00934217534788837	158469	0	0	1.22648568321929	6.34388043412633	6.289715570909	11.9733205799369	-1.3362938824749
BA_only	hippocampus	AA	psi	chr5_168869829_168870024	chr5	168869829	168870024	3	3	0	0	0.163125934899496	0.991064867102684	0.254791717212559	0.254791717212559	195	534	Genic/other	0	Non-heritable	0.0663062331236065	0.930295472894859	0.00801297780638546	148469	0	0	0.663062331236065	5.27299955856375	6.28226674689601	11.908138196614	-1.36730882357983
BA_only	hippocampus	AA	psi	chr5_169584728_169585011	chr5	169584728	169585011	16	16	0	0	0.237304328533146	0.992090551618052	1.04669824402252	1.04669824402252	283	495	Genic/other	1	Heritable	0.329934861973786	0.898536370077646	0.0104840000768916	0	0	0	3.29934861973786	5.64544689764324	6.20657592672493	0	0.0456406897990831
BA_only	hippocampus	AA	psi	chr5_17004839_17005266	chr5	17004839	17005266	37	37	0	0	0.0523010771535612	0.98435172557532	1.55239173326401	-1.55239173326401	427	632	Intergenic	0	Non-heritable	0.0564228398033244	0.948672115114565	0.00842687905418089	0	0	0	0.564228398033244	6.05678401322863	6.45047042214418	0	0.439796801807417
BA_only	hippocampus	AA	psi	chr5_170104559_170105140	chr5	170104559	170105140	23	23	0	0	0.0582221783240006	0.98577631996496	1.34761806667156	1.34761806667156	581	607	Promoter	1	Non-heritable	0.0992128412630667	0.962479096585389	0.0151905571216389	124262	0	0	0.992128412630667	6.36475075685191	6.41017488196617	11.7301555662524	0.298338646434441
BA_only	hippocampus	AA	psi	chr5_17096767_17097319	chr5	17096767	17097319	37	37	0	0	0.0243479245605053	0.975932065139872	1.80041908284133	-1.80041908284133	552	580	Genic/other	0	Non-heritable	0.0861974415192492	0.952213228811632	0.0119901721570741	0	0	0	0.861974415192492	6.3135480462771	6.36475075685191	0	0.588019467157865
BA_only	hippocampus	AA	psi	chr5_1709917_1710167	chr5	1709917	1710167	565	565	0	0	0.0043310610131782	0.888539612676336	5.18754830091025	-5.18754830091025	250	738	Genic/other	0	Heritable	0.107866343370957	0.959919439825222	0.00843850903700734	0	0	0	1.07866343370957	5.52146091786225	6.6052979209482	0	1.64626119846001
BA_only	hippocampus	AA	psi	chr5_171437479_171437688	chr5	171437479	171437688	46	46	0	0	0.00860744372947712	0.933559278800072	7.96511621743525	-7.96511621743525	209	450	Genic/other	0	Non-heritable	0.0984228956593951	0.866668364658934	0.00561851379828014	19777	0	0	0.984228956593951	5.34233425196481	6.11146733950268	9.89232548782994	2.07507153552614
BA_only	hippocampus	AA	psi	chr5_172355105_172355354	chr5	172355105	172355354	12	12	0	0	0.0288147523604141	0.975932065139872	1.80294863658279	1.80294863658279	249	566	Genic/other	0	Heritable	0.135787583326306	0.944111957969513	0.00757873065828486	0	0	0	1.35787583326306	5.51745289646471	6.34035930372775	0	0.58942346160967
BA_only	hippocampus	AA	psi	chr5_172414528_172415426	chr5	172414528	172415426	10	10	0	0	0.0661889538114674	0.985907779499035	3.74776343661682	3.74776343661682	898	626	Genic/other	0	Heritable	0.152495813377558	0.954120118221605	0.0109908443250047	55754	0	0	1.52495813377558	6.8001700683022	6.44094654063292	10.9287223713995	1.32115924782109
BA_only	hippocampus	AA	psi	chr5_172417685_172418205	chr5	172417685	172418205	10	10	0	0	0.252415584502999	0.992837608310815	1.72853330368326	1.72853330368326	520	625	Enhancer	0	Heritable	0.125426578670131	0.949211513155256	0.00796437561151958	58911	0	0	1.25426578670131	6.25382881157547	6.4393503711001	10.9838000840328	0.547273253368975
BA_only	hippocampus	AA	psi	chr5_1724975_1725522	chr5	1724975	1725522	565	565	0	0	0.000476980354320554	0.604180328372748	4.26743057720902	-4.26743057720902	547	734	Promoter	2	Heritable	0.112580649410187	0.970198940144937	0.010741250932332	1326	0	0	1.12580649410187	6.30444880242198	6.59987049921284	7.19067603433221	1.45101191010813
BA_only	hippocampus	AA	psi	chr5_172556896_172557264	chr5	172556896	172557264	61	61	0	0	0.012595288292236	0.961461717209863	2.92025788509708	-2.92025788509708	368	627	Genic/other	0	Non-heritable	0.0997130515759404	0.95768962614463	0.00667880536050391	0	0	0	0.997130515759404	5.90808293816893	6.4425401664682	0	1.07167193261891
BA_only	hippocampus	AA	psi	chr5_172659543_172660410	chr5	172659543	172660410	76	76	0	0	0.0186992922998682	0.972503866121758	2.45389376343706	2.45389376343706	867	539	Genic/other	0	Heritable	0.11879760446235	0.945260188358665	0.00716428942432079	0	0	0	1.1879760446235	6.76503897678054	6.29156913955832	0	0.897676058243843
BA_only	hippocampus	AA	psi	chr5_172712153_172712516	chr5	172712153	172712516	86	86	0	0	0.00252924679428693	0.830598713704804	3.41654271909221	3.41654271909221	363	532	Intergenic	0	Heritable	0.136762183733284	0.940501702843034	0.00775722657862011	11373	0	0	1.36762183733284	5.89440283426485	6.27852142416584	9.33908532786674	1.22862914184634
BA_only	hippocampus	AA	psi	chr5_172807332_172807652	chr5	172807332	172807652	87	87	0	0	0.0254041703115723	0.975932065139872	4.23411949937605	-4.23411949937605	320	594	Promoter	0	Heritable	0.129152008401952	0.956101364331744	0.00706389641857158	9072	0	0	1.29152008401952	5.76832099579377	6.38856140554563	9.11305824916963	1.44317539843054
BA_only	hippocampus	AA	psi	chr5_172905564_172905889	chr5	172905564	172905889	86	86	0	0	0.025883739418816	0.975932065139872	5.01941365265525	5.01941365265525	325	636	Promoter	0	Non-heritable	0.0831892915787972	0.946304027548066	0.00704780509093911	0	0	0	0.831892915787972	5.78382518232974	6.45676965557216	0	1.61331312661408
BA_only	hippocampus	AA	psi	chr5_173554691_173555636	chr5	173554691	173555636	61	61	0	0	0.0161455640141209	0.968106276565941	1.90133243113615	1.90133243113615	945	560	Intergenic	0	Heritable	0.128779921143827	0.954347343237994	0.00675561897453917	0	0	0	1.28779921143827	6.85118492749374	6.3297209055227	0	0.642554925195607
BA_only	hippocampus	AA	psi	chr5_173556277_173556945	chr5	173556277	173556945	61	61	0	0	0.00815192980066918	0.933559278800072	2.03329535291677	2.03329535291677	668	557	Intergenic	0	Heritable	0.123237817050729	0.949772261662799	0.00750644865559041	944	0	0	1.23237817050729	6.50428817353665	6.32435896238131	6.85118492749374	0.709657808361436
BA_only	hippocampus	AA	psi	chr5_17367344_17367929	chr5	17367344	17367929	73	73	0	0	0.0345642380883924	0.980327953711174	3.57465560549715	3.57465560549715	585	470	Intergenic	0	Heritable	0.115695204810384	0.941238309793322	0.00673856267733361	1459	0	0	1.15695204810384	6.37161184723186	6.15485809401642	7.28619171470238	1.27386884017634
BA_only	hippocampus	AA	psi	chr5_173782632_173783709	chr5	173782632	173783709	71	71	0	0	0.00577811884772726	0.91658260669542	7.90074161413905	7.90074161413905	1077	605	Genic/other	0	Non-heritable	0.0825939687551616	0.915827156038039	0.00824952612973096	0	0	0	0.825939687551616	6.98193467715639	6.40687998606931	0	2.06695663154015
BA_only	hippocampus	AA	psi	chr5_173866226_173867782	chr5	173866226	173867782	65	65	0	0	0.0117149697191022	0.953997333858183	3.12002145627945	3.12002145627945	1556	628	Enhancer	0	Heritable	0.170599407757558	0.962950212867175	0.00751226144459603	0	0	0	1.70599407757558	7.34987370473834	6.44413125670044	0	1.1378398820155
BA_only	hippocampus	AA	psi	chr5_17390153_17390481	chr5	17390153	17390481	67	67	0	0	0.00166289712317401	0.786661074605562	1.95632611425487	-1.95632611425487	328	433	Genic/other	0	Non-heritable	0.056666347858901	0.930571727840119	0.0123778887728488	13587	0	0	0.56666347858901	5.79301360838414	6.07304453410041	9.51694232928048	0.671068287906343
BA_only	hippocampus	AA	psi	chr5_174019966_174020141	chr5	174019966	174020141	35	35	0	0	0.127630931786668	0.991064867102684	3.946268129711	3.946268129711	175	627	Intergenic	0	Heritable	0.10530557202611	0.946076553847953	0.00913224637610088	25701	0	0	1.0530557202611	5.16478597392351	6.4425401664682	10.1543240888671	1.37277035757535
BA_only	hippocampus	AA	psi	chr5_174171805_174172285	chr5	174171805	174172285	10	10	0	0	0.0853149290526351	0.988137148207548	0.809323691027835	-0.809323691027835	480	657	Promoter	0	Non-heritable	0.0982750129332621	0.939077856741948	0.00767513009615025	67576	0	0	0.982750129332621	6.17378610390194	6.48920493132532	11.121022967451	-0.211556317072363
BA_only	hippocampus	AA	psi	chr5_174420086_174420531	chr5	174420086	174420531	12	12	0	0	0.0192788860113087	0.973353388707841	2.06442876813434	-2.06442876813434	445	670	Genic/other	0	Heritable	0.116782989288249	0.961774904586521	0.00988466201354336	33449	0	0	1.16782989288249	6.09807428216624	6.50876913697168	10.4178070655564	0.724853567388228
BA_only	hippocampus	AA	psi	chr5_174625714_174626211	chr5	174625714	174626211	18	18	0	0	0.0627392415562707	0.985907779499035	3.59993949567943	-3.59993949567943	497	762	Intergenic	0	Heritable	0.119657489460228	0.970767214987321	0.00618371485593015	5093	0	0	1.19657489460228	6.20859002609663	6.63725803128446	8.5358186555394	1.28091704134294
BA_only	hippocampus	AA	psi	chr5_174691568_174692336	chr5	174691568	174692336	18	18	0	0	0.0340190334369647	0.979302031268167	2.85140107248613	-2.85140107248613	768	753	Intergenic	0	Heritable	0.12116320849831	0.973405625263487	0.00703970191374463	28434	0	0	1.2116320849831	6.64378973314767	6.62539236800796	10.2553760597409	1.04781048137086
BA_only	hippocampus	AA	psi	chr5_174719726_174720441	chr5	174719726	174720441	17	17	0	0	0.0247962831827001	0.975932065139872	1.51717024680965	-1.51717024680965	715	748	Genic/other	1	Non-heritable	0.0304110567817379	0.958046477944311	0.00811666242213663	329	0	0	0.304110567817379	6.57228254269401	6.61873898351722	5.79909265446053	0.416846926639424
BA_only	hippocampus	AA	psi	chr5_174723060_174723799	chr5	174723060	174723799	17	17	0	0	0.0284600902242518	0.975932065139872	1.4775803361886	-1.4775803361886	739	771	Promoter	1	Non-heritable	0.0983091875315724	0.956779103322389	0.011277491571067	87	0	0	0.983091875315724	6.6052979209482	6.64898455002478	4.47733681447821	0.390405848642667
BA_only	hippocampus	AA	psi	chr5_174726009_174731575	chr5	174726009	174731575	17	17	0	0	0.0560632503350133	0.98577631996496	2.25929577264446	2.25929577264446	5566	757	Enhancer	2	Non-heritable	0.08278985221197	0.964705895847187	0.00773391371351232	0	0	0	0.8278985221197	8.62443194208584	6.63068338564237	0	0.815053164126844
BA_only	hippocampus	AA	psi	chr5_174732472_174732903	chr5	174732472	174732903	16	16	0	0	0.0237303296234615	0.975932065139872	2.92651696869582	2.92651696869582	431	758	Intergenic	2	Non-heritable	0.0684835317200593	0.970048387291646	0.00739782510979322	3312	0	0	0.684835317200593	6.06610809010375	6.63200177739563	8.1056094022999	1.07381297143941
BA_only	hippocampus	AA	psi	chr5_174734426_174734664	chr5	174734426	174734664	16	16	0	0	0.0178278656688587	0.970931943606436	2.77862242155279	2.77862242155279	238	787	Intergenic	1	Non-heritable	0.0573861147806824	0.967946389128227	0.00726175148925889	5266	0	0	0.573861147806824	5.47227067367148	6.66949808985788	8.56921621948339	1.02195527666944
BA_only	hippocampus	AA	psi	chr5_175002275_175002470	chr5	175002275	175002470	4	4	0	0	0.675753043007665	0.99725367388771	0.258338063828467	-0.258338063828467	195	734	Intergenic	0	Heritable	0.105912406919873	0.961206627544166	0.00643992149254546	176152	0	0	1.05912406919873	5.27299955856375	6.59987049921284	12.0791082145639	-1.35348618816152
BA_only	hippocampus	AA	psi	chr5_175103462_175104013	chr5	175103462	175104013	3	3	0	0	0.165337716478592	0.991064867102684	0.815104511025548	0.815104511025548	551	766	Intergenic	0	Non-heritable	0.0953813248459583	0.97475219311093	0.00781686289569904	243563	0	0	0.953813248459583	6.31173480915292	6.64248680136726	12.4031350206456	-0.20443892730706
BA_only	hippocampus	AA	psi	chr5_175477333_175477875	chr5	175477333	175477875	9	9	0	0	0.164175051642588	0.991064867102684	1.26073720092077	1.26073720092077	542	699	Promoter	1	Heritable	0.175778048365307	0.942610329566242	0.010274732944298	0	0	0	1.75778048365307	6.29526600143965	6.5510803350434	0	0.231696637898476
BA_only	hippocampus	AA	psi	chr5_175907845_175908772	chr5	175907845	175908772	107	107	0	0	0.0133299881995191	0.964283399649536	8.44954768045901	8.44954768045901	927	484	Genic/other	0	Heritable	0.175674200865445	0.944814364685592	0.00927996564347336	9399	0	0	1.75674200865445	6.83195356556586	6.18414889093748	9.14846496825809	2.13411291218009
BA_only	hippocampus	AA	psi	chr5_175951025_175952454	chr5	175951025	175952454	318	318	0	0	0.00595924857664082	0.918414150018684	2.35220274588006	2.35220274588006	1429	448	Genic/other	0	Heritable	0.137346733774776	0.932302865895041	0.0213834026175875	0	0	0	1.37346733774776	7.26473017792987	6.10702288774226	0	0.855352232052198
BA_only	hippocampus	AA	psi	chr5_176061500_176061559	chr5	176061500	176061559	342	342	0	0	0.00481674150418161	0.903845859635741	6.54898982535473	6.54898982535473	59	414	Promoter	1	Heritable	0.128902158295535	0.930524781876075	0.00946252135572088	0	0	0	1.28902158295535	4.07753744390572	6.0282785202307	0	1.87931081414351
BA_only	hippocampus	AA	psi	chr5_176133054_176133266	chr5	176133054	176133266	349	349	0	0	0.000468991051011893	0.604162640906295	2.74010419782051	2.74010419782051	212	360	Genic/other	2	Heritable	0.316268432571822	0.845081425434454	0.0098399775430512	0	0	0	3.16268432571822	5.35658627467201	5.88887795833288	0	1.00799595172806
BA_only	hippocampus	AA	psi	chr5_176134111_176134609	chr5	176134111	176134609	357	357	0	0	0.0113312927111065	0.950700485881585	4.0134557275907	4.0134557275907	498	385	Genic/other	1	Heritable	0.263665231362231	0.843676448869092	0.00857093057526428	0	0	0	2.63665231362231	6.21060007702465	5.95583736946483	0	1.38965265014714
BA_only	hippocampus	AA	psi	chr5_176171192_176171387	chr5	176171192	176171387	362	362	0	0	0.000530597475251779	0.633171459244854	3.77435833900917	3.77435833900917	195	370	Genic/other	0	Heritable	0.149217962058946	0.887243961950293	0.00597230461194917	0	0	0	1.49217962058946	5.27299955856375	5.91620206260744	0	1.3282303944814
BA_only	hippocampus	AA	psi	chr5_176611480_176611565	chr5	176611480	176611565	57	57	0	0	0.0103866178775939	0.944902218841749	2.30177931930252	2.30177931930252	85	381	Genic/other	1	Non-heritable	0.0788267209938543	0.856571001649842	0.00986019534005357	14950	0	0	0.788267209938543	4.44265125649032	5.94542060860658	9.61253346621393	0.833682445280165
BA_only	hippocampus	AA	psi	chr5_176723128_176723727	chr5	176723128	176723727	37	37	0	0	0.0247315709392294	0.975932065139872	2.82370143592887	-2.82370143592887	599	383	Genic/other	0	Non-heritable	0.0470117728201069	0.810247589216572	0.00762109090287013	1163	0	0	0.470117728201069	6.39526159811545	5.95064255258773	7.05961762829138	1.03804859376207
BA_only	hippocampus	AA	psi	chr5_177086409_177086590	chr5	177086409	177086590	54	54	0	0	0.00238612415328466	0.824728302674626	3.36703239386988	3.36703239386988	181	390	Promoter	1	Heritable	0.10976066953988	0.884347921668849	0.00835625973278877	427	0	0	1.0976066953988	5.19849703126583	5.96870755998537	6.0591231955818	1.21403176409161
BA_only	hippocampus	AA	psi	chr5_177098524_177098927	chr5	177098524	177098927	56	56	0	0	0.000787032841765905	0.683148985370606	2.01806796463806	-2.01806796463806	403	374	Intergenic	0	Heritable	0.264599310745999	0.915732493740147	0.00520255029499162	4869	0	0	2.64599310745999	5.99893656194668	5.92692602597041	8.49084921607664	0.702140605525694
BA_only	hippocampus	AA	psi	chr5_177132201_177132277	chr5	177132201	177132277	58	58	0	0	0.0232222250244523	0.975932065139872	2.05143142769468	2.05143142769468	76	384	Promoter	1	Heritable	0.101532946945916	0.801907199206914	0.00677526866979076	2922	0	0	1.01532946945916	4.33073334028633	5.95324333428779	7.98036576511125	0.718537811768716
BA_only	hippocampus	AA	psi	chr5_17720049_17720862	chr5	17720049	17720862	239	239	0	0	0.00319039890660499	0.853185837570312	8.26919931458937	8.26919931458937	813	365	Genic/other	0	Heritable	0.202100316545511	0.823212579918689	0.0071351748345776	0	0	0	2.02100316545511	6.70073110954781	5.90263333340137	0	2.11253768749115
BA_only	hippocampus	AA	psi	chr5_177559395_177559772	chr5	177559395	177559772	155	155	0	0	0.00127445951093546	0.748685029382681	4.26114355971325	-4.26114355971325	377	300	Intergenic	0	Heritable	0.191285454741245	0.853111622783788	0.00812952096420338	5145	0	0	1.91285454741245	5.93224518744801	5.70711026474888	8.54597499284169	1.4495375678514
BA_only	hippocampus	AA	psi	chr5_177929924_177931651	chr5	177929924	177931651	470	470	0	0	0.00105867437378474	0.721965237965727	8.83442270974421	-8.83442270974421	1727	516	Genic/other	0	Non-heritable	0.0643809641143162	0.925794957964248	0.00561434385637766	0	0	0	0.643809641143162	7.45414107814668	6.24804287450843	0	2.17865576348344
BA_only	hippocampus	AA	psi	chr5_177980352_177980985	chr5	177980352	177980985	462	462	0	0	0.00602895301924266	0.919417785088414	3.71668386236711	-3.71668386236711	633	531	Genic/other	1	Heritable	0.117809395851833	0.941042688708903	0.014920294595802	0	0	0	1.17809395851833	6.45047042214418	6.27664348934165	0	1.31283183856374
BA_only	hippocampus	AA	psi	chr5_177982341_177982589	chr5	177982341	177982589	464	464	0	0	0.0027728400484788	0.842029831452187	10.7424351359531	-10.7424351359531	248	537	Genic/other	1	Heritable	0.438526502769807	0.909858202148152	0.00692316182219721	0	0	0	4.38526502769807	5.51342874616498	6.28785856016178	0	2.37420179950223
BA_only	hippocampus	AA	psi	chr5_177985936_177986175	chr5	177985936	177986175	463	463	0	0	0.00341115235679566	0.866296289904077	4.11719104761293	4.11719104761293	239	549	Intergenic	2	Heritable	0.13113105826857	0.923558965255681	0.00641697470955937	3282	0	0	1.3113105826857	5.47646355193151	6.30991827822652	8.09651291750159	1.41517114870952
BA_only	hippocampus	AA	psi	chr5_178007860_178008189	chr5	178007860	178008189	459	459	0	0	0.00237362940651267	0.823733955316953	4.41224448479834	-4.41224448479834	329	538	Promoter	1	Non-heritable	0.0758675335343631	0.932357746632181	0.00988810256144649	0	0	0	0.758675335343631	5.79605775076537	6.289715570909	0	1.4843835157213
BA_only	hippocampus	AA	psi	chr5_178074428_178074625	chr5	178074428	178074625	427	427	0	0	0.000973797483147388	0.716185863339116	4.36905568189902	4.36905568189902	197	575	Genic/other	0	Non-heritable	0.0769686519790053	0.925461978730516	0.00784419625845847	0	0	0	0.769686519790053	5.28320372873799	6.35610766069589	0	1.47454689694666
BA_only	hippocampus	AA	psi	chr5_178165438_178165857	chr5	178165438	178165857	399	399	0	0	0.00069397689806908	0.664948855064319	5.33805526479486	5.33805526479486	419	589	Promoter	2	Heritable	0.114226544999551	0.916243149095472	0.00828596287257003	11946	0	0	1.14226544999551	6.03787091992214	6.38012253689977	9.38823547981722	1.67486140589216
BA_only	hippocampus	AA	psi	chr5_178196422_178196737	chr5	178196422	178196737	393	393	0	0	0.00380516363789454	0.871332559521944	7.47165702719128	-7.47165702719128	315	603	Intergenic	0	Non-heritable	0.0758713341360045	0.955139485031887	0.00992139543351721	12177	0	0	0.758713341360045	5.75257263882563	6.40357419793482	9.40738632416852	2.01111680013962
BA_only	hippocampus	AA	psi	chr5_178239371_178239902	chr5	178239371	178239902	56	56	0	0	0.0898440125584926	0.989446665475032	1.63807706840189	1.63807706840189	531	607	Genic/other	0	Non-heritable	0.0842941661549197	0.952859156888202	0.00800784405376883	2491	0	0	0.842941661549197	6.27476202124194	6.41017488196617	7.82084087990734	0.49352304073517
BA_only	hippocampus	AA	psi	chr5_178346482_178346822	chr5	178346482	178346822	37	37	0	0	0.00625128884121817	0.920376068783091	2.7473371909139	-2.7473371909139	340	695	Enhancer	0	Non-heritable	0.0959903470440013	0.949683334411102	0.00764705013931347	56119	0	0	0.959903470440013	5.82894561761021	6.54534966033442	10.9352475342164	1.01063215200556
BA_only	hippocampus	AA	psi	chr5_178384146_178384551	chr5	178384146	178384551	46	46	0	0	0.0165428891953529	0.969699026744516	1.67767203272084	1.67767203272084	405	706	Genic/other	0	Heritable	0.20753924229469	0.949188090540958	0.00805790414929914	93783	0	0	2.0753924229469	6.00388706710654	6.56103066589657	11.4487495447517	0.517407143603896
BA_only	hippocampus	AA	psi	chr5_178396775_178397212	chr5	178396775	178397212	34	34	0	0	0.0232335808486829	0.975932065139872	1.78600899370261	1.78600899370261	437	711	Enhancer	2	Non-heritable	0.0453778297027274	0.946947538811432	0.00823004925810392	106412	0	0	0.453778297027274	6.07993319509559	6.56807791141198	11.5750830288774	0.579983523708459
BA_only	hippocampus	AA	psi	chr5_178428169_178428454	chr5	178428169	178428454	33	33	0	0	0.0108476725398137	0.944902218841749	1.22038843762409	-1.22038843762409	285	714	Genic/other	0	Non-heritable	0.0460258321740637	0.963239925344481	0.00859325028619221	132293	0	0	0.460258321740637	5.65248918026865	6.57228254269401	11.7927819976007	0.199169207758617
BA_only	hippocampus	AA	psi	chr5_178449059_178450063	chr5	178449059	178450063	33	33	0	0	0.0352681317120695	0.980327953711174	1.23770538467568	-1.23770538467568	1004	730	Genic/other	0	Heritable	0.101533107312962	0.967359194302899	0.0112477366556984	110684	0	0	1.01533107312962	6.91174730025167	6.59441345974978	11.6144436081606	0.213259177183799
BA_only	hippocampus	AA	psi	chr5_178728999_178729826	chr5	178728999	178729826	18	18	0	0	0.0470037354888621	0.982445572707507	1.3126551614333	-1.3126551614333	827	768	Promoter	2	Non-heritable	0.0800309532051191	0.965795486776404	0.00665233123831996	98444	0	0	0.800309532051191	6.71780469502369	6.64509096950564	11.4972532955759	0.272051934349459
BA_only	hippocampus	AA	psi	chr5_179585933_179586063	chr5	179585933	179586063	253	253	0	0	0.000468876095271993	0.604162640906295	3.57628094018548	3.57628094018548	130	617	Genic/other	0	Non-heritable	0.0580604853333675	0.960662350850768	0.00674941387594957	0	0	0	0.580604853333675	4.86753445045558	6.42648845745769	0	1.27432341971327
BA_only	hippocampus	AA	psi	chr5_180007291_180007954	chr5	180007291	180007954	26	26	0	0	0.00137628391690604	0.758185047287174	2.24096201117145	-2.24096201117145	663	535	Enhancer	0	Non-heritable	0.086034499393863	0.927250593724248	0.0089411696426583	40484	0	0	0.86034499393863	6.49677499018586	6.2841341610708	10.6086868141202	0.806905247406754
BA_only	hippocampus	AA	psi	chr5_180067852_180068386	chr5	180067852	180068386	19	19	0	0	0.00307161474567545	0.84862690950741	1.73692664304619	-1.73692664304619	534	546	Genic/other	1	Heritable	0.104482477777333	0.946097028544064	0.00916432904800112	46154	0	0	1.04482477777333	6.2803958389602	6.30444880242198	10.7397605764243	0.552117260141849
BA_only	hippocampus	AA	psi	chr5_180128790_180129368	chr5	180128790	180129368	8	8	0	0	0.039978067330284	0.980549382116533	1.93170792817082	-1.93170792817082	578	561	Genic/other	1	Heritable	0.135413715900352	0.95945303397332	0.00828061819456283	7729	0	0	1.35413715900352	6.35957386867238	6.33150184989369	8.95286414158147	0.658404553643844
BA_only	hippocampus	AA	psi	chr5_180170684_180170971	chr5	180170684	180170971	9	9	0	0	0.00332784804825678	0.861731807661112	3.66053662941535	-3.66053662941535	287	556	Genic/other	0	Non-heritable	0.0992182837867425	0.94875532472853	0.00793072901842769	49623	0	0	0.992182837867425	5.65948221575962	6.32256523992728	10.812229866653	1.29760975945628
BA_only	hippocampus	AA	psi	chr5_180213607_180214119	chr5	180213607	180214119	11	11	0	0	0.070776584345795	0.985907779499035	8.30120154168677	8.30120154168677	512	574	Genic/other	0	Non-heritable	0.0932459959317805	0.921453550584962	0.00845366072574746	22406	0	0	0.932459959317805	6.23832462503951	6.35437004079735	10.0171286890252	2.11640026958854
BA_only	hippocampus	AA	psi	chr5_180313447_180314596	chr5	180313447	180314596	48	48	0	0	0.0185247616766786	0.972503866121758	1.01666458136468	1.01666458136468	1149	597	Genic/other	2	Heritable	0.718640012756101	0.944342144558885	0.0413655648702993	18411	0	0	7.18640012756101	7.04664727784876	6.39359075395063	9.82075790493713	0.0165272606684844
BA_only	hippocampus	AA	psi	chr5_180343818_180344363	chr5	180343818	180344363	50	50	0	0	0.00389254183194631	0.874956588343096	2.17282877799294	-2.17282877799294	545	589	Genic/other	0	Heritable	0.122084287300849	0.964530882546247	0.00609019054164487	36109	0	0	1.22084287300849	6.30078579466324	6.38012253689977	10.4943251142715	0.776029907554843
BA_only	hippocampus	AA	psi	chr5_180367891_180368274	chr5	180367891	180368274	55	55	0	0	0.0249890175223364	0.975932065139872	2.30322096093223	-2.30322096093223	383	588	Intergenic	0	Heritable	0.102285167411264	0.955858051774362	0.00669232341180454	12198	0	0	1.02285167411264	5.94803498918065	6.37842618365159	9.40910926014874	0.834308565402994
BA_only	hippocampus	AA	psi	chr5_180370975_180371067	chr5	180370975	180371067	55	55	0	0	0.0113376011189284	0.950700485881585	4.75148210318539	-4.75148210318539	92	597	Intergenic	0	Heritable	0.101436172465186	0.959694085627152	0.0076034635726655	9405	0	0	1.01436172465186	4.52178857704904	6.39359075395063	9.14910306250499	1.55845659320574
BA_only	hippocampus	AA	psi	chr5_180703986_180704324	chr5	180703986	180704324	226	226	0	0	6.20158262615176e-05	0.301194991102085	2.85878900841985	2.85878900841985	338	583	Intergenic	0	Heritable	0.481975934803484	0.918985135567401	0.0082406448026116	18336	0	0	4.81975934803484	5.82304589548302	6.36990098282823	9.81667615554916	1.05039811503122
BA_only	hippocampus	AA	psi	chr5_180830395_180830697	chr5	180830395	180830697	192	192	0	0	0.00635410919305983	0.920376068783091	3.11070004539405	-3.11070004539405	302	544	Promoter	1	Heritable	0.201322980124493	0.921963155241954	0.00944206010809308	0	0	0	2.01322980124493	5.71042701737487	6.30078579466324	0	1.13484779905779
BA_only	hippocampus	AA	psi	chr5_180861995_180862679	chr5	180861995	180862679	186	186	0	0	0.0350358734642422	0.980327953711174	3.64853785243158	3.64853785243158	684	533	Promoter	1	Non-heritable	0.0625765161116845	0.936833631116084	0.00807982097525346	454	0	0	0.625765161116845	6.52795791762255	6.2803958389602	6.12029741895095	1.29432650170336
BA_only	hippocampus	AA	psi	chr5_181068616_181070946	chr5	181068616	181070946	236	236	0	0	0.0047811386994844	0.903845859635741	3.7832922491031	-3.7832922491031	2330	411	Intergenic	0	Heritable	0.167326551034209	0.902759725231138	0.00798999473721184	12626	0	0	1.67326551034209	7.75362354655975	6.02102334934953	9.44359265743868	1.33059459857564
BA_only	hippocampus	AA	psi	chr5_181104128_181104402	chr5	181104128	181104402	119	119	0	0	0.00900059177384799	0.937974720665503	4.30358496431856	-4.30358496431856	274	384	Genic/other	2	Non-heritable	0.0864668521728737	0.905050129351161	0.00925865689337338	20807	0	0	0.864668521728737	5.61312810638807	5.95324333428779	9.94309280712849	1.45944839031005
BA_only	hippocampus	AA	psi	chr5_181104961_181105723	chr5	181104961	181105723	119	119	0	0	0.00348875446824765	0.866906756094015	6.20345933313611	6.20345933313611	762	376	Intergenic	1	Heritable	0.122660815361731	0.889057832517765	0.00661939689567877	19486	0	0	1.22660815361731	6.63594655568665	5.93224518744801	9.87750285556413	1.82510709502038
BA_only	hippocampus	AA	psi	chr5_181159863_181160275	chr5	181159863	181160275	119	119	0	0	0.0130904563357408	0.964283399649536	2.95782624171125	2.95782624171125	412	331	Intergenic	1	Heritable	0.104216711572078	0.868619201160999	0.00906669269065833	28473	0	0	1.04216711572078	6.02102334934953	5.80513496891649	10.2567466691737	1.08445462412911
BA_only	hippocampus	AA	psi	chr5_181160538_181161538	chr5	181160538	181161538	119	119	0	0	0.0116963317785159	0.95374925853225	2.89857104684756	2.89857104684756	1000	337	Intergenic	2	Heritable	0.167368316837531	0.909599863384287	0.0156311115360939	27210	0	0	1.67368316837531	6.90775527898214	5.82304589548302	10.2113765822964	1.06421787653858
BA_only	hippocampus	AA	psi	chr5_181164964_181165239	chr5	181164964	181165239	118	118	0	0	0.00699946977994438	0.931516361210935	4.41896697174823	4.41896697174823	275	337	Intergenic	1	Heritable	0.198442484579078	0.895332108604289	0.0101822301799198	23509	0	0	1.98442484579078	5.61677109766657	5.82304589548302	10.0651811415341	1.48590595423751
BA_only	hippocampus	AA	psi	chr5_181182964_181183751	chr5	181182964	181183751	118	118	0	0	0.00596585191356628	0.918414150018684	5.14977356356996	5.14977356356996	787	316	Genic/other	2	Heritable	0.243459607452373	0.84997908563245	0.0132464887075867	4997	0	0	2.43459607452373	6.6682282484174	5.75890177387728	8.5167931113949	1.638952747412
BA_only	hippocampus	AA	psi	chr5_181184701_181184911	chr5	181184701	181184911	118	118	0	0	0.0103410922713129	0.944902218841749	5.12961549700224	-5.12961549700224	210	321	Genic/other	1	Heritable	0.232645989466179	0.839700724060701	0.00946866577644184	3837	0	0	2.32645989466179	5.34710753071747	5.77455154554441	8.25270667656764	1.6350307064717
BA_only	hippocampus	AA	psi	chr5_181215964_181216432	chr5	181215964	181216432	124	124	0	0	0.0343622265392464	0.980128324116792	3.9013797960263	3.9013797960263	468	301	Genic/other	1	Heritable	0.206136770878286	0.851053162783585	0.00919569016599256	11374	0	0	2.06136770878286	6.14846829591765	5.71042701737487	9.33917324381915	1.36133028698141
BA_only	hippocampus	AA	psi	chr5_1856509_1857340	chr5	1856509	1857340	454	454	0	0	0.00280462312542327	0.842666558288225	2.67185550641588	2.67185550641588	831	794	Promoter	2	Heritable	0.501286942336677	0.947150472173199	0.00874303302960702	0	0	0	5.01286942336677	6.72262979485545	6.67834211465433	0	0.982773181014742
BA_only	hippocampus	AA	psi	chr5_1867544_1868147	chr5	1867544	1868147	455	455	0	0	0.00410115844424598	0.881659348954876	5.43613691334593	-5.43613691334593	603	798	Intergenic	0	Heritable	0.350353165697324	0.940170177141417	0.00931416394840534	0	0	0	3.50353165697324	6.40191719672719	6.68336094576628	0	1.69306868422516
BA_only	hippocampus	AA	psi	chr5_18680635_18681655	chr5	18680635	18681655	4	4	0	0	0.0617317178335189	0.985907779499035	1.18265831473024	1.18265831473024	1020	347	Intergenic	0	Heritable	0.570195469113252	0.900603723977303	0.00763826830952874	6629	0	0	5.70195469113252	6.92755790627832	5.85220247977447	8.79936008317991	0.167764722256805
BA_only	hippocampus	AA	psi	chr5_1948650_1949030	chr5	1948650	1949030	273	273	0	0	0.000441465887324528	0.603732599490267	3.25159739181806	3.25159739181806	380	786	Promoter	2	Heritable	0.216746337370453	0.957038890462965	0.00768300621825346	0	0	0	2.16746337370453	5.94017125272043	6.6682282484174	0	1.17914638384274
BA_only	hippocampus	AA	psi	chr5_1973285_1974300	chr5	1973285	1974300	271	271	0	0	0.00457717671969393	0.897520405788695	1.6501783758285	-1.6501783758285	1015	825	Genic/other	0	Heritable	0.319896945592194	0.943996549027951	0.0160538772662352	0	0	0	3.19896945592194	6.92264389147589	6.71659477352098	0	0.500883394692074
BA_only	hippocampus	AA	psi	chr5_2007801_2008615	chr5	2007801	2008615	271	271	0	0	0.0124258698731522	0.960474211630298	2.75740451113857	2.75740451113857	814	799	Genic/other	2	Heritable	0.179323157491362	0.964249950185083	0.00958786809187398	0	0	0	1.79323157491362	6.70196036600254	6.68461172766793	0	1.01428984639232
BA_only	hippocampus	AA	psi	chr5_2098297_2099152	chr5	2098297	2099152	269	269	0	0	0.0040155678305062	0.877181378423641	8.2431498144854	-8.2431498144854	855	796	Genic/other	0	Heritable	0.324832171130779	0.95984895671056	0.00591635301811155	560	0	0	3.24832171130779	6.75110146893676	6.68085467879022	6.3297209055227	2.10938253113163
BA_only	hippocampus	AA	psi	chr5_2111261_2111626	chr5	2111261	2111626	55	55	0	0	0.01955698214871	0.973631121108853	2.78367545092831	-2.78367545092831	365	782	Genic/other	1	Non-heritable	0.0686936164002124	0.969188797783012	0.00764012248668244	2766	0	0	0.686936164002124	5.89989735358249	6.6631326959908	7.92551897978693	1.0237721627346
BA_only	hippocampus	AA	psi	chr5_2111890_2112732	chr5	2111890	2112732	55	55	0	0	0.0212851578261408	0.975932065139872	2.40757129599303	2.40757129599303	842	785	Genic/other	2	Non-heritable	0.0932110261753618	0.967531187357561	0.00617189194613573	1660	0	0	0.932110261753618	6.73578001424233	6.66695679242921	7.4151751096133	0.878618482524856
BA_only	hippocampus	AA	psi	chr5_21459118_21459220	chr5	21459118	21459220	210	210	0	0	0.00155802253061616	0.777132814755397	9.5670778925833	-9.5670778925833	102	262	Promoter	1	Heritable	0.114196801190397	0.813694730475407	0.00738549172461307	0	0	0	1.14196801190397	4.62497281328427	5.57215403217777	0	2.25832781950633
BA_only	hippocampus	AA	psi	chr5_21895435_21896695	chr5	21895435	21896695	3	3	0	0	0.18716381160972	0.991064867102684	1.1881183031838	-1.1881183031838	1260	303	Genic/other	0	Heritable	0.456014060331443	0.848617800652713	0.00796600952533007	245887	0	0	4.56014060331443	7.13886699994552	5.71702770140622	12.4126314266882	0.17237080620373
BA_only	hippocampus	AA	psi	chr5_2208353_2209331	chr5	2208353	2209331	35	35	0	0	0.0110285967652376	0.94780387576136	1.32807750455323	1.32807750455323	978	819	Intergenic	0	Non-heritable	0.0924259577282449	0.979413742027387	0.009226418519128	57788	0	0	0.924259577282449	6.88550967003482	6.7093043402583	10.9645537251303	0.283732418743308
BA_only	hippocampus	AA	psi	chr5_23984494_23984779	chr5	23984494	23984779	3	3	0	0	0.264595485677829	0.992963116011869	0.252864849926467	-0.252864849926467	285	249	Genic/other	0	Heritable	0.338422906592738	0.808705814183494	0.00629972601986837	0	0	0	3.38422906592738	5.65248918026865	5.52146091786225	0	-1.37490008345208
BA_only	hippocampus	AA	psi	chr5_2546804_2547231	chr5	2546804	2547231	2	2	0	0	0.386428866415117	0.99451450116979	0.800707266267858	-0.800707266267858	427	822	Intergenic	0	Non-heritable	0.0489531663380069	0.969531878485551	0.00856787745829477	150265	0	0	0.489531663380069	6.05678401322863	6.71295620067707	11.9201623359126	-0.222259846561477
BA_only	hippocampus	AA	psi	chr5_2642992_2643452	chr5	2642992	2643452	2	2	0	0	0.0956182347256575	0.990400450319684	1.72938390902732	-1.72938390902732	460	800	Intergenic	2	Heritable	0.112557472635898	0.974005948154953	0.00780221426666117	54044	0	0	1.12557472635898	6.13122648948314	6.68586094706836	10.8975723118503	0.547765228916087
BA_only	hippocampus	AA	psi	chr5_2740304_2744214	chr5	2740304	2744214	5	5	0	0	0.380729577991868	0.994416868537123	2.95832183625535	-2.95832183625535	3910	792	Enhancer	2	Non-heritable	0.0894400660266081	0.976542989194388	0.0066013149704003	8249	0	0	0.894400660266081	8.27129265297941	6.67582322163485	9.01796847932873	1.08462216372989
BA_only	hippocampus	AA	psi	chr5_2747556_2749784	chr5	2747556	2749784	5	5	0	0	0.18972234230999	0.991064867102684	1.58170614172321	-1.58170614172321	2228	789	Genic/other	2	Non-heritable	0.0974585822533079	0.974826824826954	0.00633243147968019	2679	0	0	0.974585822533079	7.70885960104718	6.67203294546107	7.8935720735049	0.458504107290743
BA_only	hippocampus	AA	psi	chr5_2757688_2757862	chr5	2757688	2757862	5	5	0	0	0.0289736839377077	0.975932065139872	2.5798108552975	2.5798108552975	174	788	Genic/other	1	Non-heritable	0.0759628196345716	0.974618267490751	0.00651536663829045	2658	0	0	0.759628196345716	5.15905529921453	6.67076632084587	7.88570539124302	0.947716088222137
BA_only	hippocampus	AA	psi	chr5_28599686_28600028	chr5	28599686	28600028	19	19	0	0	0.0450961718243861	0.981395945960329	1.54281638455018	-1.54281638455018	342	239	Genic/other	0	Heritable	0.186230180360306	0.83896140990415	0.0169032255508451	0	0	0	1.86230180360306	5.83481073706261	5.48063892334199	0	0.433609573786388
BA_only	hippocampus	AA	psi	chr5_2866586_2867323	chr5	2866586	2867323	5	5	0	0	0.262014276863476	0.992852132351442	2.22637788999688	2.22637788999688	737	756	Intergenic	2	Non-heritable	0.0764212481229805	0.963352267020061	0.00693325771640483	57880	0	0	0.764212481229805	6.60258789218934	6.62936325343745	10.9661444577213	0.800376004840393
BA_only	hippocampus	AA	psi	chr5_28927269_28928628	chr5	28927269	28928628	21	21	0	0	0.0652971667106455	0.985907779499035	0.432691811957071	0.432691811957071	1359	220	Promoter	2	Heritable	0.754774334595206	0.894561373468466	0.0422458072751484	0	0	0	7.54774334595206	7.21450441415114	5.39816270151775	0	-0.837729531959786
BA_only	hippocampus	AA	psi	chr5_29457338_29457485	chr5	29457338	29457485	33	33	0	0	0.083948250952412	0.988137148207548	4.31746917289587	4.31746917289587	147	290	Intergenic	0	Heritable	0.400523017542577	0.850381358664817	0.0110425215911416	19499	0	0	4.00523017542577	4.99043258677874	5.67332326717149	9.87816974455184	1.46266939329368
BA_only	hippocampus	AA	psi	chr5_29634517_29635369	chr5	29634517	29635369	2	2	0	0	0.101805048195183	0.990428070812969	0.931667938865656	-0.931667938865656	852	301	Intergenic	0	Heritable	0.172208995678132	0.893705486672943	0.00578486537962294	149231	0	0	1.72208995678132	6.74758652682932	5.71042701737487	11.9132574209666	-0.0707788058197874
BA_only	hippocampus	AA	psi	chr5_30687640_30688230	chr5	30687640	30688230	21	21	0	0	0.0475235573290459	0.982661996589092	0.44935012369071	0.44935012369071	590	400	Genic/other	0	Non-heritable	0.0799531067001723	0.909765513680985	0.00906739027417405	43446	0	0	0.799531067001723	6.38012253689977	5.99396142730657	10.6792970834307	-0.799952887357581
BA_only	hippocampus	AA	psi	chr5_31692768_31693099	chr5	31692768	31693099	15	15	0	0	0.0707933595167116	0.985907779499035	1.03907967413769	1.03907967413769	331	772	Promoter	0	Non-heritable	0.0498719123121331	0.968594560260489	0.00638808006746036	0	0	0	0.498719123121331	5.80211837537706	6.65027904858742	0	0.0383354022828595
BA_only	hippocampus	AA	psi	chr5_31733405_31733958	chr5	31733405	31733958	14	14	0	0	0.0739567411746454	0.985999440983017	1.24862226614123	-1.24862226614123	553	777	Genic/other	0	Non-heritable	0.0532506272593339	0.934895657806428	0.00837343381749931	0	0	0	0.532506272593339	6.31535800152234	6.65672652417839	0	0.222040764381146
BA_only	hippocampus	AA	psi	chr5_31808747_31809494	chr5	31808747	31809494	2	2	0	0	0.143651818515202	0.991064867102684	0.0606375333826608	-0.0606375333826608	747	771	Genic/other	0	Heritable	0.129204394283009	0.973209233135099	0.00800034474316083	9857	0	0	1.29204394283009	6.61606518513282	6.64898455002478	9.19603858726532	-2.80284104996829
BA_only	hippocampus	AA	psi	chr5_3187117_3187440	chr5	3187117	3187440	8	8	0	0	0.241962545908704	0.992251400764981	2.29957194404811	2.29957194404811	323	703	Intergenic	1	Heritable	0.110451245582912	0.971655311322247	0.00577526793101321	9504	0	0	1.10451245582912	5.77765232322266	6.55677835615804	9.15957325492253	0.832722998679455
BA_only	hippocampus	AA	psi	chr5_31886598_31887932	chr5	31886598	31887932	4	4	0	0	0.396092213184605	0.99451450116979	0.436735717514116	0.436735717514116	1334	722	Genic/other	0	Heritable	0.102215620864312	0.960760680772867	0.00674578192239155	0	0	0	1.02215620864312	7.19593722647557	6.58340922215877	0	-0.828427009347692
BA_only	hippocampus	AA	psi	chr5_32027384_32028234	chr5	32027384	32028234	7	7	0	0	0.105436490199941	0.990610842832516	1.46658620340366	-1.46658620340366	850	711	Enhancer	0	Non-heritable	0.0862242451392698	0.965540597552352	0.0083245234004291	32899	0	0	0.862242451392698	6.74523634948436	6.56807791141198	10.4012279367535	0.382937396254038
BA_only	hippocampus	AA	psi	chr5_32217942_32218746	chr5	32217942	32218746	5	5	0	0	0.0174346693626386	0.970581273335112	2.41485253611534	-2.41485253611534	804	662	Genic/other	0	Non-heritable	0.0419845556478948	0.950422179192146	0.0102398766103953	0	0	0	0.419845556478948	6.68959926917897	6.49677499018586	0	0.881638227731274
BA_only	hippocampus	AA	psi	chr5_32394447_32395258	chr5	32394447	32395258	16	16	0	0	0.0506133103787077	0.984153364580922	1.51707038130125	-1.51707038130125	811	531	Promoter	0	Non-heritable	0.0893400269336585	0.916634954506234	0.00955547535267277	81688	0	0	0.893400269336585	6.69826805411541	6.27664348934165	11.3106746328606	0.416781100938685
BA_only	hippocampus	AA	psi	chr5_3326165_3326344	chr5	3326165	3326344	12	12	0	0	0.122277881419666	0.991064867102684	1.34200412398158	1.34200412398158	179	686	Intergenic	2	Non-heritable	0.0772685762117423	0.96125274935704	0.00611702510148295	31535	0	0	0.772685762117423	5.18738580584076	6.53233429222235	10.3588850293925	0.29416411900792
BA_only	hippocampus	AA	psi	chr5_33439253_33439961	chr5	33439253	33439961	90	90	0	0	0.0293919594856411	0.976712848084579	1.68151232946696	-1.68151232946696	708	438	Promoter	1	Heritable	0.654215209960665	0.910237170020253	0.0166041637731364	0	0	0	6.54215209960665	6.56244409369372	6.08449941307517	0	0.519693590539956
BA_only	hippocampus	AA	psi	chr5_33649531_33649843	chr5	33649531	33649843	11	11	0	0	0.0664032113627717	0.985907779499035	2.34759811523622	2.34759811523622	312	464	Genic/other	0	Heritable	0.151889075052948	0.872599812981815	0.00609955745072886	182659	0	0	1.51889075052948	5.74300318780948	6.14203740558736	12.1153817802457	0.853392731114324
BA_only	hippocampus	AA	psi	chr5_33668148_33668779	chr5	33668148	33668779	11	11	0	0	0.0619089933817689	0.985907779499035	2.43585155458673	2.43585155458673	631	452	Genic/other	0	Heritable	0.315488511403075	0.922288790561152	0.00824292941491531	201276	0	0	3.15488511403075	6.44730586254121	6.11589212548303	12.2124373477726	0.890296413913397
BA_only	hippocampus	AA	psi	chr5_33937276_33937514	chr5	33937276	33937514	23	23	0	0	0.106453019797558	0.990610842832516	2.31545986567217	2.31545986567217	238	447	Genic/other	1	Non-heritable	0.0810146997081611	0.934894261077866	0.00670734213099329	16989	0	0	0.810146997081611	5.47227067367148	6.10479323241499	9.74038021466598	0.839608318208165
BA_only	hippocampus	AA	psi	chr5_34425891_34428501	chr5	34425891	34428501	41	41	0	0	0.0021760325126584	0.815187053503819	1.63501337165166	1.63501337165166	2610	435	Intergenic	0	Heritable	0.382610531757389	0.905589023382077	0.00981548861375239	125345	0	0	3.82610531757389	7.86710550031674	6.07764224334903	11.7388331924271	0.491650988812152
BA_only	hippocampus	AA	psi	chr5_35228588_35229295	chr5	35228588	35229295	12	12	0	0	0.0862316188757171	0.988137148207548	1.209357919087	1.209357919087	707	329	Genic/other	0	Heritable	0.168203339661375	0.817517057930022	0.00788024758690699	0	0	0	1.68203339661375	6.56103066589657	5.79909265446053	0	0.190089581652768
BA_only	hippocampus	AA	psi	chr5_3592285_3592728	chr5	3592285	3592728	18	18	0	0	0.00361039037969817	0.866906756094015	1.6977099035508	1.6977099035508	443	633	Genic/other	2	Non-heritable	0.0985263190475676	0.95374957142103	0.00651905593494855	130158	0	0	0.985263190475676	6.09356977004514	6.45204895443723	11.7765120590115	0.529280233218238
BA_only	hippocampus	AA	psi	chr5_3601724_3602382	chr5	3601724	3602382	18	18	0	0	0.00253034867527509	0.830598713704804	1.06866542213576	-1.06866542213576	658	623	Genic/other	1	Non-heritable	0.0951308601056946	0.951926802817817	0.00810897524516499	139597	0	0	0.951308601056946	6.48920493132532	6.43615036836943	11.8465221425602	0.0664106103118719
BA_only	hippocampus	AA	psi	chr5_3605854_3606087	chr5	3605854	3606087	18	18	0	0	0.00585530283990448	0.91658260669542	3.01250756368248	3.01250756368248	233	624	Intergenic	1	Non-heritable	0.0593486557919788	0.947175177696502	0.00688288375424758	143727	0	0	0.593486557919788	5.4510384535657	6.4377516497364	11.875677903469	1.10277281289908
BA_only	hippocampus	AA	psi	chr5_36163437_36164168	chr5	36163437	36164168	32	32	0	0	0.0256261853489022	0.975932065139872	6.73995629737614	-6.73995629737614	731	404	Genic/other	0	Non-heritable	0.0921593233497618	0.875804679549928	0.0052295968945052	0	0	0	0.921593233497618	6.59441345974978	6.00388706710654	0	1.90805344231806
BA_only	hippocampus	AA	psi	chr5_36683731_36684167	chr5	36683731	36684167	62	62	0	0	0.0361038167075001	0.980549382116533	3.44095554214504	3.44095554214504	436	366	Genic/other	0	Non-heritable	0.089039218414757	0.875013080181258	0.00660546147960065	0	0	0	0.89039218414757	6.07764224334903	5.90536184805457	0	1.23574920959883
BA_only	hippocampus	AA	psi	chr5_36689616_36689816	chr5	36689616	36689816	62	62	0	0	0.0302679980433846	0.976893291659941	2.63787277309717	-2.63787277309717	200	364	Genic/other	1	Heritable	0.115952580346359	0.89135073765042	0.00859307714753117	0	0	0	1.15952580346359	5.29831736654804	5.89989735358249	0	0.969972828377598
BA_only	hippocampus	AA	psi	chr5_36693698_36694135	chr5	36693698	36694135	62	62	0	0	0.0327939354339255	0.978956589179054	4.34552792673486	-4.34552792673486	437	369	Genic/other	1	Heritable	0.195388754199379	0.902451464135012	0.0101419717334728	0	0	0	1.95388754199379	6.07993319509559	5.91350300563827	0	1.46914725576319
BA_only	hippocampus	AA	psi	chr5_37836079_37836326	chr5	37836079	37836326	16	16	0	0	0.0355535641926937	0.980327953711174	0.703946777242502	0.703946777242502	247	399	Promoter	1	Heritable	0.100169104753925	0.918495277448665	0.00644670658437686	1354	0	0	1.00169104753925	5.50938833662798	5.99146454710798	7.2115567333138	-0.351052511984147
BA_only	hippocampus	AA	psi	chr5_37858672_37859275	chr5	37858672	37859275	16	16	0	0	0.122410130029804	0.991064867102684	1.95436325026954	1.95436325026954	603	413	Genic/other	0	Heritable	0.347814204202757	0.886593307000531	0.00780747629442748	0	0	0	3.47814204202757	6.40191719672719	6.02586597382531	0	0.670064442314346
BA_only	hippocampus	AA	psi	chr5_38441583_38441997	chr5	38441583	38441997	24	24	0	0	0.00211533531569181	0.815187053503819	2.2453712281605	-2.2453712281605	414	517	Genic/other	0	Non-heritable	0.059850834095252	0.922740236274874	0.0082300408896467	0	0	0	0.59850834095252	6.02586597382531	6.24997524225948	0	0.808870869732971
BA_only	hippocampus	AA	psi	chr5_38554607_38555329	chr5	38554607	38555329	68	68	0	0	0.0091358643559674	0.939077729475158	3.77793831495704	-3.77793831495704	722	480	Genic/other	1	Non-heritable	0.0648977881008395	0.835101963054082	0.00916027286575395	0	0	0	0.648977881008395	6.58202513889283	6.17586727010576	0	1.32917844415968
BA_only	hippocampus	AA	psi	chr5_38678421_38681227	chr5	38678421	38681227	126	126	0	0	0.0208136039803065	0.975856666808667	4.93444845615089	4.93444845615089	2806	452	Promoter	0	Non-heritable	0.0845354145684111	0.920279028969076	0.00798424074891919	0	0	0	0.845354145684111	7.93951526066241	6.11589212548303	0	1.59624090699466
BA_only	hippocampus	AA	psi	chr5_39425823_39427177	chr5	39425823	39427177	13	13	0	0	0.0191937726819361	0.973290652495085	1.53183981596935	-1.53183981596935	1354	289	Promoter	1	Heritable	0.103249537077058	0.7790315123436	0.00615297374492305	1018	0	0	1.03249537077058	7.21081845347222	5.66988092298052	6.92657703322273	0.426469513613105
BA_only	hippocampus	AA	psi	chr5_3993627_3994224	chr5	3993627	3994224	11	11	0	0	0.0144450927428707	0.966012740036302	1.0583672674182	-1.0583672674182	597	579	Intergenic	0	Non-heritable	0.0791479985385125	0.893501726769023	0.00704645051226626	106952	0	0	0.791479985385125	6.3919171133926	6.36302810354047	11.580144764608	0.0567274163132679
BA_only	hippocampus	AA	psi	chr5_4002168_4003570	chr5	4002168	4003570	11	11	0	0	0.0827257144761863	0.988137148207548	1.52875124260271	1.52875124260271	1402	578	Intergenic	0	Heritable	0.553056996360834	0.9284613607959	0.0103978138099154	97606	0	0	5.53056996360834	7.24565506759454	6.361302477573	11.4887044911408	0.424451227382906
BA_only	hippocampus	AA	psi	chr5_40835944_40836372	chr5	40835944	40836372	16	16	0	0	0.000410857522491638	0.59267362387604	3.8183553802299	3.8183553802299	428	215	Promoter	1	Heritable	0.221730875854246	0.774677249660508	0.0115403923583204	760	0	0	2.21730875854246	6.0591231955818	5.37527840768417	6.63463335786169	1.33981980379768
BA_only	hippocampus	AA	psi	chr5_4230389_4231749	chr5	4230389	4231749	2	2	0	0	0.0765918800260585	0.98751004796663	0.68592891527561	0.68592891527561	1360	562	Intergenic	0	Non-heritable	0.098910833235506	0.947093943412606	0.00713569333589739	83702	0	0	0.98910833235506	7.2152399787301	6.33327962813969	11.3350300981292	-0.376981264093833
BA_only	hippocampus	AA	psi	chr5_42810545_42813638	chr5	42810545	42813638	318	318	0	0	0.00239314503672909	0.824728302674626	3.38404350664051	-3.38404350664051	3093	184	Promoter	0	Heritable	0.125723018853515	0.703326727046889	0.00780341615758704	0	0	0	1.25723018853515	8.03689677268507	5.22035582507832	0	1.21907130118863
BA_only	hippocampus	AA	psi	chr5_42923934_42924453	chr5	42923934	42924453	320	320	0	0	0.00423589906726807	0.886560556662165	3.48884504944806	-3.48884504944806	519	180	Genic/other	2	Non-heritable	0.0750280926872741	0.758030077244707	0.0099741787193511	0	0	0	0.750280926872741	6.25190388316589	5.19849703126583	0	1.2495707529205
BA_only	hippocampus	AA	psi	chr5_42982166_42982555	chr5	42982166	42982555	321	321	0	0	0.00480091043546792	0.903845859635741	4.29118663168348	-4.29118663168348	389	201	Intergenic	0	Non-heritable	0.0848539511652902	0.761647250083223	0.00873025767555233	0	0	0	0.848539511652902	5.96357934361845	5.30826769740121	0	1.45656330114444
BA_only	hippocampus	AA	psi	chr5_43036988_43039310	chr5	43036988	43039310	322	322	0	0	0.00305942094361439	0.847794254120385	8.09914874369236	-8.09914874369236	2322	180	Enhancer	2	Heritable	0.101793417512132	0.771396281265497	0.00470557954299315	0	0	0	1.01793417512132	7.75018416225784	5.19849703126583	0	2.09175896401908
BA_only	hippocampus	AA	psi	chr5_43044181_43044384	chr5	43044181	43044384	322	322	0	0	0.000935556549307053	0.707549361313127	5.70841647225819	5.70841647225819	203	180	Genic/other	1	Non-heritable	0.072445301503512	0.739106206551734	0.00628003771085569	0	0	0	0.72445301503512	5.31320597904179	5.19849703126583	0	1.7419416616091
BA_only	hippocampus	AA	psi	chr5_4511881_4512257	chr5	4511881	4512257	64	64	0	0	0.0470729526227875	0.982477894608776	3.0223977030915	-3.0223977030915	376	555	Promoter	0	Heritable	0.120015361223279	0.949319373387347	0.00680999236411793	225	0	0	1.20015361223279	5.9295891433899	6.32076829425058	5.42053499927229	1.10605046111167
BA_only	hippocampus	AA	psi	chr5_4942354_4942669	chr5	4942354	4942669	162	162	0	0	0.000636289890171246	0.657105411686211	5.22919039005443	-5.22919039005443	315	633	Intergenic	0	Heritable	0.119243058280731	0.918201412504907	0.0077040186627284	74125	0	0	1.19243058280731	5.75257263882563	6.45204895443723	11.2135216269342	1.65425646686942
BA_only	hippocampus	AA	psi	chr5_51400217_51400227	chr5	51400217	51400227	2	2	0	0	0.755497106733866	0.997543272146997	0.0637716713540451	-0.0637716713540451	10	189	Intergenic	1	Heritable	0.104103056840556	0.71271627854866	0.00705500915195761	17242	0	0	1.04103056840556	2.30258509299405	5.24702407216049	9.75516154300013	-2.75244605309309
BA_only	hippocampus	AA	psi	chr5_525245_526209	chr5	525245	526209	36	36	0	0	0.0179549701167851	0.970931943606436	3.54602773748324	3.54602773748324	964	340	Promoter	1	Heritable	0.359621339581856	0.863416392567122	0.00932344173939492	42696	0	0	3.59621339581856	6.87109129461055	5.83188247728352	10.6618839391373	1.26582803263077
BA_only	hippocampus	AA	psi	chr5_52909394_52910359	chr5	52909394	52910359	23	23	0	0	0.130639740117845	0.991064867102684	2.79196799726293	2.79196799726293	965	292	Genic/other	0	Non-heritable	0.0845134852477907	0.826774177889011	0.00852792879371908	21574	0	0	0.845134852477907	6.87212810133899	5.68017260901707	9.97929051595163	1.02674672611776
BA_only	hippocampus	AA	psi	chr5_5304566_5304880	chr5	5304566	5304880	45	45	0	0	0.000170374562719416	0.461908355409195	2.33338067424076	-2.33338067424076	314	595	Genic/other	1	Heritable	0.223497940601271	0.91682050550692	0.0103312222409843	65414	0	0	2.23497940601271	5.74939298590825	6.39024066706535	11.088506868945	0.847318153427339
BA_only	hippocampus	AA	psi	chr5_54552147_54552228	chr5	54552147	54552228	53	53	0	0	0.0207114538274327	0.975856666808667	2.68782581414244	2.68782581414244	81	469	Intergenic	0	Non-heritable	0.0870789672457973	0.927031671541738	0.0074101921723532	8967	0	0	0.870789672457973	4.39444915467244	6.1527326947041	9.101417964752	0.988732622995393
BA_only	hippocampus	AA	psi	chr5_54651287_54651946	chr5	54651287	54651946	47	47	0	0	0.00344173855461875	0.866906756094015	3.65649920222934	3.65649920222934	659	441	Intergenic	0	Heritable	0.115785434964477	0.92887606653267	0.00687960355548794	14228	0	0	1.15785434964477	6.49072353450251	6.0913098820777	9.56303741454569	1.29650619028493
BA_only	hippocampus	AA	psi	chr5_54785117_54786758	chr5	54785117	54786758	49	49	0	0	0.00414763708963141	0.88305907935774	1.14319412552086	-1.14319412552086	1641	412	Enhancer	0	Heritable	0.262090694047503	0.884487214633165	0.00925304855303719	46389	0	0	2.62090694047503	7.40306109109009	6.02344759296103	10.7448391977458	0.133826217740079
BA_only	hippocampus	AA	psi	chr5_55602858_55604136	chr5	55602858	55604136	32	32	0	0	0.0839519299001609	0.988137148207548	1.83123371199958	1.83123371199958	1278	206	Intergenic	0	Non-heritable	0.0629993045090498	0.75479407871039	0.00818114266118286	23843	0	0	0.629993045090498	7.15305163493748	5.33271879326537	10.0792878923398	0.604989904733265
BA_only	hippocampus	AA	psi	chr5_55649619_55649808	chr5	55649619	55649808	32	32	0	0	0.00103348518821422	0.721965237965727	2.90099661053465	-2.90099661053465	189	241	Genic/other	0	Heritable	0.521940022329382	0.821110903621431	0.0076131604014207	0	0	0	5.21940022329382	5.24174701505964	5.48893772615669	0	1.06505434020741
BA_only	hippocampus	AA	psi	chr5_561455_562173	chr5	561455	562173	32	32	0	0	0.0100966995381788	0.944902218841749	2.65387169781226	2.65387169781226	718	350	Intergenic	2	Heritable	0.346291839449381	0.852889387500817	0.0223192437411441	10163	0	0	3.46291839449381	6.57646956904822	5.86078622346587	9.22660734444005	0.976019595560125
BA_only	hippocampus	AA	psi	chr5_56186995_56187567	chr5	56186995	56187567	18	18	0	0	0.0188850949794057	0.972503866121758	0.546961017626768	-0.546961017626768	572	487	Genic/other	0	Non-heritable	0.0842584849875191	0.926696735301836	0.0102170762006764	0	0	0	0.842584849875191	6.3491389913798	6.19031540585315	0	-0.603377726581435
BA_only	hippocampus	AA	psi	chr5_56479728_56479907	chr5	56479728	56479907	21	21	0	0	0.0914445317863145	0.989446665475032	3.61723227544569	3.61723227544569	179	496	Genic/other	1	Non-heritable	0.0944526820434448	0.930747724531544	0.00664729679975633	0	0	0	0.944526820434448	5.18738580584076	6.20859002609663	0	1.28570917137949
BA_only	hippocampus	AA	psi	chr5_565736_566181	chr5	565736	566181	31	31	0	0	0.00225454265229566	0.818690300406084	1.60862191207397	1.60862191207397	445	351	Intergenic	2	Heritable	0.252233549950316	0.872009421046885	0.0176874884322788	6155	0	0	2.52233549950316	6.09807428216624	5.8636311755981	8.72518249495877	0.475377863440457
BA_only	hippocampus	AA	psi	chr5_56908578_56908872	chr5	56908578	56908872	16	16	0	0	0.0698117284406913	0.985907779499035	1.99205682703522	-1.99205682703522	294	405	Promoter	1	Heritable	0.309565549339598	0.894872427079822	0.00912628188324885	870	0	0	3.09565549339598	5.68357976733868	6.00635315960173	6.7696419768525	0.689167691403561
BA_only	hippocampus	AA	psi	chr5_58156332_58157206	chr5	58156332	58157206	10	10	0	0	0.164710651942658	0.991064867102684	2.61911767466998	-2.61911767466998	874	269	Genic/other	0	Non-heritable	0.083968349926713	0.819034234551183	0.00739587468117988	28301	0	0	0.83968349926713	6.77308037565554	5.59842195899838	10.2506877525123	0.962837499479749
BA_only	hippocampus	AA	psi	chr5_59186421_59186930	chr5	59186421	59186930	10	10	0	0	0.149746112598182	0.991064867102684	1.97319957021284	1.97319957021284	509	383	Genic/other	0	Non-heritable	0.0955412150343703	0.896138130010362	0.00703206436773028	0	0	0	0.955412150343703	6.23244801655052	5.95064255258773	0	0.679656377633069
BA_only	hippocampus	AA	psi	chr5_5953539_5954209	chr5	5953539	5954209	3	3	0	0	0.307359244761512	0.993663620961428	0.949458279997738	-0.949458279997738	670	533	Intergenic	0	Heritable	0.11416691901244	0.949283666234631	0.00821493324550295	75932	0	0	1.1416691901244	6.50727771238501	6.2803958389602	11.2376066515018	-0.0518636780804182
BA_only	hippocampus	AA	psi	chr5_59583527_59585364	chr5	59583527	59585364	7	7	0	0	0.00540523190742934	0.9135930038698	2.06552431792868	-2.06552431792868	1837	320	Genic/other	0	Non-heritable	0.0891400302685776	0.848814096754078	0.00756399726370498	0	0	0	0.891400302685776	7.51588908521513	5.77144112313002	0	0.725384106012712
BA_only	hippocampus	AA	psi	chr5_5983411_5984389	chr5	5983411	5984389	3	3	0	0	0.439713021761773	0.994840206451052	0.717555776713735	0.717555776713735	978	566	Intergenic	0	Heritable	0.142957223788088	0.956436402603904	0.0071680452369671	45752	0	0	1.42957223788088	6.88550967003482	6.34035930372775	10.7310126423243	-0.331904582853453
BA_only	hippocampus	AA	psi	chr5_61432219_61433338	chr5	61432219	61433338	125	125	0	0	0.00228483729198426	0.820192749465547	3.15842682668945	3.15842682668945	1119	264	Genic/other	0	Heritable	0.117304531613299	0.813917285108776	0.0176867752068059	100078	0	0	1.17304531613299	7.02019070831193	5.57972982598622	11.5137151530845	1.15007406714641
BA_only	hippocampus	AA	psi	chr5_61625034_61625257	chr5	61625034	61625257	149	149	0	0	0.0137938945163986	0.964441318501853	2.43219885426845	-2.43219885426845	223	290	Genic/other	1	Heritable	0.170150152720016	0.8566162630785	0.00847252141737577	0	0	0	1.70150152720016	5.40717177146012	5.67332326717149	0	0.888795730608173
BA_only	hippocampus	AA	psi	chr5_61732191_61733267	chr5	61732191	61733267	159	159	0	0	0.000595760540839168	0.652082544279161	2.832758882803	2.832758882803	1076	299	Genic/other	0	Non-heritable	0.0655668584011405	0.799803100443247	0.00865257013756897	0	0	0	0.655668584011405	6.98100574072173	5.7037824746562	0	1.04125111055629
BA_only	hippocampus	AA	psi	chr5_62143926_62144576	chr5	62143926	62144576	37	37	0	0	0.000481277994529517	0.604726246238535	1.48014552710505	1.48014552710505	650	233	Genic/other	0	Non-heritable	0.0683571281748722	0.726426915762176	0.00845381689466115	0	0	0	0.683571281748722	6.47697236288968	5.4553211153577	0	0.392140418823158
BA_only	hippocampus	AA	psi	chr5_62223236_62224136	chr5	62223236	62224136	44	44	0	0	0.0372979050301364	0.980549382116533	2.16156945861627	2.16156945861627	900	244	Intergenic	0	Non-heritable	0.0668843350387975	0.79085013742761	0.00548014249209845	0	0	0	0.668843350387975	6.80239476332431	5.50125821054473	0	0.770834563686718
BA_only	hippocampus	AA	psi	chr5_62333345_62333520	chr5	62333345	62333520	45	45	0	0	0.0216578467334947	0.975932065139872	2.4227190644598	-2.4227190644598	175	220	Genic/other	0	Non-heritable	0.0612628941083894	0.793601582866643	0.00875931498709731	0	0	0	0.612628941083894	5.16478597392351	5.39816270151775	0	0.884890493907487
BA_only	hippocampus	AA	psi	chr5_64507747_64507997	chr5	64507747	64507997	2	2	0	0	0.150566007597738	0.991064867102684	0.569426364995361	0.569426364995361	250	196	Genic/other	1	Heritable	0.101696135805104	0.747310329478371	0.0106302015304882	0	0	0	1.01696135805104	5.52146091786225	5.28320372873799	0	-0.563125784530673
BA_only	hippocampus	AA	psi	chr5_65035043_65035132	chr5	65035043	65035132	12	12	0	0	0.00948621495661428	0.939841915020693	3.62819639899467	-3.62819639899467	89	271	Genic/other	1	Non-heritable	0.0648574815567782	0.810057162857849	0.00786256783206596	0	0	0	0.648574815567782	4.48863636973214	5.605802066296	0	1.28873566777614
BA_only	hippocampus	AA	psi	chr5_65103771_65103939	chr5	65103771	65103939	12	12	0	0	0.0569495455007524	0.98577631996496	0.687297981967051	0.687297981967051	168	246	Intergenic	1	Non-heritable	0.0553412208029615	0.761056917910288	0.00883868508594838	0	0	0	0.553412208029615	5.12396397940326	5.50938833662798	0	-0.374987322483971
BA_only	hippocampus	AA	psi	chr5_65364711_65364929	chr5	65364711	65364929	23	23	0	0	0.0141689622252218	0.964826773227435	1.67147286129568	-1.67147286129568	218	244	Genic/other	0	Heritable	0.194600277133542	0.79264169392087	0.00735677308612618	64725	0	0	1.94600277133542	5.38449506278909	5.50125821054473	11.0779182544811	0.513705196591164
BA_only	hippocampus	AA	psi	chr5_65525235_65525891	chr5	65525235	65525891	21	21	0	0	0.15060910659356	0.991064867102684	0.894113240519158	0.894113240519158	656	252	Enhancer	0	Non-heritable	0.0661304560170096	0.808281353575527	0.00846782848495447	2686	0	0	0.661304560170096	6.48616078894409	5.53338948872752	7.89618060861549	-0.111922833398595
BA_only	hippocampus	AA	psi	chr5_65564389_65564477	chr5	65564389	65564477	19	19	0	0	0.0983397775531079	0.990400450319684	0.955854786125641	-0.955854786125641	88	247	Genic/other	1	Heritable	0.134215528492547	0.806137853637512	0.00864730354800307	0	0	0	1.34215528492547	4.47733681447821	5.51342874616498	0	-0.0451492643645838
BA_only	hippocampus	AA	psi	chr5_65818037_65818790	chr5	65818037	65818790	17	17	0	0	0.0155047167270384	0.967076513219291	1.68745036471104	-1.68745036471104	753	265	Promoter	0	Heritable	0.14246601540328	0.868079649219213	0.010510824844284	8521	0	0	1.4246601540328	6.62406522779989	5.5834963087817	9.05040633405986	0.523218735753494
BA_only	hippocampus	AA	psi	chr5_66145890_66146091	chr5	66145890	66146091	61	61	0	0	0.0227505202676492	0.975932065139872	2.3932374600863	-2.3932374600863	201	324	Genic/other	1	Non-heritable	0.099232398448408	0.824608430354416	0.00670087068539215	7504	0	0	0.99232398448408	5.30330490805908	5.78382518232974	8.92332474406756	0.872647039308339
BA_only	hippocampus	AA	psi	chr5_66273098_66273881	chr5	66273098	66273881	64	64	0	0	0.0133363283481445	0.964283399649536	5.16486935920146	-5.16486935920146	783	345	Intergenic	0	Non-heritable	0.0849590762433168	0.850843464745576	0.00895092351942358	24656	0	0	0.849590762433168	6.6631326959908	5.84643877505773	10.1128161148166	1.64187981071284
BA_only	hippocampus	AA	psi	chr5_669270_670303	chr5	669270	670303	49	49	0	0	0.00390126251061212	0.875236523541043	3.12241701375077	3.12241701375077	1033	438	Enhancer	1	Non-heritable	0.0823316846175427	0.899187994536664	0.00669467497582931	23275	0	0	0.823316846175427	6.94022246911964	6.08449941307517	10.0551780657766	1.13860738900583
BA_only	hippocampus	AA	psi	chr5_67005072_67005517	chr5	67005072	67005517	12	12	0	0	0.0691574306259158	0.985907779499035	0.793793500499777	0.793793500499777	445	351	Promoter	1	Heritable	0.166126628379308	0.910646878732293	0.00959335848217466	0	0	0	1.66126628379308	6.09807428216624	5.8636311755981	0	-0.230931913899926
BA_only	hippocampus	AA	psi	chr5_67283611_67284072	chr5	67283611	67284072	10	10	0	0	0.0298318353776047	0.976741514025636	0.450423640909267	-0.450423640909267	461	305	Intergenic	0	Heritable	0.158965566378968	0.895948496259729	0.00670658016612711	0	0	0	1.58965566378968	6.13339804299665	5.72358510195238	0	-0.797566692635512
BA_only	hippocampus	AA	psi	chr5_679578_680881	chr5	679578	680881	49	49	0	0	0.0127003897438395	0.961717006536833	3.33179201060105	3.33179201060105	1303	435	Genic/other	2	Heritable	0.103268756012503	0.901914004716485	0.00615880076959881	12697	0	0	1.03268756012503	7.17242457712485	6.07764224334903	9.4491997797304	1.20351030356926
BA_only	hippocampus	AA	psi	chr5_68188047_68188751	chr5	68188047	68188751	44	44	0	0	0.067361643905163	0.985907779499035	1.40582045245253	1.40582045245253	704	405	Genic/other	0	Non-heritable	0.0681686100325623	0.802257557587722	0.0104733984428241	0	0	0	0.681686100325623	6.55677835615804	6.00635315960173	0	0.340621091388924
BA_only	hippocampus	AA	psi	chr5_69042602_69043988	chr5	69042602	69043988	38	38	0	0	0.0112675750373388	0.950081225852059	6.05331146585986	-6.05331146585986	1386	281	Promoter	0	Non-heritable	0.0944294472359349	0.799463440000443	0.0071847046815727	0	0	0	0.944294472359349	7.23417717974985	5.64190707093811	0	1.80060547368242
BA_only	hippocampus	AA	psi	chr5_69415811_69415905	chr5	69415811	69415905	201	201	0	0	0.00789510821696942	0.933559278800072	4.63048208870707	-4.63048208870707	94	156	Genic/other	1	Non-heritable	0.0626674528008512	0.613926503529267	0.00806101510249281	0	0	0	0.626674528008512	4.54329478227	5.05624580534831	0	1.53266098766824
BA_only	hippocampus	AA	psi	chr5_69560797_69561056	chr5	69560797	69561056	189	189	0	0	0.00659658707216232	0.924347635787439	5.12066855237866	5.12066855237866	259	104	Genic/other	1	Heritable	0.15794026830344	0.613891964615558	0.011953593584664	0	0	0	1.5794026830344	5.55682806169954	4.65396035015752	0	1.63328500911636
BA_only	hippocampus	AA	psi	chr5_71446296_71447888	chr5	71446296	71447888	178	178	0	0	0.0145092914175069	0.966089857218066	5.89061044300022	5.89061044300022	1592	217	Promoter	0	Non-heritable	0.0245341505167653	0.641838438105314	0.00694352106953889	0	0	0	0.245341505167653	7.37274636640433	5.38449506278909	0	1.77335963456809
BA_only	hippocampus	AA	psi	chr5_71450278_71450473	chr5	71450278	71450473	116	116	0	0	0.000688707382277491	0.66356279177562	14.0598352275334	-14.0598352275334	195	199	Genic/other	0	Non-heritable	0.0815656182756813	0.769979879056601	0.00645409707661996	0	0	0	0.815656182756813	5.27299955856375	5.29831736654804	0	2.64332216778849
BA_only	hippocampus	AA	psi	chr5_72109611_72110552	chr5	72109611	72110552	31	31	0	0	0.00114753477272835	0.72939557362483	3.86248289121585	3.86248289121585	941	403	Genic/other	1	Heritable	0.115088611403101	0.840091652411626	0.0097873172179127	5246	0	0	1.15088611403101	6.84694313958538	6.00141487796115	8.56541176368671	1.35131021534438
BA_only	hippocampus	AA	psi	chr5_72168006_72169220	chr5	72168006	72169220	31	31	0	0	0.0101009578787767	0.944902218841749	2.64198663490298	-2.64198663490298	1214	376	Promoter	0	Heritable	0.123129717442212	0.909066783592589	0.008623891641841	0	0	0	1.23129717442212	7.10167597161944	5.93224518744801	0	0.971531151167971
BA_only	hippocampus	AA	psi	chr5_72452561_72453121	chr5	72452561	72453121	65	65	0	0	0.0272612643639863	0.975932065139872	1.91556331581625	1.91556331581625	560	255	Enhancer	0	Heritable	0.183371058052879	0.829785415758314	0.00877757587175304	0	0	0	1.83371058052879	6.3279367837292	5.54517744447956	0	0.650011744291695
BA_only	hippocampus	AA	psi	chr5_72557311_72557437	chr5	72557311	72557437	59	59	0	0	0.00810277986666384	0.933559278800072	2.62704929424856	2.62704929424856	126	222	Enhancer	0	Non-heritable	0.0587333797622799	0.750430685440626	0.00743013899368291	0	0	0	0.587333797622799	4.83628190695148	5.40717177146012	0	0.965861278798526
BA_only	hippocampus	AA	psi	chr5_73201546_73201777	chr5	73201546	73201777	26	26	0	0	0.0583248140330082	0.98577631996496	1.96756309621862	-1.96756309621862	231	316	Genic/other	0	Heritable	0.111463219691738	0.850551090987276	0.00812533976288998	0	0	0	1.11463219691738	5.44241771052179	5.75890177387728	0	0.676795775112012
BA_only	hippocampus	AA	psi	chr5_73275948_73277546	chr5	73275948	73277546	43	43	0	0	0.000574442415351106	0.641720003678155	1.83248947158877	-1.83248947158877	1598	347	Genic/other	0	Heritable	0.225003791642113	0.882500947675048	0.00942868787337504	0	0	0	2.25003791642113	7.37650812632622	5.85220247977447	0	0.605675414837923
BA_only	hippocampus	AA	psi	chr5_73436044_73436287	chr5	73436044	73436287	49	49	0	0	0.0142943162060446	0.964974748568303	2.41302769993328	-2.41302769993328	243	448	Intergenic	2	Non-heritable	0.0879241650479979	0.896465200417242	0.00760583929016546	14755	0	0	0.879241650479979	5.49306144334055	6.10702288774226	9.59940505871657	0.880882270179644
BA_only	hippocampus	AA	psi	chr5_73879044_73879456	chr5	73879044	73879456	18	18	0	0	0.0871631556832972	0.988137148207548	1.82044881369544	-1.82044881369544	412	539	Genic/other	0	Heritable	0.323421636774632	0.912822104699297	0.00686734411430132	15118	0	0	3.23421636774632	6.02102334934953	6.29156913955832	9.6237075099802	0.599083077112403
BA_only	hippocampus	AA	psi	chr5_7395166_7395261	chr5	7395166	7395261	55	55	0	0	0.0108000377973267	0.944902218841749	3.62028232978077	-3.62028232978077	95	450	Promoter	1	Heritable	0.148626672974437	0.89755968922575	0.00674145734350879	3874	0	0	1.48626672974437	4.55387689160054	6.11146733950268	8.26230094178745	1.28655201721085
BA_only	hippocampus	AA	psi	chr5_73964219_73965677	chr5	73964219	73965677	17	17	0	0	0.0280092167801444	0.975932065139872	2.912959705397	-2.912959705397	1458	533	Intergenic	0	Heritable	0.623836722340446	0.921797004963102	0.00892162551599157	0	0	0	6.23836722340446	7.2848209125686	6.2803958389602	0	1.06916964863245
BA_only	hippocampus	AA	psi	chr5_74556596_74556912	chr5	74556596	74556912	115	115	0	0	0.0112428085152707	0.949475246870599	2.83583990860886	2.83583990860886	316	514	Intergenic	0	Heritable	0.110756209921806	0.911849494495334	0.00763859863338009	14973	0	0	1.10756209921806	5.75574221358691	6.24416690066374	9.61407064279063	1.04233816088804
BA_only	hippocampus	AA	psi	chr5_74616367_74616840	chr5	74616367	74616840	60	60	0	0	0.0390047834600031	0.980549382116533	2.89219894876764	2.89219894876764	473	503	Intergenic	0	Heritable	0.10668649399365	0.952481521637042	0.00767331382363937	0	0	0	1.0668649399365	6.15909538849193	6.22257626807137	0	1.06201709818454
BA_only	hippocampus	AA	psi	chr5_74798920_74799632	chr5	74798920	74799632	30	30	0	0	0.0028685539058137	0.844808629760907	1.45003527947024	-1.45003527947024	712	386	Promoter	0	Non-heritable	0.0750137650261071	0.913922533820821	0.0105471926353778	5651	0	0	0.750137650261071	6.56807791141198	5.95842469302978	8.63976474380442	0.371587893702012
BA_only	hippocampus	AA	psi	chr5_749550_750111	chr5	749550	750111	54	54	0	0	0.00965914975053881	0.939841915020693	2.72891111607912	-2.72891111607912	561	476	Genic/other	1	Heritable	0.117391971197327	0.91042701930322	0.00897323491929596	0	0	0	1.17391971197327	6.3297209055227	6.16751649088834	0	1.00390267471702
BA_only	hippocampus	AA	psi	chr5_75612287_75612506	chr5	75612287	75612506	63	63	0	0	0.0106462257139915	0.944902218841749	1.96410701816427	-1.96410701816427	219	257	Genic/other	1	Heritable	0.491673939735189	0.862056581110261	0.0187647010134677	4400	0	0	4.91673939735189	5.3890717298165	5.55295958492162	8.38958706681109	0.675037703439467
BA_only	hippocampus	AA	psi	chr5_75656075_75656843	chr5	75656075	75656843	49	49	0	0	0.0173463417145492	0.970581273335112	3.59291713968873	3.59291713968873	768	285	Genic/other	0	Non-heritable	0.0573641300489162	0.823325802710451	0.0047425392943369	10149	0	0	0.573641300489162	6.64378973314767	5.65599181081985	9.22522898446993	1.27896444905359
BA_only	hippocampus	AA	psi	chr5_75855953_75857178	chr5	75855953	75857178	39	39	0	0	0.0165404926353873	0.969699026744516	3.76274909972785	-3.76274909972785	1225	351	Intergenic	0	Non-heritable	0.0653062713226997	0.866302677823049	0.00791482174268534	109850	0	0	0.653062713226997	7.11069612297883	5.8636311755981	11.606880181094	1.32514983644885
BA_only	hippocampus	AA	psi	chr5_76169321_76169778	chr5	76169321	76169778	7	7	0	0	0.321759119387107	0.993828622005322	2.33727198282133	2.33727198282133	457	507	Genic/other	1	Non-heritable	0.0737530583039524	0.932069287079894	0.00827034930105427	86080	0	0	0.737530583039524	6.12468339089421	6.23048144757848	11.3630439924285	0.848984434245019
BA_only	hippocampus	AA	psi	chr5_76714647_76714837	chr5	76714647	76714837	5	5	0	0	0.0814362662641836	0.988137148207548	2.53422177536108	-2.53422177536108	190	625	Genic/other	1	Non-heritable	0.0992372967804451	0.954491057643413	0.00651286663015039	1557	0	0	0.992372967804451	5.24702407216049	6.4393503711001	7.35115822643069	0.929886601889435
BA_only	hippocampus	AA	psi	chr5_767394_767593	chr5	767394	767593	54	54	0	0	0.00841849169206415	0.933559278800072	3.95268171724733	-3.95268171724733	199	488	Genic/other	0	Non-heritable	0.08292118700406	0.914004737874934	0.00806972772739507	695	0	0	0.8292118700406	5.29330482472449	6.19236248947487	6.54534966033442	1.37439426684273
BA_only	hippocampus	AA	psi	chr5_77028766_77029729	chr5	77028766	77029729	177	177	0	0	0.0129502225623394	0.964283399649536	7.80706894831302	7.80706894831302	963	543	Promoter	1	Non-heritable	0.0692252830935553	0.946321583194509	0.00913066221346777	877	0	0	0.692252830935553	6.87005341179813	6.29894924685594	6.77764659363512	2.05502959998156
BA_only	hippocampus	AA	psi	chr5_77209738_77209984	chr5	77209738	77209984	187	187	0	0	0.00198838840349347	0.80651122630121	6.79820460572737	-6.79820460572737	246	535	Promoter	1	Non-heritable	0.0840697105316219	0.902123306914211	0.00845446846482689	1279	0	0	0.840697105316219	5.50533153593236	6.2841341610708	7.15461535691366	1.91665855022185
BA_only	hippocampus	AA	psi	chr5_772419_773485	chr5	772419	773485	54	54	0	0	0.0125119772282516	0.961394807854409	3.14991082431695	3.14991082431695	1066	499	Genic/other	0	Heritable	0.198142341861029	0.945494602172569	0.0104184842528919	0	0	0	1.98142341861029	6.97166860472579	6.21460809842219	0	1.14737414587086
BA_only	hippocampus	AA	psi	chr5_77843790_77844105	chr5	77843790	77844105	13	13	0	0	0.0235546767348959	0.975932065139872	2.269598295532	2.269598295532	315	377	Genic/other	1	Non-heritable	0.0707996484718659	0.837023736898263	0.00912693379164238	0	0	0	0.707996484718659	5.75257263882563	5.93489419561959	0	0.819602857918994
BA_only	hippocampus	AA	psi	chr5_77845174_77845271	chr5	77845174	77845271	13	13	0	0	0.0201878416676951	0.975856666808667	1.90388022397799	-1.90388022397799	97	377	Genic/other	1	Non-heritable	0.067829191604671	0.846413649703217	0.00953395995161138	0	0	0	0.67829191604671	4.57471097850338	5.93489419561959	0	0.643894032068255
BA_only	hippocampus	AA	psi	chr5_77848148_77848520	chr5	77848148	77848520	13	13	0	0	0.0315411304286576	0.977060807838727	2.31325585441336	2.31325585441336	372	369	Genic/other	1	Non-heritable	0.0746278652784285	0.888522238627698	0.00562711654570672	0	0	0	0.746278652784285	5.91889385427315	5.91350300563827	0	0.838655997284116
BA_only	hippocampus	AA	psi	chr5_77851175_77851216	chr5	77851175	77851216	14	14	0	0	0.0169624114555658	0.970581273335112	1.24945468637721	1.24945468637721	41	367	Genic/other	1	Heritable	0.161475771940873	0.920964837076204	0.00835449997713146	0	0	0	1.61475771940873	3.71357206670431	5.90808293816893	0	0.222707213234362
BA_only	hippocampus	AA	psi	chr5_77957648_77957829	chr5	77957648	77957829	16	16	0	0	0.00915441413619778	0.939077729475158	1.11027925608625	-1.11027925608625	181	346	Promoter	1	Heritable	0.119433776542028	0.849551111846916	0.00666587872095177	0	0	0	1.19433776542028	5.19849703126583	5.84932477994686	0	0.104611574749211
BA_only	hippocampus	AA	psi	chr5_77973387_77973631	chr5	77973387	77973631	14	14	0	0	0.0111270966900948	0.948703871232836	1.26003671296949	-1.26003671296949	244	345	Intergenic	1	Non-heritable	0.092027284612221	0.873724820808126	0.00621074237405981	14526	0	0	0.92027284612221	5.4971682252932	5.84643877505773	9.58376426587288	0.231140865752554
BA_only	hippocampus	AA	psi	chr5_77993184_77993909	chr5	77993184	77993909	15	15	0	0	0.0594481572355273	0.98577631996496	0.760772126359997	0.760772126359997	725	343	Intergenic	0	Heritable	0.105557661137945	0.891736599199182	0.00842506775024008	9145	0	0	1.05557661137945	6.58617165485468	5.8406416573734	9.121071904218	-0.273421392554132
BA_only	hippocampus	AA	psi	chr5_78003845_78005683	chr5	78003845	78005683	15	15	0	0	0.0246978990899978	0.975932065139872	1.30579855823249	1.30579855823249	1838	358	Genic/other	0	Heritable	0.134864521043615	0.865429835030579	0.0114318180488942	0	0	0	1.34864521043615	7.51643330291563	5.88332238848828	0	0.266814783302105
BA_only	hippocampus	AA	psi	chr5_7827354_7827698	chr5	7827354	7827698	14	14	0	0	0.0142409011599718	0.964826773227435	0.881897808106426	0.881897808106426	344	470	Genic/other	0	Heritable	0.135531947511304	0.935247848852808	0.00670572400714705	29193	0	0	1.35531947511304	5.8406416573734	6.15485809401642	10.2817184876905	-0.125679082173809
BA_only	hippocampus	AA	psi	chr5_78509528_78510021	chr5	78509528	78510021	6	6	0	0	0.0756422710039691	0.987023137100836	1.19259404631236	1.19259404631236	493	377	Genic/other	2	Non-heritable	0.0934303211707179	0.901192156065517	0.00572374040610332	50282	0	0	0.934303211707179	6.20050917404269	5.93489419561959	10.8254223267954	0.176130813887943
BA_only	hippocampus	AA	psi	chr5_79019612_79019914	chr5	79019612	79019914	1	1	0	0	0.921039446876528	0.999440443764458	0.0665526082759544	0.0665526082759544	302	407	Genic/other	0	Heritable	0.148774319301439	0.91776436631975	0.00778701841508684	24637	0	0	1.48774319301439	5.71042701737487	6.01126717440416	10.1120452455219	-2.70976239192538
BA_only	hippocampus	AA	psi	chr5_79022656_79024670	chr5	79022656	79024670	1	1	0	0	0.346649124338767	0.993832821375533	0.855730554684086	0.855730554684086	2014	413	Genic/other	0	Heritable	0.112791312616761	0.89644201585429	0.00664052297527574	19881	0	0	1.12791312616761	7.60787807327851	6.02586597382531	9.89757007877209	-0.155799713271076
BA_only	hippocampus	AA	psi	chr5_79511680_79512245	chr5	79511680	79512245	13	13	0	0	0.342810991196251	0.993832821375533	0.562368365543748	-0.562368365543748	565	407	Genic/other	1	Non-heritable	0.0944753318330846	0.913036707834865	0.00833535981989679	31778	0	0	0.944753318330846	6.33682573114644	6.01126717440416	10.3665609732646	-0.575598171318944
BA_only	hippocampus	AA	psi	chr5_79611650_79611817	chr5	79611650	79611817	32	32	0	0	0.00552329755778891	0.914301706404424	1.33206052485261	-1.33206052485261	167	408	Promoter	1	Non-heritable	0.0527114535319149	0.897996744855966	0.00810757104628192	873	0	0	0.527114535319149	5.11799381241676	6.0137151560428	6.77308037565554	0.286727017671576
BA_only	hippocampus	AA	psi	chr5_80091850_80092161	chr5	80091850	80092161	13	13	0	0	0.0680372920914656	0.985907779499035	1.77099042452064	1.77099042452064	311	488	Intergenic	0	Heritable	0.160268114020907	0.935360196456572	0.00706960884563009	9489	0	0	1.60268114020907	5.73979291217923	6.19236248947487	9.15799389160397	0.571538957611994
BA_only	hippocampus	AA	psi	chr5_80368912_80370269	chr5	80368912	80370269	21	21	0	0	0.00653498127618928	0.923561800805115	2.22235016791428	-2.22235016791428	1357	383	Genic/other	0	Non-heritable	0.0831611790019829	0.859984489079189	0.00969438190388299	37470	0	0	0.831611790019829	7.21303165983487	5.95064255258773	10.5313225794487	0.798565274621529
BA_only	hippocampus	AA	psi	chr5_80614884_80616116	chr5	80614884	80616116	22	22	0	0	0.00105772439671195	0.721965237965727	5.30090631443794	5.30090631443794	1232	410	Genic/other	0	Non-heritable	0.0913672811466993	0.890200303359179	0.0074994967213127	13048	0	0	0.913672811466993	7.11639414409347	6.01859321449623	9.47646678146225	1.66787781054939
BA_only	hippocampus	AA	psi	chr5_80959784_80959910	chr5	80959784	80959910	24	24	0	0	0.0489779173338662	0.983040601259948	1.37999336976614	-1.37999336976614	126	441	Promoter	1	Heritable	0.123186751376326	0.938154986008778	0.00858513791229453	0	0	0	1.23186751376326	4.83628190695148	6.0913098820777	0	0.322078701886693
BA_only	hippocampus	AA	psi	chr5_80961564_80962083	chr5	80961564	80962083	24	24	0	0	0.051740654176348	0.984153364580922	1.78447252559104	-1.78447252559104	519	427	Promoter	1	Heritable	0.197832671509678	0.909231758934916	0.00569071389201239	0	0	0	1.97832671509678	6.25190388316589	6.0591231955818	0	0.579122873295061
BA_only	hippocampus	AA	psi	chr5_81194256_81194840	chr5	81194256	81194840	52	52	0	0	0.0257889656561454	0.975932065139872	1.33047637742357	-1.33047637742357	584	390	Genic/other	0	Non-heritable	0.0992697481224194	0.915651855557196	0.0100832619199399	8686	0	0	0.992697481224194	6.36990098282823	5.96870755998537	9.06958293425992	0.285537064133119
BA_only	hippocampus	AA	psi	chr5_81195639_81196151	chr5	81195639	81196151	52	52	0	0	0.00286613503931534	0.844808629760907	2.33008301492955	2.33008301492955	512	394	Genic/other	0	Heritable	0.124094590171152	0.921050069628414	0.0103044045086321	7375	0	0	1.24094590171152	6.23832462503951	5.97888576490112	8.90598676523643	0.845903899959743
BA_only	hippocampus	AA	psi	chr5_81209603_81210331	chr5	81209603	81210331	50	50	0	0	0.0771065785507217	0.987720536119146	1.9324003523788	1.9324003523788	728	397	Genic/other	0	Heritable	0.227039173411514	0.932270823948283	0.00887665917253355	0	0	0	2.27039173411514	6.59030104819669	5.98645200528444	0	0.658762941225938
BA_only	hippocampus	AA	psi	chr5_81247180_81248521	chr5	81247180	81248521	34	34	0	0	0.0176759069358265	0.970931943606436	3.1792246697286	-3.1792246697286	1341	411	Genic/other	0	Non-heritable	0.0734941010174425	0.902794557534937	0.00596234713353933	0	0	0	0.734941010174425	7.20117088328168	6.02102334934953	0	1.15663735565915
BA_only	hippocampus	AA	psi	chr5_81778448_81779297	chr5	81778448	81779297	66	66	0	0	0.00435982353005233	0.889521220752069	1.98814660116991	-1.98814660116991	849	302	Enhancer	0	Non-heritable	0.0821658299159132	0.875726243594	0.00578657741554087	0	0	0	0.821658299159132	6.74405918631135	5.71373280550937	0	0.687202853588522
BA_only	hippocampus	AA	psi	chr5_82019579_82020158	chr5	82019579	82020158	62	62	0	0	0.0170844048458645	0.970581273335112	1.83020056106361	1.83020056106361	579	284	Genic/other	0	Non-heritable	0.0862180331702241	0.761756925922371	0.00810256759582876	32019	0	0	0.862180331702241	6.361302477573	5.65248918026865	10.3741159865507	0.604425562521609
BA_only	hippocampus	AA	psi	chr5_82279026_82279354	chr5	82279026	82279354	3	3	0	0	0.409895092645144	0.99461028164865	0.854921468885693	-0.854921468885693	328	344	Promoter	1	Heritable	0.236179699079746	0.87762046050722	0.0146205416141863	705	0	0	2.36179699079746	5.79301360838414	5.84354441703136	6.55961523749324	-0.156745651823297
BA_only	hippocampus	AA	psi	chr5_82294005_82294667	chr5	82294005	82294667	3	3	0	0	0.318923906932265	0.993828622005322	2.1552830726762	2.1552830726762	662	344	Promoter	0	Non-heritable	0.0718961344188307	0.867963866943996	0.00650658412473319	15684	0	0	0.718961344188307	6.49526555593701	5.84354441703136	9.66046012062478	0.767922075799254
BA_only	hippocampus	AA	psi	chr5_82858834_82859632	chr5	82858834	82859632	114	114	0	0	0.00561053958470689	0.914301706404424	2.46487294430894	2.46487294430894	798	393	Enhancer	0	Heritable	0.160342187108172	0.90819396677627	0.00728789588278745	0	0	0	1.60342187108172	6.68210859744981	5.97635090929793	0	0.902140266332329
BA_only	hippocampus	AA	psi	chr5_82862533_82863566	chr5	82862533	82863566	114	114	0	0	0.0253223638376324	0.975932065139872	1.79725773309328	1.79725773309328	1033	401	Enhancer	0	Heritable	0.10001300723234	0.902805145692646	0.0112640395995067	0	0	0	1.0001300723234	6.94022246911964	5.99645208861902	0	0.586262027173178
BA_only	hippocampus	AA	psi	chr5_82922380_82922719	chr5	82922380	82922719	114	114	0	0	0.000884502927558403	0.696786907778736	4.31770698879368	4.31770698879368	339	402	Genic/other	0	Non-heritable	0.0539989403433365	0.849255808736873	0.00593241439840272	0	0	0	0.539989403433365	5.82600010738045	5.99893656194668	0	1.46272447402229
BA_only	hippocampus	AA	psi	chr5_83475391_83476305	chr5	83475391	83476305	6	6	0	0	0.0656251997988866	0.985907779499035	0.686988028037932	-0.686988028037932	914	340	Enhancer	1	Heritable	0.103102662970276	0.857640773908374	0.00729554359809175	36090	0	0	1.03102662970276	6.81783057145415	5.83188247728352	10.4937988057595	-0.375438398792116
BA_only	hippocampus	AA	psi	chr5_83673182_83674321	chr5	83673182	83674321	5	5	0	0	0.13959711580777	0.991064867102684	0.518419797946623	0.518419797946623	1139	389	Promoter	0	Non-heritable	0.0585055679142822	0.791952604869081	0.00893495785209091	0	0	0	0.585055679142822	7.03790596344718	5.96614673912369	0	-0.656969924900469
BA_only	hippocampus	AA	psi	chr5_83721181_83721429	chr5	83721181	83721429	4	4	0	0	0.0123116138656708	0.958949015439713	1.88854750464377	-1.88854750464377	248	392	Promoter	1	Heritable	0.209419639818546	0.878913593561808	0.01118369624082	391	0	0	2.09419639818546	5.51342874616498	5.97380961186926	5.97126183979046	0.635808022845273
BA_only	hippocampus	AA	psi	chr5_8456898_8458396	chr5	8456898	8458396	16	16	0	0	0.0911841312523476	0.989446665475032	0.640590663700535	0.640590663700535	1498	471	Promoter	2	Heritable	0.119111740834595	0.943248794124455	0.0150961613776852	0	0	0	1.19111740834595	7.31188616407717	6.15697898558556	0	-0.445364600607196
BA_only	hippocampus	AA	psi	chr5_850782_850963	chr5	850782	850963	56	56	0	0	0.0180887440801749	0.971452676751561	4.63363970206232	-4.63363970206232	181	518	Promoter	1	Heritable	0.330329436463348	0.921343143558472	0.00735718703168083	0	0	0	3.30329436463348	5.19849703126583	6.25190388316589	0	1.53334267418792
BA_only	hippocampus	AA	psi	chr5_87751708_87752598	chr5	87751708	87752598	14	14	0	0	0.0600999769713175	0.98577631996496	2.92908168166479	2.92908168166479	890	133	Intergenic	0	Non-heritable	0.0571459279051836	0.632982341749174	0.00748084653430875	0	0	0	0.571459279051836	6.79122146272619	4.89783979995091	0	1.07468895808991
BA_only	hippocampus	AA	psi	chr5_88269888_88270684	chr5	88269888	88270684	178	178	0	0	0.00344177663564201	0.866906756094015	2.39416269691481	-2.39416269691481	796	153	Promoter	1	Non-heritable	0.049585743499008	0.591851774838746	0.010718587972659	0	0	0	0.49585743499008	6.67959918584438	5.03695260241363	0	0.873033569285287
BA_only	hippocampus	AA	psi	chr5_883445_883765	chr5	883445	883765	48	48	0	0	0.0426850999518066	0.980549382116533	2.5529619200505	-2.5529619200505	320	529	Promoter	1	Non-heritable	0.0691465663565288	0.93217203126291	0.00889924462680698	0	0	0	0.691465663565288	5.76832099579377	6.27287700654617	0	0.937254226299555
BA_only	hippocampus	AA	psi	chr5_8838855_8839938	chr5	8838855	8839938	13	13	0	0	0.290253426948768	0.993663620961428	2.9175044363643	-2.9175044363643	1083	455	Promoter	0	Non-heritable	0.0900836715652468	0.939423864803792	0.0072020615065708	0	0	0	0.900836715652468	6.98749024700099	6.12249280951439	0	1.07072860920973
BA_only	hippocampus	AA	psi	chr5_8843064_8843905	chr5	8843064	8843905	13	13	0	0	0.14352189014076	0.991064867102684	3.05268698218241	3.05268698218241	841	459	Enhancer	0	Non-heritable	0.0836139432585903	0.928241265087194	0.0059695626453128	0	0	0	0.836139432585903	6.73459165997295	6.13122648948314	0	1.1160221838267
BA_only	hippocampus	AA	psi	chr5_88679067_88679917	chr5	88679067	88679917	976	976	0	0	0.00112164253040689	0.726050490461723	11.337392487818	-11.337392487818	850	163	Promoter	1	Heritable	0.150723309196229	0.758281421131804	0.0115485270193654	0	0	0	1.50723309196229	6.74523634948436	5.0998664278242	0	2.42810633339568
BA_only	hippocampus	AA	psi	chr5_88681389_88683156	chr5	88681389	88683156	976	976	0	0	0.000659527155632049	0.660644830675263	8.24259090421962	-8.24259090421962	1767	164	Genic/other	2	Heritable	0.131938305926372	0.751144225929791	0.00936745949448205	0	0	0	1.31938305926372	7.4770384723197	5.10594547390058	0	2.10931472583554
BA_only	hippocampus	AA	psi	chr5_88686077_88686578	chr5	88686077	88686578	1015	1015	0	0	4.88962021895136e-05	0.270243597084104	7.78209811897804	-7.78209811897804	501	162	Genic/other	1	Non-heritable	0.0663599363734719	0.743708875402586	0.00796127887558654	0	0	0	0.663599363734719	6.21660610108487	5.09375020080676	0	2.05182598422046
BA_only	hippocampus	AA	psi	chr5_88686857_88689183	chr5	88686857	88689183	981	981	0	0	0.0014652781877845	0.762839785479669	7.20463671878174	-7.20463671878174	2326	164	Promoter	2	Heritable	0.130612943252142	0.751302601752711	0.00827844296016543	0	0	0	1.30612943252142	7.75190533307861	5.10594547390058	0	1.97472480885794
BA_only	hippocampus	AA	psi	chr5_88693093_88696192	chr5	88693093	88696192	1009	1009	0	0	0.000278944481998171	0.524623844350021	12.7263148408265	-12.7263148408265	3099	172	Promoter	1	Non-heritable	0.0814122750976055	0.724583325577523	0.0086352636565216	0	0	0	0.814122750976055	8.03883475778775	5.15329159449778	0	2.54367188525785
BA_only	hippocampus	AA	psi	chr5_88814117_88814771	chr5	88814117	88814771	1067	1067	0	0	0.00258744882509736	0.833258918532135	6.72013807477202	-6.72013807477202	654	170	Genic/other	0	Heritable	0.110143515108725	0.776472688079565	0.0103346270303901	0	0	0	1.10143515108725	6.4831073514572	5.14166355650266	0	1.90510870265311
BA_only	hippocampus	AA	psi	chr5_88879937_88880194	chr5	88879937	88880194	1071	1071	0	0	0.00101308027769116	0.720014968907702	9.32777212331815	9.32777212331815	257	174	Genic/other	1	Heritable	0.123642591719166	0.739853020635884	0.0103897695833382	0	0	0	1.23642591719166	5.54907608489522	5.16478597392351	0	2.23299620106342
BA_only	hippocampus	AA	psi	chr5_89604106_89604525	chr5	89604106	89604525	9	9	0	0	0.143163415510053	0.991064867102684	0.849378956405138	0.849378956405138	419	241	Genic/other	0	Heritable	0.138638691778648	0.840503535165105	0.00665662038271043	98235	0	0	1.38638691778648	6.03787091992214	5.48893772615669	11.4951280259396	-0.163249824294975
BA_only	hippocampus	AA	psi	chr5_8973865_8975018	chr5	8973865	8975018	13	13	0	0	0.0902244467997804	0.989446665475032	1.63646923936009	-1.63646923936009	1153	470	Intergenic	0	Heritable	0.547821555713264	0.90177184613118	0.0103975290347264	63269	0	0	5.47821555713264	7.05012252026906	6.15485809401642	11.0551665621409	0.492541024290706
BA_only	hippocampus	AA	psi	chr5_91279368_91279666	chr5	91279368	91279666	314	314	0	0	0.0037589127603744	0.869981414666025	5.36729423343317	-5.36729423343317	298	282	Promoter	1	Heritable	0.182756818820481	0.813192209165928	0.00863232689994999	0	0	0	1.82756818820481	5.69709348650541	5.64544689764324	0	1.68032391625554
BA_only	hippocampus	AA	psi	chr5_91741280_91741999	chr5	91741280	91741999	6	6	0	0	0.024864368700046	0.975932065139872	3.05901896440885	-3.05901896440885	719	236	Genic/other	0	Non-heritable	0.0476355193514457	0.72736754905324	0.00688618348242689	113464	0	0	0.476355193514457	6.57786135772105	5.46806014113513	11.6392496983037	1.1180942679638
BA_only	hippocampus	AA	psi	chr5_92688168_92688426	chr5	92688168	92688426	25	25	0	0	0.124181062704001	0.991064867102684	1.20863766557788	1.20863766557788	258	222	Promoter	0	Heritable	0.246377387306791	0.822290328314389	0.00817057225613782	0	0	0	2.46377387306791	5.55295958492162	5.40717177146012	0	0.189493837368508
BA_only	hippocampus	AA	psi	chr5_92977500_92978669	chr5	92977500	92978669	522	522	0	0	0.000918074565454375	0.704421462184525	2.80086925019739	-2.80086925019739	1169	262	Intergenic	0	Non-heritable	0.0963298677245565	0.838501725046099	0.0200791687760337	38028	0	0	0.963298677245565	7.06390396147207	5.57215403217777	10.5461043055463	1.029929819072
BA_only	hippocampus	AA	psi	chr5_9328203_9328724	chr5	9328203	9328724	111	111	0	0	0.00182072263282881	0.796447609036794	1.85141899946385	-1.85141899946385	521	509	Genic/other	0	Heritable	0.538680347427994	0.93030863134615	0.00856187800679467	217805	0	0	5.38680347427994	6.25575004175337	6.23441072571837	12.2913600373109	0.615952377214039
BA_only	hippocampus	AA	psi	chr5_93570355_93572647	chr5	93570355	93572647	370	370	0	0	0.00112654981107663	0.726050490461723	6.30191583084333	-6.30191583084333	2292	175	Promoter	2	Non-heritable	0.055915691942264	0.760227352007554	0.00625067022014075	0	0	0	0.55915691942264	7.73718007783463	5.17048399503815	0	1.84085368888909
BA_only	hippocampus	AA	psi	chr5_93573276_93573719	chr5	93573276	93573719	370	370	0	0	0.000556782404334738	0.636920160415722	4.38688575039458	4.38688575039458	443	174	Genic/other	1	Non-heritable	0.0610686215478641	0.700101126390809	0.00661243526215595	0	0	0	0.610686215478641	6.09356977004514	5.16478597392351	0	1.47861958136054
BA_only	hippocampus	AA	psi	chr5_93578035_93578814	chr5	93578035	93578814	370	370	0	0	0.010835503093807	0.944902218841749	3.56227041057606	-3.56227041057606	779	169	Enhancer	1	Non-heritable	0.069713275842466	0.672303317251463	0.00744864582668187	0	0	0	0.69713275842466	6.65801104587075	5.13579843705026	0	1.27039810017114
BA_only	hippocampus	AA	psi	chr5_93586203_93587490	chr5	93586203	93587490	370	370	0	0	8.85847099728752e-05	0.357115007671868	3.49493449994946	-3.49493449994946	1287	174	Promoter	1	Heritable	0.186439791602677	0.812044435652297	0.0090655499890304	0	0	0	1.86439791602677	7.16006920759613	5.16478597392351	0	1.25131463729833
BA_only	hippocampus	AA	psi	chr5_93589014_93591442	chr5	93589014	93591442	370	370	0	0	0.019743578502987	0.974612769745579	10.9206149391391	-10.9206149391391	2428	169	Promoter	2	Heritable	0.112093829309387	0.778759643504491	0.00723210560611021	1096	0	0	1.12093829309387	7.79482315217939	5.13579843705026	7.00033446027523	2.39065228275491
BA_only	hippocampus	AA	psi	chr5_93593163_93594206	chr5	93593163	93594206	370	370	0	0	0.00106183127500739	0.721965237965727	8.5498831113252	8.5498831113252	1043	176	Genic/other	2	Heritable	0.115641545898803	0.760431500657882	0.00767956908404176	4473	0	0	1.15641545898803	6.94985645500077	5.17614973257383	8.40603814205008	2.14591761283479
BA_only	hippocampus	AA	psi	chr5_93595123_93595773	chr5	93595123	93595773	370	370	0	0	0.0126615962086225	0.961717006536833	3.9901283399815	3.9901283399815	650	169	Genic/other	2	Non-heritable	0.0788272827158316	0.609382405242194	0.00854443150194653	2906	0	0	0.788272827158316	6.47697236288968	5.13579843705026	7.97487690055888	1.38382339829956
BA_only	hippocampus	AA	psi	chr5_93600584_93602588	chr5	93600584	93602588	370	370	0	0	0.00307103278233092	0.84862690950741	6.72731880324332	-6.72731880324332	2004	164	Enhancer	2	Non-heritable	0.0770588643406722	0.750062434195815	0.00825624051089109	0	0	0	0.770588643406722	7.60290046220476	5.10594547390058	0	1.90617667099958
BA_only	hippocampus	AA	psi	chr5_93602696_93603894	chr5	93602696	93603894	370	370	0	0	0.00328251311294767	0.857599671675802	5.42557664214719	5.42557664214719	1198	169	Intergenic	1	Heritable	0.106828820750794	0.784896677950566	0.00640121594901211	0	0	0	1.06828820750794	7.0884087786754	5.13579843705026	0	1.69112418910425
BA_only	hippocampus	AA	psi	chr5_93604852_93606311	chr5	93604852	93606311	370	370	0	0	0.00447366229404632	0.893124293687643	5.94647969956682	-5.94647969956682	1459	179	Intergenic	1	Non-heritable	0.083909293474917	0.722595526282173	0.00883162171505897	0	0	0	0.83909293474917	7.28550654852279	5.19295685089021	0	1.78279939901535
BA_only	hippocampus	AA	psi	chr5_93609380_93611067	chr5	93609380	93611067	370	370	0	0	0.00904039245712608	0.938585776116121	10.3217404193478	-10.3217404193478	1687	172	Intergenic	0	Heritable	0.195544750602714	0.789958150190116	0.00527191683015533	0	0	0	1.95544750602714	7.43070708254597	5.15329159449778	0	2.33425239208887
BA_only	hippocampus	AA	psi	chr5_94751528_94752386	chr5	94751528	94752386	6	6	0	0	0.493645956062131	0.994840206451052	0.309682393619426	0.309682393619426	858	307	Genic/other	0	Non-heritable	0.0566236906534526	0.865849508846109	0.00703955669423265	43015	0	0	0.566236906534526	6.75460409948796	5.73009978297357	10.6693274184895	-1.17220801111982
BA_only	hippocampus	AA	psi	chr5_94769170_94770318	chr5	94769170	94770318	12	12	0	0	0.00229838872876053	0.820594692497725	1.39375426158256	1.39375426158256	1148	305	Genic/other	0	Non-heritable	0.0786067570093534	0.874973436548984	0.00886910258397412	60657	0	0	0.786067570093534	7.04577657687951	5.72358510195238	11.0130068100429	0.332001021034194
BA_only	hippocampus	AA	psi	chr5_9546805_9547057	chr5	9546805	9547057	111	111	0	0	0.0015006117090918	0.770847192001991	1.93534577800086	-1.93534577800086	252	596	Promoter	1	Non-heritable	0.0928015912438041	0.943154232364276	0.00769656016099452	0	0	0	0.928015912438041	5.52942908751142	6.3919171133926	0	0.660286012325709
BA_only	hippocampus	AA	psi	chr5_9547256_9548061	chr5	9547256	9548061	111	111	0	0	0.0146891506972926	0.966089857218066	2.66941766673261	-2.66941766673261	805	596	Promoter	1	Heritable	0.121121617008653	0.952823572971146	0.00727251382443313	0	0	0	1.21121617008653	6.69084227741856	6.3919171133926	0	0.981860350023181
BA_only	hippocampus	AA	psi	chr5_95643972_95644966	chr5	95643972	95644966	78	78	0	0	0.0228878252022412	0.975932065139872	3.4456844235852	-3.4456844235852	994	296	Genic/other	2	Non-heritable	0.0878911070895444	0.862597690639398	0.00580543138166617	1850	0	0	0.878911070895444	6.90173720665657	5.6937321388027	7.5234813125735	1.23712255921293
BA_only	hippocampus	AA	psi	chr5_95711021_95711251	chr5	95711021	95711251	75	75	0	0	0.00278500272480955	0.842320220530838	5.52128088396798	-5.52128088396798	230	285	Genic/other	0	Heritable	0.158826620560945	0.870572535262913	0.00778754702870557	0	0	0	1.58826620560945	5.4380793089232	5.65599181081985	0	1.70860987937919
BA_only	hippocampus	AA	psi	chr5_95733835_95734685	chr5	95733835	95734685	74	74	0	0	0.00869086062935298	0.933559278800072	5.02203765123979	-5.02203765123979	850	281	Genic/other	2	Non-heritable	0.032228991678896	0.811070462081388	0.00690265166749548	0	0	0	0.32228991678896	6.74523634948436	5.64190707093811	0	1.61383575995853
BA_only	hippocampus	AA	psi	chr5_95823423_95823910	chr5	95823423	95823910	44	44	0	0	0.00017361736310627	0.462584505778846	2.98080668790841	-2.98080668790841	487	277	Promoter	0	Heritable	0.141266787868114	0.837655608940444	0.00914321380193345	0	0	0	1.41266787868114	6.18826412308259	5.62762111369064	0	1.09219396787971
BA_only	hippocampus	AA	psi	chr5_95835784_95836151	chr5	95835784	95836151	43	43	0	0	0.00650992680903656	0.922854781406953	5.15774173293066	-5.15774173293066	367	283	Promoter	1	Non-heritable	0.0651731028374391	0.774062477126017	0.0100414840305248	0	0	0	0.651731028374391	5.90536184805457	5.64897423816121	0	1.64049883697933
BA_only	hippocampus	AA	psi	chr5_958418_959159	chr5	958418	959159	53	53	0	0	0.0391525073161366	0.980549382116533	4.98435973329836	4.98435973329836	741	550	Intergenic	2	Non-heritable	0.0520527935044636	0.918503402697681	0.0120193116574555	0	0	0	0.520527935044636	6.60800062529609	6.31173480915292	0	1.60630495851483
BA_only	hippocampus	AA	psi	chr5_95895427_95896118	chr5	95895427	95896118	42	42	0	0	0.0372748377773007	0.980549382116533	4.266287817816	4.266287817816	691	265	Genic/other	0	Heritable	0.118604414918702	0.851546292990947	0.00950003008503406	0	0	0	1.18604414918702	6.53813982376767	5.5834963087817	0	1.45074408795974
BA_only	hippocampus	AA	psi	chr5_95958145_95959940	chr5	95958145	95959940	38	38	0	0	0.0102668844018098	0.944902218841749	2.43739069127684	-2.43739069127684	1795	270	Enhancer	2	Non-heritable	0.0677216896216948	0.839997571510714	0.0102323591230703	15142	0	0	0.677216896216948	7.49276030092238	5.6021188208797	9.62529365795666	0.89092808238269
BA_only	hippocampus	AA	psi	chr5_96661135_96661651	chr5	96661135	96661651	137	137	0	0	0.0279498603372603	0.975932065139872	1.10980345020067	-1.10980345020067	516	302	Promoter	1	Heritable	0.124319713509879	0.848717482085699	0.0138610097599596	0	0	0	1.24319713509879	6.24610676548156	5.71373280550937	0	0.104182936764481
BA_only	hippocampus	AA	psi	chr5_97070780_97071402	chr5	97070780	97071402	26	26	0	0	0.0087116648677747	0.933559278800072	3.15436348798878	3.15436348798878	622	276	Intergenic	0	Heritable	0.111613428397179	0.835239652385046	0.00750765194863329	0	0	0	1.11613428397179	6.43294009273918	5.62401750618734	0	1.14878673173801
BA_only	hippocampus	AA	psi	chr5_98775206_98776118	chr5	98775206	98776118	38	38	0	0	0.0292263583649293	0.976056724851304	2.87232980428043	-2.87232980428043	912	256	Genic/other	1	Heritable	0.115033748885529	0.855081276700353	0.00800420528144523	1897	0	0	1.15033748885529	6.81563999007433	5.54907608489522	7.54855597916987	1.05512348243399
BA_only	hippocampus	AA	psi	chr5_98839520_98839813	chr5	98839520	98839813	38	38	0	0	0.010955950045207	0.946441805516219	4.30226201027183	-4.30226201027183	293	254	Enhancer	0	Non-heritable	0.0861172652751121	0.818031440477362	0.00767709850070242	18576	0	0	0.861172652751121	5.68017260901707	5.54126354515843	9.8296795353914	1.45914093560908
BA_only	hippocampus	AA	psi	chr5_990383_990719	chr5	990383	990719	54	54	0	0	0.00143132990781202	0.761452272196194	12.9694385212907	12.9694385212907	336	568	Genic/other	0	Non-heritable	0.0803271061090031	0.858339440997031	0.00543234281638135	0	0	0	0.803271061090031	5.8171111599632	6.34388043412633	0	2.56259570759107
BA_only	hippocampus	AA	psi	chr6_10099171_10099471	chr6	10099171	10099471	8	8	0	0	0.157839232523939	0.991064867102684	0.489050473500425	0.489050473500425	300	559	Genic/other	0	Heritable	0.107158365023379	0.915162060491969	0.00829587086759249	38520	0	0	1.07158365023379	5.7037824746562	6.3279367837292	10.5589588261151	-0.715289556593788
BA_only	hippocampus	AA	psi	chr6_101776767_101777870	chr6	101776767	101777870	14	14	0	0	0.0526280678015626	0.984783117109287	0.789669545322214	0.789669545322214	1103	296	Genic/other	0	Heritable	0.170009277453847	0.889628665942429	0.00807986507101068	0	0	0	1.70009277453847	7.0057890192535	5.6937321388027	0	-0.236140705428653
BA_only	hippocampus	AA	psi	chr6_102796840_102798743	chr6	102796840	102798743	1	1	0	0	0.556736338658263	0.996372748468176	0.569963673838759	-0.569963673838759	1903	224	Intergenic	0	Non-heritable	0.0530090900039539	0.744795162274109	0.00691750319916566	112468	0	0	0.530090900039539	7.55118686729615	5.41610040220442	11.6304329070986	-0.562182632746854
BA_only	hippocampus	AA	psi	chr6_102849914_102850278	chr6	102849914	102850278	1	1	0	0	0.480570635250846	0.994840206451052	0.578635828662616	0.578635828662616	364	215	Intergenic	0	Non-heritable	0.0822890001976945	0.753136174475672	0.00928573777868347	60933	0	0	0.822890001976945	5.89715386763674	5.37527840768417	11.0175465901933	-0.54708194804962
BA_only	hippocampus	AA	psi	chr6_10315307_10316678	chr6	10315307	10316678	42	42	0	0	0.0019105983425696	0.801360789073658	2.18640042595122	-2.18640042595122	1371	603	Enhancer	1	Non-heritable	0.0830093840573722	0.942580505674841	0.00987171113162101	0	0	0	0.830093840573722	7.22329567956231	6.40357419793482	0	0.782256555023953
BA_only	hippocampus	AA	psi	chr6_103291865_103292670	chr6	103291865	103292670	4	4	0	0	0.00617287414254711	0.920376068783091	1.37148393460334	1.37148393460334	805	245	Intergenic	0	Non-heritable	0.0814650526290065	0.79957402757287	0.00466012780483349	242482	0	0	0.814650526290065	6.69084227741856	5.50533153593236	12.3986868838096	0.315893324876646
BA_only	hippocampus	AA	psi	chr6_103332177_103333035	chr6	103332177	103333035	4	4	0	0	0.127273394516862	0.991064867102684	0.809002644560303	-0.809002644560303	858	247	Intergenic	0	Heritable	0.213903753245094	0.760764694567058	0.0103326180328504	202117	0	0	2.13903753245094	6.75460409948796	5.51342874616498	12.2166069642451	-0.211953080643116
BA_only	hippocampus	AA	psi	chr6_103611937_103613565	chr6	103611937	103613565	4	4	0	0	0.141933853266932	0.991064867102684	0.603821769208579	-0.603821769208579	1628	281	Intergenic	0	Heritable	0.59130400450649	0.881061604137374	0.00783047725182582	72551	0	0	5.9130400450649	7.39510754656249	5.64190707093811	11.1920588251274	-0.504476192123778
BA_only	hippocampus	AA	psi	chr6_103622031_103623315	chr6	103622031	103623315	4	4	0	0	0.0399741478306441	0.980549382116533	0.780939499047167	-0.780939499047167	1284	273	Intergenic	0	Heritable	0.533804348227248	0.871520737367378	0.00817716015495599	82645	0	0	5.33804348227248	7.15773548424991	5.61312810638807	11.3223217052238	-0.247257585346757
BA_only	hippocampus	AA	psi	chr6_104691712_104693064	chr6	104691712	104693064	52	52	0	0	0.00624209335153079	0.920376068783091	3.49276646710806	-3.49276646710806	1352	243	Intergenic	0	Heritable	0.102571359068713	0.740975206101876	0.00753962174215209	9043	0	0	1.02571359068713	7.20934025660291	5.4971682252932	9.10985683339786	1.25069410905449
BA_only	hippocampus	AA	psi	chr6_10487896_10488551	chr6	10487896	10488551	46	46	0	0	0.0346202044711026	0.980327953711174	2.53514222236333	-2.53514222236333	655	637	Genic/other	0	Non-heritable	0.0675442576062313	0.933177483532399	0.00505165273889569	4379	0	0	0.675442576062313	6.48463523563525	6.45833828334479	8.38480400337049	0.930249742910339
BA_only	hippocampus	AA	psi	chr6_106566628_106566776	chr6	106566628	106566776	414	414	0	0	0.00219534660438961	0.817158945950573	4.60350820695209	4.60350820695209	148	511	Genic/other	0	Non-heritable	0.0429070603214011	0.893559452997969	0.00726155139237546	5326	0	0	0.429070603214011	4.99721227376412	6.23832462503951	8.580543506917	1.52681866868
BA_only	hippocampus	AA	psi	chr6_106574915_106575491	chr6	106574915	106575491	414	414	0	0	0.000339746935341524	0.556164410623813	6.13072645672534	-6.13072645672534	576	506	Enhancer	0	Heritable	0.121318029163495	0.937545200649623	0.00830013231776779	0	0	0	1.21318029163495	6.35610766069589	6.22851100359118	0	1.81331325299574
BA_only	hippocampus	AA	psi	chr6_10693484_10693917	chr6	10693484	10693917	21	21	0	0	0.0510394006103914	0.984153364580922	1.78295395889034	-1.78295395889034	433	538	Genic/other	1	Heritable	0.537941477990408	0.911089245209595	0.0122214360398069	0	0	0	5.37941477990408	6.07073772800249	6.289715570909	0	0.578271521885011
BA_only	hippocampus	AA	psi	chr6_10719807_10720984	chr6	10719807	10720984	20	20	0	0	0.015030673222899	0.966167725188189	1.68592945632606	-1.68592945632606	1177	561	Enhancer	2	Non-heritable	0.0944170375731657	0.946778002391142	0.018684240794574	2256	0	0	0.944170375731657	7.07072410726028	6.33150184989369	7.72179177681754	0.522317023785259
BA_only	hippocampus	AA	psi	chr6_107550154_107550730	chr6	107550154	107550730	10	10	0	0	0.156119894627348	0.991064867102684	1.87456681952792	1.87456681952792	576	485	Genic/other	0	Non-heritable	0.0627509258021082	0.809307020714724	0.0075423895619065	38597	0	0	0.627509258021082	6.35610766069589	6.18620862390049	10.5609557406391	0.628377608480385
BA_only	hippocampus	AA	psi	chr6_107634012_107634201	chr6	107634012	107634201	10	10	0	0	0.0254647389879627	0.975932065139872	2.06878093868252	-2.06878093868252	189	444	Promoter	1	Heritable	0.100835429987127	0.906776186694205	0.00828902817565095	1267	0	0	1.00835429987127	5.24174701505964	6.09807428216624	7.14519613499717	0.726959520119562
BA_only	hippocampus	AA	psi	chr6_107959543_107959667	chr6	107959543	107959667	25	25	0	0	0.000471762077230393	0.604162640906295	2.24404659089602	-2.24404659089602	124	418	Genic/other	1	Heritable	0.125093841586789	0.834871926296374	0.0140905494031642	1656	0	0	1.25093841586789	4.82028156560504	6.03787091992214	7.41276401742656	0.808280754332531
BA_only	hippocampus	AA	psi	chr6_108114127_108114761	chr6	108114127	108114761	20	20	0	0	0.0119219233716024	0.955163114623406	2.07211539826436	-2.07211539826436	634	394	Enhancer	1	Non-heritable	0.0769229707539339	0.873513665183116	0.00660495900168327	39067	0	0	0.769229707539339	6.45204895443723	5.97888576490112	10.5730589965674	0.728570021815392
BA_only	hippocampus	AA	psi	chr6_108134473_108134834	chr6	108134473	108134834	20	20	0	0	0.031483742332237	0.977060807838727	0.865159147792074	0.865159147792074	361	403	Promoter	1	Non-heritable	0.0553598958099297	0.836572897337952	0.0126980981828954	58521	0	0	0.553598958099297	5.88887795833288	6.00141487796115	10.9771580309	-0.144841791528227
BA_only	hippocampus	AA	psi	chr6_108158447_108160664	chr6	108158447	108160664	20	20	0	0	0.0620300996387671	0.985907779499035	1.57196579486217	-1.57196579486217	2217	375	Promoter	2	Non-heritable	0.0508149729232432	0.822456713907169	0.00749530513136996	32691	0	0	0.508149729232432	7.70391020961631	5.9295891433899	10.394885678636	0.452326941138215
BA_only	hippocampus	AA	psi	chr6_108561151_108561833	chr6	108561151	108561833	18	18	0	0	0.142670998197144	0.991064867102684	1.67938396131325	1.67938396131325	682	339	Genic/other	1	Heritable	0.138456759964933	0.893795846376055	0.0205186041166005	0	0	0	1.38456759964933	6.52502965784346	5.82894561761021	0	0.518427042428132
BA_only	hippocampus	AA	psi	chr6_108587886_108589569	chr6	108587886	108589569	18	18	0	0	0.0460247758641191	0.981789757189854	3.374588610229	-3.374588610229	1683	321	Genic/other	0	Non-heritable	0.0709833704477633	0.867583934238977	0.00464766806594715	0	0	0	0.709833704477633	7.42833319419081	5.77455154554441	0	1.21627342659275
BA_only	hippocampus	AA	psi	chr6_108680316_108681425	chr6	108680316	108681425	17	17	0	0	0.0177516876763922	0.970931943606436	4.15797255996846	-4.15797255996846	1109	260	Genic/other	0	Heritable	0.124872766733748	0.860870421767952	0.00828655610569582	16860	0	0	1.24872766733748	7.01121398735037	5.56452040732269	9.73275854177798	1.42502759248488
BA_only	hippocampus	AA	psi	chr6_108798949_108800466	chr6	108798949	108800466	16	16	0	0	0.0786286562176142	0.987720536119146	2.43375355298773	-2.43375355298773	1517	274	Genic/other	0	Non-heritable	0.0558143271320982	0.788981830568341	0.00871211102516861	0	0	0	0.558143271320982	7.32448997934853	5.61677109766657	0	0.88943474169405
BA_only	hippocampus	AA	psi	chr6_109204840_109205492	chr6	109204840	109205492	62	62	0	0	0.0120879996327061	0.956321669235677	10.9062002138765	-10.9062002138765	652	265	Genic/other	0	Heritable	0.514569190174163	0.86947398245415	0.00794977636997342	6480	0	0	5.14569190174163	6.48004456192665	5.5834963087817	8.77663009842772	2.38933145539242
BA_only	hippocampus	AA	psi	chr6_109318461_109319074	chr6	109318461	109319074	77	77	0	0	0.00871826253405598	0.933559278800072	2.97896230500154	2.97896230500154	613	209	Genic/other	0	Heritable	0.11348655769368	0.775589590439737	0.00646968155158232	0	0	0	1.1348655769368	6.41836493593621	5.34710753071747	0	1.09157502343345
BA_only	hippocampus	AA	psi	chr6_109465299_109466036	chr6	109465299	109466036	45	45	0	0	0.0206102740074419	0.975856666808667	3.75499149051412	3.75499149051412	737	250	Promoter	0	Non-heritable	0.0858387952348176	0.842706615256743	0.00825300901872678	537	0	0	0.858387952348176	6.60258789218934	5.52545293913178	6.28785856016178	1.32308602170198
BA_only	hippocampus	AA	psi	chr6_110399664_110400102	chr6	110399664	110400102	110	110	0	0	0.00120844129303481	0.741782412295099	8.03864686485883	8.03864686485883	438	385	Genic/other	2	Heritable	0.12728093990764	0.892645079510526	0.00923599774574244	0	0	0	1.2728093990764	6.08221891037645	5.95583736946483	0	2.08426076988007
BA_only	hippocampus	AA	psi	chr6_110540663_110542403	chr6	110540663	110542403	106	106	0	0	0.0071051931583696	0.931602204679102	3.71280202691217	3.71280202691217	1740	324	Genic/other	0	Heritable	0.129775801268328	0.884443217900443	0.00731054428788477	0	0	0	1.29775801268328	7.46164039220858	5.78382518232974	0	1.31178685756356
BA_only	hippocampus	AA	psi	chr6_110877444_110878975	chr6	110877444	110878975	10	10	0	0	0.0380228067648466	0.980549382116533	1.71031598512224	-1.71031598512224	1531	284	Genic/other	2	Heritable	0.11780498883028	0.78241374639831	0.00845845533384779	0	0	0	1.1780498883028	7.33367639565768	5.65248918026865	0	0.53667814591169
BA_only	hippocampus	AA	psi	chr6_111572961_111573507	chr6	111572961	111573507	88	88	0	0	0.0255864504356432	0.975932065139872	13.8775767764105	-13.8775767764105	546	250	Promoter	0	Non-heritable	0.0669638437108488	0.762473337801558	0.00896540758530243	0	0	0	0.669638437108488	6.30261897574491	5.52545293913178	0	2.63027435672562
BA_only	hippocampus	AA	psi	chr6_111604108_111604837	chr6	111604108	111604837	89	89	0	0	0.000558678691514557	0.636920160415722	8.18531201405676	8.18531201405676	729	244	Enhancer	0	Heritable	0.157838082269928	0.814779561618003	0.00815637922526605	0	0	0	1.57838082269928	6.59167373200866	5.50125821054473	0	2.10234133154509
BA_only	hippocampus	AA	psi	chr6_111606423_111606650	chr6	111606423	111606650	89	89	0	0	0.00564159630847966	0.914301706404424	1.67742229439883	1.67742229439883	227	245	Promoter	0	Heritable	0.121805208830278	0.819927913137899	0.00832948531614075	646	0	0	1.21805208830278	5.4249500174814	5.50533153593236	6.4723462945009	0.517258272486345
BA_only	hippocampus	AA	psi	chr6_111730870_111731878	chr6	111730870	111731878	92	92	0	0	0.00422782398388859	0.886245985442368	5.92322195115671	-5.92322195115671	1008	291	Genic/other	0	Non-heritable	0.0544665222861571	0.865620067691918	0.00917367590002965	0	0	0	0.544665222861571	6.91572344863131	5.67675380226828	0	1.77888055104088
BA_only	hippocampus	AA	psi	chr6_112044349_112044642	chr6	112044349	112044642	41	41	0	0	0.0472585677173318	0.982661996589092	2.55409404705763	-2.55409404705763	293	344	Intergenic	0	Non-heritable	0.0800127622145204	0.895975136619334	0.00862914508349459	9491	0	0	0.800127622145204	5.68017260901707	5.84354441703136	9.15820461755565	0.937697584284481
BA_only	hippocampus	AA	psi	chr6_112688520_112688676	chr6	112688520	112688676	14	14	0	0	0.098449436285478	0.990400450319684	0.489482346097732	-0.489482346097732	156	264	Intergenic	0	Heritable	0.109363080374292	0.854957242342519	0.00851265297084251	32	0	0	1.09363080374292	5.04985600724954	5.57972982598622	3.49650756146648	-0.714406862405363
BA_only	hippocampus	AA	psi	chr6_112688805_112689025	chr6	112688805	112689025	14	14	0	0	0.116530475731599	0.990898390030923	0.835452839437267	-0.835452839437267	220	258	Intergenic	0	Non-heritable	0.0905225360773959	0.846167638994002	0.00864993507018847	0	0	0	0.905225360773959	5.39362754635236	5.55682806169954	0	-0.179781366486161
BA_only	hippocampus	AA	psi	chr6_116564633_116565523	chr6	116564633	116565523	25	25	0	0	0.00447103353569609	0.893058608911181	1.28174186713469	1.28174186713469	890	193	Intergenic	0	Heritable	0.198198580352425	0.797703917237557	0.0103332523083055	292	0	0	1.98198580352425	6.79122146272619	5.26785815906333	5.68017260901707	0.248219994337379
BA_only	hippocampus	AA	psi	chr6_116682201_116682589	chr6	116682201	116682589	23	23	0	0	0.074524557836868	0.986186896048602	0.834037960173904	0.834037960173904	388	198	Enhancer	1	Heritable	0.145458863969571	0.793934188564367	0.00914127408106913	0	0	0	1.45458863969571	5.96100533962327	5.29330482472449	0	-0.181476349873293
BA_only	hippocampus	AA	psi	chr6_116764577_116764672	chr6	116764577	116764672	20	20	0	0	0.086469091280218	0.988137148207548	1.65657075635268	-1.65657075635268	95	221	Genic/other	1	Heritable	0.167475872522986	0.730835236447902	0.00900122455421007	36123	0	0	1.67475872522986	4.55387689160054	5.40267738187228	10.4947127433707	0.504749662251408
BA_only	hippocampus	AA	psi	chr6_117829730_117830026	chr6	117829730	117830026	5	5	0	0	0.18749064054231	0.991064867102684	0.427244417304623	-0.427244417304623	296	249	Intergenic	0	Non-heritable	0.0518165012808717	0.696975081160667	0.0101235336868346	153990	0	0	0.518165012808717	5.69035945432406	5.52146091786225	11.9446494381296	-0.850399000243827
BA_only	hippocampus	AA	psi	chr6_118709062_118711039	chr6	118709062	118711039	10	10	0	0	0.152833386963859	0.991064867102684	1.67525880713872	1.67525880713872	1977	240	Promoter	0	Non-heritable	0.0867566134847209	0.78336427176258	0.0100249855944317	0	0	0	0.867566134847209	7.58933582317062	5.48479693349066	0	0.515967671035159
BA_only	hippocampus	AA	psi	chr6_11938421_11938825	chr6	11938421	11938825	40	40	0	0	0.00600178379793002	0.919250910448977	0.750325553287491	0.750325553287491	404	493	Intergenic	0	Non-heritable	0.0832852582167458	0.883302807670567	0.00660079515561964	0	0	0	0.832852582167458	6.00141487796115	6.20253551718792	0	-0.28724808225583
BA_only	hippocampus	AA	psi	chr6_119566868_119567504	chr6	119566868	119567504	50	50	0	0	0.00865609657939195	0.933559278800072	1.97722768566759	1.97722768566759	636	238	Genic/other	0	Heritable	0.107677867216458	0.761508786351261	0.0100381561148426	0	0	0	1.07677867216458	6.45519856334012	5.47646355193151	0	0.68169570987208
BA_only	hippocampus	AA	psi	chr6_12211611_12212924	chr6	12211611	12212924	32	32	0	0	0.0258816206107596	0.975932065139872	2.15334325847396	2.15334325847396	1313	514	Intergenic	0	Heritable	0.281336828634748	0.927759183298826	0.015288803829149	77871	0	0	2.81336828634748	7.1800698743028	6.24416690066374	11.2628217320732	0.767021642958153
BA_only	hippocampus	AA	psi	chr6_1222048_1222860	chr6	1222048	1222860	39	39	0	0	0.00728631621139931	0.932593355926607	3.74976765725179	3.74976765725179	812	795	Genic/other	0	Non-heritable	0.0858084995925567	0.972254986147773	0.0070867574717953	0	0	0	0.858084995925567	6.69950034016168	6.67959918584438	0	1.32169388266348
BA_only	hippocampus	AA	psi	chr6_122833235_122833464	chr6	122833235	122833464	5	5	0	0	0.017178821681027	0.970581273335112	0.274058060660582	-0.274058060660582	229	285	Enhancer	0	Non-heritable	0.0668335841663137	0.84369051729463	0.00846738502676014	36410	0	0	0.668335841663137	5.43372200355424	5.65599181081985	10.5026262057745	-1.29441525833203
BA_only	hippocampus	AA	psi	chr6_125100255_125100396	chr6	125100255	125100396	148	148	0	0	0.00506479979018607	0.909885926705608	6.2913475734817	6.2913475734817	141	415	Intergenic	1	Heritable	0.130598175976309	0.918812628930745	0.00755382973633877	17390	0	0	1.30598175976309	4.94875989037817	6.03068526026126	9.76370811000784	1.83917528997271
BA_only	hippocampus	AA	psi	chr6_125390019_125390096	chr6	125390019	125390096	38	38	0	0	0.0203457924674172	0.975856666808667	1.60410031484792	1.60410031484792	77	362	Genic/other	0	Non-heritable	0.0903985380655532	0.892244122337603	0.0099410565928192	0	0	0	0.903985380655532	4.34380542185368	5.89440283426485	0	0.472563054151654
BA_only	hippocampus	AA	psi	chr6_125746465_125746770	chr6	125746465	125746770	16	16	0	0	0.17682246110036	0.991064867102684	2.4364928608505	2.4364928608505	305	298	Promoter	1	Non-heritable	0.0885065464485829	0.858612566161677	0.00789049791827211	26040	0	0	0.885065464485829	5.72031177660741	5.70044357339069	10.1674274980429	0.890559657317459
BA_only	hippocampus	AA	psi	chr6_125750697_125752793	chr6	125750697	125752793	16	16	0	0	0.031284825197831	0.977016055735487	1.96646653788825	-1.96646653788825	2096	296	Genic/other	2	Non-heritable	0.0429899596332006	0.777297482941885	0.00637338651844306	30272	0	0	0.429899596332006	7.64778604544093	5.6937321388027	10.3180115051326	0.676238301755082
BA_only	hippocampus	AA	psi	chr6_126341480_126342040	chr6	126341480	126342040	1	1	0	0	0.0174342523065099	0.970581273335112	1.36454963436628	1.36454963436628	560	188	Genic/other	1	Non-heritable	0.0784740844509049	0.786966136128564	0.0132843160253444	0	0	0	0.784740844509049	6.3279367837292	5.24174701505964	0	0.310824443330566
BA_only	hippocampus	AA	psi	chr6_127021832_127022539	chr6	127021832	127022539	102	102	0	0	0.00770875930839388	0.933559278800072	2.59083917338493	-2.59083917338493	707	187	Genic/other	0	Heritable	0.126984905687625	0.649991929264056	0.00840797504474792	0	0	0	1.26984905687625	6.56103066589657	5.23644196282995	0	0.951981832260787
BA_only	hippocampus	AA	psi	chr6_129172433_129173847	chr6	129172433	129173847	0	0	0	0					1414	327	Genic/other	0	Heritable	0.558900941940215	0.888950192114377	0.0268658828195765	117872	0	0	5.58900941940215	7.25417784645652	5.79301360838414	11.6773630526656	
BA_only	hippocampus	AA	psi	chr6_129768274_129768588	chr6	129768274	129768588	1	1	0	0	0.217688377172692	0.991290284450776	0.642945680281968	0.642945680281968	314	438	Intergenic	0	Heritable	0.123260820452508	0.91614544028976	0.0102963848133857	169402	0	0	1.23260820452508	5.74939298590825	6.08449941307517	12.0400357706064	-0.441695021325766
BA_only	hippocampus	AA	psi	chr6_131494871_131495651	chr6	131494871	131495651	9	9	0	0	0.241496220973991	0.992251400764981	0.301300193672804	0.301300193672804	780	405	Genic/other	0	Heritable	0.599568959464802	0.896330795953848	0.0108246510253906	51162	0	0	5.99568959464802	6.65929391968364	6.00635315960173	10.8427718935357	-1.19964815686601
BA_only	hippocampus	AA	psi	chr6_1317325_1317629	chr6	1317325	1317629	58	58	0	0	0.00369610121873508	0.867953489674172	3.23278629794979	3.23278629794979	304	796	Intergenic	1	Heritable	0.127769924149238	0.966015650959008	0.00796096709324174	6497	0	0	1.27769924149238	5.71702770140622	6.68085467879022	8.77924971622905	1.17334439941984
BA_only	hippocampus	AA	psi	chr6_132122944_132124743	chr6	132122944	132124743	260	260	0	0	0.00146143667566565	0.762823213405844	3.30299897487785	3.30299897487785	1799	449	Genic/other	0	Non-heritable	0.0464057007061393	0.888129996912649	0.00989588400874337	0	0	0	0.464057007061393	7.49498623395053	6.10924758276437	0	1.19483083907523
BA_only	hippocampus	AA	psi	chr6_132279661_132279994	chr6	132279661	132279994	241	241	0	0	0.00623771124029489	0.920376068783091	3.94513678335858	3.94513678335858	333	456	Intergenic	0	Heritable	0.116133461844908	0.934882204478504	0.00902670393083363	48859	0	0	1.16133461844908	5.80814248998044	6.12468339089421	10.7967143448117	1.37248362881925
BA_only	hippocampus	AA	psi	chr6_132530375_132530574	chr6	132530375	132530574	14	14	0	0	0.00274306102622771	0.841419595132505	1.86741171453025	1.86741171453025	199	405	Intergenic	0	Heritable	0.114090819127801	0.887383193379951	0.00856393196873686	66381	0	0	1.14090819127801	5.29330482472449	6.00635315960173	11.1031812143772	0.624553367579761
BA_only	hippocampus	AA	psi	chr6_132568898_132569895	chr6	132568898	132569895	20	20	0	0	0.134353919386118	0.991064867102684	0.965277565243879	0.965277565243879	997	383	Promoter	0	Non-heritable	0.0946778277372528	0.87035780733936	0.0123276192266243	39465	0	0	0.946778277372528	6.90475076996184	5.95064255258773	10.5831948207294	-0.0353395762646217
BA_only	hippocampus	AA	psi	chr6_13281909_13282161	chr6	13281909	13282161	33	33	0	0	0.00674242300963414	0.92655656508175	1.58546969297997	1.58546969297997	252	374	Genic/other	0	Heritable	0.292857240743618	0.844679551909477	0.00809330334992293	479	0	0	2.92857240743618	5.52942908751142	5.92692602597041	6.17378610390194	0.46088070600257
BA_only	hippocampus	AA	psi	chr6_134051217_134051612	chr6	134051217	134051612	64	64	0	0	0.0270815390469037	0.975932065139872	4.39423918287124	4.39423918287124	395	551	Genic/other	0	Heritable	0.125657657984525	0.927458770669677	0.00770107149533976	64255	0	0	1.25657657984525	5.97888576490112	6.3135480462771	11.0706303836113	1.48029440872826
BA_only	hippocampus	AA	psi	chr6_13414033_13415142	chr6	13414033	13415142	64	64	0	0	0.0200869996738582	0.975813476900289	2.03947054507867	2.03947054507867	1109	397	Genic/other	0	Heritable	0.105103426072943	0.881045382875582	0.0100668378983311	0	0	0	1.05103426072943	7.01121398735037	5.98645200528444	0	0.712690242347732
BA_only	hippocampus	AA	psi	chr6_134267856_134268302	chr6	134267856	134268302	184	184	0	0	0.00186757421160275	0.800632140208814	8.85336863340395	8.85336863340395	446	554	Genic/other	0	Heritable	0.114648904783814	0.954156014239464	0.0089502732732324	0	0	0	1.14648904783814	6.10031895202006	6.31896811374643	0	2.18079802426846
BA_only	hippocampus	AA	psi	chr6_134436323_134436684	chr6	134436323	134436684	194	194	0	0	0.00228728373222521	0.820192749465547	2.35146442575444	-2.35146442575444	361	540	Genic/other	0	Heritable	0.131483545554077	0.949812482439522	0.00812620330258046	0	0	0	1.31483545554077	5.88887795833288	6.29341927884648	0	0.855038298220741
BA_only	hippocampus	AA	psi	chr6_134593676_134594220	chr6	134593676	134594220	190	190	0	0	0.000473509742398056	0.604162640906295	5.24273311763584	-5.24273311763584	544	490	Genic/other	0	Heritable	0.115888407869304	0.934036458352983	0.00867331292762849	0	0	0	1.15888407869304	6.29894924685594	6.19644412779452	0	1.65684295159604
BA_only	hippocampus	AA	psi	chr6_134630593_134631738	chr6	134630593	134631738	185	185	0	0	0.0072499691027554	0.931831071780929	3.43667567386152	-3.43667567386152	1145	491	Genic/other	0	Non-heritable	0.0809850906269494	0.935309993695739	0.00694636718806437	0	0	0	0.809850906269494	7.04315991598834	6.19847871649231	0	1.23450463317735
BA_only	hippocampus	AA	psi	chr6_134688399_134689388	chr6	134688399	134689388	60	60	0	0	0.0112148044617691	0.948703871232836	2.15299216061664	-2.15299216061664	989	453	Promoter	0	Heritable	0.115058410881217	0.930294503281442	0.0079290428229942	0	0	0	1.15058410881217	6.89669433162271	6.11809719804135	0	0.766858581876143
BA_only	hippocampus	AA	psi	chr6_134822728_134823138	chr6	134822728	134823138	17	17	0	0	0.0436847640294109	0.980789550235948	1.66457239726541	1.66457239726541	410	437	Intergenic	0	Non-heritable	0.0869323265618253	0.926230120399281	0.00810488301193613	95728	0	0	0.869323265618253	6.01615715969835	6.08221891037645	11.4692765618397	0.509568277997235
BA_only	hippocampus	AA	psi	chr6_13484596_13485579	chr6	13484596	13485579	64	64	0	0	0.0681859514831464	0.985907779499035	2.25105868901119	2.25105868901119	983	411	Promoter	1	Heritable	0.125391974380885	0.88457380930785	0.00943027297624449	0	0	0	1.25391974380885	6.89060912014717	6.02102334934953	0	0.811400638444302
BA_only	hippocampus	AA	psi	chr6_134882473_134882634	chr6	134882473	134882634	20	20	0	0	0.0413616867941642	0.980549382116533	1.43753986384589	1.43753986384589	161	413	Intergenic	0	Heritable	0.24158974843637	0.878452766566636	0.00650630538096189	36232	0	0	2.4158974843637	5.08140436498446	6.02586597382531	10.4977255847669	0.362933231632244
BA_only	hippocampus	AA	psi	chr6_135026913_135027123	chr6	135026913	135027123	47	47	0	0	0.040152927968014	0.980549382116533	2.62085272947332	-2.62085272947332	210	317	Genic/other	0	Heritable	0.12229450163164	0.878451800507793	0.00697637019397803	0	0	0	1.2229450163164	5.34710753071747	5.76205138278018	0	0.963499737899552
BA_only	hippocampus	AA	psi	chr6_135905284_135906128	chr6	135905284	135906128	11	11	0	0	0.102298280351633	0.990558652296773	0.409994674630867	-0.409994674630867	844	297	Enhancer	0	Heritable	0.126521095244704	0.851480066873852	0.00753966588551796	24514	0	0	1.26521095244704	6.73815249459596	5.69709348650541	10.1070404540853	-0.89161108368278
BA_only	hippocampus	AA	psi	chr6_136086838_136087031	chr6	136086838	136087031	23	23	0	0	0.0708551774982314	0.985907779499035	0.688493044431046	0.688493044431046	193	309	Genic/other	0	Non-heritable	0.0636093472520891	0.805763926942411	0.00999774320824911	8987	0	0	0.636093472520891	5.26269018890489	5.73657229747919	9.10364563330522	-0.373250048836648
BA_only	hippocampus	AA	psi	chr6_136226221_136226483	chr6	136226221	136226483	22	22	0	0	0.0147241859760112	0.966089857218066	1.71862332391771	1.71862332391771	262	332	Promoter	0	Heritable	0.107820163129233	0.883952925472976	0.00791802526529396	682	0	0	1.07820163129233	5.5683445037611	5.80814248998044	6.52649485957079	0.541523583087318
BA_only	hippocampus	AA	psi	chr6_136548079_136549103	chr6	136548079	136549103	4	4	0	0	0.26173401785152	0.992852132351442	0.734914617098449	-0.734914617098449	1024	301	Genic/other	1	Non-heritable	0.0977103559494443	0.8416224145451	0.00944023015981258	0	0	0	0.977103559494443	6.93147180559945	5.71042701737487	0	-0.308000940123205
BA_only	hippocampus	AA	psi	chr6_136990538_136990850	chr6	136990538	136990850	49	49	0	0	0.0378896807408867	0.980549382116533	2.26447987932433	2.26447987932433	312	391	Genic/other	0	Heritable	0.217968691641395	0.858456155386402	0.0117104395550258	475	0	0	2.17968691641395	5.74300318780948	5.97126183979046	6.16541785423142	0.817345103128739
BA_only	hippocampus	AA	psi	chr6_137313809_137314187	chr6	137313809	137314187	38	38	0	0	0.0324319678959776	0.978660772153819	3.01473536645919	-3.01473536645919	378	396	Intergenic	0	Heritable	0.114415376333715	0.925874958543614	0.00965518303429694	94565	0	0	1.14415376333715	5.93489419561959	5.98393628068719	11.4570532824036	1.1035120573253
BA_only	hippocampus	AA	psi	chr6_137362920_137363530	chr6	137362920	137363530	38	38	0	0	0.131941940982736	0.991064867102684	2.6912573534592	-2.6912573534592	610	399	Intergenic	0	Heritable	0.142005683192548	0.918002090261043	0.00984232296974392	143676	0	0	1.42005683192548	6.41345895716736	5.99146454710798	11.8753230035853	0.99000850576671
BA_only	hippocampus	AA	psi	chr6_137517477_137518522	chr6	137517477	137518522	23	23	0	0	0.0183126861307792	0.972503866121758	3.10777362988536	-3.10777362988536	1045	409	Intergenic	0	Heritable	0.151591429832495	0.893494202426965	0.00702235270574471	129468	0	0	1.51591429832495	6.95177216439891	6.01615715969835	11.7711967492258	1.13390659841335
BA_only	hippocampus	AA	psi	chr6_13787239_13787520	chr6	13787239	13787520	43	43	0	0	0.0228897336026572	0.975932065139872	2.48312274737357	-2.48312274737357	281	442	Genic/other	0	Heritable	0.167800293454816	0.91418277768055	0.0164438372596547	1183	0	0	1.67800293454816	5.63835466933375	6.09356977004514	7.07665381544395	0.909516944439505
BA_only	hippocampus	AA	psi	chr6_138162964_138164005	chr6	138162964	138164005	5	5	0	0	0.0167717458358547	0.970581273335112	1.01344550167091	-1.01344550167091	1041	448	Genic/other	1	Heritable	0.112588989041364	0.922611913534152	0.00966533262554977	190720	0	0	1.12588989041364	6.94793706861497	6.10702288774226	12.158566906134	0.0133559229297915
BA_only	hippocampus	AA	psi	chr6_138431860_138432439	chr6	138431860	138432439	3	3	0	0	0.262405571168144	0.992852132351442	0.388461635604263	-0.388461635604263	579	475	Genic/other	0	Heritable	0.110866253306443	0.941422164142225	0.00926136566284325	1240	0	0	1.10866253306443	6.361302477573	6.16541785423142	7.12367278520461	-0.945560838361352
BA_only	hippocampus	AA	psi	chr6_13860321_13860531	chr6	13860321	13860531	16	16	0	0	0.002509289714191	0.828365432527787	1.98487059690013	-1.98487059690013	210	471	Intergenic	0	Heritable	0.120612055037596	0.928883847104881	0.00877591951811034	856	0	0	1.20612055037596	5.34710753071747	6.15697898558556	6.75343791859778	0.68555372657375
BA_only	hippocampus	AA	psi	chr6_13925915_13927027	chr6	13925915	13927027	14	14	0	0	0.0151173407095816	0.966167725188189	2.48188666862673	-2.48188666862673	1112	457	Genic/other	1	Heritable	0.104034045476479	0.887684204816946	0.00675144349236267	0	0	0	1.04034045476479	7.01391547481053	6.12686918411419	0	0.909019028458354
BA_only	hippocampus	AA	psi	chr6_140636291_140636522	chr6	140636291	140636522	32	32	0	0	0.0178100786943832	0.970931943606436	2.06944835433819	2.06944835433819	231	151	Promoter	0	Non-heritable	0.0241224246928461	0.515399081619193	0.00885749865729766	0	0	0	0.241224246928461	5.44241771052179	5.02388052084628	0	0.727282081104453
BA_only	hippocampus	AA	psi	chr6_141688724_141689821	chr6	141688724	141689821	1	1	0	0	0.544194066103801	0.996308698789727	0.289145280322145	-0.289145280322145	1097	213	Intergenic	0	Heritable	0.420281731525278	0.796384735586868	0.00697231052078663	63189	0	0	4.20281731525278	7.00033446027523	5.36597601502185	11.0539013397675	-1.24082598251974
BA_only	hippocampus	AA	psi	chr6_1424353_1424994	chr6	1424353	1424994	57	57	0	0	0.0416068244421743	0.980549382116533	1.58617607575741	-1.58617607575741	641	750	Intergenic	0	Non-heritable	0.0585510417595249	0.976144743517121	0.00980262250319626	33360	0	0	0.585510417595249	6.46302945692067	6.62140565176413	10.4151428320426	0.461326142117553
BA_only	hippocampus	AA	psi	chr6_142474549_142474749	chr6	142474549	142474749	6	6	0	0	0.0157046968965205	0.967716068030647	0.487861428214574	0.487861428214574	200	307	Intergenic	0	Non-heritable	0.0790599124658828	0.824181453800647	0.00796084245035272	31211	0	0	0.790599124658828	5.29831736654804	5.73009978297357	10.3485579152367	-0.717723851531929
BA_only	hippocampus	AA	psi	chr6_142843702_142844934	chr6	142843702	142844934	27	27	0	0	0.00400140504092884	0.876526751905212	3.04426911143321	-3.04426911143321	1232	318	Genic/other	0	Heritable	0.134336851526388	0.850639935090363	0.00754448798167423	0	0	0	1.34336851526388	7.11639414409347	5.76519110278484	0	1.11326084654916
BA_only	hippocampus	AA	psi	chr6_142856598_142857401	chr6	142856598	142857401	27	27	0	0	0.0300205382659105	0.976891416474381	4.72866163887072	4.72866163887072	803	330	Enhancer	0	Heritable	0.107718126529981	0.811160038938421	0.00695479520653679	0	0	0	1.07718126529981	6.68835471394676	5.80211837537706	0	1.55364221296729
BA_only	hippocampus	AA	psi	chr6_145736512_145736995	chr6	145736512	145736995	95	95	0	0	0.000637117388083015	0.657105411686211	3.10941987825438	-3.10941987825438	483	135	Promoter	1	Non-heritable	0.0251145582055084	0.438300633792321	0.0107313558650649	0	0	0	0.251145582055084	6.18001665365257	4.91265488573605	0	1.13443617768414
BA_only	hippocampus	AA	psi	chr6_14641334_14641900	chr6	14641334	14641900	110	110	0	0	2.59191024562475e-05	0.182063629926154	2.25467852490851	2.25467852490851	566	518	Genic/other	0	Heritable	0.11587099122261	0.949337683480506	0.00722728518518668	0	0	0	1.1587099122261	6.33859407820318	6.25190388316589	0	0.813007406210894
BA_only	hippocampus	AA	psi	chr6_146597205_146598497	chr6	146597205	146598497	85	85	0	0	0.00525882282131044	0.910718986954723	1.13413231914651	-1.13413231914651	1292	310	Promoter	1	Non-heritable	0.0857966057028536	0.844614062470566	0.016764420081969	0	0	0	0.857966057028536	7.16394668434255	5.73979291217923	0	0.125867890866592
BA_only	hippocampus	AA	psi	chr6_146599497_146599934	chr6	146599497	146599934	85	85	0	0	0.00402533112109695	0.877181378423641	3.44501458199737	3.44501458199737	437	310	Promoter	1	Non-heritable	0.073819822194427	0.81171627647826	0.00937320170664291	0	0	0	0.73819822194427	6.07993319509559	5.73979291217923	0	1.23692814015981
BA_only	hippocampus	AA	psi	chr6_147516523_147518699	chr6	147516523	147518699	7	7	0	0	0.321542282182462	0.993828622005322	0.769911354424062	-0.769911354424062	2176	376	Genic/other	0	Heritable	0.565412672568561	0.85975021977736	0.00871787120622186	0	0	0	5.65412672568561	7.68524360797583	5.93224518744801	0	-0.261479881897785
BA_only	hippocampus	AA	psi	chr6_147821104_147821687	chr6	147821104	147821687	2	2	0	0	0.616327511239078	0.997090275917297	0.218792475306839	0.218792475306839	583	459	Genic/other	0	Heritable	0.156072741751919	0.940256351953765	0.0106435574353201	83786	0	0	1.56072741751919	6.36818718635049	6.13122648948314	11.3360331431712	-1.51963155405684
BA_only	hippocampus	AA	psi	chr6_148103511_148103907	chr6	148103511	148103907	4	4	0	0	0.0229019649159783	0.975932065139872	1.63860753811192	1.63860753811192	396	569	Enhancer	0	Non-heritable	0.0960774602232255	0.950513145412255	0.00975147291342206	30230	0	0	0.960774602232255	5.98141421125448	6.3456363608286	10.3166231669485	0.493846825154563
BA_only	hippocampus	AA	psi	chr6_148200373_148200867	chr6	148200373	148200867	4	4	0	0	0.213013021540906	0.991290284450776	1.25931316405183	1.25931316405183	494	533	Intergenic	0	Heritable	0.14153977902495	0.93012992312279	0.0108673545610346	43465	0	0	1.4153977902495	6.20253551718792	6.2803958389602	10.6797343022656	0.230566472383528
BA_only	hippocampus	AA	psi	chr6_148316242_148316598	chr6	148316242	148316598	4	4	0	0	0.0847953612275225	0.988137148207548	1.16157053428777	1.16157053428777	356	559	Genic/other	0	Heritable	0.114028045906242	0.954315448806236	0.0104904685210561	31204	0	0	1.14028045906242	5.87493073085203	6.3279367837292	10.3483336173681	0.149773006887892
BA_only	hippocampus	AA	psi	chr6_148518738_148519139	chr6	148518738	148519139	0	0	0	0					401	615	Genic/other	0	Heritable	0.10560474797826	0.95723549161847	0.00959362419707123	753	0	0	1.0560474797826	5.99396142730657	6.42324696353352	6.62539236800796	
BA_only	hippocampus	AA	psi	chr6_148530572_148531215	chr6	148530572	148531215	0	0	0	0					643	599	Genic/other	0	Non-heritable	0.0716093437472024	0.953188360073666	0.00936064368720248	5280	0	0	0.716093437472024	6.46614472423762	6.39692965521615	8.57187075270693	
BA_only	hippocampus	AA	psi	chr6_148547164_148548566	chr6	148547164	148548566	0	0	0	0					1402	630	Genic/other	0	Heritable	0.130642751707665	0.969942009382587	0.00643815499552975	21872	0	0	1.30642751707665	7.24565506759454	6.44730586254121	9.99300827847454	
BA_only	hippocampus	AA	psi	chr6_148559462_148559682	chr6	148559462	148559682	0	0	0	0					220	611	Intergenic	1	Non-heritable	0.099179953332469	0.956518384036152	0.00733335449451362	34170	0	0	0.99179953332469	5.39362754635236	6.41673228251233	10.4391326101186	
BA_only	hippocampus	AA	psi	chr6_148874801_148874991	chr6	148874801	148874991	1	1	0	0	0.858733918828918	0.998940337835508	0.0123733894373754	-0.0123733894373754	190	568	Genic/other	1	Heritable	0.109310020164775	0.961502772101077	0.00961108191937361	77872	0	0	1.09310020164775	5.24702407216049	6.34388043412633	11.262834573577	-4.39220631728622
BA_only	hippocampus	AA	psi	chr6_149748970_149749513	chr6	149748970	149749513	30	30	0	0	0.0205052419239756	0.975856666808667	1.66975223754256	-1.66975223754256	543	394	Promoter	2	Non-heritable	0.0712995001726805	0.838215464839525	0.0177629456922548	0	0	0	0.712995001726805	6.29710931993394	5.97888576490112	0	0.512675260658073
BA_only	hippocampus	AA	psi	chr6_149830984_149831575	chr6	149830984	149831575	30	30	0	0	0.024131442504919	0.975932065139872	2.24515474379129	-2.24515474379129	591	391	Genic/other	0	Non-heritable	0.0609563979611366	0.901292438287961	0.00902964001968676	20367	0	0	0.609563979611366	6.3818160174061	5.97126183979046	9.92172032079719	0.808774451464926
BA_only	hippocampus	AA	psi	chr6_149980271_149983588	chr6	149980271	149983588	26	26	0	0	0.0521654315457618	0.984347159899918	1.1867030750197	1.1867030750197	3317	452	Intergenic	0	Heritable	0.563412680492833	0.871054460957198	0.0191217116054596	15295	0	0	5.63412680492833	8.10681603894705	6.11589212548303	9.63534663529118	0.171178945348255
BA_only	hippocampus	AA	psi	chr6_149984846_149987482	chr6	149984846	149987482	26	26	0	0	0.263104649170845	0.992852132351442	0.835973951498592	0.835973951498592	2636	446	Intergenic	1	Heritable	0.264075953126691	0.889798793639456	0.00924575607095218	11401	0	0	2.64075953126691	7.8770178956224	6.10255859461357	9.34154405759153	-0.179157812915283
BA_only	hippocampus	AA	psi	chr6_150677039_150677786	chr6	150677039	150677786	11	11	0	0	0.182844073213682	0.991064867102684	0.652483527458409	-0.652483527458409	747	643	Genic/other	0	Heritable	0.438147341203338	0.936172894073286	0.00780448164379164	0	0	0	4.38147341203338	6.61606518513282	6.46769872610435	0	-0.426969370052368
BA_only	hippocampus	AA	psi	chr6_150957648_150959374	chr6	150957648	150959374	14	14	0	0	0.00402529279077744	0.877181378423641	0.679819500378047	0.679819500378047	1726	602	Genic/other	0	Heritable	0.554481201258779	0.905605972882912	0.0133910334089861	51997	0	0	5.54481201258779	7.45356187164337	6.40191719672719	10.8589605352854	-0.385927941958314
BA_only	hippocampus	AA	psi	chr6_151334902_151335085	chr6	151334902	151335085	28	28	0	0	0.0283097821150911	0.975932065139872	2.01606734345489	-2.01606734345489	183	560	Genic/other	0	Heritable	0.112875240414261	0.943697473077756	0.00912331787990587	0	0	0	1.12875240414261	5.20948615284142	6.3297209055227	0	0.701148759102869
BA_only	hippocampus	AA	psi	chr6_151340477_151340966	chr6	151340477	151340966	28	28	0	0	0.0413035993400184	0.980549382116533	1.42235748517527	-1.42235748517527	489	563	Promoter	1	Heritable	0.115169565114363	0.957578400585456	0.0119743973570656	0	0	0	1.15169565114363	6.19236248947487	6.33505425149806	0	0.352315702861434
BA_only	hippocampus	AA	psi	chr6_153129415_153129494	chr6	153129415	153129494	6	6	0	0	0.406794378933091	0.99461028164865	1.08295772557409	-1.08295772557409	79	384	Genic/other	1	Heritable	0.154349698351264	0.881136468211565	0.00797420171425827	130864	0	0	1.54349698351264	4.36944785246702	5.95324333428779	11.7819215364665	0.0796959419333292
BA_only	hippocampus	AA	psi	chr6_153231268_153231540	chr6	153231268	153231540	6	6	0	0	0.0509460710781004	0.984153364580922	1.05901887528869	1.05901887528869	272	403	Promoter	0	Non-heritable	0.0733445642078008	0.875799066817742	0.00809758559222308	232717	0	0	0.733445642078008	5.605802066296	6.00141487796115	12.3575826991136	0.0573428995940569
BA_only	hippocampus	AA	psi	chr6_15400172_15400716	chr6	15400172	15400716	9	9	0	0	0.0460691604981069	0.981789757189854	2.56434102185522	-2.56434102185522	544	362	Genic/other	0	Non-heritable	0.0686194125546466	0.905289104700642	0.00790146450931506	26054	0	0	0.686194125546466	6.29894924685594	5.89440283426485	10.1679649673433	0.941701537957523
BA_only	hippocampus	AA	psi	chr6_155171309_155172230	chr6	155171309	155172230	11	11	0	0	0.139331140598437	0.991064867102684	2.66634620497858	-2.66634620497858	921	526	Enhancer	0	Non-heritable	0.0900894448998307	0.934029589641722	0.0112871275391162	0	0	0	0.900894448998307	6.82546003625531	6.26720054854136	0	0.980709076407775
BA_only	hippocampus	AA	psi	chr6_155440969_155441260	chr6	155440969	155441260	11	11	0	0	0.0224546124373716	0.975932065139872	1.14264485729853	-1.14264485729853	291	544	Genic/other	0	Non-heritable	0.0988452498025055	0.897773729454197	0.0159056565143753	59843	0	0	0.988452498025055	5.67332326717149	6.30078579466324	10.9994964553341	0.133345634258719
BA_only	hippocampus	AA	psi	chr6_156107778_156108056	chr6	156107778	156108056	14	14	0	0	0.10049805738215	0.990400450319684	1.02965906587075	1.02965906587075	278	475	Enhancer	0	Heritable	0.106055576134797	0.939499573562236	0.00760255034115525	0	0	0	1.06055576134797	5.62762111369064	6.16541785423142	0	0.0292277531505977
BA_only	hippocampus	AA	psi	chr6_156662067_156662411	chr6	156662067	156662411	11	11	0	0	0.110663710219838	0.990898390030923	1.98428390695749	1.98428390695749	344	447	Genic/other	0	Heritable	0.12798580389753	0.932092678923425	0.011223249040085	18133	0	0	1.2798580389753	5.8406416573734	6.10479323241499	9.805543908206	0.685258101929566
BA_only	hippocampus	AA	psi	chr6_156719960_156720350	chr6	156719960	156720350	15	15	0	0	0.279873986749277	0.993437465767387	1.12982343924548	-1.12982343924548	390	418	Enhancer	2	Non-heritable	0.0680150581446955	0.87574993666999	0.00759717181887964	0	0	0	0.680150581446955	5.96614673912369	6.03787091992214	0	0.122061380911801
BA_only	hippocampus	AA	psi	chr6_156933281_156933877	chr6	156933281	156933877	22	22	0	0	0.0658569556353595	0.985907779499035	1.94419122732676	-1.94419122732676	596	383	Genic/other	0	Heritable	0.145244246173929	0.920809223285311	0.0102576454361329	1698	0	0	1.45244246173929	6.39024066706535	5.95064255258773	7.43779512167193	0.664846074310403
BA_only	hippocampus	AA	psi	chr6_157209485_157210088	chr6	157209485	157210088	45	45	0	0	0.00319305704777774	0.853185837570312	1.92615433689426	1.92615433689426	603	396	Genic/other	0	Non-heritable	0.0751775168160225	0.89825048695964	0.0079880886291081	19443	0	0	0.751775168160225	6.40191719672719	5.98393628068719	9.87529381816535	0.655525448739392
BA_only	hippocampus	AA	psi	chr6_157282696_157283783	chr6	157282696	157283783	44	44	0	0	0.00777811944381061	0.933559278800072	1.85313736689367	1.85313736689367	1087	433	Intergenic	0	Heritable	0.131651637430936	0.917420894453627	0.0166713491988912	2020	0	0	1.31651637430936	6.99117688712121	6.07304453410041	7.61134771740362	0.616880082112466
BA_only	hippocampus	AA	psi	chr6_157311421_157312773	chr6	157311421	157312773	42	42	0	0	0.0112756906884585	0.950081225852059	1.56867685156664	-1.56867685156664	1352	447	Genic/other	0	Heritable	0.143221662434388	0.907633817231885	0.0105141669132901	12321	0	0	1.43221662434388	7.20934025660291	6.10479323241499	9.41914156157452	0.450232500702198
BA_only	hippocampus	AA	psi	chr6_157454615_157455939	chr6	157454615	157455939	37	37	0	0	0.0250236314805307	0.975932065139872	3.06697092485956	3.06697092485956	1324	420	Genic/other	0	Non-heritable	0.0617950548612627	0.916994133164689	0.00559349810429403	55834	0	0	0.617950548612627	7.18841273649695	6.04263283368238	10.9301561918799	1.1206904083541
BA_only	hippocampus	AA	psi	chr6_157513001_157513394	chr6	157513001	157513394	12	12	0	0	0.0909196718058573	0.989446665475032	0.357545274902067	-0.357545274902067	393	450	Genic/other	0	Heritable	0.107172431963871	0.929036541644248	0.00848766551963547	29350	0	0	1.07172431963871	5.97380961186926	6.11146733950268	10.2870818962261	-1.02849325381544
BA_only	hippocampus	AA	psi	chr6_157900386_157900988	chr6	157900386	157900988	21	21	0	0	0.0464819102195869	0.98234380197239	3.1706774911233	3.1706774911233	602	379	Genic/other	0	Non-heritable	0.0957981428306724	0.84203323905981	0.00775724734535819	0	0	0	0.957981428306724	6.40025744530882	5.94017125272043	0	1.15394528780557
BA_only	hippocampus	AA	psi	chr6_157982583_157983176	chr6	157982583	157983176	25	25	0	0	0.0367070169363081	0.980549382116533	1.30768268382086	1.30768268382086	593	369	Genic/other	1	Non-heritable	0.0968146814209392	0.873221458153928	0.0105850208041021	39791	0	0	0.968146814209392	6.38519439899773	5.91350300563827	10.5914211660432	0.268256634783607
BA_only	hippocampus	AA	psi	chr6_157998145_157999338	chr6	157998145	157999338	25	25	0	0	0.00147652280023392	0.76568442536873	1.36180665749434	1.36180665749434	1193	354	Genic/other	0	Heritable	0.146505340425412	0.887848328406131	0.00899821130211771	29687	0	0	1.46505340425412	7.08422642209792	5.87211778947542	10.2984982027404	0.308812250143993
BA_only	hippocampus	AA	psi	chr6_158009492_158009751	chr6	158009492	158009751	25	25	0	0	0.00535239960685486	0.912035111152522	2.67011590576148	2.67011590576148	259	361	Genic/other	0	Non-heritable	0.0815962181233092	0.889994354661788	0.0105635611479553	19274	0	0	0.815962181233092	5.55682806169954	5.89164421182577	9.86656419843153	0.982121885612668
BA_only	hippocampus	AA	psi	chr6_158027269_158027801	chr6	158027269	158027801	25	25	0	0	0.00764471777194703	0.933559278800072	1.45159210054862	1.45159210054862	532	351	Promoter	0	Heritable	0.102135013700902	0.846583691672439	0.00953015271286829	1224	0	0	1.02135013700902	6.27664348934165	5.8636311755981	7.11069612297883	0.372660961338302
BA_only	hippocampus	AA	psi	chr6_158209636_158210481	chr6	158209636	158210481	13	13	0	0	0.0630769769881408	0.985907779499035	0.440818839099206	-0.440818839099206	845	349	Intergenic	0	Heritable	0.515331326000545	0.895495094088237	0.0207585904999619	17658	0	0	5.15331326000545	6.73933662735717	5.85793315448346	9.77900084741312	-0.819121260943312
BA_only	hippocampus	AA	psi	chr6_158213808_158214902	chr6	158213808	158214902	13	13	0	0	0.11054223334429	0.990898390030923	3.65398328795773	-3.65398328795773	1094	346	Intergenic	0	Heritable	0.104773926923937	0.880768906305021	0.00351757265781938	17400	0	0	1.04773926923937	6.99759598298193	5.84932477994686	9.76428295481558	1.29581788705257
BA_only	hippocampus	AA	psi	chr6_158417568_158418199	chr6	158417568	158418199	28	28	0	0	0.00041248213633562	0.593876920291114	1.68157956120995	-1.68157956120995	631	348	Genic/other	0	Heritable	0.162932481224551	0.863596164126679	0.00829236993275267	63089	0	0	1.62932481224551	6.44730586254121	5.85507192220243	11.0523175573649	0.519733572642607
BA_only	hippocampus	AA	psi	chr6_158548395_158548848	chr6	158548395	158548848	26	26	0	0	0.00726510038139904	0.9324765259379	1.11232115056772	-1.11232115056772	453	312	Genic/other	0	Non-heritable	0.0796288202444657	0.848448908575871	0.00997601271473167	0	0	0	0.796288202444657	6.11589212548303	5.74620319054015	0	0.106448967589992
BA_only	hippocampus	AA	psi	chr6_158584229_158584465	chr6	158584229	158584465	25	25	0	0	0.020343453172461	0.975856666808667	1.88883084979099	1.88883084979099	236	312	Genic/other	0	Non-heritable	0.0878151920672324	0.865976231946095	0.00919390534682253	0	0	0	0.878151920672324	5.46383180502561	5.74620319054015	0	0.635958044960965
BA_only	hippocampus	AA	psi	chr6_158817468_158817832	chr6	158817468	158817832	304	304	0	0	0.00376403072165964	0.870143289770907	4.05041007137794	4.05041007137794	364	367	Promoter	1	Heritable	0.11716812712344	0.799944977845253	0.00835795549120175	28179	0	0	1.1716812712344	5.89715386763674	5.90808293816893	10.2463677854527	1.39881813065376
BA_only	hippocampus	AA	psi	chr6_159042747_159043154	chr6	159042747	159043154	291	291	0	0	0.00268966731217719	0.837193558318007	4.36927295917062	-4.36927295917062	407	435	Genic/other	0	Heritable	0.12056719633829	0.912909240942727	0.00895750454288511	0	0	0	1.2056719633829	6.0088131854426	6.07764224334903	0	1.47459662665586
BA_only	hippocampus	AA	psi	chr6_159125187_159126631	chr6	159125187	159126631	283	283	0	0	0.00457743973007868	0.897520405788695	5.3642561738005	5.3642561738005	1444	433	Intergenic	1	Non-heritable	0.0293384500825366	0.840893506226296	0.00718453703003392	3936	0	0	0.293384500825366	7.27517231945277	6.07304453410041	8.27817429094374	1.67975772412246
BA_only	hippocampus	AA	psi	chr6_159173135_159173408	chr6	159173135	159173408	201	201	0	0	0.00901776800696024	0.938585776116121	3.16395665732835	3.16395665732835	273	431	Genic/other	1	Heritable	0.16832682783398	0.906297040452005	0.00919055124892989	3322	0	0	1.6832682783398	5.60947179518496	6.06842558824411	8.1086232683546	1.15182335427697
BA_only	hippocampus	AA	psi	chr6_159615860_159616855	chr6	159615860	159616855	52	52	0	0	0.0111851495653571	0.948703871232836	2.08557542321694	2.08557542321694	995	400	Genic/other	0	Heritable	0.205368421276453	0.883437660951664	0.00941453359353927	62442	0	0	2.05368421276453	6.90274273715859	5.99396142730657	11.0420094195995	0.735044804327724
BA_only	hippocampus	AA	psi	chr6_159761061_159761425	chr6	159761061	159761425	38	38	0	0	0.000558827764828364	0.636920160415722	2.2592591529314	2.2592591529314	364	401	Promoter	2	Heritable	0.226479486116537	0.922626348660777	0.00779434313872766	7600	0	0	2.26479486116537	5.89715386763674	5.99645208861902	8.93603509656604	0.81503695553206
BA_only	hippocampus	AA	psi	chr6_160678968_160679170	chr6	160678968	160679170	69	69	0	0	0.00484638939427377	0.903845859635741	3.152826338526	3.152826338526	202	308	Genic/other	2	Heritable	0.250830758705668	0.796456106686194	0.0112001217314581	19329	0	0	2.50830758705668	5.30826769740121	5.73334127689775	9.86941357220238	1.14829930404656
BA_only	hippocampus	AA	psi	chr6_160679624_160679826	chr6	160679624	160679826	69	69	0	0	0.00823218589451276	0.933559278800072	1.72897991118379	1.72897991118379	202	304	Genic/other	1	Heritable	0.148964557402729	0.848921376704931	0.012280667708654	18673	0	0	1.48964557402729	5.30826769740121	5.72031177660741	9.83488746104387	0.547531593668882
BA_only	hippocampus	AA	psi	chr6_160952871_160953201	chr6	160952871	160953201	79	79	0	0	0.00292898606342359	0.846222391562562	2.45632941544175	-2.45632941544175	330	397	Genic/other	0	Non-heritable	0.0523180880471648	0.890947330885379	0.00944695009862497	0	0	0	0.523180880471648	5.79909265446053	5.98645200528444	0	0.898668132170345
BA_only	hippocampus	AA	psi	chr6_161138435_161139045	chr6	161138435	161139045	72	72	0	0	0.0115548760917757	0.95315577890577	2.47944531418105	-2.47944531418105	610	518	Genic/other	0	Heritable	0.101228899984058	0.943985917271463	0.00794113111328739	10209	0	0	1.01228899984058	6.41345895716736	6.25190388316589	9.23112291115871	0.908034875556936
BA_only	hippocampus	AA	psi	chr6_161305940_161306426	chr6	161305940	161306426	4	4	0	0	0.202471476300307	0.991064867102684	0.265205882561711	0.265205882561711	486	577	Intergenic	0	Heritable	0.129064028650473	0.958425842522573	0.00758634948479818	73903	0	0	1.29064028650473	6.18620862390049	6.35957386867238	11.2105222326704	-1.32724880160464
BA_only	hippocampus	AA	psi	chr6_16130712_16131389	chr6	16130712	16131389	5	5	0	0	0.0397718587250211	0.980549382116533	1.90718165281123	1.90718165281123	677	487	Genic/other	1	Heritable	0.101049263800789	0.899341223706879	0.0081897999189593	0	0	0	1.01049263800789	6.51767127291228	6.19031540585315	0	0.645626583125406
BA_only	hippocampus	AA	psi	chr6_161318420_161319551	chr6	161318420	161319551	4	4	0	0	0.122782078829713	0.991064867102684	0.224987399550007	0.224987399550007	1131	590	Intergenic	0	Heritable	0.113045533678847	0.946994259533907	0.00910654834181793	67325	0	0	1.13045533678847	7.03085747611612	6.3818160174061	11.1173017708929	-1.49171083589892
BA_only	hippocampus	AA	psi	chr6_161367594_161367980	chr6	161367594	161367980	4	4	0	0	0.253456801130397	0.992837608310815	1.64414374580421	-1.64414374580421	386	625	Genic/other	0	Heritable	0.103533596915907	0.953132705087141	0.00902179777670739	18896	0	0	1.03533596915907	5.95583736946483	6.4393503711001	9.84675845829004	0.497219735514389
BA_only	hippocampus	AA	psi	chr6_16159250_16159602	chr6	16159250	16159602	5	5	0	0	0.139026549738607	0.991064867102684	1.27227599075499	1.27227599075499	352	487	Genic/other	0	Non-heritable	0.0938446194164213	0.904172562988651	0.00899027747702835	8375	0	0	0.938446194164213	5.8636311755981	6.19031540585315	9.03312575255037	0.240807423106422
BA_only	hippocampus	AA	psi	chr6_161618215_161619088	chr6	161618215	161619088	3	3	0	0	0.317447924607505	0.993828622005322	0.963979311472388	-0.963979311472388	873	699	Genic/other	0	Non-heritable	0.0827048742534853	0.968663341213942	0.0105929849001558	69360	0	0	0.827048742534853	6.7719355558396	6.5510803350434	11.1470800288822	-0.0366854353564463
BA_only	hippocampus	AA	psi	chr6_1625865_1626254	chr6	1625865	1626254	49	49	0	0	0.0314889223492227	0.977060807838727	5.80461627763371	5.80461627763371	389	701	Promoter	1	Heritable	0.112268021744607	0.966888142970474	0.00819618060776034	0	0	0	1.12268021744607	5.96357934361845	6.55393340402581	0	1.75865351264364
BA_only	hippocampus	AA	psi	chr6_162853641_162855006	chr6	162853641	162855006	6	6	0	0	0.0118916124895276	0.95506848431582	1.48470117141299	1.48470117141299	1365	472	Genic/other	0	Non-heritable	0.0807470682527667	0.932862112869009	0.00888922053381449	0	0	0	0.807470682527667	7.21890970761906	6.15909538849193	0	0.395213527368552
BA_only	hippocampus	AA	psi	chr6_16295644_16296355	chr6	16295644	16296355	3	3	0	0	0.203695634335927	0.991064867102684	0.763781704061056	0.763781704061056	711	524	Intergenic	0	Non-heritable	0.0526457813688351	0.934934850397838	0.00845781585322496	28009	0	0	0.526457813688351	6.56667242980324	6.26339826259162	10.2403168682542	-0.269473245219573
BA_only	hippocampus	AA	psi	chr6_163099296_163100006	chr6	163099296	163100006	54	54	0	0	0.0392950247972412	0.980549382116533	4.10121472719012	4.10121472719012	710	449	Genic/other	2	Non-heritable	0.0691330824735775	0.928951554216884	0.00807698984512967	0	0	0	0.691330824735775	6.56526497003536	6.10924758276437	0	1.41128320719224
BA_only	hippocampus	AA	psi	chr6_163133282_163133678	chr6	163133282	163133678	57	57	0	0	0.00395777794594014	0.876132919298309	2.94322880522049	2.94322880522049	396	453	Genic/other	0	Heritable	0.18562679028461	0.874469863728322	0.0105920347029393	0	0	0	1.8562679028461	5.98141421125448	6.11809719804135	0	1.07950721519965
BA_only	hippocampus	AA	psi	chr6_163137375_163137646	chr6	163137375	163137646	57	57	0	0	0.015823093958976	0.967716068030647	3.04947435346137	3.04947435346137	271	464	Genic/other	0	Non-heritable	0.077649577880472	0.92498907678785	0.00970848215862842	0	0	0	0.77649577880472	5.6021188208797	6.14203740558736	0	1.11496923591837
BA_only	hippocampus	AA	psi	chr6_163148246_163149378	chr6	163148246	163149378	85	85	0	0	0.0170485589464091	0.970581273335112	3.00641576998432	3.00641576998432	1132	493	Enhancer	2	Heritable	0.112195788481339	0.922784401863436	0.00853762676262187	0	0	0	1.12195788481339	7.03174125876313	6.20253551718792	0	1.10074859846063
BA_only	hippocampus	AA	psi	chr6_163166026_163166401	chr6	163166026	163166401	98	98	0	0	0.0047562127676757	0.903845859635741	3.30859732192832	3.30859732192832	375	498	Genic/other	0	Heritable	0.143092478079583	0.945557653723065	0.0109907167593163	0	0	0	1.43092478079583	5.92692602597041	6.21260609575152	0	1.19652433278542
BA_only	hippocampus	AA	psi	chr6_163180519_163181101	chr6	163180519	163181101	99	99	0	0	0.0271504413791038	0.975932065139872	4.6839585944564	4.6839585944564	582	501	Genic/other	0	Heritable	0.116639170058091	0.941048576665172	0.00673988852543465	0	0	0	1.16639170058091	6.36647044773144	6.21860011969173	0	1.54414360804834
BA_only	hippocampus	AA	psi	chr6_163188924_163190182	chr6	163188924	163190182	99	99	0	0	0.00445562615064868	0.892468962272388	5.05777194651502	5.05777194651502	1258	491	Genic/other	0	Non-heritable	0.0939288036900388	0.920197062080888	0.00730064003412971	0	0	0	0.939288036900388	7.13727843726039	6.19847871649231	0	1.62092606152854
BA_only	hippocampus	AA	psi	chr6_163192669_163193552	chr6	163192669	163193552	99	99	0	0	0.00984169920723239	0.941957120492611	5.74781082228116	-5.74781082228116	883	508	Promoter	0	Heritable	0.115225967700488	0.943532103752904	0.00786477347129661	0	0	0	1.15225967700488	6.78332520060396	6.23244801655052	0	1.7488190574945
BA_only	hippocampus	AA	psi	chr6_16320650_16321100	chr6	16320650	16321100	3	3	0	0	0.1669309667715	0.991064867102684	0.958829839634222	-0.958829839634222	450	516	Genic/other	0	Heritable	0.13505624850709	0.945682890570896	0.00883185203499041	53015	0	0	1.3505624850709	6.10924758276437	6.24804287450843	10.8783490337681	-0.0420416446221706
BA_only	hippocampus	AA	psi	chr6_163242365_163244092	chr6	163242365	163244092	99	99	0	0	0.00940578405638407	0.939841915020693	5.1077686207538	5.1077686207538	1727	509	Enhancer	0	Heritable	0.144328241919534	0.947054318869998	0.0103183371879923	0	0	0	1.44328241919534	7.45414107814668	6.23441072571837	0	1.63076264167727
BA_only	hippocampus	AA	psi	chr6_163247323_163248402	chr6	163247323	163248402	99	99	0	0	0.000864504992158008	0.696219356083129	11.2579481624342	11.2579481624342	1079	516	Genic/other	0	Non-heritable	0.0810043945311099	0.943968144302316	0.00919566725229596	0	0	0	0.810043945311099	6.98378996525814	6.24804287450843	0	2.42107438341019
BA_only	hippocampus	AA	psi	chr6_163253818_163255033	chr6	163253818	163255033	99	99	0	0	0.00708544061190074	0.931602204679102	3.73628883381756	3.73628883381756	1215	510	Enhancer	0	Heritable	0.119750093534454	0.950023244582771	0.0078455684258137	0	0	0	1.19750093534454	7.10249935577465	6.2363695902037	0	1.31809283103371
BA_only	hippocampus	AA	psi	chr6_163288971_163289333	chr6	163288971	163289333	99	99	0	0	0.00415843156972632	0.883710082890191	3.0982911624564	3.0982911624564	362	521	Genic/other	0	Heritable	0.137856340496628	0.932163802344647	0.00860737140861576	0	0	0	1.37856340496628	5.89164421182577	6.25766758788264	0	1.13085072481392
BA_only	hippocampus	AA	psi	chr6_163314560_163316082	chr6	163314560	163316082	103	103	0	0	0.00800907496449742	0.933559278800072	7.45346267833676	7.45346267833676	1522	541	Genic/other	0	Heritable	0.104270254580819	0.949600675776311	0.00745252027947424	0	0	0	1.04270254580819	7.32778053842163	6.29526600143965	0	2.00867871479065
BA_only	hippocampus	AA	psi	chr6_163323843_163325287	chr6	163323843	163325287	104	104	0	0	0.000411007174390529	0.59267362387604	11.9043133469548	-11.9043133469548	1444	531	Promoter	0	Non-heritable	0.0954367284276545	0.947021202284301	0.0081780035683579	451	0	0	0.954367284276545	7.27517231945277	6.27664348934165	6.11368217983223	2.47690080141319
BA_only	hippocampus	AA	psi	chr6_163339662_163340634	chr6	163339662	163340634	104	104	0	0	0.00180680587301513	0.796268588634543	4.06558793026952	-4.06558793026952	972	525	Genic/other	0	Heritable	0.127221828247297	0.941552955733749	0.00710031660851272	0	0	0	1.27221828247297	6.87935580446044	6.26530121273771	0	1.40255836729383
BA_only	hippocampus	AA	psi	chr6_163349043_163350024	chr6	163349043	163350024	104	104	0	0	0.0103798350918609	0.944902218841749	3.51171938627728	-3.51171938627728	981	521	Enhancer	0	Non-heritable	0.0591232114836357	0.936970401694991	0.00730489336063249	2328	0	0	0.591232114836357	6.88857245956536	6.25766758788264	7.75319426988434	1.25610577402651
BA_only	hippocampus	AA	psi	chr6_16338965_16339562	chr6	16338965	16339562	3	3	0	0	0.0881714612525273	0.988893217018337	0.946856491951179	0.946856491951179	597	529	Genic/other	0	Heritable	0.131779017010454	0.956720107696155	0.0137814012961841	71330	0	0	1.31779017010454	6.3919171133926	6.27287700654617	11.1750862945205	-0.0546077263683753
BA_only	hippocampus	AA	psi	chr6_163421441_163425281	chr6	163421441	163425281	137	137	0	0	0.0166529424551805	0.970177563875914	6.35127157131132	-6.35127157131132	3840	519	Promoter	0	Non-heritable	0.0697032384152036	0.930275338340072	0.00862138272850172	0	0	0	0.697032384152036	8.25322764558177	6.25382881157547	0	1.84865504188285
BA_only	hippocampus	AA	psi	chr6_163426716_163427773	chr6	163426716	163427773	137	137	0	0	0.00753858667558417	0.933559278800072	6.19448765553939	-6.19448765553939	1057	520	Genic/other	0	Non-heritable	0.0457161794507727	0.897211333886724	0.00796592313099972	0	0	0	0.457161794507727	6.96318998587024	6.25575004175337	0	1.82365981037616
BA_only	hippocampus	AA	psi	chr6_163432496_163435381	chr6	163432496	163435381	136	136	0	0	0.00360228644508966	0.866906756094015	4.18290781771144	-4.18290781771144	2885	524	Genic/other	0	Non-heritable	0.0734749582974748	0.907833259858818	0.0095770726795487	0	0	0	0.734749582974748	7.9672801789422	6.26339826259162	0	1.43100665724512
BA_only	hippocampus	AA	psi	chr6_163443308_163446530	chr6	163443308	163446530	101	101	0	0	0.00566281952975759	0.914301706404424	5.27810140593967	-5.27810140593967	3222	551	Genic/other	0	Non-heritable	0.0988707606678099	0.959151827531761	0.00887408532267085	0	0	0	0.988707606678099	8.07775756373692	6.3135480462771	0	1.66356645273921
BA_only	hippocampus	AA	psi	chr6_163447604_163448651	chr6	163447604	163448651	101	101	0	0	0.0144737483581759	0.966089857218066	6.26905502421914	6.26905502421914	1047	547	Genic/other	0	Non-heritable	0.0932680669486269	0.951545833579623	0.0124321759427876	0	0	0	0.932680669486269	6.95368421087054	6.30627528694802	0	1.83562563104085
BA_only	hippocampus	AA	psi	chr6_163450150_163450672	chr6	163450150	163450672	101	101	0	0	0.0142872958314443	0.964974748568303	4.55739052648065	-4.55739052648065	522	562	Genic/other	0	Non-heritable	0.0667494526063435	0.940488970439502	0.0135187897817598	0	0	0	0.667494526063435	6.25766758788264	6.33327962813969	0	1.51675020895654
BA_only	hippocampus	AA	psi	chr6_163451711_163452916	chr6	163451711	163452916	101	101	0	0	0.00768243817365803	0.933559278800072	5.89159684737652	-5.89159684737652	1205	566	Genic/other	0	Non-heritable	0.081279677538723	0.951107801523938	0.00955707883449243	0	0	0	0.81279677538723	7.09423484592476	6.34035930372775	0	1.77352707422563
BA_only	hippocampus	AA	psi	chr6_163457397_163457719	chr6	163457397	163457719	109	109	0	0	0.00230243422057483	0.820885156695689	5.44682411374202	-5.44682411374202	322	554	Genic/other	0	Non-heritable	0.0673749323899418	0.944380379592038	0.00842527987272456	0	0	0	0.673749323899418	5.77455154554441	6.31896811374643	0	1.69503270923366
BA_only	hippocampus	AA	psi	chr6_163465404_163467903	chr6	163465404	163467903	109	109	0	0	0.00891407881861384	0.936655544943829	5.56064981858599	-5.56064981858599	2499	580	Genic/other	0	Non-heritable	0.0874261555405609	0.952069841211209	0.00793818232699871	0	0	0	0.874261555405609	7.82364593083495	6.36475075685191	0	1.71571497707803
BA_only	hippocampus	AA	psi	chr6_163469558_163470301	chr6	163469558	163470301	109	109	0	0	0.00129333697751732	0.749267663024353	3.79946328170861	3.79946328170861	743	576	Genic/other	0	Heritable	0.145412731170269	0.957620401782212	0.00897901721131732	0	0	0	1.45412731170269	6.61069604471776	6.3578422665081	0	1.33485981773312
BA_only	hippocampus	AA	psi	chr6_163472110_163473332	chr6	163472110	163473332	109	109	0	0	0.00281471273695874	0.843605854399617	5.58947834269945	-5.58947834269945	1222	573	Genic/other	0	Non-heritable	0.0949653886138079	0.929766106038477	0.00731770946702399	0	0	0	0.949653886138079	7.10824413973154	6.35262939631957	0	1.72088596486976
BA_only	hippocampus	AA	psi	chr6_163489258_163490404	chr6	163489258	163490404	107	107	0	0	0.0132276848664554	0.964283399649536	8.81645197045947	-8.81645197045947	1146	569	Genic/other	0	Heritable	0.11618524139163	0.956555127807246	0.00713529967401653	0	0	0	1.1618524139163	7.04403289727469	6.3456363608286	0	2.17661951929733
BA_only	hippocampus	AA	psi	chr6_163494643_163496700	chr6	163494643	163496700	107	107	0	0	0.0441749038859041	0.980992807680922	7.18521633791461	-7.18521633791461	2057	582	Genic/other	0	Heritable	0.112209121655906	0.952130254410935	0.00868098899761955	0	0	0	1.12209121655906	7.62900388965296	6.36818718635049	0	1.97202563013049
BA_only	hippocampus	AA	psi	chr6_163521281_163521667	chr6	163521281	163521667	129	129	0	0	0.013947278930685	0.964441318501853	3.322304087455	3.322304087455	386	587	Genic/other	0	Heritable	0.115483028832835	0.96094588087675	0.00829254051856991	0	0	0	1.15483028832835	5.95583736946483	6.37672694789863	0	1.20065854747564
BA_only	hippocampus	AA	psi	chr6_163522769_163523078	chr6	163522769	163523078	129	129	0	0	0.00267856806961198	0.835662766718973	4.0515241159439	4.0515241159439	309	587	Genic/other	0	Non-heritable	0.0581382201085236	0.917069439893417	0.00749974927753148	0	0	0	0.581382201085236	5.73334127689775	6.37672694789863	0	1.39909313771861
BA_only	hippocampus	AA	psi	chr6_163524131_163525660	chr6	163524131	163525660	130	130	0	0	0.0127567465589129	0.961717006536833	5.21475672764752	5.21475672764752	1529	596	Genic/other	0	Heritable	0.146439280948158	0.963538947175277	0.00695127638678644	0	0	0	1.46439280948158	7.33236920592906	6.3919171133926	0	1.6514924407008
BA_only	hippocampus	AA	psi	chr6_163554868_163555749	chr6	163554868	163555749	130	130	0	0	0.0157103855903279	0.967716068030647	4.25947871341355	-4.25947871341355	881	603	Enhancer	0	Non-heritable	0.0926930367111651	0.961015193121558	0.00719872433563771	6319	0	0	0.926930367111651	6.78105762593618	6.40357419793482	8.7514744871409	1.44914678739814
BA_only	hippocampus	AA	psi	chr6_163563365_163563622	chr6	163563365	163563622	127	127	0	0	0.00319331505805852	0.853185837570312	4.55523046934874	-4.55523046934874	257	604	Genic/other	0	Heritable	0.104291364065133	0.950716491474214	0.00858378846629739	0	0	0	1.04291364065133	5.54907608489522	6.40522845803084	0	1.51627612863023
BA_only	hippocampus	AA	psi	chr6_163568064_163568525	chr6	163568064	163568525	127	127	0	0	0.0126803689130644	0.961717006536833	5.4845769032283	5.4845769032283	461	583	Genic/other	0	Non-heritable	0.0864950830890193	0.952493347781909	0.0073751910968105	0	0	0	0.864950830890193	6.13339804299665	6.36990098282823	0	1.70193995551571
BA_only	hippocampus	AA	psi	chr6_163570790_163572023	chr6	163570790	163572023	122	122	0	0	0.00935482974454988	0.939841915020693	3.54542679883133	-3.54542679883133	1233	609	Genic/other	0	Heritable	0.17323911044425	0.947839529696638	0.00945199963758321	95	0	0	1.7323911044425	7.11720550316434	6.41345895716736	4.56434819146784	1.26565855015054
BA_only	hippocampus	AA	psi	chr6_163588425_163589084	chr6	163588425	163589084	122	122	0	0	0.00235616028817308	0.822771912239237	8.77706437947881	-8.77706437947881	659	602	Promoter	0	Heritable	0.121745168993282	0.956409616807265	0.0106824123561368	13828	0	0	1.21745168993282	6.49072353450251	6.40191719672719	9.53452311546466	2.17214199974336
BA_only	hippocampus	AA	psi	chr6_163712132_163712643	chr6	163712132	163712643	82	82	0	0	0.00512412743410847	0.909885926705608	2.99098098250035	2.99098098250035	511	593	Genic/other	0	Heritable	0.130747596747742	0.958011452500496	0.0079719718038648	0	0	0	1.30747596747742	6.2363695902037	6.38687931936265	0	1.09560142472971
BA_only	hippocampus	AA	psi	chr6_164030879_164031502	chr6	164030879	164031502	31	31	0	0	0.0312719609757991	0.977016055735487	1.44421182996939	-1.44421182996939	623	555	Intergenic	0	Heritable	0.695048202309371	0.919264099330723	0.00773884710427708	0	0	0	6.95048202309371	6.43454651878745	6.32076829425058	0	0.367563733290627
BA_only	hippocampus	AA	psi	chr6_164069210_164069487	chr6	164069210	164069487	27	27	0	0	0.0698871361882528	0.985907779499035	1.6732590456785	-1.6732590456785	277	555	Intergenic	0	Non-heritable	0.0823380978780775	0.947268684209063	0.00743005167118432	0	0	0	0.823380978780775	5.62401750618734	6.32076829425058	0	0.514773255013553
BA_only	hippocampus	AA	psi	chr6_16420105_16420939	chr6	16420105	16420939	5	5	0	0	0.142446141110878	0.991064867102684	0.732671801161586	-0.732671801161586	834	532	Enhancer	0	Non-heritable	0.0533548186267138	0.874991660422579	0.00599800758264735	152470	0	0	0.533548186267138	6.72623340235875	6.27852142416584	11.9347296930117	-0.311057411107711
BA_only	hippocampus	AA	psi	chr6_164395891_164397658	chr6	164395891	164397658	16	16	0	0	0.0326870594720373	0.978956589179054	1.14091683179837	1.14091683179837	1767	514	Intergenic	0	Heritable	0.132081969566314	0.926108862407437	0.00743607341550431	0	0	0	1.32081969566314	7.4770384723197	6.24416690066374	0	0.131832186364479
BA_only	hippocampus	AA	psi	chr6_164929239_164930456	chr6	164929239	164930456	34	34	0	0	0.000744637644503767	0.677254417144753	1.88176899643953	1.88176899643953	1217	428	Genic/other	0	Heritable	0.230096342785075	0.897329356913191	0.00870271255106154	0	0	0	2.30096342785075	7.10414409298753	6.06145691892802	0	0.632212295287782
BA_only	hippocampus	AA	psi	chr6_165310021_165310522	chr6	165310021	165310522	16	16	0	0	0.0456860956796689	0.981789757189854	2.26274816980356	-2.26274816980356	501	564	Promoter	0	Heritable	0.128288419045934	0.932271410225326	0.0117873313135956	2177	0	0	1.28288419045934	6.21660610108487	6.33682573114644	7.68616230349291	0.816580083306992
BA_only	hippocampus	AA	psi	chr6_165610976_165611826	chr6	165610976	165611826	21	21	0	0	0.0490339748874607	0.983040601259948	1.21430648644304	-1.21430648644304	850	554	Promoter	0	Non-heritable	0.0998201325210404	0.95855294304073	0.0137775505936644	0	0	0	0.998201325210404	6.74523634948436	6.31896811374643	0	0.1941731290123
BA_only	hippocampus	AA	psi	chr6_165665355_165665482	chr6	165665355	165665482	27	27	0	0	0.0415151676350528	0.980549382116533	2.34628064872269	-2.34628064872269	127	549	Genic/other	1	Non-heritable	0.079234670327986	0.956731575548976	0.00785617412710151	0	0	0	0.79234670327986	4.84418708645859	6.30991827822652	0	0.852831375949964
BA_only	hippocampus	AA	psi	chr6_165678557_165678974	chr6	165678557	165678974	24	24	0	0	0.0386205148960759	0.980549382116533	2.73461840101911	-2.73461840101911	417	545	Genic/other	0	Non-heritable	0.0870842527770889	0.942573168630511	0.0127331332310545	0	0	0	0.870842527770889	6.0330862217988	6.30261897574491	0	1.00599190548889
BA_only	hippocampus	AA	psi	chr6_165885517_165885993	chr6	165885517	165885993	21	21	0	0	0.00633186174043886	0.920376068783091	2.34118694751324	-2.34118694751324	476	619	Genic/other	0	Heritable	0.130222886378686	0.968069595062051	0.0100147629916443	0	0	0	1.30222886378686	6.16541785423142	6.42971947803914	0	0.85065804756397
BA_only	hippocampus	AA	psi	chr6_166095111_166097814	chr6	166095111	166097814	32	32	0	0	0.063187489735405	0.985907779499035	3.25247815212219	3.25247815212219	2703	665	Promoter	0	Heritable	0.114564540781935	0.936843697805626	0.00861559817045841	636	0	0	1.14564540781935	7.90211754627645	6.50128967054039	6.45676965557216	1.17941721719972
BA_only	hippocampus	AA	psi	chr6_166295854_166298138	chr6	166295854	166298138	37	37	0	0	0.0110692311689721	0.948447257389615	1.46197719854701	1.46197719854701	2284	666	Enhancer	2	Non-heritable	0.0607649323411834	0.947893322397366	0.0108778797549068	1848	0	0	0.607649323411834	7.7336835707759	6.50279004591562	7.52240023138713	0.379789771976942
BA_only	hippocampus	AA	psi	chr6_166422650_166423702	chr6	166422650	166423702	30	30	0	0	0.0221522077611798	0.975932065139872	2.35942277674297	2.35942277674297	1052	680	Genic/other	0	Non-heritable	0.056892172235105	0.958639948483829	0.00875182877808024	39843	0	0	0.56892172235105	6.95844839329766	6.52356230614951	10.5927271082651	0.858417007233919
BA_only	hippocampus	AA	psi	chr6_166783733_166784937	chr6	166783733	166784937	49	49	0	0	0.0405794601651307	0.980549382116533	2.22483459055228	-2.22483459055228	1204	640	Genic/other	2	Heritable	0.240573637318231	0.929178568911281	0.00953125751114835	0	0	0	2.40573637318231	7.09340462586877	6.46302945692067	0	0.799682576024648
BA_only	hippocampus	AA	psi	chr6_166955188_166955256	chr6	166955188	166955256	43	43	0	0	0.00429227741793017	0.888539612676336	3.1894009622903	-3.1894009622903	68	645	Promoter	1	Heritable	0.298782855296125	0.920407845757783	0.00819323402506966	0	0	0	2.98782855296125	4.21950770517611	6.4707995037826	0	1.15983311618222
BA_only	hippocampus	AA	psi	chr6_167155395_167155868	chr6	167155395	167155868	343	343	0	0	0.000646460777219672	0.660423394083112	2.98668091978634	2.98668091978634	473	527	Genic/other	0	Heritable	0.102709440517143	0.88179774848	0.00908418743687231	0	0	0	1.02709440517143	6.15909538849193	6.26909628370626	0	1.09416271390543
BA_only	hippocampus	AA	psi	chr6_167219910_167220185	chr6	167219910	167220185	336	336	0	0	0.00262656755358904	0.834890109094339	4.10060820007822	-4.10060820007822	275	485	Enhancer	1	Heritable	0.237661310872504	0.912642451340769	0.00829528507313681	357	0	0	2.37661310872504	5.61677109766657	6.18620862390049	5.8805329864007	1.41113530662991
BA_only	hippocampus	AA	psi	chr6_167242195_167242443	chr6	167242195	167242443	336	336	0	0	0.000608903459939328	0.656556947226755	5.70403637249873	5.70403637249873	248	466	Genic/other	0	Heritable	0.119377083632693	0.921174639442844	0.0080807251079632	0	0	0	1.19377083632693	5.51342874616498	6.1463292576689	0	1.74117406151008
BA_only	hippocampus	AA	psi	chr6_167249247_167249364	chr6	167249247	167249364	336	336	0	0	0.00213623760975208	0.815187053503819	2.98908437180431	-2.98908437180431	117	468	Intergenic	0	Non-heritable	0.0728962723877277	0.910192243632303	0.00805507878704102	0	0	0	0.728962723877277	4.76217393479776	6.15060276844628	0	1.09496711368429
BA_only	hippocampus	AA	psi	chr6_167265875_167266946	chr6	167265875	167266946	324	324	0	0	0.00454259132570606	0.896384732001839	4.9037022930916	4.9037022930916	1071	433	Intergenic	0	Heritable	0.114018803844986	0.922500721554793	0.00947413030953331	0	0	0	1.14018803844986	6.97634807044775	6.07304453410041	0	1.58999049187522
BA_only	hippocampus	AA	psi	chr6_167288280_167289467	chr6	167288280	167289467	318	318	0	0	0.00207499588826302	0.811090501848299	1.75887143314307	1.75887143314307	1187	403	Genic/other	0	Heritable	0.117004883204498	0.899439802135481	0.00724007660720563	2108	0	0	1.17004883204498	7.07918439460967	6.00141487796115	7.65396918047877	0.564672377890179
BA_only	hippocampus	AA	psi	chr6_167379135_167379253	chr6	167379135	167379253	319	319	0	0	0.0012589620488031	0.748685029382681	5.26900304207233	-5.26900304207233	118	361	Genic/other	0	Heritable	0.157281645018555	0.885307109757049	0.0129120563846636	0	0	0	1.57281645018555	4.77068462446567	5.89164421182577	0	1.66184117047776
BA_only	hippocampus	AA	psi	chr6_167574905_167575129	chr6	167574905	167575129	58	58	0	0	0.00610036705652211	0.920376068783091	4.86245766327591	4.86245766327591	224	416	Intergenic	0	Heritable	0.155332389706681	0.923852871631942	0.00845641216970712	1539	0	0	1.55332389706681	5.41164605185504	6.0330862217988	7.33953769540768	1.58154400418193
BA_only	hippocampus	AA	psi	chr6_167697188_167697528	chr6	167697188	167697528	178	178	0	0	0.00823099584632054	0.933559278800072	4.35492887786114	-4.35492887786114	340	465	Promoter	0	Heritable	0.136721306909931	0.934378766780834	0.00861016328077936	861	0	0	1.36721306909931	5.82894561761021	6.14418563412565	6.75925527066369	1.47130828132181
BA_only	hippocampus	AA	psi	chr6_167731773_167732251	chr6	167731773	167732251	182	182	0	0	0.00013872471619979	0.427037609173052	6.35701072002129	6.35701072002129	478	469	Intergenic	1	Non-heritable	0.0561861094277114	0.93300899831829	0.00746519220262021	19148	0	0	0.561861094277114	6.16961073249146	6.1527326947041	9.86000577392417	1.8495582558593
BA_only	hippocampus	AA	psi	chr6_167733799_167734223	chr6	167733799	167734223	182	182	0	0	0.0254968450544924	0.975932065139872	2.76542418217081	-2.76542418217081	424	461	Intergenic	1	Non-heritable	0.0643930995895603	0.908420516763237	0.00836575835341862	17176	0	0	0.643930995895603	6.04973345523196	6.13556489108174	9.75132655863703	1.01719403809742
BA_only	hippocampus	AA	psi	chr6_167824607_167824910	chr6	167824607	167824910	187	187	0	0	0.000722045807036636	0.673766456790362	4.69990743144291	4.69990743144291	303	490	Genic/other	1	Heritable	0.109231760465838	0.941602329712178	0.00903743925729442	0	0	0	1.09231760465838	5.71373280550937	6.19644412779452	0	1.54754281521208
BA_only	hippocampus	AA	psi	chr6_167908025_167908600	chr6	167908025	167908600	186	186	0	0	0.00405571704479137	0.880626276698998	4.57873759842607	-4.57873759842607	575	449	Genic/other	0	Heritable	0.109963498782256	0.9254756633725	0.00967722897223698	11146	0	0	1.09963498782256	6.35437004079735	6.10924758276437	9.31892568238962	1.52142332878477
BA_only	hippocampus	AA	psi	chr6_167963887_167964604	chr6	167963887	167964604	170	170	0	0	0.00742238381822923	0.933559278800072	3.9696264786054	-3.9696264786054	717	435	Genic/other	0	Non-heritable	0.0811340156191682	0.936311720798795	0.00851596447664503	1248	0	0	0.811340156191682	6.57507584059962	6.07764224334903	7.13009851012558	1.37867200679826
BA_only	hippocampus	AA	psi	chr6_167996946_167997094	chr6	167996946	167997094	170	170	0	0	0.00013969252492643	0.427037609173052	3.09264838533024	-3.09264838533024	148	413	Promoter	0	Non-heritable	0.0941337105717777	0.931282837741815	0.00914970474875429	707	0	0	0.941337105717777	4.99721227376412	6.02586597382531	6.56244409369372	1.12902780968869
BA_only	hippocampus	AA	psi	chr6_168035124_168036497	chr6	168035124	168036497	168	168	0	0	0.00647253574470927	0.92284858637232	3.67785391579897	3.67785391579897	1373	441	Promoter	2	Non-heritable	0.0945119602414912	0.908055581597572	0.0114958224324648	8812	0	0	0.945119602414912	7.22475340576797	6.0913098820777	9.08398318309966	1.30232940973248
BA_only	hippocampus	AA	psi	chr6_168048320_168048769	chr6	168048320	168048769	164	164	0	0	0.00211150864635044	0.815187053503819	7.86676638528178	-7.86676638528178	449	438	Intergenic	2	Non-heritable	0.0972350882469549	0.911987068554535	0.00903780930583543	2681	0	0	0.972350882469549	6.10702288774226	6.08449941307517	7.89431806384162	2.06264710064943
BA_only	hippocampus	AA	psi	chr6_168299361_168299762	chr6	168299361	168299762	39	39	0	0	0.0260558330706611	0.975932065139872	3.93434696823501	3.93434696823501	401	519	Genic/other	0	Heritable	0.127924389217466	0.944278935979044	0.0106604384119663	28023	0	0	1.27924389217466	5.99396142730657	6.25382881157547	10.2408165648773	1.36974491593387
BA_only	hippocampus	AA	psi	chr6_16836731_16836981	chr6	16836731	16836981	106	106	0	0	0.0175328123746468	0.970581273335112	1.88407365390117	1.88407365390117	250	493	Intergenic	0	Non-heritable	0.0723180618107203	0.881964105535011	0.0106947118306804	31742	0	0	0.723180618107203	5.52146091786225	6.20253551718792	10.3654275075723	0.633436275125025
BA_only	hippocampus	AA	psi	chr6_168387988_168388183	chr6	168387988	168388183	36	36	0	0	0.00182751780215228	0.796447609036794	5.67317513983477	5.67317513983477	195	581	Intergenic	0	Heritable	0.1437459676276	0.940423310258134	0.00742775856946116	1561	0	0	1.437459676276	5.27299955856375	6.36647044773144	7.35372233039963	1.73574895215564
BA_only	hippocampus	AA	psi	chr6_168410578_168410629	chr6	168410578	168410629	37	37	0	0	0.0311141949272758	0.976893291659941	4.74089571546934	-4.74089571546934	51	561	Intergenic	1	Heritable	0.122150864742445	0.949865289921181	0.00586394004044963	42	0	0	1.22150864742445	3.93182563272433	6.33150184989369	3.76120011569356	1.5562260894721
BA_only	hippocampus	AA	psi	chr6_168562481_168562696	chr6	168562481	168562696	45	45	0	0	0.000417303628346316	0.594601010385793	1.86857713148012	-1.86857713148012	215	584	Genic/other	0	Heritable	0.140974010128459	0.946687664273496	0.00709941698308187	15361	0	0	1.40974010128459	5.37063802812766	6.37161184723186	9.63965220655863	0.625177254336102
BA_only	hippocampus	AA	psi	chr6_168607584_168607820	chr6	168607584	168607820	38	38	0	0	0.0991821630118763	0.990400450319684	19.3533018119363	-19.3533018119363	236	577	Genic/other	0	Heritable	0.185816321288071	0.942436693609859	0.00610892396962642	45407	0	0	1.85816321288071	5.46383180502561	6.35957386867238	10.7234435799598	2.96286304171156
BA_only	hippocampus	AA	psi	chr6_168862431_168863158	chr6	168862431	168863158	28	28	0	0	0.0591104245367891	0.98577631996496	3.53431261385176	3.53431261385176	727	538	Intergenic	1	Heritable	0.102308530745096	0.957237183738124	0.00650629515692469	1406	0	0	1.02308530745096	6.58892647753352	6.289715570909	7.24921505711439	1.26251883174271
BA_only	hippocampus	AA	psi	chr6_169214875_169215452	chr6	169214875	169215452	25	25	0	0	0.118514784641294	0.990898390030923	1.82470489564251	1.82470489564251	577	444	Genic/other	0	Heritable	0.108323330462382	0.915087316695724	0.00884442783086532	0	0	0	1.08323330462382	6.3578422665081	6.09807428216624	0	0.601418278421971
BA_only	hippocampus	AA	psi	chr6_169242261_169242616	chr6	169242261	169242616	25	25	0	0	0.0846444624683823	0.988137148207548	3.07189033670669	3.07189033670669	355	431	Genic/other	1	Heritable	0.145006995970463	0.938459870006277	0.00960626789489712	2661	0	0	1.45006995970463	5.87211778947542	6.06842558824411	7.88683299895506	1.12229312021695
BA_only	hippocampus	AA	psi	chr6_169250628_169251146	chr6	169250628	169251146	25	25	0	0	0.00627213634596821	0.920376068783091	6.17032706772233	6.17032706772233	518	436	Promoter	2	Heritable	0.108057485133266	0.938621484258296	0.00789043653780319	2170	0	0	1.08057485133266	6.24997524225948	6.07993319509559	7.68294316987829	1.81975184748833
BA_only	hippocampus	AA	psi	chr6_169263466_169264073	chr6	169263466	169264073	25	25	0	0	0.0123710258350198	0.959531582724044	1.09250112300061	1.09250112300061	607	434	Intergenic	0	Heritable	0.114143816328219	0.914651309166145	0.00974473057147316	15008	0	0	1.14143816328219	6.4085287910595	6.07534603108868	9.61640530015631	0.088469685058567
BA_only	hippocampus	AA	psi	chr6_169377741_169378048	chr6	169377741	169378048	25	25	0	0	0.035281169291396	0.980327953711174	1.8894696280578	1.8894696280578	307	422	Genic/other	0	Heritable	0.264010480574297	0.855332432370774	0.00815997791547538	43125	0	0	2.64010480574297	5.7268477475872	6.04737217904628	10.6718813424706	0.636296174907622
BA_only	hippocampus	AA	psi	chr6_169501216_169501627	chr6	169501216	169501627	20	20	0	0	0.00706582337518798	0.931602204679102	1.87796057961767	-1.87796057961767	411	436	Genic/other	0	Heritable	0.139705656199715	0.927649734437051	0.00814228974549297	0	0	0	1.39705656199715	6.01859321449623	6.07993319509559	0	0.630186395271771
BA_only	hippocampus	AA	psi	chr6_169653858_169655521	chr6	169653858	169655521	51	51	0	0	0.00540751000415239	0.9135930038698	2.41385229292238	-2.41385229292238	1663	494	Enhancer	1	Non-heritable	0.0668367913809215	0.885614512395956	0.0156897700224713	2836	0	0	0.668367913809215	7.41637847919293	6.20455776256869	7.95050243480885	0.881223937258555
BA_only	hippocampus	AA	psi	chr6_169868657_169868786	chr6	169868657	169868786	52	52	0	0	0.00432341281239245	0.888539612676336	1.94147598509744	1.94147598509744	129	471	Intergenic	0	Heritable	0.145629718511077	0.89688939875631	0.00811287101611231	37178	0	0	1.45629718511077	4.85981240436167	6.15697898558556	10.523499364733	0.663448506011907
BA_only	hippocampus	AA	psi	chr6_169978734_169978893	chr6	169978734	169978893	154	154	0	0	0.00114362681696689	0.729035708269143	14.2639971567246	-14.2639971567246	159	507	Intergenic	0	Non-heritable	0.0703932686991758	0.932293378355127	0.00944269439285901	0	0	0	0.703932686991758	5.06890420222023	6.23048144757848	0	2.65773868192962
BA_only	hippocampus	AA	psi	chr6_170049699_170049890	chr6	170049699	170049890	150	150	0	0	0.000469321303161498	0.604162640906295	22.9586002655682	22.9586002655682	191	523	Enhancer	0	Non-heritable	0.0812856169527843	0.934185893071979	0.00888194516732232	7471	0	0	0.812856169527843	5.25227342804663	6.26149168432104	8.91891797990868	3.13369260598535
BA_only	hippocampus	AA	psi	chr6_17015943_17016121	chr6	17015943	17016121	19	19	0	0	0.0762048352358709	0.987408598172976	0.775680777314434	-0.775680777314434	178	472	Enhancer	0	Heritable	0.119483324314773	0.924829169036833	0.00971410314507699	0	0	0	1.19483324314773	5.18178355029209	6.15909538849193	0	-0.254014199982799
BA_only	hippocampus	AA	psi	chr6_170185072_170185777	chr6	170185072	170185777	128	128	0	0	0.0129987724661258	0.964283399649536	13.9324979969084	-13.9324979969084	705	508	Genic/other	0	Heritable	0.435075702482443	0.917618215910924	0.0110558842065107	0	0	0	4.35075702482443	6.55819780281227	6.23244801655052	0	2.63422409740814
BA_only	hippocampus	AA	psi	chr6_170233694_170234642	chr6	170233694	170234642	132	132	0	0	0.00101385366280944	0.720014968907702	10.5256808868716	-10.5256808868716	948	509	Genic/other	1	Non-heritable	0.09905151822066	0.932060938501599	0.00955099875373343	0	0	0	0.9905151822066	6.85435450225502	6.23441072571837	0	2.35381807076539
BA_only	hippocampus	AA	psi	chr6_170244648_170244900	chr6	170244648	170244900	132	132	0	0	0.00898857602749028	0.937974720665503	5.28802025422309	-5.28802025422309	252	498	Genic/other	0	Heritable	0.16802010327472	0.925506885499676	0.00636315650703809	0	0	0	1.6802010327472	5.52942908751142	6.21260609575152	0	1.66544393465685
BA_only	hippocampus	AA	psi	chr6_170248172_170248766	chr6	170248172	170248766	132	132	0	0	0.0079619157803682	0.933559278800072	4.91631435557217	-4.91631435557217	594	504	Genic/other	0	Heritable	0.188358860363818	0.907223244002066	0.0111982984276368	0	0	0	1.88358860363818	6.38687931936265	6.22455842927536	0	1.59255913709052
BA_only	hippocampus	AA	psi	chr6_170262465_170262855	chr6	170262465	170262855	132	132	0	0	0.00837384605694863	0.933559278800072	9.17257604998426	-9.17257604998426	390	511	Promoter	1	Heritable	0.111848772792164	0.945901627708626	0.0101782977226409	0	0	0	1.11848772792164	5.96614673912369	6.23832462503951	0	2.21621816938891
BA_only	hippocampus	AA	psi	chr6_170265468_170267767	chr6	170265468	170267767	132	132	0	0	0.00543348227847877	0.913636718597519	7.00826382268131	-7.00826382268131	2299	504	Genic/other	2	Non-heritable	0.0598054066093353	0.941692374073742	0.00760605689150068	0	0	0	0.598054066093353	7.74022952476318	6.22455842927536	0	1.94709000028294
BA_only	hippocampus	AA	psi	chr6_17031712_17032736	chr6	17031712	17032736	16	16	0	0	0.0803297409615002	0.988137148207548	1.37530076881794	-1.37530076881794	1024	482	Genic/other	0	Non-heritable	0.0888831781644469	0.872932600835149	0.0104934211029386	0	0	0	0.888831781644469	6.93147180559945	6.18001665365257	0	0.318672455427858
BA_only	hippocampus	AA	psi	chr6_170371731_170371897	chr6	170371731	170371897	158	158	0	0	0.0158444883307772	0.967716068030647	8.17228608261403	-8.17228608261403	166	458	Genic/other	0	Heritable	0.16059057980432	0.919854116390832	0.00880023474297315	54360	0	0	1.6059057980432	5.11198778835654	6.12905021006055	10.9034022639752	2.10074868522829
BA_only	hippocampus	AA	psi	chr6_170423096_170423250	chr6	170423096	170423250	57	57	0	0	0.0147279776968138	0.966089857218066	1.34242022706646	-1.34242022706646	154	434	Intergenic	1	Heritable	0.138120856307292	0.855046986164747	0.00833528354873888	13780	0	0	1.38120856307292	5.03695260241363	6.07534603108868	9.53104611087515	0.294474131905061
BA_only	hippocampus	AA	psi	chr6_17305271_17305990	chr6	17305271	17305990	7	7	0	0	0.0616755686762618	0.985907779499035	1.23717040464773	1.23717040464773	719	395	Intergenic	0	Heritable	0.110485039594979	0.909015443348708	0.0114013728071688	13514	0	0	1.10485039594979	6.57786135772105	5.98141421125448	9.51155545871055	0.212826848390356
BA_only	hippocampus	AA	psi	chr6_1745925_1746156	chr6	1745925	1746156	42	42	0	0	0.00037641357975325	0.574981354951979	4.55166166655907	-4.55166166655907	231	643	Genic/other	0	Heritable	0.124115073198105	0.971121506961481	0.00775781502122503	19508	0	0	1.24115073198105	5.44241771052179	6.46769872610435	9.87863117653726	1.5154923699316
BA_only	hippocampus	AA	psi	chr6_17580075_17580326	chr6	17580075	17580326	32	32	0	0	0.151905687745504	0.991064867102684	0.714439010113953	0.714439010113953	251	341	Genic/other	0	Non-heritable	0.065806768282818	0.865070080696554	0.00882139796820747	5066	0	0	0.65806768282818	5.52545293913178	5.83481073706261	8.53050420547591	-0.336257631491007
BA_only	hippocampus	AA	psi	chr6_17581003_17581047	chr6	17581003	17581047	32	32	0	0	0.132536329752833	0.991064867102684	1.05973839046752	-1.05973839046752	44	345	Promoter	0	Heritable	0.247697628578948	0.893481376158274	0.00870415890423272	4345	0	0	2.47697628578948	3.78418963391826	5.84643877505773	8.37701116081638	0.0580220856540422
BA_only	hippocampus	AA	psi	chr6_17868072_17868949	chr6	17868072	17868949	9	9	0	0	0.0729900477773112	0.985907779499035	0.43174475331584	0.43174475331584	877	317	Genic/other	0	Heritable	0.103329131715899	0.876999570910597	0.00827938347962198	4487	0	0	1.03329131715899	6.77650699237218	5.76205138278018	8.40916244720253	-0.839920691002062
BA_only	hippocampus	AA	psi	chr6_18122020_18122158	chr6	18122020	18122158	9	9	0	0	0.0369574396398555	0.980549382116533	0.506417111634689	0.506417111634689	138	275	Genic/other	1	Heritable	0.125235263382165	0.843067013973538	0.00998517128247536	55296	0	0	1.25235263382165	4.92725368515721	5.62040086571715	10.9204739364909	-0.680394598228691
BA_only	hippocampus	AA	psi	chr6_18122993_18123074	chr6	18122993	18123074	9	9	0	0	0.0568807596812525	0.98577631996496	0.438398376022453	0.438398376022453	81	291	Promoter	1	Non-heritable	0.0682188586651829	0.800003118906983	0.0108111633472595	56269	0	0	0.682188586651829	4.39444915467244	5.67675380226828	10.9379168124273	-0.824627224873235
BA_only	hippocampus	AA	psi	chr6_1821831_1821939	chr6	1821831	1821939	19	19	0	0	0.0170728253498875	0.970581273335112	2.00023406408075	-2.00023406408075	108	605	Genic/other	0	Non-heritable	0.0850737207939972	0.952916451593562	0.00978315412317881	95414	0	0	0.850737207939972	4.68213122712422	6.40687998606931	11.465991077781	0.69326421075202
BA_only	hippocampus	AA	psi	chr6_18504533_18505240	chr6	18504533	18505240	10	10	0	0	0.0468711148001548	0.982445572707507	0.743823237741271	0.743823237741271	707	266	Intergenic	0	Non-heritable	0.0615333952910707	0.765455282067843	0.00776977468781639	16216	0	0	0.615333952910707	6.56103066589657	5.58724865840025	9.69381535371937	-0.295951842613552
BA_only	hippocampus	AA	psi	chr6_18595700_18596526	chr6	18595700	18596526	5	5	0	0	0.0846246813797207	0.988137148207548	1.25477471661392	-1.25477471661392	826	262	Genic/other	0	Non-heritable	0.085139795400808	0.69125359116209	0.0097858949727113	4724	0	0	0.85139795400808	6.71659477352098	5.57215403217777	8.46062283992784	0.226956055765528
BA_only	hippocampus	AA	psi	chr6_18749554_18750707	chr6	18749554	18750707	5	5	0	0	0.190422264055113	0.991064867102684	0.637091948830226	0.637091948830226	1153	231	Intergenic	0	Non-heritable	0.0786718672992456	0.722295602389645	0.0132435929212152	3833	0	0	0.786718672992456	7.05012252026906	5.44673737166631	8.25166392360559	-0.450841271458376
BA_only	hippocampus	AA	psi	chr6_18989747_18990348	chr6	18989747	18990348	3	3	0	0	0.279276299832754	0.993437465767387	0.727672697559515	-0.727672697559515	601	267	Intergenic	0	Non-heritable	0.0558756089695697	0.810948950873444	0.00666332628509491	19648	0	0	0.558756089695697	6.39859493453521	5.59098698051086	9.8857817254172	-0.317903909403866
BA_only	hippocampus	AA	psi	chr6_19719733_19719868	chr6	19719733	19719868	99	99	0	0	0.0135226642474319	0.964283399649536	1.61187208398538	1.61187208398538	135	549	Genic/other	0	Non-heritable	0.0770004809753275	0.946321169168812	0.00769297620166797	0	0	0	0.770004809753275	4.90527477843843	6.30991827822652	0	0.477396294773448
BA_only	hippocampus	AA	psi	chr6_19721402_19722220	chr6	19721402	19722220	99	99	0	0	0.0203577644763431	0.975856666808667	1.88498610928914	1.88498610928914	818	541	Genic/other	0	Non-heritable	0.0771802230386818	0.942454636141035	0.00809034075044817	0	0	0	0.771802230386818	6.70686233660275	6.29526600143965	0	0.633920457100522
BA_only	hippocampus	AA	psi	chr6_21478870_21479562	chr6	21478870	21479562	668	668	0	0	0.00111628945654722	0.726050490461723	3.69384742357199	3.69384742357199	692	509	Intergenic	0	Heritable	0.109877061706813	0.906224411648469	0.00943399686700318	6966	0	0	1.09877061706813	6.53958595561767	6.23441072571837	8.84893999503012	1.30666857977957
BA_only	hippocampus	AA	psi	chr6_21598633_21599113	chr6	21598633	21599113	795	795	0	0	0.000945351135138852	0.708599139296544	5.72302199011048	5.72302199011048	480	551	Genic/other	2	Heritable	0.121744287714437	0.936921815018817	0.00515937364135104	65199	0	0	1.21744287714437	6.17378610390194	6.3135480462771	11.0852147479147	1.74449698757657
BA_only	hippocampus	AA	psi	chr6_22043549_22044530	chr6	22043549	22044530	1453	1453	0	0	8.8479124461578e-05	0.357115007671868	7.6091467256923	-7.6091467256923	981	516	Genic/other	0	Heritable	0.140081907153494	0.921760429668924	0.00758727486796008	0	0	0	1.40081907153494	6.88857245956536	6.24804287450843	0	2.02935104149948
BA_only	hippocampus	AA	psi	chr6_22146639_22147019	chr6	22146639	22147019	1436	1436	0	0	1.53858383990314e-05	0.126031822309483	3.90448345042902	3.90448345042902	380	525	Promoter	0	Heritable	0.121032709193036	0.939598940272113	0.0094124128526618	0	0	0	1.21032709193036	5.94017125272043	6.26530121273771	0	1.36212549808371
BA_only	hippocampus	AA	psi	chr6_22699112_22699343	chr6	22699112	22699343	5	5	0	0	0.129696246777461	0.991064867102684	0.21283723521753	-0.21283723521753	231	409	Intergenic	0	Heritable	0.107021478317108	0.756377248471902	0.00924771901477135	45724	0	0	1.07021478317108	5.44241771052179	6.01615715969835	10.7304004732591	-1.54722751231118
BA_only	hippocampus	AA	psi	chr6_22784804_22785350	chr6	22784804	22785350	7	7	0	0	0.085927235921638	0.988137148207548	0.480291152721872	-0.480291152721872	546	391	Genic/other	0	Non-heritable	0.0945220653611572	0.881805294192577	0.00770174857836866	0	0	0	0.945220653611572	6.30261897574491	5.97126183979046	0	-0.733362769977046
BA_only	hippocampus	AA	psi	chr6_24125813_24125916	chr6	24125813	24125916	1	1	0	0	0.322834342250928	0.993828622005322	0.54285235824316	-0.54285235824316	103	435	Promoter	1	Heritable	0.100650139318089	0.913862508126034	0.0092868564435326	2283	0	0	1.00650139318089	4.63472898822964	6.07764224334903	7.7336835707759	-0.6109178777032
BA_only	hippocampus	AA	psi	chr6_24318295_24318780	chr6	24318295	24318780	5	5	0	0	0.0240473952339854	0.975932065139872	2.38360403591947	-2.38360403591947	485	412	Genic/other	0	Heritable	0.23289275862491	0.93676672166058	0.00968182409111924	86460	0	0	2.3289275862491	6.18414889093748	6.02344759296103	11.3674487241968	0.868613647287916
BA_only	hippocampus	AA	psi	chr6_24400602_24400795	chr6	24400602	24400795	5	5	0	0	0.258424275125897	0.992837608310815	0.466088019109429	0.466088019109429	193	433	Genic/other	1	Non-heritable	0.0940274446085709	0.872116483788312	0.00871711742810266	4445	0	0	0.940274446085709	5.26269018890489	6.07304453410041	8.39976009452414	-0.76338075902824
BA_only	hippocampus	AA	psi	chr6_24919271_24919893	chr6	24919271	24919893	36	36	0	0	0.0688266264396774	0.985907779499035	2.55103404725804	2.55103404725804	622	427	Genic/other	0	Non-heritable	0.092515769600588	0.905331576463888	0.008821553384777	0	0	0	0.92515769600588	6.43294009273918	6.0591231955818	0	0.936498789622513
BA_only	hippocampus	AA	psi	chr6_25368962_25369847	chr6	25368962	25369847	8	8	0	0	0.0360020597753293	0.980494018606455	1.05027784721221	-1.05027784721221	885	383	Genic/other	0	Non-heritable	0.0669720385990874	0.891914203588916	0.00909028409720499	87787	0	0	0.669720385990874	6.78558764500793	5.95064255258773	11.3826800960228	0.0490547550785604
BA_only	hippocampus	AA	psi	chr6_25881596_25884185	chr6	25881596	25884185	60	60	0	0	0.0326756692919356	0.978956589179054	1.65182540633518	-1.65182540633518	2589	267	Promoter	2	Heritable	0.122312191685573	0.840367407719255	0.0115918376600898	19362	0	0	1.22312191685573	7.85902697975154	5.59098698051086	9.8711193075034	0.501880989329727
BA_only	hippocampus	AA	psi	chr6_25993215_25993417	chr6	25993215	25993417	60	60	0	0	0.041520355149939	0.980549382116533	2.44195537463448	2.44195537463448	202	220	Genic/other	1	Heritable	0.139422512295077	0.807290834118097	0.00887504344160184	0	0	0	1.39422512295077	5.30826769740121	5.39816270151775	0	0.892799105511164
BA_only	hippocampus	AA	psi	chr6_26042756_26043101	chr6	26042756	26043101	60	60	0	0	0.00419609448547672	0.88413881341503	1.67064715560382	1.67064715560382	345	205	Promoter	1	Heritable	0.215312867838082	0.814506825808109	0.0160794239995014	1210	0	0	2.15312867838082	5.84354441703136	5.32787616878958	7.09920174355309	0.513211075674175
BA_only	hippocampus	AA	psi	chr6_26173094_26173578	chr6	26173094	26173578	109	109	0	0	0.00700410519717735	0.931516361210935	2.28630848310912	-2.28630848310912	484	185	Promoter	1	Heritable	0.148717066614705	0.743324941705885	0.00823145020482142	23687	0	0	1.48717066614705	6.18208490671663	5.2257466737132	10.0727238697814	0.826938505134471
BA_only	hippocampus	AA	psi	chr6_26249275_26249346	chr6	26249275	26249346	133	133	0	0	0.017497222214525	0.970581273335112	3.20573109165609	-3.20573109165609	71	158	Genic/other	1	Heritable	0.218850875900125	0.687622748228311	0.00847323801241851	36706	0	0	2.18850875900125	4.26267987704132	5.06890420222023	10.5107227515497	1.16494017720007
BA_only	hippocampus	AA	psi	chr6_26284158_26284302	chr6	26284158	26284302	119	119	0	0	0.0115702392582822	0.95315577890577	6.70831141254868	-6.70831141254868	144	153	Genic/other	1	Heritable	0.150032426834312	0.752680383501439	0.00730043355577233	1750	0	0	1.50032426834312	4.969813299576	5.03695260241363	7.46794233228585	1.90334726842726
BA_only	hippocampus	AA	psi	chr6_26340920_26341295	chr6	26340920	26341295	110	110	0	0	0.0110319430134734	0.947910834736044	2.73190720508385	-2.73190720508385	375	142	Genic/other	0	Non-heritable	0.0923056313930891	0.606214533546945	0.00915806973752278	1193	0	0	0.923056313930891	5.92692602597041	4.96284463025991	7.08506429395255	1.00499997886382
BA_only	hippocampus	AA	psi	chr6_26367343_26368064	chr6	26367343	26368064	86	86	0	0	0.00309255417247854	0.84862690950741	2.35495913919769	2.35495913919769	721	138	Genic/other	0	Heritable	0.107354350318903	0.648012766886091	0.00801843707543928	0	0	0	1.07354350318903	6.58063913728495	4.93447393313069	0	0.85652338090506
BA_only	hippocampus	AA	psi	chr6_26382240_26382467	chr6	26382240	26382467	86	86	0	0	0.00129063933528015	0.748685029382681	1.97955810851879	-1.97955810851879	227	138	Promoter	0	Heritable	0.436006983979316	0.757637331226478	0.0124308767070563	713	0	0	4.36006983979316	5.4249500174814	4.93447393313069	6.57088296233958	0.682873647334506
BA_only	hippocampus	AA	psi	chr6_26440309_26440999	chr6	26440309	26440999	97	97	0	0	0.00628360533249373	0.920376068783091	3.05010280998324	-3.05010280998324	690	142	Promoter	0	Non-heritable	0.0810467394206624	0.635420863619127	0.00802266718558632	0	0	0	0.810467394206624	6.53669159759131	4.96284463025991	0	1.11517530152102
BA_only	hippocampus	AA	psi	chr6_26442062_26442658	chr6	26442062	26442658	97	97	0	0	0.00911364189925465	0.938915742013789	3.74479202062135	-3.74479202062135	596	135	Genic/other	0	Non-heritable	0.0930422733854261	0.649348267681453	0.00613646931879364	0	0	0	0.930422733854261	6.39024066706535	4.91265488573605	0	1.32036608288283
BA_only	hippocampus	AA	psi	chr6_26659191_26659752	chr6	26659191	26659752	215	215	0	0	0.00311248920039117	0.850076857294961	2.58794956156347	-2.58794956156347	561	130	Promoter	2	Heritable	0.121101715457745	0.65515877503347	0.0154452255952889	0	0	0	1.21101715457745	6.3297209055227	4.87519732320115	0	0.950865890963288
BA_only	hippocampus	AA	psi	chr6_26748746_26750268	chr6	26748746	26750268	204	204	0	0	0.000488327266961657	0.606132461238265	15.3132704742207	15.3132704742207	1522	124	Intergenic	0	Non-heritable	0.0152587974258346	0.61654348298915	0.000354520658712043	16079	0	0	0.152587974258346	7.32778053842163	4.8283137373023	9.68533154273296	2.72871980437593
BA_only	hippocampus	AA	psi	chr6_27020595_27020709	chr6	27020595	27020709	216	216	0	0	0.00302187714187301	0.846513053928579	3.69301680209069	3.69301680209069	114	112	Promoter	1	Non-heritable	0.0903024451742276	0.544845145576196	0.00935702659876732	0	0	0	0.903024451742276	4.7361984483945	4.72738781871234	0	1.30644368828105
BA_only	hippocampus	AA	psi	chr6_27089610_27090742	chr6	27089610	27090742	210	210	0	0	0.00193871956871012	0.804679915749906	4.35574922159828	-4.35574922159828	1132	116	Intergenic	0	Heritable	0.105841288303609	0.656107613016912	0.0118128621682199	20182	0	0	1.05841288303609	7.03174125876313	4.76217393479776	9.91259594490012	1.47149663490998
BA_only	hippocampus	AA	psi	chr6_27178881_27179158	chr6	27178881	27179158	58	58	0	0	0.101311481047975	0.990428070812969	2.70916267866932	-2.70916267866932	277	108	Enhancer	1	Heritable	0.157550683503884	0.576444030830886	0.00905051914301857	46355	0	0	1.57550683503884	5.62401750618734	4.69134788222914	10.7441060124543	0.996639616179514
BA_only	hippocampus	AA	psi	chr6_27187621_27187865	chr6	27187621	27187865	58	58	0	0	0.0764003796150702	0.987408598172976	1.33097955149545	1.33097955149545	244	111	Intergenic	0	Heritable	0.220903341494029	0.660955809015594	0.0119284652070639	49140	0	0	2.20903341494029	5.4971682252932	4.71849887129509	10.8024489958885	0.285915183544097
BA_only	hippocampus	AA	psi	chr6_27208641_27209456	chr6	27208641	27209456	57	57	0	0	0.0638462410184397	0.985907779499035	2.1489146686823	-2.1489146686823	815	114	Genic/other	0	Non-heritable	0.0350287941949864	0.470358009271992	0.00834646020564718	27549	0	0	0.350287941949864	6.70318811324086	4.74493212836325	10.2237578145811	0.764962914071964
BA_only	hippocampus	AA	psi	chr6_27213710_27214134	chr6	27213710	27214134	57	57	0	0	0.0214301903920505	0.975932065139872	3.38899313232507	3.38899313232507	424	107	Intergenic	0	Heritable	0.179316151868406	0.612554257308103	0.0096489586966076	22871	0	0	1.79316151868406	6.04973345523196	4.68213122712422	10.0376687340021	1.220532869113
BA_only	hippocampus	AA	psi	chr6_27217782_27218688	chr6	27217782	27218688	52	52	0	0	0.0195857207289557	0.973631121108853	2.72128319813175	-2.72128319813175	906	113	Intergenic	0	Non-heritable	0.0997651744391228	0.613447192532671	0.0106956736079188	18317	0	0	0.997651744391228	6.80903930604298	4.7361984483945	9.81563946196293	1.00110353675601
BA_only	hippocampus	AA	psi	chr6_27228038_27228337	chr6	27228038	27228337	62	62	0	0	0.0763041309021766	0.987408598172976	3.63025706601567	-3.63025706601567	299	110	Intergenic	0	Heritable	0.10627063871394	0.599193348019731	0.00972715944853954	8668	0	0	1.0627063871394	5.70044357339069	4.70953020131233	9.06750872286864	1.28930346560818
BA_only	hippocampus	AA	psi	chr6_27229738_27229944	chr6	27229738	27229944	62	62	0	0	0.000995949818980084	0.718066796783097	4.04867574675142	-4.04867574675142	206	107	Intergenic	0	Heritable	0.165912849341508	0.589350129425497	0.00771537739422348	7061	0	0	1.65912849341508	5.32787616878958	4.68213122712422	8.86248357648833	1.39838985400929
BA_only	hippocampus	AA	psi	chr6_27268908_27269494	chr6	27268908	27269494	66	66	0	0	0.0327085539424596	0.978956589179054	3.48261441487711	3.48261441487711	586	111	Intergenic	0	Heritable	0.10992330056667	0.596579841840832	0.00639646787432265	13921	0	0	1.0992330056667	6.37331978957701	4.71849887129509	9.54122560172861	1.24778328323961
BA_only	hippocampus	AA	psi	chr6_27301564_27303661	chr6	27301564	27303661	54	54	0	0	0.0207687532358685	0.975856666808667	2.7232882928754	2.7232882928754	2097	113	Genic/other	0	Heritable	0.175012718272412	0.641968626211052	0.00687337879245902	42129	0	0	1.75012718272412	7.64826303090192	4.7361984483945	10.6485153549731	1.00184008501522
BA_only	hippocampus	AA	psi	chr6_27334147_27334482	chr6	27334147	27334482	29	29	0	0	0.0880020757425495	0.988886294316429	1.57339769066384	-1.57339769066384	335	114	Intergenic	0	Heritable	0.103672998536718	0.605673111315194	0.00937350202713532	11308	0	0	1.03672998536718	5.81413053182507	4.74493212836325	9.33335414787133	0.453237421531386
BA_only	hippocampus	AA	psi	chr6_27477940_27478257	chr6	27477940	27478257	160	160	0	0	0.0186656014036794	0.972503866121758	2.36216111908848	-2.36216111908848	317	117	Genic/other	0	Heritable	0.149441893235865	0.627933766566957	0.00887442489812412	0	0	0	1.49441893235865	5.75890177387728	4.77068462446567	0	0.859576932674764
BA_only	hippocampus	AA	psi	chr6_27539115_27539336	chr6	27539115	27539336	206	206	0	0	0.000712754106244072	0.671447004337083	3.14141519327306	-3.14141519327306	221	124	Intergenic	0	Heritable	0.153476763240581	0.677116627536472	0.0081059879333676	4251	0	0	1.53476763240581	5.39816270151775	4.8283137373023	8.35514473946184	1.14467340006399
BA_only	hippocampus	AA	psi	chr6_27541185_27541505	chr6	27541185	27541505	206	206	0	0	0.00277418373254784	0.842029831452187	5.07045498599303	-5.07045498599303	320	119	Intergenic	0	Non-heritable	0.0663700400733071	0.629418270670437	0.00886349869571465	2082	0	0	0.663700400733071	5.76832099579377	4.78749174278205	7.64156444126097	1.62343055637586
BA_only	hippocampus	AA	psi	chr6_27564219_27565548	chr6	27564219	27565548	207	207	0	0	0.00795263916285748	0.933559278800072	2.49498970531016	-2.49498970531016	1329	113	Genic/other	0	Non-heritable	0.0827002122553461	0.545514220007866	0.00662087674374185	19075	0	0	0.827002122553461	7.19218205871325	4.7361984483945	9.85618627941811	0.91428460707481
BA_only	hippocampus	AA	psi	chr6_27618353_27618604	chr6	27618353	27618604	206	206	0	0	0.0260865701307164	0.975932065139872	2.52285736204169	-2.52285736204169	251	122	Intergenic	0	Non-heritable	0.0824690789500439	0.637682338736158	0.00807679148642319	49523	0	0	0.824690789500439	5.52545293913178	4.81218435537242	10.8102126795406	0.925392136963749
BA_only	hippocampus	AA	psi	chr6_27652982_27653955	chr6	27652982	27653955	208	208	0	0	0.00967601040757516	0.939841915020693	2.47306059002074	2.47306059002074	973	124	Promoter	0	Non-heritable	0.0541163381857094	0.495706076710481	0.00853266016938578	14172	0	0	0.541163381857094	6.88038408218601	4.8283137373023	9.5590940251669	0.905456492897654
BA_only	hippocampus	AA	psi	chr6_27738325_27738759	chr6	27738325	27738759	207	207	0	0	0.00583419227858471	0.91658260669542	3.18018078425672	3.18018078425672	434	127	Promoter	0	Non-heritable	0.0814388718691969	0.644799764923313	0.00697995420571461	0	0	0	0.814388718691969	6.07304453410041	4.85203026391962	0	1.15693804871583
BA_only	hippocampus	AA	psi	chr6_27761755_27762163	chr6	27761755	27762163	206	206	0	0	0.0153097229650153	0.967076513219291	3.75594956521185	3.75594956521185	408	122	Genic/other	0	Heritable	0.249819284409086	0.765603130514362	0.0104451059108297	0	0	0	2.49819284409086	6.01126717440416	4.81218435537242	0	1.32334113612593
BA_only	hippocampus	AA	psi	chr6_27826376_27827808	chr6	27826376	27827808	200	200	0	0	0.00229509853109566	0.820192749465547	2.16044657725148	-2.16044657725148	1432	115	Intergenic	2	Non-heritable	0.034592205528185	0.488704323740659	0.00774643932034119	11229	0	0	0.34592205528185	7.26682734752059	4.75359019110636	9.32634404773249	0.77031495368271
BA_only	hippocampus	AA	psi	chr6_27901833_27902122	chr6	27901833	27902122	324	324	0	0	0.000794244222286649	0.683148985370606	2.25422807275534	2.25422807275534	289	114	Genic/other	0	Heritable	0.151326548563099	0.563289563013218	0.00958685946118391	14233	0	0	1.51326548563099	5.66642668811243	4.74493212836325	9.56338874785922	0.81280760071796
BA_only	hippocampus	AA	psi	chr6_27903501_27903739	chr6	27903501	27903739	324	324	0	0	0.000437224587457145	0.600933463320688	7.88139326734409	-7.88139326734409	238	113	Intergenic	0	Heritable	0.123290830559325	0.557381375578185	0.00911345917559862	15901	0	0	1.23290830559325	5.47227067367148	4.7361984483945	9.67420016646143	2.06450470008611
BA_only	hippocampus	AA	psi	chr6_28162241_28162647	chr6	28162241	28162647	175	175	0	0	0.000735213141288839	0.676738315160382	4.62207695008237	4.62207695008237	406	115	Promoter	0	Heritable	0.101509760840304	0.543395653082113	0.00678826595344423	0	0	0	1.01509760840304	6.00635315960173	4.75359019110636	0	1.53084416253191
BA_only	hippocampus	AA	psi	chr6_28219561_28220753	chr6	28219561	28220753	179	179	0	0	0.013471379083843	0.964283399649536	1.88741628980341	1.88741628980341	1192	114	Promoter	1	Non-heritable	0.0185709366036187	0.446032037144941	0.00947690616493609	996	0	0	0.185709366036187	7.0833878476253	4.74493212836325	6.90475076996184	0.635208856682783
BA_only	hippocampus	AA	psi	chr6_28224015_28224679	chr6	28224015	28224679	179	179	0	0	0.00499180591280159	0.908606669964064	2.34818179164824	2.34818179164824	664	116	Promoter	1	Heritable	0.103694448789793	0.612824306011228	0.0113733695980814	588	0	0	1.03694448789793	6.49828214947643	4.76217393479776	6.37842618365159	0.853641327268366
BA_only	hippocampus	AA	psi	chr6_28282396_28282690	chr6	28282396	28282690	181	181	0	0	0.00246161692060279	0.824728302674626	6.91118953493516	-6.91118953493516	294	116	Genic/other	1	Heritable	0.12043976509917	0.650154620340248	0.0111267020797925	0	0	0	1.2043976509917	5.68357976733868	4.76217393479776	0	1.93314177129012
BA_only	hippocampus	AA	psi	chr6_28381025_28382871	chr6	28381025	28382871	131	131	0	0	0.00345346609629203	0.866906756094015	1.76995644545518	1.76995644545518	1846	120	Genic/other	2	Non-heritable	0.027127354426954	0.45143634032968	0.0115344119326939	17035	0	0	0.27127354426954	7.5207764150628	4.79579054559674	9.7430840310431	0.570954944845366
BA_only	hippocampus	AA	psi	chr6_28478629_28479570	chr6	28478629	28479570	60	60	0	0	0.0251822485778309	0.975932065139872	2.74152459211002	-2.74152459211002	941	112	Genic/other	0	Non-heritable	0.0597256201812374	0.518219571323514	0.00833990452206302	0	0	0	0.597256201812374	6.84694313958538	4.72738781871234	0	1.00851418978122
BA_only	hippocampus	AA	psi	chr6_28488934_28489070	chr6	28488934	28489070	62	62	0	0	0.00196308027610487	0.80614848610333	2.06659892924783	2.06659892924783	136	109	Promoter	0	Heritable	0.101584576445671	0.597106790807209	0.00947225613392388	0	0	0	1.01584576445671	4.91265488573605	4.70048036579242	0	0.725904231514249
BA_only	hippocampus	AA	psi	chr6_28621242_28621601	chr6	28621242	28621601	38	38	0	0	0.0275370733587357	0.975932065139872	0.761921053549751	0.761921053549751	359	113	Intergenic	0	Non-heritable	0.0585038646741016	0.563704852799417	0.014470397580333	13457	0	0	0.585038646741016	5.88332238848828	4.7361984483945	9.50732900374826	-0.271912319803483
BA_only	hippocampus	AA	psi	chr6_28634088_28634267	chr6	28634088	28634267	38	38	0	0	0.0169104814771173	0.970581273335112	1.44593473775458	1.44593473775458	179	108	Promoter	1	Non-heritable	0.0584740357767739	0.526890552709433	0.00733372202830391	791	0	0	0.584740357767739	5.18738580584076	4.69134788222914	6.67456139181443	0.368755996684186
BA_only	hippocampus	AA	psi	chr6_28694926_28697266	chr6	28694926	28697266	34	34	0	0	0.0367537667399331	0.980549382116533	1.83517077167317	-1.83517077167317	2340	107	Intergenic	0	Non-heritable	0.0945269972243803	0.533274504409859	0.016106216417934	0	0	0	0.945269972243803	7.75790620835175	4.68213122712422	0	0.60713754620758
BA_only	hippocampus	AA	psi	chr6_28730754_28734207	chr6	28730754	28734207	34	34	0	0	0.0298735861724903	0.976741514025636	0.992203069590893	-0.992203069590893	3453	110	Promoter	0	Non-heritable	0.0952682403827533	0.522539166256202	0.00940219660373727	4364	0	0	0.952682403827533	8.14699869738999	4.70953020131233	8.3813734682737	-0.00782747531946808
BA_only	hippocampus	AA	psi	chr6_28739465_28739675	chr6	28739465	28739675	73	73	0	0	0.0207643444437126	0.975856666808667	10.056651902657	-10.056651902657	210	110	Intergenic	0	Non-heritable	0.0300533859957624	0.44108159576152	0.00827198964462244	0	0	0	0.300533859957624	5.34710753071747	4.70953020131233	0	2.30823429741431
BA_only	hippocampus	AA	psi	chr6_28740469_28742561	chr6	28740469	28742561	73	73	0	0	0.0149922793190323	0.966167725188189	3.10418215959822	3.10418215959822	2092	111	Intergenic	0	Non-heritable	0.0575856260853163	0.430109996828767	0.0120315204592819	0	0	0	0.575856260853163	7.64587582518481	4.71849887129509	0	1.13275028925808
BA_only	hippocampus	AA	psi	chr6_28744130_28746407	chr6	28744130	28746407	73	73	0	0	0.00831979271252696	0.933559278800072	4.08716910843642	-4.08716910843642	2277	101	Intergenic	0	Non-heritable	0.0666255554840269	0.52555733435529	0.00934757651790534	0	0	0	0.666255554840269	7.73061406606374	4.62497281328427	0	1.40785258332877
BA_only	hippocampus	AA	psi	chr6_2875236_2876221	chr6	2875236	2876221	198	198	0	0	0.00130604687407652	0.751221462279749	4.76724927527061	-4.76724927527061	985	639	Promoter	2	Heritable	0.118249343465801	0.943497948039315	0.0115940188888175	0	0	0	1.18249343465801	6.89264164117209	6.46146817635372	0	1.56176946880771
BA_only	hippocampus	AA	psi	chr6_2876473_2876819	chr6	2876473	2876819	198	198	0	0	0.00325897664945278	0.857374229512349	3.69363768763543	-3.69363768763543	346	652	Promoter	1	Heritable	0.152046817729928	0.961143004171869	0.00532916760676766	0	0	0	1.52046817729928	5.84643877505773	6.48157712927643	0	1.30661179836265
BA_only	hippocampus	AA	psi	chr6_28885040_28885524	chr6	28885040	28885524	89	89	0	0	0.00122062743871061	0.742147886027533	3.90568433638745	3.90568433638745	484	97	Intergenic	0	Heritable	0.170831458539466	0.623707094639184	0.0117027498511323	20721	0	0	1.70831458539466	6.18208490671663	4.58496747867057	9.9389512168117	1.36243301669217
BA_only	hippocampus	AA	psi	chr6_28895906_28895980	chr6	28895906	28895980	83	83	0	0	0.00323698874791146	0.856251275349336	3.45461588984325	-3.45461588984325	74	114	Promoter	1	Non-heritable	0.0412980205196424	0.456075685567256	0.00780243575559518	11281	0	0	0.412980205196424	4.30406509320417	4.74493212836325	9.33096381429992	1.23971127877999
BA_only	hippocampus	AA	psi	chr6_29004288_29005114	chr6	29004288	29005114	84	84	0	0	0.00413431622742156	0.882451906214339	5.00423576409608	5.00423576409608	826	126	Genic/other	0	Heritable	0.11751878746746	0.597920000202354	0.0126708426088101	0	0	0	1.1751878746746	6.71659477352098	4.84418708645859	0	1.6102847086202
BA_only	hippocampus	AA	psi	chr6_29014698_29015259	chr6	29014698	29015259	91	91	0	0	0.00255201746177348	0.83143043102462	3.52159228414035	-3.52159228414035	561	131	Intergenic	1	Heritable	0.124465757448468	0.606850934045352	0.00932880314022721	7034	0	0	1.24465757448468	6.3297209055227	4.88280192258637	8.85865296954849	1.25891324361762
BA_only	hippocampus	AA	psi	chr6_29653598_29653865	chr6	29653598	29653865	130	130	0	0	0.00715288765039694	0.931602204679102	2.88914042669626	2.88914042669626	267	171	Genic/other	1	Non-heritable	0.0805385047480127	0.478638690693922	0.0113125172625432	627	0	0	0.805385047480127	5.58724865840025	5.14749447681345	6.4425401664682	1.06095903113553
BA_only	hippocampus	AA	psi	chr6_29656215_29661106	chr6	29656215	29661106	130	130	0	0	0.00530254954502497	0.911505484735131	5.33990117236172	5.33990117236172	4891	176	Promoter	0	Non-heritable	0.0367756468210483	0.471178550228752	0.00970014238459752	0	0	0	0.367756468210483	8.49515206053936	5.17614973257383	0	1.67520714762517
BA_only	hippocampus	AA	psi	chr6_29680459_29681358	chr6	29680459	29681358	181	181	0	0	0.0187582773974877	0.972503866121758	4.71398733690881	4.71398733690881	899	182	Promoter	0	Heritable	0.594561088029086	0.879520153351411	0.0270977148856131	0	0	0	5.94561088029086	6.80128303447162	5.20948615284142	0	1.55053412035862
BA_only	hippocampus	AA	psi	chr6_29701961_29702860	chr6	29701961	29702860	193	193	0	0	0.0190611782560718	0.97294422691241	3.5639176641849	-3.5639176641849	899	174	Intergenic	0	Heritable	0.158324441003653	0.811605843479413	0.01020560857561	0	0	0	1.58324441003653	6.80128303447162	5.16478597392351	0	1.27086041006705
BA_only	hippocampus	AA	psi	chr6_29712798_29714145	chr6	29712798	29714145	202	202	0	0	0.0111812062930352	0.948703871232836	5.25081107414695	-5.25081107414695	1347	168	Intergenic	0	Heritable	0.523927522404564	0.825713670623593	0.00978473807886691	0	0	0	5.23927522404564	7.20563517641036	5.12989871492307	0	1.65838255688931
BA_only	hippocampus	AA	psi	chr6_29755454_29755704	chr6	29755454	29755704	239	239	0	0	0.000123361577622881	0.416727663010105	2.72485726103386	-2.72485726103386	250	178	Genic/other	1	Heritable	0.108286770650818	0.731036483677154	0.00869388756589421	0	0	0	1.08286770650818	5.52146091786225	5.18738580584076	0	1.0024160491412
BA_only	hippocampus	AA	psi	chr6_29802836_29803643	chr6	29802836	29803643	259	259	0	0	0.00209849289892008	0.815140093767026	3.91346790274199	-3.91346790274199	807	175	Intergenic	1	Heritable	0.392323650839815	0.864510556969533	0.00836130088362063	0	0	0	3.92323650839815	6.69332366826995	5.17048399503815	0	1.36442391510866
BA_only	hippocampus	AA	psi	chr6_29848834_29850254	chr6	29848834	29850254	405	405	0	0	0.000327383775993158	0.554941236144542	8.97521198941681	-8.97521198941681	1420	174	Intergenic	1	Heritable	0.162875044053521	0.707980394524995	0.00448195536828074	18065	0	0	1.62875044053521	7.25841215059531	5.16478597392351	9.80178699770979	2.19446655520031
BA_only	hippocampus	AA	psi	chr6_29870303_29872384	chr6	29870303	29872384	407	407	0	0	0.00061472046808185	0.656556947226755	12.4476116348421	12.4476116348421	2081	188	Genic/other	0	Heritable	0.599606519059525	0.896392535541632	0.00719592306783332	13993	0	0	5.99606519059525	7.64060382639363	5.24174701505964	9.54638394530584	2.52152876875223
BA_only	hippocampus	AA	psi	chr6_29882896_29887380	chr6	29882896	29887380	402	402	0	0	0.00334452203559849	0.864047809301533	7.26494211451974	7.26494211451974	4484	181	Promoter	2	Heritable	0.160195581094041	0.844463326219317	0.00954130142786554	0	0	0	1.60195581094041	8.40827078419205	5.2040066870768	0	1.98306033064774
BA_only	hippocampus	AA	psi	chr6_29888840_29892650	chr6	29888840	29892650	402	402	0	0	0.000162379332764629	0.452879333035931	30.1285044518815	30.1285044518815	3810	175	Promoter	2	Heritable	0.207939917063491	0.769131063239714	0.011573975713622	0	0	0	2.07939917063491	8.24538446812075	5.17048399503815	0	3.40547171572979
BA_only	hippocampus	AA	psi	chr6_29896109_29902489	chr6	29896109	29902489	403	403	0	0	0.00162803035697715	0.786209776683368	9.0282848907942	9.0282848907942	6380	174	Promoter	0	Heritable	0.202425835659963	0.743262727121041	0.00968967546201393	0	0	0	2.02425835659963	8.76092337633884	5.16478597392351	0	2.20036241592238
BA_only	hippocampus	AA	psi	chr6_29904524_29919250	chr6	29904524	29919250	403	403	0	0	0.000474907507476335	0.604162640906295	14.9256395853309	14.9256395853309	14726	188	Promoter	0	Heritable	0.281074368877467	0.733108728559087	0.0102249576087384	0	0	0	2.81074368877467	9.59736991792866	5.24174701505964	0	2.70308051231898
BA_only	hippocampus	AA	psi	chr6_2990893_2991199	chr6	2990893	2991199	173	173	0	0	0.000760786749564988	0.680174427388751	2.70571233208036	2.70571233208036	306	701	Genic/other	1	Heritable	0.18432897774932	0.940782683781766	0.0116150042632594	0	0	0	1.8432897774932	5.72358510195238	6.55393340402581	0	0.995365220358249
BA_only	hippocampus	AA	psi	chr6_29920963_29922796	chr6	29920963	29922796	394	394	0	0	6.21672583427272e-05	0.301194991102085	6.00825206191036	-6.00825206191036	1833	188	Intergenic	1	Heritable	0.265321225659241	0.718479908477435	0.0126660149482288	0	0	0	2.65321225659241	7.51370924783971	5.24174701505964	0	1.79313386962537
BA_only	hippocampus	AA	psi	chr6_29924210_29926391	chr6	29924210	29926391	394	394	0	0	0.00135470050559042	0.756224651648095	9.14071868776412	-9.14071868776412	2181	181	Promoter	3	Heritable	0.2301012633467	0.724631504459095	0.01041727199356	0	0	0	2.301012633467	7.68753876620163	5.2040066870768	0	2.21273901451521
BA_only	hippocampus	AA	psi	chr6_29927410_29928967	chr6	29927410	29928967	394	394	0	0	0.00370817973261934	0.867953489674172	18.9236539078617	18.9236539078617	1557	184	Promoter	1	Heritable	0.217236856205638	0.781886530792022	0.00654062051977238	0	0	0	2.17236856205638	7.350516171834	5.22035582507832	0	2.94041266960028
BA_only	hippocampus	AA	psi	chr6_29937771_29941114	chr6	29937771	29941114	394	394	0	0	0.00101189148950756	0.720014968907702	5.93590720817525	5.93590720817525	3343	174	Promoter	2	Heritable	0.419384370936849	0.874992714049535	0.0162107825427604	1911	0	0	4.19384370936849	8.1146238864201	5.16478597392351	7.55590509361135	1.78101987538161
BA_only	hippocampus	AA	psi	chr6_29943299_29943589	chr6	29943299	29943589	394	394	0	0	0.00156921224958966	0.778483762181663	4.60928310529746	-4.60928310529746	290	176	Promoter	1	Heritable	0.163946736026956	0.775716246519733	0.00918432688776336	30	0	0	1.63946736026956	5.66988092298052	5.17614973257383	3.43398720448515	1.52807233847311
BA_only	hippocampus	AA	psi	chr6_29944528_29945634	chr6	29944528	29945634	394	394	0	0	0.00190852608770127	0.801360789073658	4.02240324534442	4.02240324534442	1106	179	Genic/other	2	Heritable	0.358071777422701	0.842277632589003	0.00806916151845013	0	0	0	3.58071777422701	7.00850518208228	5.19295685089021	0	1.39187954871747
BA_only	hippocampus	AA	psi	chr6_29947973_29951162	chr6	29947973	29951162	396	396	0	0	0.00482350399783292	0.903845859635741	5.55207141054388	5.55207141054388	3189	179	Intergenic	0	Heritable	0.360364056606304	0.860632839337377	0.0119600654372393	0	0	0	3.60364056606304	8.06746266701006	5.19295685089021	0	1.71417108705258
BA_only	hippocampus	AA	psi	chr6_29975174_29976371	chr6	29975174	29976371	390	390	0	0	0.00503815323698749	0.909885926705608	6.74316363085737	6.74316363085737	1197	184	Genic/other	1	Heritable	0.173995548654733	0.758791428388772	0.00764841686029951	0	0	0	1.73995548654733	7.08757370555797	5.22035582507832	0	1.90852919771504
BA_only	hippocampus	AA	psi	chr6_29984581_29987340	chr6	29984581	29987340	389	389	0	0	0.00520099420206481	0.910521893616427	4.211610216715	-4.211610216715	2759	187	Genic/other	0	Heritable	0.256272972859381	0.917783162242887	0.0125263192369622	0	0	0	2.56272972859381	7.92262357421729	5.23644196282995	0	1.43784505122313
BA_only	hippocampus	AA	psi	chr6_29994869_29997784	chr6	29994869	29997784	390	390	0	0	0.00203623137151534	0.809262759331331	3.69548447614809	3.69548447614809	2915	172	Promoter	0	Heritable	0.260985808849961	0.910124381618581	0.0118064873681584	0	0	0	2.60985808849961	7.97762509878459	5.15329159449778	0	1.30711166519532
BA_only	hippocampus	AA	psi	chr6_30052267_30055335	chr6	30052267	30055335	543	543	0	0	0.000382639459296269	0.579438373379997	3.54134795882754	-3.54134795882754	3068	165	Genic/other	0	Heritable	0.336437703986154	0.855374453355212	0.0101599031305248	0	0	0	3.36437703986154	8.02878116248715	5.11198778835654	0	1.26450743682123
BA_only	hippocampus	AA	psi	chr6_30071275_30071823	chr6	30071275	30071823	542	542	0	0	0.00142931921079251	0.761222352305806	5.30194765020337	-5.30194765020337	548	160	Genic/other	2	Heritable	0.256486632769072	0.817694251117096	0.00994375295408542	2684	0	0	2.56486632769072	6.30627528694802	5.08140436498446	7.89543600694297	1.66807423610995
BA_only	hippocampus	AA	psi	chr6_30515342_30515844	chr6	30515342	30515844	281	281	0	0	0.0102761457904169	0.944902218841749	4.52589785632169	4.52589785632169	502	177	Promoter	0	Heritable	0.328910021499554	0.727618721273407	0.00785234845291002	34091	0	0	3.28910021499554	6.21860011969173	5.18178355029209	10.4368180316422	1.50981598096506
BA_only	hippocampus	AA	psi	chr6_30627595_30627938	chr6	30627595	30627938	86	86	0	0	0.00647302930794872	0.92284858637232	2.95505111959219	-2.95505111959219	343	194	Promoter	0	Non-heritable	0.0368200904820138	0.573352093931552	0.0101210733525591	134	0	0	0.368200904820138	5.83773044716594	5.27299955856375	4.90527477843843	1.08351595344684
BA_only	hippocampus	AA	psi	chr6_30875720_30877094	chr6	30875720	30877094	221	221	0	0	0.0129823755732726	0.964283399649536	4.30158293974454	4.30158293974454	1374	231	Promoter	0	Heritable	0.132263916232975	0.733550665930039	0.0095074717105551	0	0	0	1.32263916232975	7.22548147278229	5.44673737166631	0	1.45898308280465
BA_only	hippocampus	AA	psi	chr6_30877833_30878974	chr6	30877833	30878974	220	220	0	0	0.00655406073462719	0.924139108544592	9.64483885345796	-9.64483885345796	1141	237	Enhancer	0	Non-heritable	0.0620328737674926	0.609079570993553	0.00455023990180836	0	0	0	0.620328737674926	7.03966034986208	5.47227067367148	0	2.26642293947453
BA_only	hippocampus	AA	psi	chr6_31020507_31020691	chr6	31020507	31020691	219	219	0	0	0.00973611328723524	0.939841915020693	9.06318394357413	-9.06318394357413	184	260	Genic/other	0	Heritable	0.118777927922453	0.807684749109631	0.00798267103411794	19740	0	0	1.18777927922453	5.21493575760899	5.56452040732269	9.89045297026567	2.20422048807223
BA_only	hippocampus	AA	psi	chr6_31065972_31066516	chr6	31065972	31066516	215	215	0	0	0.015546973588891	0.967076513219291	4.8692524557361	4.8692524557361	544	264	Intergenic	0	Non-heritable	0.062995037043505	0.697061733853027	0.00848522881555233	1962	0	0	0.62995037043505	6.29894924685594	5.57972982598622	7.58222919427646	1.58294042751704
BA_only	hippocampus	AA	psi	chr6_31067604_31068445	chr6	31067604	31068445	215	215	0	0	0.0101313896199531	0.944902218841749	4.67874886577242	-4.67874886577242	841	263	Intergenic	0	Heritable	0.165772732861198	0.745264276009497	0.00982182257626203	3594	0	0	1.65772732861198	6.73459165997295	5.57594910314632	8.18729927015515	1.54303073995273
BA_only	hippocampus	AA	psi	chr6_31099572_31101532	chr6	31099572	31101532	197	197	0	0	0.00981420197466772	0.940742953016407	5.93818998918017	-5.93818998918017	1960	267	Intergenic	0	Heritable	0.55105317147314	0.904273699461926	0.0100894548190082	13358	0	0	5.5105317147314	7.58069975222456	5.59098698051086	9.49994559398981	1.78140437299709
BA_only	hippocampus	AA	psi	chr6_31128427_31129301	chr6	31128427	31129301	204	204	0	0	0.00363691453643514	0.866906756094015	5.82778991484021	-5.82778991484021	874	280	Genic/other	0	Non-heritable	0.0534780681053758	0.693615362492487	0.0061726570407418	0	0	0	0.534780681053758	6.77308037565554	5.63835466933375	0	1.76263784184256
BA_only	hippocampus	AA	psi	chr6_31209684_31211123	chr6	31209684	31211123	119	119	0	0	0.0132713900979103	0.964283399649536	2.55399902981796	-2.55399902981796	1439	277	Intergenic	0	Heritable	0.553054697936716	0.875073260053352	0.00977226492582904	7311	0	0	5.53054697936716	7.27170370688737	5.62762111369064	8.89727211313399	0.937660381658029
BA_only	hippocampus	AA	psi	chr6_31245675_31246568	chr6	31245675	31246568	128	128	0	0	0.00367159461365712	0.867953489674172	3.04748550625775	3.04748550625775	893	286	Intergenic	0	Heritable	0.179251947723827	0.797282642324014	0.0128435357578375	22956	0	0	1.79251947723827	6.7945865808765	5.65948221575962	10.0413781798756	1.11431682969842
BA_only	hippocampus	AA	psi	chr6_31251808_31253072	chr6	31251808	31253072	128	128	0	0	0.00579112433438735	0.91658260669542	3.64105010612357	-3.64105010612357	1264	282	Intergenic	0	Heritable	0.292916255315305	0.885915347315007	0.00653561671020269	16452	0	0	2.92916255315305	7.1420365747068	5.64544689764324	9.70826311038665	1.29227213348296
BA_only	hippocampus	AA	psi	chr6_31260568_31266915	chr6	31260568	31266915	128	128	0	0	0.0132032677477682	0.964283399649536	1.76343176264134	1.76343176264134	6347	285	Intergenic	0	Heritable	0.77264537756433	0.912481585438219	0.0143431275458111	2609	0	0	7.7264537756433	8.75573753930647	5.65599181081985	7.86710550031674	0.567261781338424
BA_only	hippocampus	AA	psi	chr6_3126544_3126749	chr6	3126544	3126749	124	124	0	0	0.00246154437940142	0.824728302674626	4.4734743336813	-4.4734743336813	205	686	Promoter	0	Heritable	0.112356274922018	0.967618904390962	0.00714722662668611	2886	0	0	1.12356274922018	5.32300997913841	6.53233429222235	7.96797317966294	1.49816536481109
BA_only	hippocampus	AA	psi	chr6_31269006_31270348	chr6	31269006	31270348	128	128	0	0	0.00873160520753136	0.933559278800072	2.63976572394137	2.63976572394137	1342	267	Promoter	2	Heritable	0.589347615135973	0.886961346594115	0.0133020254437587	0	0	0	5.89347615135973	7.20191631753163	5.59098698051086	0	0.970690176077431
BA_only	hippocampus	AA	psi	chr6_31270974_31271086	chr6	31270974	31271086	128	128	0	0	4.78312841324609e-05	0.270243597084104	2.47966310349375	2.47966310349375	112	262	Promoter	2	Heritable	0.174743099804017	0.836508975996423	0.00791105565898099	1007	0	0	1.74743099804017	4.71849887129509	5.57215403217777	6.91572344863131	0.908122709616456
BA_only	hippocampus	AA	psi	chr6_31273007_31273359	chr6	31273007	31273359	128	128	0	0	0.00622632167229367	0.920376068783091	2.7892844348542	2.7892844348542	352	269	Promoter	1	Heritable	0.101143218938223	0.782874143487316	0.00934079142899704	3040	0	0	1.01143218938223	5.8636311755981	5.59842195899838	8.01994168767737	1.02578509156044
BA_only	hippocampus	AA	psi	chr6_31274404_31275693	chr6	31274404	31275693	128	128	0	0	0.00957681771989811	0.939841915020693	2.93536221602564	-2.93536221602564	1289	268	Promoter	1	Heritable	0.179436908388264	0.817024793579181	0.00618148702739139	4437	0	0	1.79436908388264	7.16162200293919	5.59471137960184	8.39795910349254	1.07683086168729
BA_only	hippocampus	AA	psi	chr6_31299355_31301217	chr6	31299355	31301217	141	141	0	0	0.00139438505309657	0.759071555562182	3.60116263344615	-3.60116263344615	1862	264	Genic/other	0	Heritable	0.597101427285449	0.876357557841459	0.00822553191675273	29388	0	0	5.97101427285449	7.52940645783701	5.57972982598622	10.2883757336555	1.28125674983565
BA_only	hippocampus	AA	psi	chr6_31307866_31308133	chr6	31307866	31308133	134	134	0	0	0.0192543896513517	0.973330286765374	4.11440485733946	-4.11440485733946	267	265	Enhancer	1	Heritable	0.221718888900639	0.804324185481557	0.0113307238062962	37899	0	0	2.21718888900639	5.58724865840025	5.5834963087817	10.5427063910705	1.41449419847891
BA_only	hippocampus	AA	psi	chr6_31312130_31313165	chr6	31312130	31313165	118	118	0	0	0.0099285112297196	0.944143738365007	4.16290412646963	-4.16290412646963	1035	263	Genic/other	1	Heritable	0.118632061389864	0.833365718955964	0.0141716213852287	41499	0	0	1.18632061389864	6.94215670569947	5.57594910314632	10.6334487062188	1.4262129404362
BA_only	hippocampus	AA	psi	chr6_31317425_31321140	chr6	31317425	31321140	110	110	0	0	0.00304380116839511	0.846573428968813	2.95066431728143	-2.95066431728143	3715	264	Intergenic	0	Heritable	0.490440537291854	0.840669124407327	0.0180129226304079	33524	0	0	4.90440537291854	8.22013395715186	5.57972982598622	10.4200467081499	1.08203034068761
BA_only	hippocampus	AA	psi	chr6_31326277_31326607	chr6	31326277	31326607	110	110	0	0	0.00635792951716914	0.920376068783091	1.8437832529447	-1.8437832529447	330	261	Intergenic	0	Heritable	0.583090557753608	0.890603587635026	0.0640055560051269	28057	0	0	5.83090557753608	5.79909265446053	5.5683445037611	10.2420290752787	0.611819581862417
BA_only	hippocampus	AA	psi	chr6_31329176_31332220	chr6	31329176	31332220	111	111	0	0	0.0105936932564495	0.944902218841749	3.4256326997276	-3.4256326997276	3044	261	Intergenic	0	Heritable	0.636126317297868	0.905584554187979	0.0304377508983283	22444	0	0	6.36126317297868	8.02092771898158	5.5683445037611	10.018823151216	1.23128618742037
BA_only	hippocampus	AA	psi	chr6_31333274_31335501	chr6	31333274	31335501	111	111	0	0	0.00219107295735703	0.816522369956905	5.75111480643525	-5.75111480643525	2227	259	Intergenic	0	Heritable	0.521594007283347	0.905070864033471	0.0197569006237545	19163	0	0	5.21594007283347	7.70841066725737	5.56068163101553	9.86078879800301	1.74939371713592
BA_only	hippocampus	AA	psi	chr6_31336513_31337326	chr6	31336513	31337326	119	119	0	0	0.00136340024392782	0.758185047287174	2.71217714012814	-2.71217714012814	813	249	Intergenic	0	Heritable	0.639489657772019	0.898476190605004	0.0384235128011294	17338	0	0	6.39489657772019	6.70073110954781	5.52146091786225	9.76071357854467	0.997751688788545
BA_only	hippocampus	AA	psi	chr6_31343513_31345699	chr6	31343513	31345699	125	125	0	0	0.000465054559413346	0.604162640906295	5.48775690245728	-5.48775690245728	2186	248	Intergenic	0	Heritable	0.330162206191367	0.876275953348639	0.0107208224049123	8965	0	0	3.30162206191367	7.68982866873648	5.51745289646471	9.10119492471538	1.70251959506524
BA_only	hippocampus	AA	psi	chr6_31386156_31388065	chr6	31386156	31388065	125	125	0	0	0.00856795151073312	0.933559278800072	2.22375793158421	-2.22375793158421	1909	261	Intergenic	0	Heritable	0.6782999257843	0.883824544088282	0.015744566726409	0	0	0	6.782999257843	7.55433482372575	5.5683445037611	0	0.799198531249186
BA_only	hippocampus	AA	psi	chr6_31394072_31395554	chr6	31394072	31395554	129	129	0	0	0.00834415347613627	0.933559278800072	3.13745538063019	-3.13745538063019	1482	251	Promoter	0	Heritable	0.515422871175699	0.851223254161538	0.0112878423928074	0	0	0	5.15422871175699	7.30114780585603	5.52942908751142	0	1.14341208623099
BA_only	hippocampus	AA	psi	chr6_31399229_31399315	chr6	31399229	31399315	128	128	0	0	0.00456038217820179	0.897520405788695	3.43828582875649	-3.43828582875649	86	264	Promoter	1	Heritable	0.123643797277838	0.663770695370763	0.00928846305796404	0	0	0	1.23643797277838	4.45434729625351	5.57972982598622	0	1.2349730445042
BA_only	hippocampus	AA	psi	chr6_31440600_31440818	chr6	31440600	31440818	107	107	0	0	0.0158504601824578	0.967716068030647	6.26127624281193	-6.26127624281193	218	262	Promoter	0	Heritable	0.311938568677438	0.75930737979267	0.00847701596819532	1492	0	0	3.11938568677438	5.38449506278909	5.57215403217777	7.30854279753919	1.83438403858358
BA_only	hippocampus	AA	psi	chr6_31682958_31683485	chr6	31682958	31683485	130	130	0	0	0.0010638800498236	0.721965237965727	5.28945815645763	5.28945815645763	527	209	Promoter	1	Heritable	0.207729741483216	0.743083560743946	0.00831653264291711	0	0	0	2.07729741483216	6.26720054854136	5.34710753071747	0	1.66571581462386
BA_only	hippocampus	AA	psi	chr6_31817321_31817860	chr6	31817321	31817860	168	168	0	0	0.00292739423399283	0.846222391562562	3.70612545939488	-3.70612545939488	539	231	Genic/other	2	Non-heritable	0.0801409689557929	0.727663253821078	0.00985886292212319	4440	0	0	0.801409689557929	6.289715570909	5.44673737166631	8.3986348552921	1.30998698303613
BA_only	hippocampus	AA	psi	chr6_3195522_3196854	chr6	3195522	3196854	82	82	0	0	0.0284268653321087	0.975932065139872	3.2839276323646	3.2839276323646	1332	667	Promoter	0	Heritable	0.426175065033941	0.935484175897037	0.0135479801867266	0	0	0	4.26175065033941	7.19443685110034	6.50428817353665	0	1.18904015796273
BA_only	hippocampus	AA	psi	chr6_32008626_32009666	chr6	32008626	32009666	169	169	0	0	0.0185947724216061	0.972503866121758	5.77098924813611	-5.77098924813611	1040	198	Genic/other	0	Non-heritable	0.0656928181914788	0.732286537918073	0.0132585709301456	6502	0	0	0.656928181914788	6.94697599213542	5.29330482472449	8.78001888786915	1.75284351437484
BA_only	hippocampus	AA	psi	chr6_32096046_32096398	chr6	32096046	32096398	145	145	0	0	0.0011562549241619	0.72939557362483	3.46570950778096	-3.46570950778096	352	182	Genic/other	1	Heritable	0.104432523686365	0.698507708104487	0.00995779960561838	1807	0	0	1.04432523686365	5.8636311755981	5.20948615284142	7.49997654095212	1.24291737871631
BA_only	hippocampus	AA	psi	chr6_32163794_32164227	chr6	32163794	32164227	138	138	0	0	0.0114017917645164	0.951715111774742	5.69775335756259	-5.69775335756259	433	186	Promoter	1	Non-heritable	0.0771810393618871	0.680295869283122	0.00810696395785137	0	0	0	0.771810393618871	6.07073772800249	5.23110861685459	0	1.74007195110289
BA_only	hippocampus	AA	psi	chr6_3224754_3224888	chr6	3224754	3224888	74	74	0	0	0.0101541723599846	0.944902218841749	4.15415282674129	-4.15415282674129	134	691	Genic/other	1	Heritable	0.122713587863539	0.969870231410919	0.00741532158597586	1380	0	0	1.22713587863539	4.89783979995091	6.53958595561767	7.23056315340929	1.42410851744471
BA_only	hippocampus	AA	psi	chr6_32393029_32393938	chr6	32393029	32393938	56	56	0	0	0.0647875172752903	0.985907779499035	2.37269231925156	-2.37269231925156	909	220	Genic/other	0	Heritable	0.33583749990609	0.880935263832527	0.0126763355421571	1086	0	0	3.3583749990609	6.81234509417748	5.39816270151775	6.99117688712121	0.864025314286474
BA_only	hippocampus	AA	psi	chr6_32459540_32460769	chr6	32459540	32460769	39	39	0	0	0.00714589485883392	0.931602204679102	1.86651929772965	1.86651929772965	1229	239	Enhancer	0	Heritable	0.192367682449128	0.792234010138332	0.012460642174245	13439	0	0	1.92367682449128	7.11395610956603	5.48063892334199	9.50599061407714	0.6240753636692
BA_only	hippocampus	AA	psi	chr6_32472588_32473655	chr6	32472588	32473655	40	40	0	0	0.0024652956338772	0.824728302674626	2.10075270510764	2.10075270510764	1067	245	Promoter	0	Heritable	0.267675604260147	0.886053482153493	0.00835395927930339	553	0	0	2.67675604260147	6.97260625130175	5.50533153593236	6.31716468674728	0.742295716272167
BA_only	hippocampus	AA	psi	chr6_32477130_32480856	chr6	32477130	32480856	40	40	0	0	0.00557618771526895	0.914301706404424	2.80578448695391	2.80578448695391	3726	251	Intergenic	0	Heritable	0.580967346416344	0.917818624663877	0.00901771462156158	0	0	0	5.80967346416344	8.22309055116153	5.52942908751142	0	1.03168317793048
BA_only	hippocampus	AA	psi	chr6_32534789_32535711	chr6	32534789	32535711	28	28	0	0	0.0109464227132551	0.946441805516219	0.808967707749166	0.808967707749166	922	289	Intergenic	0	Heritable	0.187430988915976	0.884790815751053	0.0342704179320494	18254	0	0	1.87430988915976	6.82654522355659	5.66988092298052	9.81219429408974	-0.211996266614554
BA_only	hippocampus	AA	psi	chr6_32548589_32549020	chr6	32548589	32549020	28	28	0	0	0.0063103367571592	0.920376068783091	2.05236736128793	2.05236736128793	431	289	Intergenic	0	Heritable	0.210933307120073	0.881155425691033	0.0175854755095578	4945	0	0	2.10933307120073	6.06610809010375	5.66988092298052	8.50633444808136	0.718993942126486
BA_only	hippocampus	AA	psi	chr6_32550212_32551702	chr6	32550212	32551702	28	28	0	0	0.00347971514052192	0.866906756094015	1.25872477026496	1.25872477026496	1490	290	Promoter	0	Heritable	0.213427502525026	0.896696620312904	0.016884777915352	2263	0	0	2.13427502525026	7.30653139893951	5.67332326717149	7.72488843932307	0.230099129310664
BA_only	hippocampus	AA	psi	chr6_32580544_32581506	chr6	32580544	32581506	32	32	0	0	0.00805159478650353	0.933559278800072	1.08153339952174	-1.08153339952174	962	309	Genic/other	1	Heritable	0.202534466308733	0.919708842562679	0.0255811534503683	0	0	0	2.02534466308733	6.86901445066571	5.73657229747919	0	0.078379857770856
BA_only	hippocampus	AA	psi	chr6_32584220_32585365	chr6	32584220	32585365	33	33	0	0	0.0368946289184331	0.980549382116533	3.08988968511313	-3.08988968511313	1145	323	Promoter	2	Heritable	0.265797234675965	0.902793539962912	0.0171085032527919	0	0	0	2.65797234675965	7.04315991598834	5.78074351579233	0	1.1281353928981
BA_only	hippocampus	AA	psi	chr6_32586366_32588404	chr6	32586366	32588404	33	33	0	0	0.017280340112814	0.970581273335112	1.50473616958795	-1.50473616958795	2038	316	Enhancer	2	Heritable	0.261524069321843	0.897672811652168	0.0225505483121231	0	0	0	2.61524069321843	7.61972421378267	5.75890177387728	0	0.408617586879857
BA_only	hippocampus	AA	psi	chr6_32589627_32590360	chr6	32589627	32590360	33	33	0	0	0.0349270679533064	0.980327953711174	1.38192052907799	-1.38192052907799	733	326	Promoter	0	Heritable	0.540347153667211	0.87746687860009	0.0189097299438145	0	0	0	5.40347153667211	6.59714570188665	5.78996017089725	0	0.323474226643248
BA_only	hippocampus	AA	psi	chr6_32600670_32603022	chr6	32600670	32603022	45	45	0	0	0.011149307924636	0.948703871232836	2.40684550992131	-2.40684550992131	2352	321	Intergenic	0	Heritable	0.500501257969877	0.89557240518337	0.0308380591085133	11026	0	0	5.00501257969877	7.76302130901852	5.77455154554441	9.30810208975868	0.878316977232123
BA_only	hippocampus	AA	psi	chr6_32609040_32612724	chr6	32609040	32612724	44	44	0	0	0.0105784507524797	0.944902218841749	1.75723889491701	-1.75723889491701	3684	325	Enhancer	0	Heritable	0.339930900148504	0.892969437425825	0.0116446944536641	19396	0	0	3.39930900148504	8.2117543973752	5.78689738136671	9.87287369391829	0.563743773164066
BA_only	hippocampus	AA	psi	chr6_32629608_32631336	chr6	32629608	32631336	39	39	0	0	0.0467382418321309	0.982445572707507	0.621544061973028	-0.621544061973028	1728	315	Genic/other	0	Heritable	0.461899109389539	0.862516715795093	0.0550845214141219	10916	0	0	4.61899109389539	7.454719949364	5.75574221358691	9.29807648628027	-0.475548458279995
BA_only	hippocampus	AA	psi	chr6_32636760_32637506	chr6	32636760	32637506	39	39	0	0	0.00969565346543309	0.939841915020693	0.994217406990821	0.994217406990821	746	319	Promoter	0	Heritable	0.28865265189932	0.878752285824301	0.0345118689168638	4746	0	0	2.8865265189932	6.61472560020376	5.76832099579377	8.46526811855132	-0.00579936687632026
BA_only	hippocampus	AA	psi	chr6_32639041_32643916	chr6	32639041	32643916	42	42	0	0	0.0186013326560709	0.972503866121758	0.486020169630496	-0.486020169630496	4875	326	Enhancer	0	Heritable	0.393999091884591	0.904769506713982	0.0351953551170608	0	0	0	3.93999091884591	8.49187538343195	5.78996017089725	0	-0.721505134070204
BA_only	hippocampus	AA	psi	chr6_32661966_32662841	chr6	32661966	32662841	38	38	0	0	0.000210158313440558	0.491811708572313	1.05227453283522	-1.05227453283522	875	327	Promoter	2	Heritable	0.427396851804705	0.877318038554765	0.0118826916512231	0	0	0	4.27396851804705	6.77422388635761	5.79301360838414	0	0.0509540525450021
BA_only	hippocampus	AA	psi	chr6_32664862_32665106	chr6	32664862	32665106	38	38	0	0	0.00198837271875637	0.80651122630121	1.1894959812497	-1.1894959812497	244	321	Genic/other	1	Non-heritable	0.0539397628117864	0.692724972777546	0.00499568826918174	0	0	0	0.539397628117864	5.4971682252932	5.77455154554441	0	0.173529680641451
BA_only	hippocampus	AA	psi	chr6_32665470_32668699	chr6	32665470	32668699	38	38	0	0	0.00530242084008222	0.911505484735131	1.61218092553948	1.61218092553948	3229	331	Promoter	2	Heritable	0.226635656107714	0.845841070482979	0.00696567807701505	0	0	0	2.26635656107714	8.07992777075828	5.80513496891649	0	0.477587880676171
BA_only	hippocampus	AA	psi	chr6_32672716_32676188	chr6	32672716	32676188	38	38	0	0	0.0105460568437289	0.944902218841749	0.659704617141881	-0.659704617141881	3472	318	Intergenic	0	Heritable	0.518057857680674	0.853755152434836	0.0440378361955579	6216	0	0	5.18057857680674	8.15248607578024	5.76519110278484	8.73504275426934	-0.415963078768692
BA_only	hippocampus	AA	psi	chr6_32679356_32680378	chr6	32679356	32680378	38	38	0	0	0.00400827362387699	0.876947468203807	0.885518756238639	-0.885518756238639	1022	321	Intergenic	0	Heritable	0.319190969789722	0.865430761362096	0.0274398790664796	12856	0	0	3.19190969789722	6.92951677076365	5.77455154554441	9.46164368908425	-0.121581629167733
BA_only	hippocampus	AA	psi	chr6_32689053_32690532	chr6	32689053	32690532	39	39	0	0	0.00907522986135011	0.938585776116121	1.21443467796856	-1.21443467796856	1479	318	Enhancer	0	Heritable	0.491392848452442	0.881011147612156	0.0130848402220167	22553	0	0	4.91392848452442	7.2991214627108	5.76519110278484	10.0236677127922	0.194278691125268
BA_only	hippocampus	AA	psi	chr6_32700565_32700915	chr6	32700565	32700915	45	45	0	0	0.00519347418033018	0.910521893616427	1.78190629359533	-1.78190629359533	350	312	Intergenic	0	Heritable	0.187596071482949	0.81304749217404	0.00960585901797458	17231	0	0	1.87596071482949	5.85793315448346	5.74620319054015	9.75452339939617	0.577683748314608
BA_only	hippocampus	AA	psi	chr6_32703490_32704201	chr6	32703490	32704201	45	45	0	0	0.0170675844315882	0.970581273335112	1.56454725384184	-1.56454725384184	711	317	Intergenic	0	Heritable	0.355630279534883	0.845405036109294	0.00939109824261103	13945	0	0	3.55630279534883	6.56667242980324	5.76205138278018	9.54294800778096	0.447596493860216
BA_only	hippocampus	AA	psi	chr6_32707532_32709374	chr6	32707532	32709374	45	45	0	0	0.00868725913387602	0.933559278800072	1.52586758816436	-1.52586758816436	1842	310	Promoter	0	Heritable	0.383949406501946	0.881325765214142	0.0101264348884909	8772	0	0	3.83949406501946	7.51860721681525	5.73979291217923	9.07943410212838	0.422563165116638
BA_only	hippocampus	AA	psi	chr6_32711813_32713213	chr6	32711813	32713213	45	45	0	0	0.0114962834602423	0.952980755609316	1.53596981707545	-1.53596981707545	1400	320	Intergenic	0	Heritable	0.448167921002005	0.888201895788551	0.0142053247336611	4933	0	0	4.48167921002005	7.24422751560335	5.77144112313002	8.5039052970893	0.429161990701451
BA_only	hippocampus	AA	psi	chr6_32718910_32721020	chr6	32718910	32721020	74	74	0	0	0.014504390564517	0.966089857218066	2.56615195642796	-2.56615195642796	2110	312	Intergenic	0	Heritable	0.620261576330795	0.901468935919255	0.0221337740764892	319	0	0	6.20261576330795	7.65444322647011	5.74620319054015	5.76832099579377	0.942407487521651
BA_only	hippocampus	AA	psi	chr6_32723929_32727884	chr6	32723929	32727884	79	79	0	0	0.0126055535083242	0.961717006536833	3.05363295811043	-3.05363295811043	3955	308	Intergenic	0	Heritable	0.774596569495316	0.900714481252153	0.039427824041381	5338	0	0	7.74596569495316	8.28273588020175	5.73334127689775	8.58279364850019	1.11633201886376
BA_only	hippocampus	AA	psi	chr6_32728892_32731489	chr6	32728892	32731489	80	80	0	0	0.0252997029608777	0.975932065139872	4.45850888504118	4.45850888504118	2597	312	Intergenic	0	Heritable	0.671358692878762	0.917328340995127	0.0308596665558376	10301	0	0	6.71358692878762	7.86211221166275	5.74620319054015	9.24009333012553	1.49481438166565
BA_only	hippocampus	AA	psi	chr6_32766859_32768060	chr6	32766859	32768060	82	82	0	0	0.0454575030865741	0.981589333839837	2.46058261143736	-2.46058261143736	1201	295	Genic/other	0	Heritable	0.639109562894648	0.872299809512062	0.0100896542974977	8008	0	0	6.39109562894648	7.09090982207998	5.69035945432406	8.98832118832368	0.900398159885251
BA_only	hippocampus	AA	psi	chr6_3285063_3285287	chr6	3285063	3285287	63	63	0	0	0.0272844064056236	0.975932065139872	2.26668957729469	2.26668957729469	224	672	Promoter	0	Non-heritable	0.0799272537018397	0.967235708696734	0.00711037162324096	0	0	0	0.799272537018397	5.41164605185504	6.51174532964473	0	0.8183204355046
BA_only	hippocampus	AA	psi	chr6_32939608_32941124	chr6	32939608	32941124	121	121	0	0	0.0108663409732738	0.945066905651183	5.16774019627471	-5.16774019627471	1516	278	Promoter	0	Non-heritable	0.0642544846404386	0.806798687871093	0.00844546964985396	2435	0	0	0.642544846404386	7.32383056620232	5.63121178182137	7.79811262882979	1.64243549553305
BA_only	hippocampus	AA	psi	chr6_33064885_33065535	chr6	33064885	33065535	192	192	0	0	0.0109597260440243	0.946441805516219	2.7059685065281	-2.7059685065281	650	297	Genic/other	0	Heritable	0.596648193561759	0.853944803907358	0.0491957018361888	4350	0	0	5.96648193561759	6.47697236288968	5.69709348650541	8.37816098272068	0.995459894990632
BA_only	hippocampus	AA	psi	chr6_33068687_33070255	chr6	33068687	33070255	193	193	0	0	0.0116678784832094	0.953382149801633	7.33036338555883	-7.33036338555883	1568	295	Promoter	0	Heritable	0.486080208348919	0.871510789158588	0.0164934604458958	0	0	0	4.86080208348919	7.35755620091035	5.69035945432406	0	1.99202509114429
BA_only	hippocampus	AA	psi	chr6_33081032_33081368	chr6	33081032	33081368	200	200	0	0	0.00258118186626877	0.833258918532135	4.29899621400844	-4.29899621400844	336	297	Promoter	2	Heritable	0.191031643005224	0.822251242607259	0.00767363413810555	0	0	0	1.91031643005224	5.8171111599632	5.69709348650541	0	1.45838155917192
BA_only	hippocampus	AA	psi	chr6_33084334_33086224	chr6	33084334	33086224	198	198	0	0	0.0234200932908905	0.975932065139872	3.30835480244189	-3.30835480244189	1890	291	Genic/other	1	Heritable	0.690835899400401	0.874282167667625	0.0134861138894906	0	0	0	6.90835899400401	7.54433210805369	5.67675380226828	0	1.19645103030983
BA_only	hippocampus	AA	psi	chr6_33139159_33139868	chr6	33139159	33139868	184	184	0	0	0.000807156275414185	0.683148985370606	4.19387874111374	4.19387874111374	709	312	Genic/other	0	Heritable	0.393085207693368	0.855517662406171	0.00950473205692093	0	0	0	3.93085207693368	6.56385552653213	5.74620319054015	0	1.43362602197926
BA_only	hippocampus	AA	psi	chr6_33190625_33190891	chr6	33190625	33190891	214	214	0	0	0.00209773858960796	0.815140093767026	7.75102154226443	-7.75102154226443	266	349	Enhancer	1	Heritable	0.115378431647735	0.871654316755158	0.00753553300343905	2241	0	0	1.15378431647735	5.5834963087817	5.85793315448346	7.71512360363211	2.04782464787407
BA_only	hippocampus	AA	psi	chr6_33197881_33198159	chr6	33197881	33198159	220	220	0	0	0.0021774087481164	0.815187053503819	3.15760506786385	3.15760506786385	278	344	Genic/other	2	Non-heritable	0.0877772607602714	0.842577191511114	0.00759880734972645	304	0	0	0.877772607602714	5.62762111369064	5.84354441703136	5.72031177660741	1.14981385350552
BA_only	hippocampus	AA	psi	chr6_3324671_3325154	chr6	3324671	3325154	61	61	0	0	0.0232309881843417	0.975932065139872	4.37225757868303	4.37225757868303	483	672	Promoter	0	Heritable	0.106969606283391	0.972514138032297	0.0089539376600124	0	0	0	1.06969606283391	6.18001665365257	6.51174532964473	0	1.47527948639276
BA_only	hippocampus	AA	psi	chr6_33325463_33326199	chr6	33325463	33326199	178	178	1	1	2.2014868495184e-06	0.0385138909201557	28.7006211407694	-28.7006211407694	736	350	Genic/other	1	Heritable	0.159628177319061	0.719263734434071	0.00585729930518197	2600	1	1	1.59628177319061	6.60123011872888	5.86078622346587	7.86365126544865	3.35691876541532
BA_only	hippocampus	AA	psi	chr6_3362686_3363286	chr6	3362686	3363286	91	91	0	0	0.0030129560686769	0.846513053928579	2.88342111163416	2.88342111163416	600	666	Genic/other	0	Heritable	0.545389901010194	0.942976215067685	0.00969521211671736	0	0	0	5.45389901010194	6.39692965521615	6.50279004591562	0	1.05897747862172
BA_only	hippocampus	AA	psi	chr6_33746770_33747341	chr6	33746770	33747341	120	120	0	0	0.00678989915262618	0.927297122675783	5.79668203300393	-5.79668203300393	571	441	Promoter	0	Non-heritable	0.0784227848018654	0.844376002955423	0.00723759431119642	11	0	0	0.784227848018654	6.34738920965601	6.0913098820777	2.484906649788	1.75728569231169
BA_only	hippocampus	AA	psi	chr6_3375883_3376574	chr6	3375883	3376574	90	90	0	0	0.00171687231671555	0.787994014818457	4.46122372732862	-4.46122372732862	691	661	Genic/other	0	Non-heritable	0.0772803473501996	0.967392589633712	0.00909707385296335	0	0	0	0.772803473501996	6.53813982376767	6.49526555593701	0	1.49542310896346
BA_only	hippocampus	AA	psi	chr6_3385868_3386816	chr6	3385868	3386816	103	103	0	0	0.00068466196577363	0.66356279177562	5.29676698083833	5.29676698083833	948	670	Enhancer	0	Non-heritable	0.0827512011274928	0.962944053390093	0.0108996163279958	8043	0	0	0.827512011274928	6.85435450225502	6.50876913697168	8.99268175089254	1.66709663270271
BA_only	hippocampus	AA	psi	chr6_33972326_33973513	chr6	33972326	33973513	88	88	0	0	0.0149340433558008	0.966167725188189	25.3970333133254	-25.3970333133254	1187	477	Intergenic	0	Non-heritable	0.0331793632574779	0.640274175549403	0.0133369911796448	0	0	0	0.331793632574779	7.07918439460967	6.16961073249146	0	3.23463236890876
BA_only	hippocampus	AA	psi	chr6_34238623_34238967	chr6	34238623	34238967	26	26	0	0	0.0310001156782903	0.976893291659941	2.83146688344135	-2.83146688344135	344	485	Promoter	1	Non-heritable	0.0498661040884032	0.922201029797098	0.00843455763447492	0	0	0	0.498661040884032	5.8406416573734	6.18620862390049	0	1.04079491427005
BA_only	hippocampus	AA	psi	chr6_3442037_3442657	chr6	3442037	3442657	104	104	0	0	0.00262254215535412	0.834890109094339	2.51131505204782	2.51131505204782	620	676	Genic/other	0	Non-heritable	0.0511766240779756	0.957836362529471	0.00749875369349376	0	0	0	0.511766240779756	6.42971947803914	6.51767127291228	0	0.920806545043478
BA_only	hippocampus	AA	psi	chr6_3454161_3455150	chr6	3454161	3455150	103	103	0	0	0.00899916927700465	0.937974720665503	5.26069461069732	5.26069461069732	989	672	Genic/other	1	Heritable	0.177819079448521	0.951962588618754	0.0125418260810645	0	0	0	1.77819079448521	6.89669433162271	6.51174532964473	0	1.66026307519763
BA_only	hippocampus	AA	psi	chr6_3458423_3459574	chr6	3458423	3459574	103	103	0	0	0.000799888336599904	0.683148985370606	4.89233807657411	4.89233807657411	1151	692	Genic/other	1	Non-heritable	0.0638228519034045	0.965118088645637	0.0086012984408569	0	0	0	0.638228519034045	7.04838640872188	6.5410299991899	0	1.58767032552976
BA_only	hippocampus	AA	psi	chr6_35182542_35182605	chr6	35182542	35182605	36	36	0	0	0.0615580188637835	0.985907779499035	3.61617085887832	-3.61617085887832	63	188	Intergenic	1	Heritable	0.14857030319801	0.784995640095189	0.00765709880121112	41336	0	0	1.4857030319801	4.14313472639153	5.24174701505964	10.629513261662	1.285415694975
BA_only	hippocampus	AA	psi	chr6_35418187_35418659	chr6	35418187	35418659	37	37	0	0	0.0339019776276258	0.979164877002956	2.21980420422216	-2.21980420422216	472	245	Genic/other	0	Non-heritable	0.05457591386943	0.724346225170097	0.00837133400512498	18127	0	0	0.5457591386943	6.15697898558556	5.50533153593236	9.80521298326779	0.797419000203244
BA_only	hippocampus	AA	psi	chr6_35489366_35490097	chr6	35489366	35490097	40	40	0	0	0.0301644079887163	0.976893291659941	3.04819596463442	-3.04819596463442	731	256	Genic/other	1	Heritable	0.106591548611751	0.838250276502556	0.00701959097802418	4805	0	0	1.06591548611751	6.59441345974978	5.54907608489522	8.47762041629641	1.11454993189739
BA_only	hippocampus	AA	psi	chr6_35786620_35787337	chr6	35786620	35787337	19	19	0	0	0.00520672802065821	0.910521893616427	2.2713258803315	-2.2713258803315	717	276	Promoter	2	Heritable	0.125883071939988	0.837046312759017	0.0130428145034055	0	0	0	1.25883071939988	6.57507584059962	5.62401750618734	0	0.820363753634639
BA_only	hippocampus	AA	psi	chr6_36023704_36024150	chr6	36023704	36024150	101	101	0	0	0.005599587465798	0.914301706404424	3.23276012611158	3.23276012611158	446	343	Genic/other	1	Heritable	0.124649891065212	0.888708236811986	0.0118992199623375	0	0	0	1.24649891065212	6.10031895202006	5.8406416573734	0	1.17333630363445
BA_only	hippocampus	AA	psi	chr6_36441473_36441855	chr6	36441473	36441855	44	44	0	0	0.0091320820557311	0.939077729475158	4.65140656456682	4.65140656456682	382	423	Promoter	1	Non-heritable	0.0936670630458351	0.91001059283369	0.00682959341005326	1255	0	0	0.936670630458351	5.94542060860658	6.04973345523196	7.13568734702814	1.5371696630128
BA_only	hippocampus	AA	psi	chr6_36667028_36667516	chr6	36667028	36667516	11	11	0	0	0.0811836878273157	0.988137148207548	6.27985758678531	6.27985758678531	488	515	Enhancer	0	Non-heritable	0.0615872938864663	0.939944323421301	0.00836445522997815	11281	0	0	0.615872938864663	6.19031540585315	6.24610676548156	9.33096381429992	1.83734730455188
BA_only	hippocampus	AA	psi	chr6_3717735_3720182	chr6	3717735	3720182	126	126	0	0	0.0049742500834064	0.907466339902401	3.60033748602514	-3.60033748602514	2447	647	Promoter	0	Heritable	0.337648103819153	0.942505968665289	0.0115075201744394	0	0	0	3.37648103819153	7.80261806344267	6.47389069635227	0	1.28102758996378
BA_only	hippocampus	AA	psi	chr6_3725576_3725945	chr6	3725576	3725945	124	124	0	0	0.0223317244390311	0.975932065139872	3.34464969162129	-3.34464969162129	369	635	Genic/other	0	Non-heritable	0.0438781895387105	0.962414260054708	0.00840134506717211	6212	0	0	0.438781895387105	5.91079664404053	6.45519856334012	8.7343991500637	1.20736196511319
BA_only	hippocampus	AA	psi	chr6_37353425_37353561	chr6	37353425	37353561	33	33	0	0	0.0722377888042948	0.985907779499035	1.2625253062569	-1.2625253062569	136	592	Promoter	1	Non-heritable	0.0925070146973995	0.928037763466236	0.0100590637058595	556	0	0	0.925070146973995	4.91265488573605	6.38519439899773	6.32256523992728	0.233113934447042
BA_only	hippocampus	AA	psi	chr6_3758900_3759967	chr6	3758900	3759967	141	141	0	0	0.00761628005326758	0.933559278800072	3.41357197800405	3.41357197800405	1067	621	Intergenic	0	Heritable	0.505516929755277	0.918082887581736	0.0109580549600658	20837	0	0	5.05516929755277	6.97260625130175	6.43294009273918	9.94453352197213	1.22775924685964
BA_only	hippocampus	AA	psi	chr6_37742107_37742437	chr6	37742107	37742437	16	16	0	0	0.0257428879126828	0.975932065139872	1.44319184098232	1.44319184098232	330	429	Intergenic	0	Heritable	0.129621949340403	0.930738819096603	0.00836920023322376	36294	0	0	1.29621949340403	5.79909265446053	6.06378520868761	10.4994352697189	0.366857223817986
BA_only	hippocampus	AA	psi	chr6_37753546_37754059	chr6	37753546	37754059	16	16	0	0	0.0495446693687782	0.983467460127533	2.46006341164728	-2.46006341164728	513	433	Intergenic	2	Heritable	0.115247797200038	0.919825888929759	0.00699104471951481	47733	0	0	1.15247797200038	6.24027584517077	6.07304453410041	10.7733992112235	0.900187130769374
BA_only	hippocampus	AA	psi	chr6_38715650_38715804	chr6	38715650	38715804	6	6	0	0	0.157262376754983	0.991064867102684	0.3242978076958	-0.3242978076958	154	363	Promoter	1	Non-heritable	0.0880476379355419	0.877901278977884	0.0121596386704083	75849	0	0	0.880476379355419	5.03695260241363	5.89715386763674	11.2365129847767	-1.12609299496749
BA_only	hippocampus	AA	psi	chr6_3905452_3905635	chr6	3905452	3905635	144	144	0	0	0.00519394994278978	0.910521893616427	5.46586318660387	-5.46586318660387	183	579	Genic/other	0	Heritable	0.110026404670072	0.945582027164247	0.00751847287812591	0	0	0	1.10026404670072	5.20948615284142	6.36302810354047	0	1.69852205912898
BA_only	hippocampus	AA	psi	chr6_3946306_3946919	chr6	3946306	3946919	143	143	0	0	0.0031428626360321	0.851823261920507	5.98005560252091	-5.98005560252091	613	561	Intergenic	0	Heritable	0.138812324308929	0.905490703936044	0.00976282051745047	0	0	0	1.38812324308929	6.41836493593621	6.33150184989369	0	1.78842986767196
BA_only	hippocampus	AA	psi	chr6_39714483_39716417	chr6	39714483	39716417	19	19	0	0	0.0359876561441407	0.980494018606455	1.57452683898094	-1.57452683898094	1934	387	Promoter	0	Non-heritable	0.0994138721332841	0.915420970543366	0.0127433236665191	0	0	0	0.994138721332841	7.56734567601324	5.96100533962327	0	0.453954813799033
BA_only	hippocampus	AA	psi	chr6_39793221_39795082	chr6	39793221	39795082	19	19	0	0	0.00859769023144162	0.933559278800072	1.21203024835412	-1.21203024835412	1861	361	Genic/other	2	Heritable	0.148946721726136	0.895665360518894	0.00672846081501704	0	0	0	1.48946721726136	7.52886925664225	5.89164421182577	0	0.192296852974199
BA_only	hippocampus	AA	psi	chr6_41317816_41318164	chr6	41317816	41318164	75	75	0	0	0.0299495151539901	0.976741514025636	2.75511186090681	2.75511186090681	348	484	Intergenic	0	Heritable	0.109718752598856	0.951566203277648	0.00803709491369253	23764	0	0	1.09718752598856	5.85220247977447	6.18414889093748	10.0759691890481	1.01345804828021
BA_only	hippocampus	AA	psi	chr6_41408819_41408941	chr6	41408819	41408941	71	71	0	0	0.00473250966572115	0.903442623457684	3.68173307011484	-3.68173307011484	122	477	Intergenic	2	Heritable	0.113286115151814	0.932583707742784	0.00759015087582626	25750	0	0	1.13286115151814	4.80402104473326	6.16961073249146	10.1562287402893	1.30338358700411
BA_only	hippocampus	AA	psi	chr6_41586509_41586994	chr6	41586509	41586994	86	86	0	0	0.0250625653155798	0.975932065139872	2.46643277112716	2.46643277112716	485	517	Promoter	0	Heritable	0.119239728384686	0.945325172249144	0.0082829670481329	161	0	0	1.19239728384686	6.18414889093748	6.24997524225948	5.08759633523238	0.902772888584498
BA_only	hippocampus	AA	psi	chr6_41587767_41588051	chr6	41587767	41588051	86	86	0	0	0.00302532661398718	0.846513053928579	4.37266432195413	-4.37266432195413	284	521	Genic/other	0	Heritable	0.102176568427138	0.933569264506326	0.00621988857856827	464	0	0	1.02176568427138	5.64897423816121	6.25766758788264	6.14203740558736	1.47537251026995
BA_only	hippocampus	AA	psi	chr6_41703903_41704265	chr6	41703903	41704265	93	93	0	0	0.00242503832513478	0.824728302674626	6.08744394759435	-6.08744394759435	362	593	Genic/other	0	Heritable	0.100798550226722	0.963746204937235	0.00631291341549905	0	0	0	1.00798550226722	5.89164421182577	6.38687931936265	0	1.80622828222167
BA_only	hippocampus	AA	psi	chr6_41730963_41732972	chr6	41730963	41732972	93	93	0	0	0.00389446478748626	0.875157111987078	3.54190784729314	-3.54190784729314	2009	594	Genic/other	2	Non-heritable	0.0827351884198711	0.959945602490849	0.0103708120448335	0	0	0	0.827351884198711	7.60539236481494	6.38856140554563	0	1.26466552470638
BA_only	hippocampus	AA	psi	chr6_42007343_42007818	chr6	42007343	42007818	69	69	0	0	0.00490647970551661	0.903845859635741	2.88511946293176	2.88511946293176	475	540	Genic/other	0	Heritable	0.118519747746013	0.954939455597884	0.00848361531530643	0	0	0	1.18519747746013	6.16331480403464	6.29341927884648	0	1.05956631086406
BA_only	hippocampus	AA	psi	chr6_42704295_42704647	chr6	42704295	42704647	20	20	0	0	0.00852521335176444	0.933559278800072	7.19292387249234	-7.19292387249234	352	298	Genic/other	0	Heritable	0.344702439815401	0.826239246068421	0.00833940597702314	6823	0	0	3.44702439815401	5.8636311755981	5.70044357339069	8.82820108917152	1.97309774866495
BA_only	hippocampus	AA	psi	chr6_42901301_42902549	chr6	42901301	42902549	87	87	0	0	0.000965010657068508	0.714098644309	4.95867262735074	-4.95867262735074	1248	234	Genic/other	0	Heritable	0.156772220956391	0.857700214384246	0.010305724522782	0	0	0	1.56772220956391	7.12929754892937	5.45958551414416	0	1.60113809148462
BA_only	hippocampus	AA	psi	chr6_43093570_43094109	chr6	43093570	43094109	100	100	0	0	0.00359484761631483	0.866906756094015	3.2474138992522	3.2474138992522	539	225	Genic/other	0	Heritable	0.119697607474036	0.776635124075644	0.0109811404315767	0	0	0	1.19697607474036	6.289715570909	5.42053499927229	0	1.17785895935817
BA_only	hippocampus	AA	psi	chr6_43143083_43143240	chr6	43143083	43143240	90	90	0	0	0.0127469850984387	0.961717006536833	3.05420128173277	-3.05420128173277	157	220	Genic/other	0	Non-heritable	0.0972960312741358	0.797777891274783	0.00902271966324888	0	0	0	0.972960312741358	5.05624580534831	5.39816270151775	0	1.11651811547339
BA_only	hippocampus	AA	psi	chr6_43489360_43490898	chr6	43489360	43490898	54	54	0	0	0.0496896092093798	0.98387065055082	2.45214583666679	2.45214583666679	1538	438	Promoter	0	Non-heritable	0.0766470794775756	0.90644799636638	0.00673307743371846	7078	0	0	0.766470794775756	7.33823815006559	6.08449941307517	8.86488793377419	0.896963497001139
BA_only	hippocampus	AA	psi	chr6_43628232_43628356	chr6	43628232	43628356	89	89	0	0	0.00376723262983811	0.8704231827179	3.60788439284516	3.60788439284516	124	503	Promoter	1	Heritable	0.123780682029814	0.93716931981199	0.00867401874527906	0	0	0	1.23780682029814	4.82028156560504	6.22257626807137	0	1.28312156256438
BA_only	hippocampus	AA	psi	chr6_44074089_44074416	chr6	44074089	44074416	134	134	0	0	0.00317801184946162	0.853185837570312	5.86160737283398	-5.86160737283398	327	675	Genic/other	1	Heritable	0.154998420539898	0.964139100917418	0.0161394963205155	0	0	0	1.54998420539898	5.78996017089725	6.51619307604296	0	1.76842386338821
BA_only	hippocampus	AA	psi	chr6_44561177_44561633	chr6	44561177	44561633	14	14	0	0	0.0825732538741763	0.988137148207548	0.98299119745148	-0.98299119745148	456	437	Intergenic	0	Heritable	0.155266320960994	0.908600502883094	0.00744149248259527	9746	0	0	1.55266320960994	6.12249280951439	6.08221891037645	9.18471482433721	-0.0171551034818099
BA_only	hippocampus	AA	psi	chr6_45801076_45801701	chr6	45801076	45801701	10	10	0	0	0.0400294700328412	0.980549382116533	1.11631704993568	1.11631704993568	625	406	Intergenic	0	Heritable	0.510446798553557	0.880888187960792	0.00739622002387408	25010	0	0	5.10446798553557	6.4377516497364	6.0088131854426	10.1270710070787	0.110034927494271
BA_only	hippocampus	AA	psi	chr6_4608095_4608980	chr6	4608095	4608980	149	149	0	0	0.00469707842321561	0.901081955382879	2.032582946283	2.032582946283	885	542	Genic/other	0	Non-heritable	0.073150534916036	0.943730022999812	0.00933192599192395	0	0	0	0.73150534916036	6.78558764500793	6.29710931993394	0	0.709307376506308
BA_only	hippocampus	AA	psi	chr6_46323904_46326360	chr6	46323904	46326360	88	88	0	0	0.0173775573069268	0.970581273335112	1.76150214063461	1.76150214063461	2456	329	Promoter	0	Non-heritable	0.076174424599328	0.890894257765301	0.00901642489316649	0	0	0	0.76174424599328	7.80628928926703	5.79909265446053	0	0.566166939709344
BA_only	hippocampus	AA	psi	chr6_46408207_46408613	chr6	46408207	46408613	83	83	0	0	0.000961702725810198	0.712692533608524	2.95633393500241	-2.95633393500241	406	327	Genic/other	0	Heritable	0.150976792319706	0.914438055745136	0.0092442414458848	48364	0	0	1.50976792319706	6.00635315960173	5.79301360838414	10.7865316906166	1.08394996862744
BA_only	hippocampus	AA	psi	chr6_47034325_47035186	chr6	47034325	47035186	14	14	0	0	0.00289387079724203	0.845907993117652	1.83650837147287	-1.83650837147287	861	381	Genic/other	0	Heritable	0.108101744438602	0.923557412141467	0.00735499981542988	0	0	0	1.08101744438602	6.75809450442773	5.94542060860658	0	0.607866150096667
BA_only	hippocampus	AA	psi	chr6_49712980_49714245	chr6	49712980	49714245	108	108	0	0	0.0113590174602073	0.951359075183013	5.05249956717956	5.05249956717956	1265	214	Promoter	0	Non-heritable	0.0693355978483576	0.813824494489703	0.00744855950055498	0	0	0	0.693355978483576	7.14282740116162	5.37063802812766	0	1.61988308661024
BA_only	hippocampus	AA	psi	chr6_515674_515857	chr6	515674	515857	142	142	0	0	0.000985572508946707	0.717797337520668	3.66925906534866	-3.66925906534866	183	543	Genic/other	1	Non-heritable	0.0866521849506533	0.932810610885479	0.00711860329936763	118562	0	0	0.866521849506533	5.20948615284142	6.29894924685594	11.6831997438535	1.29998975485861
BA_only	hippocampus	AA	psi	chr6_5174235_5175018	chr6	5174235	5175018	30	30	0	0	0.177081113588635	0.991064867102684	3.00169183782738	3.00169183782738	783	576	Genic/other	0	Heritable	0.114728158624548	0.946207016828671	0.00836545818630727	0	0	0	1.14728158624548	6.6631326959908	6.3578422665081	0	1.09917607898427
BA_only	hippocampus	AA	psi	chr6_53171463_53172083	chr6	53171463	53172083	14	14	0	0	0.00710720885557859	0.931602204679102	2.71695193015247	2.71695193015247	620	417	Enhancer	0	Heritable	0.103132005473252	0.913653516219676	0.0120618544897145	77996	0	0	1.03132005473252	6.42971947803914	6.03548143252476	11.2644256433936	0.999510641716721
BA_only	hippocampus	AA	psi	chr6_53360524_53360650	chr6	53360524	53360650	11	11	0	0	0.303008322533979	0.993663620961428	1.61436185710697	1.61436185710697	126	415	Intergenic	1	Heritable	0.10966724667509	0.909577487911895	0.00723327326972263	23272	0	0	1.0966724667509	4.83628190695148	6.03068526026126	10.0550491693447	0.478939749864361
BA_only	hippocampus	AA	psi	chr6_53728415_53728907	chr6	53728415	53728907	115	115	0	0	0.025420930981797	0.975932065139872	3.27039146536772	-3.27039146536772	492	386	Intergenic	0	Heritable	0.118516361398224	0.898952719891293	0.012824200680906	12430	0	0	1.18516361398224	6.19847871649231	5.95842469302978	9.42794863179171	1.18490969498146
BA_only	hippocampus	AA	psi	chr6_53796573_53796871	chr6	53796573	53796871	133	133	0	0	0.00877156755347783	0.933559278800072	4.83137343343113	-4.83137343343113	298	386	Genic/other	1	Heritable	0.106030544255697	0.88074012018586	0.0153702404899673	2167	0	0	1.06030544255697	5.69709348650541	5.95842469302978	7.68156036255954	1.57513078406078
BA_only	hippocampus	AA	psi	chr6_54910361_54910705	chr6	54910361	54910705	7	7	0	0	0.134722927248074	0.991064867102684	1.28674496987021	1.28674496987021	344	254	Genic/other	0	Heritable	0.186330227456948	0.829065667088114	0.00852706640449103	63709	0	0	1.86330227456948	5.8406416573734	5.54126354515843	11.0620968151105	0.252115758140521
BA_only	hippocampus	AA	psi	chr6_56309082_56309327	chr6	56309082	56309327	6	6	0	0	0.0356238777939436	0.980335433525707	1.59710999154381	-1.59710999154381	245	281	Genic/other	0	Heritable	0.6315884558337	0.876389435830732	0.007614851053082	150926	0	0	6.315884558337	5.50125821054473	5.64190707093811	11.9245515551919	0.468195746975846
BA_only	hippocampus	AA	psi	chr6_5638759_5639270	chr6	5638759	5639270	6	6	0	0	0.0422528534262492	0.980549382116533	0.628063796818639	0.628063796818639	511	616	Genic/other	0	Heritable	0.115254718371585	0.958137311646294	0.0108491740627494	180864	0	0	1.15254718371585	6.2363695902037	6.42486902390539	12.1055061756051	-0.465113514460802
BA_only	hippocampus	AA	psi	chr6_57173376_57173746	chr6	57173376	57173746	90	90	0	0	0.0353381328097636	0.980327953711174	1.08285885217995	-1.08285885217995	370	179	Promoter	1	Non-heritable	0.0794179548865762	0.690633822993167	0.0124850015469844	0	0	0	0.794179548865762	5.91350300563827	5.19295685089021	0	0.0796046383628318
BA_only	hippocampus	AA	psi	chr6_57793483_57793729	chr6	57793483	57793729	271	271	0	0	0.0110633272690979	0.948447257389615	7.42746967062197	-7.42746967062197	246	103	Intergenic	0	Heritable	0.100304309069655	0.664766535675405	0.00729417248006146	1148	0	0	1.00304309069655	5.50533153593236	4.64439089914137	7.04664727784876	2.0051852463028
BA_only	hippocampus	AA	psi	chr6_57961816_57961979	chr6	57961816	57961979	271	271	0	0	0.00204788467721211	0.810782914414352	6.45310260931917	6.45310260931917	163	91	Promoter	1	Heritable	0.130297259392451	0.623149884438115	0.00879898857657456	0	0	0	1.30297259392451	5.09375020080676	4.52178857704904	0	1.86456104140268
BA_only	hippocampus	AA	psi	chr6_63615932_63616936	chr6	63615932	63616936	70	70	0	0	0.00411274573930393	0.882112133113236	1.85143538888847	-1.85143538888847	1004	189	Promoter	0	Non-heritable	0.0810729762296266	0.714424188777304	0.0085753857918022	19213	0	0	0.810729762296266	6.91174730025167	5.24702407216049	9.86339445896968	0.615961229533257
BA_only	hippocampus	AA	psi	chr6_6538876_6539436	chr6	6538876	6539436	98	98	0	0	0.0324524780981221	0.978660772153819	7.41919799653988	-7.41919799653988	560	733	Genic/other	0	Non-heritable	0.0970693132096711	0.958925541707342	0.00775738388022298	0	0	0	0.970693132096711	6.3279367837292	6.59850902861452	0	2.00407096596566
BA_only	hippocampus	AA	psi	chr6_65887222_65888365	chr6	65887222	65888365	2	2	0	0	0.409823936784455	0.99461028164865	0.808748912040817	0.808748912040817	1143	250	Intergenic	0	Heritable	0.376350848798072	0.886276315516473	0.00782104483049185	122248	0	0	3.76350848798072	7.04141166379481	5.52545293913178	11.7138152273446	-0.21226676603862
BA_only	hippocampus	AA	psi	chr6_68040250_68041410	chr6	68040250	68041410	192	192	0	0	0.0102917372501759	0.944902218841749	3.28164235398993	3.28164235398993	1160	262	Promoter	0	Non-heritable	0.0887462506270587	0.773909885433441	0.00957699913390549	0	0	0	0.887462506270587	7.05617528410041	5.57215403217777	0	1.1883440178059
BA_only	hippocampus	AA	psi	chr6_684090_685164	chr6	684090	685164	125	125	0	0	7.13569454156951e-05	0.327538270519781	2.99480671091589	-2.99480671091589	1074	682	Genic/other	0	Non-heritable	0.0664766946341584	0.955034099731079	0.00683081241479096	7449	0	0	0.664766946341584	6.97914527506881	6.52649485957079	8.91596931137361	1.09687969556711
BA_only	hippocampus	AA	psi	chr6_6942684_6943092	chr6	6942684	6943092	116	116	0	0	0.00105378419642883	0.721965237965727	9.6208772321326	-9.6208772321326	408	614	Genic/other	0	Non-heritable	0.0687941359614653	0.961565142796275	0.00683037174095945	13129	0	0	0.687941359614653	6.01126717440416	6.42162226780652	9.48265496729684	2.26393544993099
BA_only	hippocampus	AA	psi	chr6_70953970_70955015	chr6	70953970	70955015	3	3	0	0	0.0509075267141517	0.984153364580922	4.78455929657326	4.78455929657326	1045	264	Genic/other	1	Heritable	0.101455490030863	0.7243451828485	0.00792832521140634	0	0	0	1.01455490030863	6.95177216439891	5.57972982598622	0	1.56539392172379
BA_only	hippocampus	AA	psi	chr6_71421314_71421671	chr6	71421314	71421671	79	79	0	0	0.0178726547348009	0.970931943606436	8.62372978132075	8.62372978132075	357	311	Promoter	1	Non-heritable	0.0625369705527107	0.844508926396276	0.0113765342472911	0	0	0	0.625369705527107	5.87773578177964	5.74300318780948	0	2.15451768150054
BA_only	hippocampus	AA	psi	chr6_7143484_7143816	chr6	7143484	7143816	36	36	0	0	0.00644407013705904	0.922500611491166	3.30635737537116	-3.30635737537116	332	578	Genic/other	1	Heritable	0.113350837478555	0.94574879256095	0.00979972785376793	0	0	0	1.13350837478555	5.80513496891649	6.361302477573	0	1.19584709560437
BA_only	hippocampus	AA	psi	chr6_72182264_72182347	chr6	72182264	72182347	14	14	0	0	0.0790524576668758	0.987720536119146	1.97850765715757	1.97850765715757	83	253	Promoter	2	Non-heritable	0.0797800884731855	0.805092965784508	0.010037358552282	801	0	0	0.797800884731855	4.4188406077966	5.53733426701854	6.68710860786652	0.682342857073422
BA_only	hippocampus	AA	psi	chr6_73209086_73209616	chr6	73209086	73209616	10	10	0	0	0.318008786115529	0.993828622005322	1.32660783062567	1.32660783062567	530	332	Genic/other	0	Heritable	0.660341117060584	0.886901955225833	0.00693255558814106	53799	0	0	6.60341117060584	6.27287700654617	5.80814248998044	10.8930287461499	0.282625188408203
BA_only	hippocampus	AA	psi	chr6_73299133_73299867	chr6	73299133	73299867	115	115	0	0	0.0132411332706485	0.964283399649536	3.98707812507793	3.98707812507793	734	324	Genic/other	2	Non-heritable	0.0396854918006643	0.79514609740323	0.00591032600920364	75	0	0	0.396854918006643	6.59850902861452	5.78382518232974	4.33073334028633	1.38305866566842
BA_only	hippocampus	AA	psi	chr6_73394829_73395000	chr6	73394829	73395000	113	113	0	0	0.000194057920979677	0.48214617732071	2.63590399278336	2.63590399278336	171	312	Promoter	1	Non-heritable	0.0977214591315654	0.793674185226861	0.0103860059078908	19020	0	0	0.977214591315654	5.14166355650266	5.74620319054015	9.85329891095284	0.969226198216632
BA_only	hippocampus	AA	psi	chr6_73461136_73461351	chr6	73461136	73461351	114	114	0	0	0.016331634821669	0.969245141301252	4.17183463306175	4.17183463306175	215	292	Promoter	1	Heritable	0.293728910417294	0.880704198956968	0.0129253741965563	442	0	0	2.93728910417294	5.37063802812766	5.68017260901707	6.09356977004514	1.42835590142058
BA_only	hippocampus	AA	psi	chr6_73612279_73613522	chr6	73612279	73613522	109	109	0	0	0.0075999239803078	0.933559278800072	2.08034880261778	-2.08034880261778	1243	269	Genic/other	0	Heritable	0.76581347309901	0.896216010592225	0.00909381509200865	25763	0	0	7.6581347309901	7.12528309151071	5.59842195899838	10.1567334476668	0.732535578027359
BA_only	hippocampus	AA	psi	chr6_73645442_73645744	chr6	73645442	73645744	109	109	0	0	0.0197666550507281	0.974612769745579	3.00704944214662	3.00704944214662	302	272	Promoter	0	Heritable	0.134864879193555	0.84342647285098	0.0164742877472896	29145	0	0	1.34864879193555	5.71042701737487	5.60947179518496	10.2800729610936	1.10095934954679
BA_only	hippocampus	AA	psi	chr6_74837319_74838028	chr6	74837319	74838028	24	24	0	0	0.0258197457299145	0.975932065139872	0.45962884530186	-0.45962884530186	709	239	Intergenic	0	Heritable	0.559861570312229	0.854641742634676	0.00957555419274388	30929	0	0	5.59861570312229	6.56385552653213	5.48063892334199	10.3394818656791	-0.777335951466894
BA_only	hippocampus	AA	psi	chr6_76198220_76199954	chr6	76198220	76199954	1	1	0	0	0.735598473706732	0.997543272146997	0.321013243377654	-0.321013243377654	1734	277	Intergenic	0	Heritable	0.552015174344351	0.866462313583618	0.00912734392910619	125797	0	0	5.52015174344351	7.45818615734049	5.62762111369064	11.7424327248709	-1.13627286892358
BA_only	hippocampus	AA	psi	chr6_77650077_77650360	chr6	77650077	77650360	3	3	0	0	0.586741754853393	0.996633551996285	0.13227832928607	-0.13227832928607	283	208	Promoter	2	Non-heritable	0.0745978390729702	0.719707163871725	0.00769877057775104	346	0	0	0.745978390729702	5.64544689764324	5.34233425196481	5.84932477994686	-2.02284694548266
BA_only	hippocampus	AA	psi	chr6_78309635_78312942	chr6	78309635	78312942	7	7	0	0	0.261614438970175	0.992852132351442	0.74182349074127	-0.74182349074127	3307	199	Genic/other	0	Heritable	0.146247416137058	0.601043755362441	0.00154148173968316	198314	0	0	1.46247416137058	8.10379671298179	5.29831736654804	12.1976119546123	-0.298643933731152
BA_only	hippocampus	AA	psi	chr6_78315853_78316889	chr6	78315853	78316889	7	7	0	0	0.0570398733141373	0.98577631996496	0.617905819622127	-0.617905819622127	1036	200	Genic/other	0	Non-heritable	0.0927096710761101	0.589356607265	0.00113159412180537	194367	0	0	0.927096710761101	6.94312242281943	5.30330490805908	12.1775085484054	-0.481419212387566
BA_only	hippocampus	AA	psi	chr6_78318462_78319098	chr6	78318462	78319098	7	7	0	0	0.0251550227907607	0.975932065139872	1.00348445734037	1.00348445734037	636	208	Genic/other	0	Non-heritable	0.091695460161753	0.58654827762399	0.000927580002805036	192158	0	0	0.91695460161753	6.45519856334012	5.34233425196481	12.1660784333036	0.00347841064953006
BA_only	hippocampus	AA	psi	chr6_78320339_78321670	chr6	78320339	78321670	7	7	0	0	0.0790499804453525	0.987720536119146	0.544673841298775	0.544673841298775	1331	202	Genic/other	0	Heritable	0.271886416007944	0.709520165883245	0.000856590286221363	189586	0	0	2.71886416007944	7.19368581839511	5.31320597904179	12.1526033010515	-0.607568101438273
BA_only	hippocampus	AA	psi	chr6_78627880_78629744	chr6	78627880	78629744	10	10	0	0	0.165969178747447	0.991064867102684	1.48845666174926	-1.48845666174926	1864	187	Intergenic	0	Heritable	0.278535900719165	0.794756825366443	0.00881449577527611	21917	0	0	2.78535900719165	7.53047999524554	5.23644196282995	9.99506349602334	0.397739792383089
BA_only	hippocampus	AA	psi	chr6_80490553_80491806	chr6	80490553	80491806	2	2	0	0	0.390541046667129	0.99451450116979	0.429520835506889	-0.429520835506889	1253	189	Intergenic	0	Heritable	0.345818488622694	0.818379731707939	0.0123340365673489	27680	0	0	3.45818488622694	7.13329595489607	5.24702407216049	10.2285015362467	-0.845085004377283
BA_only	hippocampus	AA	psi	chr6_81750652_81751137	chr6	81750652	81751137	30	30	0	0	0.197734279452491	0.991064867102684	1.38150475281669	1.38150475281669	485	268	Genic/other	1	Non-heritable	0.0742195011017556	0.753149364767698	0.00923584033242603	0	0	0	0.742195011017556	6.18414889093748	5.59471137960184	0	0.323173312944476
BA_only	hippocampus	AA	psi	chr6_84019209_84019444	chr6	84019209	84019444	4	4	0	0	0.298359580456303	0.993663620961428	0.595455069924554	-0.595455069924554	235	280	Genic/other	0	Non-heritable	0.0628997813365134	0.747616368511053	0.00843121836292121	155509	0	0	0.628997813365134	5.45958551414416	5.63835466933375	11.9544653172154	-0.518429325568392
BA_only	hippocampus	AA	psi	chr6_85113644_85114881	chr6	85113644	85114881	5	5	0	0	0.122171298665198	0.991064867102684	0.129507941482133	-0.129507941482133	1237	227	Intergenic	0	Heritable	0.206536296308604	0.85329222196685	0.00714146143279246	96664	0	0	2.06536296308604	7.12044437239249	5.42934562895444	11.4790066717666	-2.0440129983211
BA_only	hippocampus	AA	psi	chr6_85170117_85172069	chr6	85170117	85172069	6	6	0	0	0.159485422469791	0.991064867102684	0.104044331824571	-0.104044331824571	1952	220	Intergenic	0	Heritable	0.286750905667211	0.850078482922022	0.0100301679498336	64974	0	0	2.86750905667211	7.57660976697304	5.39816270151775	11.0817578595097	-2.26293810701014
BA_only	hippocampus	AA	psi	chr6_85348660_85349223	chr6	85348660	85349223	95	95	0	0	0.000982013097352034	0.716185863339116	4.99966607978026	4.99966607978026	563	218	Intergenic	0	Heritable	0.414266289062325	0.82097084492866	0.00640553144916066	0	0	0	4.14266289062325	6.33327962813969	5.3890717298165	0	1.60937112816013
BA_only	hippocampus	AA	psi	chr6_88143625_88144049	chr6	88143625	88144049	20	20	0	0	0.0262682722140093	0.975932065139872	0.908478458944061	0.908478458944061	424	488	Genic/other	0	Heritable	0.109995258415578	0.92769226658902	0.00950090694548587	1287	0	0	1.09995258415578	6.04973345523196	6.19236248947487	7.1608459066643	-0.0959840909930013
BA_only	hippocampus	AA	psi	chr6_90147314_90147507	chr6	90147314	90147507	22	22	0	0	0.0735751229986895	0.985907779499035	1.4089141027639	1.4089141027639	193	392	Enhancer	0	Non-heritable	0.0851372685279004	0.905558023271423	0.00805676270223895	0	0	0	0.851372685279004	5.26269018890489	5.97380961186926	0	0.342819274893914
BA_only	hippocampus	AA	psi	chr6_90158976_90160309	chr6	90158976	90160309	22	22	0	0	0.0116110780600491	0.95315577890577	1.86475743302563	1.86475743302563	1333	406	Genic/other	0	Non-heritable	0.0861812883573312	0.853518377229739	0.00777238389277464	0	0	0	0.861812883573312	7.19518732017871	6.0088131854426	0	0.623130987278676
BA_only	hippocampus	AA	psi	chr6_90195279_90196036	chr6	90195279	90196036	22	22	0	0	0.0547821006960573	0.98577631996496	1.41763167190921	1.41763167190921	757	418	Genic/other	0	Non-heritable	0.0548325928104302	0.930637567897636	0.00784461040825617	0	0	0	0.548325928104302	6.62936325343745	6.03787091992214	0	0.348987649595532
BA_only	hippocampus	AA	psi	chr6_90227263_90227413	chr6	90227263	90227413	21	21	0	0	0.0243450359751493	0.975932065139872	0.743843567670169	-0.743843567670169	150	420	Genic/other	0	Non-heritable	0.0818296266754841	0.92338204635143	0.00908792984197865	0	0	0	0.818296266754841	5.01063529409626	6.04263283368238	0	-0.295924511320615
BA_only	hippocampus	AA	psi	chr6_90294643_90294829	chr6	90294643	90294829	23	23	0	0	0.02740654035143	0.975932065139872	1.34448170312208	1.34448170312208	186	446	Promoter	1	Heritable	0.197545876172308	0.940201441101586	0.0118880758140453	0	0	0	1.97545876172308	5.2257466737132	6.10255859461357	0	0.296008595386296
BA_only	hippocampus	AA	psi	chr6_90585839_90585954	chr6	90585839	90585954	33	33	0	0	0.00583170600233535	0.91658260669542	2.79000481643596	-2.79000481643596	115	442	Genic/other	1	Heritable	0.105802697652598	0.927097188325515	0.0101710843376206	0	0	0	1.05802697652598	4.74493212836325	6.09356977004514	0	1.02604332573714
BA_only	hippocampus	AA	psi	chr6_9335403_9335705	chr6	9335403	9335705	37	37	0	0	0.00253515112009527	0.830879702347954	3.06803315501576	3.06803315501576	302	391	Intergenic	0	Heritable	0.120433613264463	0.930669999193345	0.00867821923936734	97099	0	0	1.20433613264463	5.71042701737487	5.97126183979046	11.4834966542794	1.12103669342564
BA_only	hippocampus	AA	psi	chr6_9399318_9400310	chr6	9399318	9400310	26	26	0	0	0.0302696385426414	0.976893291659941	2.70914126733513	-2.70914126733513	992	371	Intergenic	2	Non-heritable	0.0531086202247748	0.742246288065686	0.0099782457258545	161014	0	0	0.531086202247748	6.89972310728487	5.91889385427315	11.9892528073286	0.996631712845067
BA_only	hippocampus	AA	psi	chr6_96017248_96018635	chr6	96017248	96018635	35	35	0	0	0.000116067740634728	0.413849507326493	1.09484382491598	1.09484382491598	1387	233	Genic/other	2	Heritable	0.169372717033525	0.76202457495962	0.0125056192117499	602	0	0	1.69372717033525	7.23489842031483	5.4553211153577	6.40191719672719	0.0906117365826751
BA_only	hippocampus	AA	psi	chr6_96925618_96927481	chr6	96925618	96927481	3	3	0	0	0.0487857794424556	0.982844443292717	0.808183663475467	-0.808183663475467	1863	214	Genic/other	2	Non-heritable	0.0848680982918193	0.737512169377103	0.0114412639666517	14359	0	0	0.848680982918193	7.52994337060159	5.37063802812766	9.57220184260222	-0.212965927636257
BA_only	hippocampus	AA	psi	chr6_97627085_97627481	chr6	97627085	97627481	96	96	0	0	0.0102090465293458	0.944902218841749	3.5752176639234	-3.5752176639234	396	180	Genic/other	0	Heritable	0.172698770913008	0.770056200044241	0.0063872241751663	0	0	0	1.72698770913008	5.98141421125448	5.19849703126583	0	1.27402606210312
BA_only	hippocampus	AA	psi	chr6_98825653_98826063	chr6	98825653	98826063	5	5	0	0	0.0329697345853109	0.979164877002956	1.40576091600116	1.40576091600116	410	317	Intergenic	1	Heritable	0.126727475997948	0.885709363298125	0.0100937925993407	6994	0	0	1.26727475997948	6.01615715969835	5.76205138278018	8.85295088709958	0.340578740524302
BA_only	hippocampus	AA	psi	chr6_98839835_98840649	chr6	98839835	98840649	5	5	0	0	0.208317557743497	0.991109148328494	1.13008128914586	1.13008128914586	814	305	Intergenic	2	Non-heritable	0.059177781391989	0.881253490403565	0.00761493043286923	6094	0	0	0.59177781391989	6.70196036600254	5.72358510195238	8.71522404191537	0.122289576283028
BA_only	hippocampus	AA	psi	chr6_98847904_98848443	chr6	98847904	98848443	5	5	0	0	0.313463035927674	0.993663620961428	1.74645104190662	-1.74645104190662	539	321	Intergenic	1	Heritable	0.143509404360463	0.895722210378172	0.00769595146701338	14163	0	0	1.43509404360463	6.289715570909	5.77455154554441	9.55845881323179	0.557585758480145
BA_only	hippocampus	AA	psi	chr6_98945804_98946595	chr6	98945804	98946595	5	5	0	0	0.101151978536291	0.990428070812969	1.52312167674585	1.52312167674585	791	314	Genic/other	1	Heritable	0.104373182944688	0.899269739299386	0.00947335443515145	112063	0	0	1.04373182944688	6.67329796776765	5.75257263882563	11.6268254156455	0.420761970094746
BA_only	hippocampus	AA	psi	chr6_99514208_99514370	chr6	99514208	99514370	83	83	0	0	5.07215212887379e-05	0.27028390983384	3.77231423200915	3.77231423200915	162	333	Genic/other	1	Non-heritable	0.0789568721588268	0.893658776615304	0.00821215030125934	0	0	0	0.789568721588268	5.08759633523238	5.8111409929767	0	1.32768867042346
BA_only	hippocampus	AA	psi	chr7_100017291_100017605	chr7	100017291	100017605	270	270	0	0	0.000319944484747299	0.54834581481252	2.37057142332418	-2.37057142332418	314	151	Genic/other	1	Heritable	0.133051689657174	0.719007246182488	0.00739818286417448	3679	0	0	1.33051689657174	5.74939298590825	5.02388052084628	8.21066803116298	0.863131037191677
BA_only	hippocampus	AA	psi	chr7_100078830_100079703	chr7	100078830	100079703	976	976	0	0	0.000255114526718595	0.503902674622265	5.78784757153613	5.78784757153613	873	156	Genic/other	2	Non-heritable	0.0741517327287162	0.651287809456044	0.00823139107338789	0	0	0	0.741517327287162	6.7719355558396	5.05624580534831	0	1.75576047489385
BA_only	hippocampus	AA	psi	chr7_100170321_100171048	chr7	100170321	100171048	1120	1120	0	0	0.00169803192069528	0.787408492976702	7.09768894746948	7.09768894746948	727	187	Genic/other	1	Non-heritable	0.0691328300565753	0.735250727552463	0.00760421129870101	876	0	0	0.691328300565753	6.58892647753352	5.23644196282995	6.77650699237218	1.95976923211303
BA_only	hippocampus	AA	psi	chr7_100237264_100237847	chr7	100237264	100237847	1110	1110	0	0	0.00302856197968833	0.846513053928579	8.01268484413185	8.01268484413185	583	178	Genic/other	0	Non-heritable	0.0973220634086245	0.746126494730703	0.00855371830171974	0	0	0	0.973220634086245	6.36818718635049	5.18738580584076	0	2.08102589269915
BA_only	hippocampus	AA	psi	chr7_100242083_100242459	chr7	100242083	100242459	1111	1111	0	0	0.000549350065868135	0.636920160415722	7.52962111944498	7.52962111944498	376	169	Genic/other	0	Heritable	0.166895318995464	0.739093555043746	0.00566894827871006	0	0	0	1.66895318995464	5.9295891433899	5.13579843705026	0	2.01884472573123
BA_only	hippocampus	AA	psi	chr7_100451013_100451125	chr7	100451013	100451125	980	980	0	0	0.00146393332922898	0.762823213405844	5.27561894816044	5.27561894816044	112	204	Intergenic	0	Non-heritable	0.0941726680353718	0.688434454897131	0.00746648852482443	12631	0	0	0.941726680353718	4.71849887129509	5.32300997913841	9.44398855593548	1.66309601051845
BA_only	hippocampus	AA	psi	chr7_100466758_100467904	chr7	100466758	100467904	977	977	0	0	0.00076889195528908	0.680199019000458	7.95883591931931	7.95883591931931	1146	198	Genic/other	0	Non-heritable	0.0911015435527812	0.771047938170416	0.00737995578868412	0	0	0	0.911015435527812	7.04403289727469	5.29330482472449	0	2.07428274912691
BA_only	hippocampus	AA	psi	chr7_100737800_100740182	chr7	100737800	100740182	108	108	0	0	0.000422172436554997	0.595949298354404	7.99577836422241	7.99577836422241	2382	268	Genic/other	0	Non-heritable	0.0457820483559575	0.764110256210614	0.0134565601641615	30978	0	0	0.457820483559575	7.77569574991525	5.59471137960184	10.3410648345603	2.07891369917329
BA_only	hippocampus	AA	psi	chr7_100745072_100745759	chr7	100745072	100745759	107	107	0	0	0.00674620993053459	0.92655656508175	1.92683187643989	1.92683187643989	687	259	Enhancer	0	Heritable	0.134997511161108	0.813601203328998	0.0138727413086483	38250	0	0	1.34997511161108	6.53233429222235	5.56068163101553	10.5519249827038	0.65587714454705
BA_only	hippocampus	AA	psi	chr7_100758244_100758418	chr7	100758244	100758418	107	107	0	0	0.00802601498694355	0.933559278800072	2.62162435462921	-2.62162435462921	174	251	Genic/other	0	Heritable	0.173990246553428	0.843428626296856	0.00714748970072444	34060	0	0	1.73990246553428	5.15905529921453	5.52942908751142	10.4359083137387	0.963794112160475
BA_only	hippocampus	AA	psi	chr7_100956528_100959343	chr7	100956528	100959343	73	73	0	0	0.00277190825114237	0.842029831452187	1.20534646274521	-1.20534646274521	2815	311	Promoter	0	Non-heritable	0.0665091227788737	0.811657587546366	0.014644406051946	55095	0	0	0.665091227788737	7.94271754057379	5.74300318780948	10.9168323972245	0.186767054863143
BA_only	hippocampus	AA	psi	chr7_101143415_101144100	chr7	101143415	101144100	56	56	0	0	0.000107231626791056	0.39930129403085	1.96854910311262	1.96854910311262	685	372	Intergenic	0	Heritable	0.108020091247482	0.84512054972649	0.00746694320582645	10416	0	0	1.08020091247482	6.52941883826223	5.92157841964382	9.25119436598445	0.677296780601531
BA_only	hippocampus	AA	psi	chr7_101171086_101171618	chr7	101171086	101171618	46	46	0	0	0.000243554570514548	0.503902674622265	1.80476111139628	-1.80476111139628	532	399	Genic/other	1	Non-heritable	0.0848835405409199	0.85735822545841	0.00665731041037916	1166	0	0	0.848835405409199	6.27664348934165	5.99146454710798	7.06219163228656	0.590428240310032
BA_only	hippocampus	AA	psi	chr7_101172750_101173776	chr7	101172750	101173776	46	46	0	0	0.0069114903892877	0.928872608627617	2.43248446809607	-2.43248446809607	1026	402	Genic/other	2	Heritable	0.107366943585361	0.882896994876435	0.00700546765399875	1034	0	0	1.07366943585361	6.93342302573072	5.99893656194668	6.94215670569947	0.888913154007744
BA_only	hippocampus	AA	psi	chr7_10121667_10122957	chr7	10121667	10122957	3	3	0	0	0.220659328749892	0.991290284450776	2.12690532434433	-2.12690532434433	1290	429	Intergenic	0	Non-heritable	0.0582119818983987	0.901003909120398	0.00910091899682888	36390	0	0	0.582119818983987	7.16239749735572	6.06378520868761	10.5020767703056	0.754668028572421
BA_only	hippocampus	AA	psi	chr7_101273369_101273684	chr7	101273369	101273684	44	44	0	0	0.0181915938304874	0.97174211759878	1.76786381856856	1.76786381856856	315	414	Genic/other	0	Non-heritable	0.0517967518792022	0.85347416273263	0.00781768758034125	14058	0	0	0.517967518792022	5.75257263882563	6.0282785202307	9.55101803907991	0.569771941208849
BA_only	hippocampus	AA	psi	chr7_101387004_101387525	chr7	101387004	101387525	42	42	0	0	0.0357259493907425	0.980494018606455	2.05998631195533	-2.05998631195533	521	418	Genic/other	0	Non-heritable	0.0988174519582273	0.888952203750047	0.00623649722412623	32573	0	0	0.988174519582273	6.25575004175337	6.03787091992214	10.3912697031335	0.722699342951936
BA_only	hippocampus	AA	psi	chr7_101680974_101681154	chr7	101680974	101681154	43	43	0	0	0.005602875920609	0.914301706404424	2.73765885425	-2.73765885425	180	400	Intergenic	0	Non-heritable	0.0858729911835006	0.871307916783393	0.00623507844350044	112123	0	0	0.858729911835006	5.19295685089021	5.99396142730657	11.6273606807037	1.00710312606153
BA_only	hippocampus	AA	psi	chr7_101899698_101900242	chr7	101899698	101900242	44	44	0	0	0.0283165671534047	0.975932065139872	2.48623829188381	2.48623829188381	544	391	Genic/other	0	Non-heritable	0.076964613273902	0.907168008876498	0.00921990117778881	0	0	0	0.76964613273902	6.29894924685594	5.97126183979046	0	0.910770846050314
BA_only	hippocampus	AA	psi	chr7_102080230_102080563	chr7	102080230	102080563	46	46	0	0	0.0258594764578167	0.975932065139872	1.30114195604981	-1.30114195604981	333	317	Genic/other	0	Non-heritable	0.0562462079388203	0.827025818874271	0.00732500807444104	9890	0	0	0.562462079388203	5.80814248998044	5.76205138278018	9.19938053173984	0.263242314291825
BA_only	hippocampus	AA	psi	chr7_102110799_102111680	chr7	102110799	102111680	46	46	0	0	0.0320440100385158	0.97748455075509	3.21300080279289	3.21300080279289	881	304	Genic/other	0	Non-heritable	0.0560528579696076	0.740221742532638	0.0140359191872311	40459	0	0	0.560528579696076	6.78105762593618	5.72031177660741	10.6080691107217	1.16720533310378
BA_only	hippocampus	AA	psi	chr7_102119218_102119978	chr7	102119218	102119978	47	47	0	0	0.00350259949371267	0.866906756094015	1.85201346026295	1.85201346026295	760	310	Genic/other	0	Non-heritable	0.0630903530453585	0.752009443970285	0.00739867200267577	48878	0	0	0.630903530453585	6.63331843328038	5.73979291217923	10.7971031353711	0.616273409557661
BA_only	hippocampus	AA	psi	chr7_102146158_102146666	chr7	102146158	102146666	47	47	0	0	0.0107913002687449	0.944902218841749	1.25116792173537	-1.25116792173537	508	283	Enhancer	0	Non-heritable	0.0646560752522181	0.722049232369656	0.00866463836650026	23883	0	0	0.646560752522181	6.23048144757848	5.64897423816121	10.0809640576669	0.224077460473558
BA_only	hippocampus	AA	psi	chr7_102175743_102176267	chr7	102175743	102176267	6	6	0	0	0.0140016907823449	0.964710008537998	1.38911765984002	-1.38911765984002	524	274	Genic/other	0	Non-heritable	0.0587390405180933	0.804539563280981	0.00762932050035167	0	0	0	0.587390405180933	6.26149168432104	5.61677109766657	0	0.328668775691624
BA_only	hippocampus	AA	psi	chr7_102255468_102255710	chr7	102255468	102255710	17	17	0	0	0.0203134620573245	0.975856666808667	3.7381037748419	-3.7381037748419	242	252	Genic/other	0	Heritable	0.115673458685341	0.783303861373578	0.00961058197500466	29547	0	0	1.15673458685341	5.48893772615669	5.53338948872752	10.2937713386486	1.31857847345315
BA_only	hippocampus	AA	psi	chr7_102270522_102271531	chr7	102270522	102271531	18	18	0	0	0.156491748578739	0.991064867102684	2.1918149726441	2.1918149726441	1009	256	Genic/other	0	Non-heritable	0.0615621176683046	0.722570469818849	0.0081756929291811	13726	0	0	0.615621176683046	6.91671502035361	5.54907608489522	9.52711997525166	0.784729959795349
BA_only	hippocampus	AA	psi	chr7_102479673_102480237	chr7	102479673	102480237	37	37	0	0	0.00660914847960849	0.924695970269092	5.29329079561242	-5.29329079561242	564	219	Promoter	1	Non-heritable	0.0779280273597944	0.675339318069741	0.0113431801430088	3475	0	0	0.779280273597944	6.33505425149806	5.39362754635236	8.15363748638528	1.6664401329144
BA_only	hippocampus	AA	psi	chr7_102514686_102515217	chr7	102514686	102515217	41	41	0	0	0.0484672267140855	0.982661996589092	1.84666606852297	1.84666606852297	531	223	Genic/other	1	Heritable	0.101314911004633	0.803181600898712	0.0146066396865722	0	0	0	1.01314911004633	6.27476202124194	5.41164605185504	0	0.613381893601666
BA_only	hippocampus	AA	psi	chr7_103076207_103077048	chr7	103076207	103077048	72	72	0	0	0.0144254033858116	0.966012740036302	1.84815157661066	1.84815157661066	841	199	Genic/other	1	Non-heritable	0.0363829954899571	0.737626398431971	0.00750813170593092	6781	0	0	0.363829954899571	6.73459165997295	5.29831736654804	8.82202732268558	0.614185997242151
BA_only	hippocampus	AA	psi	chr7_103146168_103146770	chr7	103146168	103146770	78	78	0	0	0.0288852908925725	0.975932065139872	1.79966530870074	1.79966530870074	602	223	Genic/other	1	Non-heritable	0.0725967368848166	0.63003121765272	0.0090536596544648	0	0	0	0.725967368848166	6.40025744530882	5.41164605185504	0	0.587600713559095
BA_only	hippocampus	AA	psi	chr7_103149850_103150077	chr7	103149850	103150077	78	78	0	0	0.028122204464715	0.975932065139872	1.28656919485469	1.28656919485469	227	222	Promoter	1	Non-heritable	0.0572632657847609	0.689000260341066	0.0184392045001075	0	0	0	0.572632657847609	5.4249500174814	5.40717177146012	0	0.25197914441738
BA_only	hippocampus	AA	psi	chr7_103446526_103447011	chr7	103446526	103447011	74	74	0	0	0.00132268719309558	0.753688014176758	4.4843664452089	-4.4843664452089	485	333	Promoter	1	Heritable	0.123380260998284	0.869914870063196	0.00633397593429239	0	0	0	1.23380260998284	6.18414889093748	5.8111409929767	0	1.50059722693949
BA_only	hippocampus	AA	psi	chr7_1040365_1040905	chr7	1040365	1040905	54	54	0	0	0.0117062286695234	0.953788125853379	2.68802220870585	2.68802220870585	540	446	Genic/other	1	Non-heritable	0.0973016782730025	0.833330187442594	0.00684379653021002	0	0	0	0.973016782730025	6.29156913955832	6.10255859461357	0	0.988805688514334
BA_only	hippocampus	AA	psi	chr7_104215786_104218925	chr7	104215786	104218925	5	5	0	0	0.255442022557009	0.992837608310815	0.460543076955578	0.460543076955578	3139	428	Intergenic	0	Heritable	0.472740615826153	0.872596988645859	0.0122531173331913	11643	0	0	4.72740615826153	8.05165955684195	6.06145691892802	9.36254630486551	-0.775348862070759
BA_only	hippocampus	AA	psi	chr7_105122349_105122858	chr7	105122349	105122858	135	135	0	0	0.0338841733444758	0.979164877002956	2.54941001610538	-2.54941001610538	509	263	Genic/other	0	Non-heritable	0.0605694996419832	0.781701846153963	0.00718439785988725	0	0	0	0.605694996419832	6.23244801655052	5.57594910314632	0	0.935861970090331
BA_only	hippocampus	AA	psi	chr7_105521071_105521384	chr7	105521071	105521384	27	27	0	0	0.000611322309211125	0.656556947226755	2.01986040229162	-2.01986040229162	313	423	Genic/other	1	Heritable	0.407095835689241	0.863798365802347	0.0111169441768591	11484	0	0	4.07095835689241	5.74620319054015	6.04973345523196	9.3487971151232	0.703028406199472
BA_only	hippocampus	AA	psi	chr7_105643455_105643715	chr7	105643455	105643715	28	28	0	0	0.0296798752989988	0.976741514025636	2.1684852860278	2.1684852860278	260	448	Genic/other	0	Non-heritable	0.0615613534105062	0.878205824531411	0.00593444842557424	616	0	0	0.615613534105062	5.56068163101553	6.10702288774226	6.42486902390539	0.774028903559112
BA_only	hippocampus	AA	psi	chr7_105877737_105877958	chr7	105877737	105877958	19	19	0	0	0.00785609135109916	0.933559278800072	3.58470942110669	3.58470942110669	221	527	Genic/other	1	Non-heritable	0.0922814305604609	0.943222795867546	0.00808168579638042	1358	0	0	0.922814305604609	5.39816270151775	6.26909628370626	7.21450441415114	1.27667741947155
BA_only	hippocampus	AA	psi	chr7_1058942_1059113	chr7	1058942	1059113	54	54	0	0	0.0169793400304189	0.970581273335112	2.84564601302122	2.84564601302122	171	452	Genic/other	1	Non-heritable	0.0833122041891107	0.929394384151054	0.00722360228707458	0	0	0	0.833122041891107	5.14166355650266	6.11589212548303	0	1.04579011491928
BA_only	hippocampus	AA	psi	chr7_106009137_106009352	chr7	106009137	106009352	12	12	0	0	0.126928820505732	0.991064867102684	1.37374558575287	-1.37374558575287	215	547	Genic/other	1	Heritable	0.129653362981564	0.962362635709019	0.00926561774177081	4638	0	0	1.29653362981564	5.37063802812766	6.30627528694802	8.44225410475174	0.317541020727184
BA_only	hippocampus	AA	psi	chr7_107173283_107175033	chr7	107173283	107175033	33	33	0	0	0.0436612657600141	0.980789550235948	3.20350647513056	3.20350647513056	1750	273	Genic/other	1	Non-heritable	0.0933411302550021	0.811365701564389	0.00878677057971258	0	0	0	0.933411302550021	7.46737106691756	5.61312810638807	0	1.16424598648401
BA_only	hippocampus	AA	psi	chr7_1087546_1088073	chr7	1087546	1088073	46	46	0	0	0.015714027087026	0.967716068030647	2.61824240444202	-2.61824240444202	527	463	Promoter	1	Non-heritable	0.0954255480604261	0.923511718623273	0.00742840714932598	0	0	0	0.954255480604261	6.26720054854136	6.13988455222626	0	0.96250325848064
BA_only	hippocampus	AA	psi	chr7_10973244_10973367	chr7	10973244	10973367	15	15	0	0	0.108671694817287	0.990898390030923	1.13291704075678	1.13291704075678	123	344	Promoter	1	Non-heritable	0.0561640013011927	0.804033716595848	0.00886365289748394	88717	0	0	0.561640013011927	4.81218435537242	5.84354441703136	11.3932180789388	0.12479576732406
BA_only	hippocampus	AA	psi	chr7_11091484_11091890	chr7	11091484	11091890	9	9	0	0	0.154839549904568	0.991064867102684	1.03890696217402	1.03890696217402	406	402	Genic/other	0	Heritable	0.403672070719809	0.899864819461698	0.00655194808389049	0	0	0	4.03672070719809	6.00635315960173	5.99893656194668	0	0.0381691721836014
BA_only	hippocampus	AA	psi	chr7_111093885_111094741	chr7	111093885	111094741	1	1	0	0	0.428274836925257	0.994840206451052	0.049120229939172	-0.049120229939172	856	206	Genic/other	0	Heritable	0.309704699830978	0.808172820036494	0.0083699542587261	0	0	0	3.09704699830978	6.75227037614174	5.33271879326537	0	-3.01348411040005
BA_only	hippocampus	AA	psi	chr7_112128015_112128887	chr7	112128015	112128887	33	33	0	0	0.0381167658967787	0.980549382116533	1.93179425600238	1.93179425600238	872	390	Genic/other	0	Non-heritable	0.094198178669673	0.915981325032293	0.00758998955241135	77919	0	0	0.94198178669673	6.77078942390898	5.96870755998537	11.2634379383164	0.658449242543714
BA_only	hippocampus	AA	psi	chr7_113587625_113588068	chr7	113587625	113588068	1	1	0	0	0.0527147867792029	0.984783117109287	0.157835714457782	0.157835714457782	443	186	Intergenic	0	Heritable	0.538951996783878	0.817702647098999	0.00637092958624344	192709	0	0	5.38951996783878	6.09356977004514	5.23110861685459	12.168941747192	-1.84620050545915
BA_only	hippocampus	AA	psi	chr7_114921793_114921908	chr7	114921793	114921908	1	1	0	0	0.883283303845149	0.999100225123066	0.076051502900611	0.076051502900611	115	215	Promoter	1	Non-heritable	0.0696813863159657	0.733470819951691	0.00772473399792414	1218	0	0	0.696813863159657	4.74493212836325	5.37527840768417	7.10578612948127	-2.57634436697555
BA_only	hippocampus	AA	psi	chr7_115475756_115476293	chr7	115475756	115476293	3	3	0	0	0.146512863911311	0.991064867102684	0.862438866850468	0.862438866850468	537	251	Intergenic	0	Heritable	0.151489961733937	0.851075496265897	0.00802692032532794	199803	0	0	1.51489961733937	6.28599809450887	5.52942908751142	12.2050921650162	-0.147991000007584
BA_only	hippocampus	AA	psi	chr7_1158886_1159415	chr7	1158886	1159415	29	29	0	0	0.0769189736571451	0.987699793790646	1.75899285727248	1.75899285727248	529	498	Promoter	2	Heritable	0.317327616178384	0.914073617582385	0.0109571211240414	1207	0	0	3.17327616178384	6.2709884318583	6.21260609575152	7.09672137849476	0.564741410757137
BA_only	hippocampus	AA	psi	chr7_1160936_1161651	chr7	1160936	1161651	29	29	0	0	0.140471087883429	0.991064867102684	1.09109367791168	-1.09109367791168	715	506	Promoter	1	Heritable	0.646411703617636	0.904368187751217	0.00953547116846172	0	0	0	6.46411703617636	6.57228254269401	6.22851100359118	0	0.0871805765936094
BA_only	hippocampus	AA	psi	chr7_116138869_116139436	chr7	116138869	116139436	7	7	0	0	0.181192137948943	0.991064867102684	1.60612191332966	1.60612191332966	567	237	Genic/other	0	Heritable	0.114144433597068	0.848716106638897	0.0102296008338113	98839	0	0	1.14144433597068	6.34035930372775	5.47227067367148	11.5012576601025	0.473822530033813
BA_only	hippocampus	AA	psi	chr7_116715551_116716590	chr7	116715551	116716590	49	49	0	0	0.012964271952888	0.964283399649536	2.67614325270046	2.67614325270046	1039	227	Enhancer	0	Heritable	0.102732076829064	0.706015005747406	0.00933201710220338	0	0	0	1.02732076829064	6.94601399109923	5.42934562895444	0	0.98437667696917
BA_only	hippocampus	AA	psi	chr7_1169653_1170352	chr7	1169653	1170352	29	29	0	0	0.0226965847627136	0.975932065139872	2.78535121718496	-2.78535121718496	699	495	Intergenic	0	Heritable	0.256732481554965	0.907757864979198	0.00722677470457535	5491	0	0	2.56732481554965	6.54965074223381	6.20657592672493	8.61104776688786	1.02437397931803
BA_only	hippocampus	AA	psi	chr7_117022161_117023824	chr7	117022161	117023824	60	60	0	0	0.00130953695572675	0.751221462279749	2.64815061428489	-2.64815061428489	1663	252	Genic/other	0	Non-heritable	0.0951971713213176	0.835111827615792	0.00660079454602972	0	0	0	0.951971713213176	7.41637847919293	5.53338948872752	0	0.973861518739839
BA_only	hippocampus	AA	psi	chr7_117068436_117069501	chr7	117068436	117069501	59	59	0	0	0.0037902696866867	0.871232310780983	4.29795107690598	-4.29795107690598	1065	224	Genic/other	0	Heritable	0.110139553914239	0.829232504372956	0.0110518322855626	0	0	0	1.10139553914239	6.97073007814353	5.41610040220442	0	1.45813841772419
BA_only	hippocampus	AA	psi	chr7_117072412_117073067	chr7	117072412	117073067	59	59	0	0	0.0138922492408189	0.964441318501853	3.12793692512479	-3.12793692512479	655	223	Genic/other	0	Heritable	0.156259117757828	0.850730721651667	0.00867023633896482	0	0	0	1.56259117757828	6.48463523563525	5.41164605185504	0	1.1403736610747
BA_only	hippocampus	AA	psi	chr7_1176692_1177073	chr7	1176692	1177073	29	29	0	0	1.32551050145575e-05	0.114862050563905	3.78180324832587	3.78180324832587	381	518	Intergenic	0	Non-heritable	0.0716378390137104	0.933085681105959	0.0101592871532633	4394	0	0	0.716378390137104	5.9427993751267	6.25190388316589	8.38822281011928	1.33020094834531
BA_only	hippocampus	AA	psi	chr7_118213884_118214153	chr7	118213884	118214153	0	0	0	0					269	231	Promoter	2	Heritable	0.190839400539156	0.78718882233187	0.0110580212027191	22772	0	0	1.90839400539156	5.59471137960184	5.44673737166631	10.0333309026849	
BA_only	hippocampus	AA	psi	chr7_118407277_118408821	chr7	118407277	118408821	0	0	0	0					1544	188	Genic/other	0	Heritable	0.58960319599041	0.877211110977218	0.009048227700653	84417	0	0	5.8960319599041	7.34213173058472	5.24174701505964	11.3435359279874	
BA_only	hippocampus	AA	psi	chr7_121109247_121109511	chr7	121109247	121109511	5	5	0	0	0.323893971746807	0.993828622005322	0.194188241081514	0.194188241081514	264	255	Genic/other	0	Non-heritable	0.0996746272423904	0.767669209830225	0.00841207358909684	58443	0	0	0.996746272423904	5.57594910314632	5.54517744447956	10.975824309792	-1.63892722402038
BA_only	hippocampus	AA	psi	chr7_121832624_121834483	chr7	121832624	121834483	28	28	0	0	0.024089338675723	0.975932065139872	1.2642664169703	1.2642664169703	1859	293	Intergenic	0	Heritable	0.156889164229902	0.885495617404612	0.00719920063938006	39073	0	0	1.56889164229902	7.52779398772144	5.68357976733868	10.5732125631516	0.234492054344441
BA_only	hippocampus	AA	psi	chr7_121871900_121872564	chr7	121871900	121872564	37	37	0	0	0.00148450470461173	0.767554939688382	1.6244115553911	-1.6244115553911	664	290	Promoter	1	Non-heritable	0.0768845325263392	0.90701350055135	0.00719495376343734	992	0	0	0.768845325263392	6.49828214947643	5.67332326717149	6.90073066404517	0.48514563659726
BA_only	hippocampus	AA	psi	chr7_122306991_122307481	chr7	122306991	122307481	47	47	0	0	0.00926213954684166	0.939841915020693	5.18184917541532	5.18184917541532	490	227	Promoter	1	Heritable	0.180410476461995	0.844310866834456	0.00810587455052725	21026	0	0	1.80410476461995	6.19440539110467	5.42934562895444	9.95356260516843	1.64516197816861
BA_only	hippocampus	AA	psi	chr7_122311424_122311568	chr7	122311424	122311568	46	46	0	0	0.00492126400941279	0.903851486872121	2.06066242873829	2.06066242873829	144	224	Promoter	1	Non-heritable	0.0616417999030152	0.784594216305873	0.00738015406227456	16939	0	0	0.616417999030152	4.969813299576	5.41610040220442	9.73743296820605	0.723027503311284
BA_only	hippocampus	AA	psi	chr7_122314310_122315182	chr7	122314310	122315182	46	46	0	0	0.0130356410475032	0.964283399649536	1.58491519676766	-1.58491519676766	872	224	Enhancer	2	Heritable	0.114924095138594	0.792307184187334	0.00807368339043289	13325	0	0	1.14924095138594	6.77078942390898	5.41610040220442	9.49747229312248	0.460530908590742
BA_only	hippocampus	AA	psi	chr7_122315387_122316293	chr7	122315387	122316293	46	46	0	0	0.000597673942716492	0.652148872651117	1.66474103252334	-1.66474103252334	906	225	Enhancer	1	Non-heritable	0.0814608549209967	0.818616195181602	0.00748134810942389	12214	0	0	0.814608549209967	6.80903930604298	5.42053499927229	9.41041998369184	0.509669581320348
BA_only	hippocampus	AA	psi	chr7_123994148_123995386	chr7	123994148	123995386	41	41	0	0	0.0520395226975558	0.984191523535161	4.39493027614362	-4.39493027614362	1238	206	Promoter	0	Heritable	0.122739818447957	0.730966699413513	0.0100324993775309	36892	0	0	1.22739818447957	7.12125245324454	5.33271879326537	10.5157771101359	1.48045166892797
BA_only	hippocampus	AA	psi	chr7_124034094_124036456	chr7	124034094	124036456	46	46	0	0	0.0375494655547691	0.980549382116533	3.0796845989749	-3.0796845989749	2362	220	Genic/other	2	Non-heritable	0.0827340569331495	0.783607012341628	0.00421664438336149	0	0	0	0.827340569331495	7.76726399675731	5.39816270151775	0	1.1248271920588
BA_only	hippocampus	AA	psi	chr7_124749027_124752414	chr7	124749027	124752414	15	15	0	0	0.0137699873053255	0.964441318501853	1.40264370907675	1.40264370907675	3387	184	Genic/other	0	Non-heritable	0.0886591575274057	0.656194424077548	0.00743232105964048	70136	0	0	0.886591575274057	8.12769985281777	5.22035582507832	11.1582057511798	0.338358826659673
BA_only	hippocampus	AA	psi	chr7_124760883_124764029	chr7	124760883	124764029	15	15	0	0	0.0194692981401563	0.973435583287465	1.47538208434107	-1.47538208434107	3146	188	Enhancer	2	Non-heritable	0.0647973289460407	0.765916855839624	0.0075587997381543	58521	0	0	0.647973289460407	8.05388708361822	5.24174701505964	10.9771580309	0.388917003255795
BA_only	hippocampus	AA	psi	chr7_124784969_124785412	chr7	124784969	124785412	26	26	0	0	0.0712139217947445	0.985907779499035	2.53932328738592	-2.53932328738592	443	202	Genic/other	0	Non-heritable	0.077848387672643	0.765296486841786	0.00714839730392008	37138	0	0	0.77848387672643	6.09356977004514	5.31320597904179	10.5224229093961	0.931897627182772
BA_only	hippocampus	AA	psi	chr7_124880827_124881282	chr7	124880827	124881282	29	29	0	0	0.00356817294378141	0.866906756094015	1.96433486071626	1.96433486071626	455	232	Genic/other	0	Heritable	0.445458138675571	0.806237661537008	0.00788520529227712	0	0	0	4.45458138675571	6.12029741895095	5.4510384535657	0	0.675153699836059
BA_only	hippocampus	AA	psi	chr7_124949055_124950957	chr7	124949055	124950957	32	32	0	0	0.0071961720959606	0.931602204679102	3.54737153902807	3.54737153902807	1902	209	Genic/other	0	Heritable	0.427645925032223	0.850263690496451	0.00783215200378711	0	0	0	4.27645925032223	7.55066124310534	5.34710753071747	0	1.26620692052492
BA_only	hippocampus	AA	psi	chr7_124984717_124985469	chr7	124984717	124985469	32	32	0	0	0.00050241635257462	0.61537095529214	2.14182371331167	2.14182371331167	752	217	Genic/other	0	Heritable	0.586230325485096	0.86084632120974	0.0101623963201113	0	0	0	5.86230325485096	6.62273632394984	5.38449506278909	0	0.761657673266404
BA_only	hippocampus	AA	psi	chr7_126646374_126650094	chr7	126646374	126650094	14	14	0	0	0.00468897924582498	0.900895908545546	2.3090161109729	-2.3090161109729	3720	217	Genic/other	0	Heritable	0.562806847155529	0.875198651761007	0.010100231387045	0	0	0	5.62806847155529	8.22147894726719	5.38449506278909	0	0.836821512146556
BA_only	hippocampus	AA	psi	chr7_127667400_127668407	chr7	127667400	127668407	16	16	0	0	0.0303196244574842	0.976893291659941	4.74847858891607	-4.74847858891607	1007	201	Genic/other	0	Non-heritable	0.0663547480191384	0.604703903031339	0.00960311059903712	10857	0	0	0.663547480191384	6.91473089271856	5.30826769740121	9.2926574144654	1.55782427177612
BA_only	hippocampus	AA	psi	chr7_12770085_12772565	chr7	12770085	12772565	22	22	0	0	0.100422862608331	0.990400450319684	1.04246363693812	-1.04246363693812	2480	468	Genic/other	0	Non-heritable	0.0808052824301712	0.926032999407114	0.0147454934339358	30166	0	0	0.808052824301712	7.81601383915903	6.15060276844628	10.3145038906826	0.0415868030402397
BA_only	hippocampus	AA	psi	chr7_128030488_128030782	chr7	128030488	128030782	6	6	0	0	0.119004070579648	0.99090322242539	1.20253098625148	1.20253098625148	294	256	Genic/other	1	Heritable	0.101703491956034	0.791011921782984	0.00755004837139667	0	0	0	1.01703491956034	5.68357976733868	5.54907608489522	0	0.184428499174078
BA_only	hippocampus	AA	psi	chr7_128032975_128033343	chr7	128032975	128033343	6	6	0	0	0.0673908985058971	0.985907779499035	0.680379315307928	0.680379315307928	368	249	Promoter	1	Non-heritable	0.0809613642212231	0.808428329764764	0.00939837412799549	0	0	0	0.809613642212231	5.90808293816893	5.52146091786225	0	-0.385104805006859
BA_only	hippocampus	AA	psi	chr7_128042369_128042588	chr7	128042369	128042588	6	6	0	0	0.494766193700701	0.994840206451052	0.824943083027687	-0.824943083027687	219	249	Genic/other	0	Heritable	0.147499203020553	0.775240798261273	0.00654013726791187	0	0	0	1.47499203020553	5.3890717298165	5.52146091786225	0	-0.192440873174816
BA_only	hippocampus	AA	psi	chr7_128121853_128122039	chr7	128121853	128122039	7	7	0	0	0.0561303861724193	0.98577631996496	1.48269284864904	-1.48269284864904	186	238	Intergenic	0	Heritable	0.134887535218541	0.831401649053819	0.00700538800122441	30015	0	0	1.34887535218541	5.2257466737132	5.47646355193151	10.309485851806	0.393859933579877
BA_only	hippocampus	AA	psi	chr7_128270808_128271134	chr7	128270808	128271134	78	78	0	0	0.0640477975599076	0.985907779499035	4.32658042853886	4.32658042853886	326	252	Intergenic	1	Non-heritable	0.0898123924988625	0.825303865236681	0.00934278684355085	7445	0	0	0.898123924988625	5.78689738136671	5.53338948872752	8.91543225443266	1.46477749294981
BA_only	hippocampus	AA	psi	chr7_128474555_128474877	chr7	128474555	128474877	152	152	0	0	0.0022423078668324	0.818039030279412	5.00526297874366	-5.00526297874366	322	326	Genic/other	2	Non-heritable	0.0892991202180996	0.880007438508042	0.00839543784947455	0	0	0	0.892991202180996	5.77455154554441	5.78996017089725	0	1.61048995659026
BA_only	hippocampus	AA	psi	chr7_128598639_128599799	chr7	128598639	128599799	162	162	0	0	0.0017731662312174	0.795401023180755	2.49851207721542	2.49851207721542	1160	325	Genic/other	0	Non-heritable	0.0805822718762859	0.816460193021809	0.0104230529918097	0	0	0	0.805822718762859	7.05617528410041	5.78689738136671	0	0.915695389579262
BA_only	hippocampus	AA	psi	chr7_128836452_128836928	chr7	128836452	128836928	105	105	0	0	0.0156607337233042	0.967613773757012	1.81124695211222	-1.81124695211222	476	306	Genic/other	0	Non-heritable	0.0850385024288632	0.846383586351297	0.00628437396753201	6378	0	0	0.850385024288632	6.16541785423142	5.7268477475872	8.76076662424196	0.59401553741862
BA_only	hippocampus	AA	psi	chr7_128989978_128990788	chr7	128989978	128990788	86	86	0	0	0.0114628388911112	0.952368810264286	1.37299747442876	1.37299747442876	810	276	Genic/other	0	Heritable	0.182841060910318	0.884311359230435	0.00684595695091518	0	0	0	1.82841060910318	6.69703424766648	5.62401750618734	0	0.316996294612823
BA_only	hippocampus	AA	psi	chr7_129055742_129056042	chr7	129055742	129056042	82	82	0	0	0.008826824995534	0.934101276321172	1.55468963889765	1.55468963889765	300	308	Promoter	1	Non-heritable	0.0898864113053444	0.888345734080149	0.00829311363014262	1090	0	0	0.898864113053444	5.7037824746562	5.73334127689775	6.99484998583307	0.441275943009444
BA_only	hippocampus	AA	psi	chr7_129168743_129168902	chr7	129168743	129168902	72	72	0	0	0.0263009553781398	0.975932065139872	2.41111298276203	-2.41111298276203	159	322	Genic/other	1	Non-heritable	0.0746451309807085	0.870241826671858	0.00812980303432526	20579	0	0	0.746451309807085	5.06890420222023	5.77765232322266	9.93207500938804	0.880088463618105
BA_only	hippocampus	AA	psi	chr7_129366969_129367882	chr7	129366969	129367882	19	19	0	0	0.0680854468544402	0.985907779499035	1.53049601207825	-1.53049601207825	913	321	Promoter	0	Heritable	0.142320003016003	0.871436618313045	0.00936412210368639	0	0	0	1.42320003016003	6.81673588059497	5.77455154554441	0	0.425591880300475
BA_only	hippocampus	AA	psi	chr7_129522858_129523148	chr7	129522858	129523148	21	21	0	0	0.0529051569862176	0.984783117109287	1.53370315849909	1.53370315849909	290	307	Intergenic	0	Heritable	0.25952256718525	0.850960797654784	0.00704433089083046	10606	0	0	2.5952256718525	5.66988092298052	5.73009978297357	9.26926943950547	0.427685182590889
BA_only	hippocampus	AA	psi	chr7_129616577_129617293	chr7	129616577	129617293	35	35	0	0	0.0371165595533643	0.980549382116533	1.68392029672942	1.68392029672942	716	304	Genic/other	1	Heritable	0.301420048393783	0.844784845950891	0.0111507456697788	0	0	0	3.01420048393783	6.57368016696065	5.72031177660741	0	0.521124590905448
BA_only	hippocampus	AA	psi	chr7_129786271_129786465	chr7	129786271	129786465	29	29	0	0	0.0167151524421565	0.970578191533636	0.90701478972488	0.90701478972488	194	303	Genic/other	1	Heritable	0.147998780564373	0.890402543268583	0.00659480839724739	0	0	0	1.47998780564373	5.26785815906333	5.71702770140622	0	-0.0975965117731348
BA_only	hippocampus	AA	psi	chr7_130141225_130141312	chr7	130141225	130141312	33	33	0	0	0.0396827580830763	0.980549382116533	1.54422904277794	-1.54422904277794	87	302	Promoter	1	Heritable	0.161633731471667	0.808242710708517	0.00741603876161928	459	0	0	1.61633731471667	4.46590811865458	5.71373280550937	6.13122648948314	0.434524790844555
BA_only	hippocampus	AA	psi	chr7_130345185_130345365	chr7	130345185	130345365	46	46	0	0	0.00822294117341942	0.933559278800072	5.52970658843069	5.52970658843069	180	302	Genic/other	0	Non-heritable	0.0882387584417311	0.831731870603313	0.00737270399174967	0	0	0	0.882387584417311	5.19295685089021	5.71373280550937	0	1.71013475778506
BA_only	hippocampus	AA	psi	chr7_131071651_131072340	chr7	131071651	131072340	1077	1077	0	0	0.00125620499560009	0.748685029382681	7.90468900469896	7.90468900469896	689	451	Enhancer	0	Heritable	0.168021060535443	0.921123834394889	0.00748643134299992	0	0	0	1.68021060535443	6.53524127101366	6.11368217983223	0	2.06745612955855
BA_only	hippocampus	AA	psi	chr7_131607410_131608408	chr7	131607410	131608408	17	17	0	0	0.0115007948133868	0.953021166460675	5.05099899820171	-5.05099899820171	998	480	Intergenic	0	Non-heritable	0.0757082361966522	0.883686615901831	0.00999922387042901	35080	0	0	0.757082361966522	6.90575327631146	6.17586727010576	10.4654149523512	1.61958604712908
BA_only	hippocampus	AA	psi	chr7_132178942_132179057	chr7	132178942	132179057	3	3	0	0	0.0966296001479054	0.990400450319684	0.149651321858987	-0.149651321858987	115	452	Genic/other	0	Heritable	0.329563793397799	0.915380400171115	0.00732649450762768	86970	0	0	3.29563793397799	4.74493212836325	6.11589212548303	11.3733300087355	-1.89944714489686
BA_only	hippocampus	AA	psi	chr7_132772775_132773427	chr7	132772775	132773427	3	3	0	0	0.128401743266589	0.991064867102684	0.261413007263818	0.261413007263818	652	334	Intergenic	0	Heritable	0.137771710126955	0.888107349186954	0.00786838298012017	22644	0	0	1.37771710126955	6.48004456192665	5.81413053182507	10.0276943559903	-1.34165368077706
BA_only	hippocampus	AA	psi	chr7_132825554_132826692	chr7	132825554	132826692	3	3	0	0	0.190512472372062	0.991064867102684	0.571533082771719	-0.571533082771719	1138	319	Genic/other	0	Heritable	0.158952185407271	0.82221072304951	0.00983091594351714	59052	0	0	1.58952185407271	7.03702761468628	5.76832099579377	10.9861906247381	-0.559432892311339
BA_only	hippocampus	AA	psi	chr7_1330751_1331445	chr7	1330751	1331445	42	42	0	0	0.0124551063215639	0.960836098876319	2.89460804387185	2.89460804387185	694	594	Intergenic	0	Heritable	0.108352289549446	0.9262704379425	0.00990913147649412	97345	0	0	1.08352289549446	6.54247196050681	6.38856140554563	11.4860269211015	1.06284971459567
BA_only	hippocampus	AA	psi	chr7_134359351_134361372	chr7	134359351	134361372	114	114	0	0	0.00467072398218983	0.900895908545546	2.38493829205532	2.38493829205532	2021	324	Intergenic	0	Heritable	0.769416570865913	0.900252464370159	0.00817231734741426	1101	0	0	7.69416570865913	7.61134771740362	5.78382518232974	7.00488198971286	0.869173254846497
BA_only	hippocampus	AA	psi	chr7_134598652_134599853	chr7	134598652	134599853	138	138	0	0	0.0168990562954583	0.970581273335112	3.23156218306719	-3.23156218306719	1201	333	Intergenic	0	Heritable	0.116177171750242	0.862583495391845	0.00789912555531772	30493	0	0	1.16177171750242	7.09090982207998	5.8111409929767	10.3252852219319	1.17296567141746
BA_only	hippocampus	AA	psi	chr7_134601623_134603036	chr7	134601623	134603036	138	138	0	0	0.00723252248794548	0.931602204679102	4.61526703389409	-4.61526703389409	1413	322	Enhancer	0	Heritable	0.198059850557203	0.815318531867282	0.0069955946195584	33464	0	0	1.98059850557203	7.25347038268453	5.77765232322266	10.4182553955347	1.52936973061315
BA_only	hippocampus	AA	psi	chr7_134605433_134606618	chr7	134605433	134606618	137	137	0	0	0.0367248865715094	0.980549382116533	2.55708466994616	-2.55708466994616	1185	316	Intergenic	0	Heritable	0.108123880119664	0.849684192801371	0.00731093259326025	37274	0	0	1.08123880119664	7.07749805356923	5.75890177387728	10.5260781396329	0.938867812673548
BA_only	hippocampus	AA	psi	chr7_134690468_134690870	chr7	134690468	134690870	38	38	0	0	0.14159219039807	0.991064867102684	1.54009781271716	-1.54009781271716	402	317	Intergenic	0	Non-heritable	0.071399013847274	0.864405727260018	0.00715945296677406	29020	0	0	0.71399013847274	5.99645208861902	5.76205138278018	10.2757749848383	0.431845935653058
BA_only	hippocampus	AA	psi	chr7_135171521_135172394	chr7	135171521	135172394	77	77	0	0	0.00624270923401557	0.920376068783091	1.28873031761567	-1.28873031761567	873	295	Promoter	1	Heritable	0.648972721269719	0.863560267313836	0.0236150981301072	0	0	0	6.48972721269719	6.7719355558396	5.69035945432406	0	0.253657491530815
BA_only	hippocampus	AA	psi	chr7_135212249_135212490	chr7	135212249	135212490	78	78	0	0	0.00243569309474372	0.824728302674626	4.34959196064327	4.34959196064327	241	286	Promoter	1	Heritable	0.136539969288177	0.814372080692034	0.00757755201982803	1181	0	0	1.36539969288177	5.48479693349066	5.65948221575962	7.07496319796604	1.47008204084899
BA_only	hippocampus	AA	psi	chr7_135717480_135718728	chr7	135717480	135718728	16	16	0	0	0.00789432824836478	0.933559278800072	1.3371351725299	-1.3371351725299	1248	396	Genic/other	0	Heritable	0.220780857736688	0.902489186220793	0.0100001495566519	10254	0	0	2.20780857736688	7.12929754892937	5.98393628068719	9.23552067050648	0.290529401856744
BA_only	hippocampus	AA	psi	chr7_135977803_135978176	chr7	135977803	135978176	14	14	0	0	0.0349133750500802	0.980327953711174	0.303735893005473	0.303735893005473	373	394	Promoter	1	Heritable	0.397115079503726	0.888052300638984	0.0129423116613646	2881	0	0	3.97115079503726	5.92157841964382	5.97888576490112	7.96623977655947	-1.19159669526287
BA_only	hippocampus	AA	psi	chr7_137590301_137591089	chr7	137590301	137591089	9	9	0	0	0.157121942769306	0.991064867102684	0.907433750793089	-0.907433750793089	788	432	Genic/other	0	Heritable	0.104676008708944	0.878620649773914	0.0062308191945301	37931	0	0	1.04676008708944	6.66949808985788	6.07073772800249	10.5435503620036	-0.0971347063687037
BA_only	hippocampus	AA	psi	chr7_137999311_138000023	chr7	137999311	138000023	9	9	0	0	0.0941873288065896	0.98989315440863	3.23338665031482	3.23338665031482	712	511	Genic/other	2	Heritable	0.141387738039758	0.945093000683082	0.00781327825818817	0	0	0	1.41387738039758	6.56807791141198	6.23832462503951	0	1.17353008958609
BA_only	hippocampus	AA	psi	chr7_138161620_138163553	chr7	138161620	138163553	6	6	0	0	0.313849070706565	0.993663620961428	1.24711164156601	1.24711164156601	1933	557	Promoter	0	Heritable	0.13061079869859	0.94077902393511	0.00789131814149755	0	0	0	1.3061079869859	7.56682847920833	6.32435896238131	0	0.220830198829321
BA_only	hippocampus	AA	psi	chr7_138243553_138243872	chr7	138243553	138243872	7	7	0	0	0.338384081082589	0.993832821375533	0.749997305687691	-0.749997305687691	319	598	Enhancer	0	Heritable	0.104288868111358	0.961973405913023	0.0111436102184241	54138	0	0	1.04288868111358	5.76519110278484	6.39526159811545	10.899310092366	-0.287685651541265
BA_only	hippocampus	AA	psi	chr7_138664052_138665354	chr7	138664052	138665354	15	15	0	0	0.00129041319770174	0.748685029382681	3.17417562913195	-3.17417562913195	1302	588	Promoter	2	Heritable	0.105104837131428	0.958409511631655	0.0098641578239724	977	0	0	1.05104837131428	7.17165682276851	6.37842618365159	6.88550967003482	1.15504795741376
BA_only	hippocampus	AA	psi	chr7_138907843_138908202	chr7	138907843	138908202	16	16	0	0	0.00683827155829242	0.928034838482957	3.43792069842312	-3.43792069842312	359	492	Genic/other	0	Heritable	0.105844757264648	0.930648436383299	0.00797196239952797	67709	0	0	1.05844757264648	5.88332238848828	6.20050917404269	11.1229891584797	1.23486684340881
BA_only	hippocampus	AA	psi	chr7_138919287_138919718	chr7	138919287	138919718	15	15	0	0	0.0559293415285335	0.98577631996496	1.29824449355064	-1.29824449355064	431	472	Genic/other	0	Non-heritable	0.089007149321692	0.926149969236368	0.00877233221562793	79153	0	0	0.89007149321692	6.06610809010375	6.15909538849193	11.2791506009874	0.261012969996098
BA_only	hippocampus	AA	psi	chr7_139434683_139435097	chr7	139434683	139435097	6	6	0	0	0.0633445124698332	0.985907779499035	3.73151214629187	-3.73151214629187	414	420	Intergenic	0	Non-heritable	0.0679108506619351	0.919937326599466	0.00682294983424925	58620	0	0	0.679108506619351	6.02586597382531	6.04263283368238	10.9788482731436	1.31681355533339
BA_only	hippocampus	AA	psi	chr7_139570158_139570452	chr7	139570158	139570452	18	18	0	0	0.00679207894391833	0.927297122675783	2.11836611739277	2.11836611739277	294	430	Genic/other	0	Heritable	0.142031941548842	0.923431252480974	0.00822366781204797	29836	0	0	1.42031941548842	5.68357976733868	6.06610809010375	10.3035045130706	0.750645096920088
BA_only	hippocampus	AA	psi	chr7_139647064_139648090	chr7	139647064	139648090	17	17	0	0	0.0257661077748296	0.975932065139872	1.29411156551248	1.29411156551248	1026	419	Genic/other	0	Heritable	0.110977401873837	0.902989956074895	0.00978821961260334	26662	0	0	1.10977401873837	6.93342302573072	6.04025471127741	10.1910321155339	0.257824417641647
BA_only	hippocampus	AA	psi	chr7_139669199_139670202	chr7	139669199	139670202	18	18	0	0	0.0164405150785348	0.969245141301252	1.78917944458164	1.78917944458164	1003	404	Enhancer	0	Non-heritable	0.0999028275579969	0.913313903038664	0.00696400192665855	37533	0	0	0.999028275579969	6.91075078796194	6.00388706710654	10.5330024678512	0.581757109491198
BA_only	hippocampus	AA	psi	chr7_139720501_139722104	chr7	139720501	139722104	19	19	0	0	0.00134120549908426	0.754597371598859	2.26218196863292	-2.26218196863292	1603	401	Enhancer	1	Heritable	0.136160517585001	0.913188424241359	0.00889910941113796	11130	0	0	1.36160517585001	7.37963215260955	5.99645208861902	9.31748928749323	0.816329824781989
BA_only	hippocampus	AA	psi	chr7_139762288_139763598	chr7	139762288	139763598	19	19	0	0	0.0652774214116449	0.985907779499035	2.25371083476143	-2.25371083476143	1310	445	Genic/other	0	Heritable	0.107489740799362	0.92974513225904	0.0071938230414284	13642	0	0	1.07489740799362	7.1777824161952	6.10031895202006	9.52098184856287	0.812578122011839
BA_only	hippocampus	AA	psi	chr7_139770443_139771682	chr7	139770443	139771682	20	20	0	0	0.0140486810454989	0.964826773227435	1.9190394426113	-1.9190394426113	1239	452	Genic/other	0	Heritable	0.1372450490062	0.923456402543797	0.00736608601777579	5558	0	0	1.372450490062	7.12205988162914	6.11589212548303	8.62317351495347	0.651824775757065
BA_only	hippocampus	AA	psi	chr7_13992127_13992740	chr7	13992127	13992740	8	8	0	0	0.0927080137575925	0.989446665475032	0.719738688414211	0.719738688414211	613	622	Promoter	1	Heritable	0.110849567528985	0.956945862601815	0.0156541277472352	798	0	0	1.10849567528985	6.41836493593621	6.43454651878745	6.68336094576628	-0.328867051712178
BA_only	hippocampus	AA	psi	chr7_139948648_139949118	chr7	139948648	139949118	22	22	0	0	0.174673997684998	0.991064867102684	1.35675579105972	1.35675579105972	470	521	Genic/other	2	Heritable	0.127267895381974	0.930053022275908	0.0109115846713616	0	0	0	1.27267895381974	6.1527326947041	6.25766758788264	0	0.305096409654997
BA_only	hippocampus	AA	psi	chr7_140334797_140335478	chr7	140334797	140335478	39	39	0	0	0.0163369674256638	0.969245141301252	7.55330939749188	7.55330939749188	681	420	Genic/other	0	Heritable	0.108434265110069	0.860838383052602	0.00600247354953364	0	0	0	1.08434265110069	6.52356230614951	6.04263283368238	0	2.0219857993396
BA_only	hippocampus	AA	psi	chr7_140581282_140581738	chr7	140581282	140581738	55	55	0	0	0.00412005469020242	0.882277433336612	4.84157032508864	4.84157032508864	456	325	Genic/other	0	Heritable	0.178586882438578	0.879894218072026	0.00925989005955977	6041	0	0	1.78586882438578	6.12249280951439	5.78689738136671	8.70649036194662	1.5772391175047
BA_only	hippocampus	AA	psi	chr7_140607583_140607944	chr7	140607583	140607944	45	45	0	0	0.0119760316928042	0.955696118255407	2.42997977637823	2.42997977637823	361	337	Genic/other	0	Heritable	0.142774461997618	0.883714957906161	0.00741654588662614	0	0	0	1.42774461997618	5.88887795833288	5.82304589548302	0	0.887882938954991
BA_only	hippocampus	AA	psi	chr7_140647140_140647326	chr7	140647140	140647326	41	41	0	0	0.0228374952910968	0.975932065139872	2.02737448877978	2.02737448877978	186	337	Genic/other	0	Heritable	0.123126305897547	0.876739778484044	0.0106077266520428	0	0	0	1.23126305897547	5.2257466737132	5.82304589548302	0	0.706741605599485
BA_only	hippocampus	AA	psi	chr7_141214940_141216857	chr7	141214940	141216857	7	7	0	0	0.178116239476384	0.991064867102684	0.484567387512882	0.484567387512882	1917	259	Genic/other	0	Heritable	0.42419204301678	0.814905642795039	0.0105481318864658	200028	0	0	4.2419204301678	7.55851674304565	5.56068163101553	12.2062176350187	-0.724498749972117
BA_only	hippocampus	AA	psi	chr7_141512415_141512671	chr7	141512415	141512671	82	82	0	0	0.0109987247264582	0.947075181665103	1.82122786791086	-1.82122786791086	256	305	Promoter	0	Heritable	0.101628845202624	0.868804773858548	0.0140869861708697	0	0	0	1.01628845202624	5.54517744447956	5.72358510195238	0	0.599510931801954
BA_only	hippocampus	AA	psi	chr7_141533746_141534864	chr7	141533746	141534864	82	82	0	0	0.00594606580843656	0.918414150018684	1.84948369888865	1.84948369888865	1118	327	Genic/other	0	Non-heritable	0.0781444990194506	0.870115060470657	0.00619857969844135	0	0	0	0.781444990194506	7.01929665371505	5.79301360838414	0	0.614906523864797
BA_only	hippocampus	AA	psi	chr7_141737326_141737765	chr7	141737326	141737765	85	85	0	0	0.00644146678482292	0.922500611491166	4.80041918936934	4.80041918936934	439	390	Promoter	1	Heritable	0.479384224180408	0.902312962790537	0.0188575694973717	0	0	0	4.79384224180408	6.08449941307517	5.96870755998537	0	1.56870324730247
BA_only	hippocampus	AA	psi	chr7_142308711_142309615	chr7	142308711	142309615	1	1	0	0	0.41063319732903	0.99461028164865	0.774568779724031	-0.774568779724031	904	358	Genic/other	0	Heritable	0.139635599633929	0.897534739168679	0.0095942300290616	37173	0	0	1.39635599633929	6.80682936039218	5.88332238848828	10.5233648711683	-0.255448804832998
BA_only	hippocampus	AA	psi	chr7_143162123_143163786	chr7	143162123	143163786	71	71	0	0	0.032933019927956	0.979164877002956	2.35518411428959	-2.35518411428959	1663	254	Intergenic	0	Heritable	0.124631025386768	0.814460018541508	0.0155345184640006	91634	0	0	1.24631025386768	7.41637847919293	5.54126354515843	11.425568573752	0.856618908823855
BA_only	hippocampus	AA	psi	chr7_143285995_143286488	chr7	143285995	143286488	92	92	0	0	0.015474548851993	0.967076513219291	10.2287492557778	10.2287492557778	493	240	Genic/other	1	Non-heritable	0.0315782739022414	0.65037523422404	0.00704939781928514	0	0	0	0.315782739022414	6.20050917404269	5.48479693349066	0	2.32520231107921
BA_only	hippocampus	AA	psi	chr7_143360916_143361101	chr7	143360916	143361101	95	95	0	0	0.00870203568917137	0.933559278800072	6.06090497499603	6.06090497499603	185	217	Genic/other	1	Non-heritable	0.0350537317437497	0.600530519530128	0.00832823939891949	0	0	0	0.350537317437497	5.22035582507832	5.38449506278909	0	1.80185912638959
BA_only	hippocampus	AA	psi	chr7_143510973_143511690	chr7	143510973	143511690	141	141	0	0	0.00914182279602276	0.939077729475158	2.32040109389332	2.32040109389332	717	222	Genic/other	1	Heritable	0.168258259447224	0.804366677874643	0.0134866035963653	6666	0	0	1.68258259447224	6.57507584059962	5.40717177146012	8.80492526261806	0.841740060343722
BA_only	hippocampus	AA	psi	chr7_143620094_143621058	chr7	143620094	143621058	157	157	0	1	6.72708119775982e-06	0.0751494397977408	19.480278383017	-19.480278383017	964	272	Promoter	2	Non-heritable	0.0220514738472026	0.56394104690806	0.00520816784155181	0	0	1	0.220514738472026	6.87109129461055	5.60947179518496	0	2.96940258933491
BA_only	hippocampus	AA	psi	chr7_144354780_144354955	chr7	144354780	144354955	446	446	0	0	0.00102004064855099	0.7208764098031	9.02127115336545	-9.02127115336545	175	286	Promoter	1	Heritable	0.156759988505234	0.844891842130472	0.00730540778230089	0	0	0	1.56759988505234	5.16478597392351	5.65948221575962	0	2.19958525134761
BA_only	hippocampus	AA	psi	chr7_148382191_148382558	chr7	148382191	148382558	170	170	0	0	0.00156555240515019	0.777798990961062	5.557715996321	5.557715996321	367	528	Genic/other	0	Heritable	0.117237118506651	0.924639110597054	0.00695972457610806	0	0	0	1.17237118506651	5.90536184805457	6.2709884318583	0	1.71518723363503
BA_only	hippocampus	AA	psi	chr7_148384892_148385288	chr7	148384892	148385288	170	170	0	0	7.97419248419954e-05	0.346204570037265	3.80036919543538	3.80036919543538	396	521	Genic/other	0	Non-heritable	0.0673220285991524	0.943583634354933	0.00728046673277559	0	0	0	0.673220285991524	5.98141421125448	6.25766758788264	0	1.33509822133778
BA_only	hippocampus	AA	psi	chr7_149020444_149020799	chr7	149020444	149020799	17	17	0	0	0.051401728395449	0.984153364580922	2.37400007472753	-2.37400007472753	355	438	Genic/other	0	Heritable	0.108613091938343	0.924699581791223	0.0071116477699645	12284	0	0	1.08613091938343	5.87211778947542	6.08449941307517	9.41613428495528	0.864576331877252
BA_only	hippocampus	AA	psi	chr7_149146528_149146897	chr7	149146528	149146897	32	32	0	0	0.0392969153772041	0.980549382116533	2.84074674770238	2.84074674770238	369	376	Promoter	1	Heritable	0.209211226571822	0.886410883845805	0.00883245343261688	0	0	0	2.09211226571822	5.91079664404053	5.93224518744801	0	1.04406696046265
BA_only	hippocampus	AA	psi	chr7_149190722_149191455	chr7	149190722	149191455	32	32	0	0	0.0205762828579815	0.975856666808667	2.7641759852402	2.7641759852402	733	365	Promoter	1	Heritable	0.547497184749012	0.882534569782078	0.00755520608855106	24563	0	0	5.47497184749012	6.59714570188665	5.90263333340137	10.1090372354493	1.01674257798837
BA_only	hippocampus	AA	psi	chr7_149438813_149439274	chr7	149438813	149439274	36	36	0	0	0.0338203772649177	0.979164877002956	2.13417700256129	2.13417700256129	461	434	Genic/other	0	Heritable	0.118053021214536	0.912413308296028	0.00827423691369341	0	0	0	1.18053021214536	6.13339804299665	6.07534603108868	0	0.758081098156138
BA_only	hippocampus	AA	psi	chr7_149765552_149766464	chr7	149765552	149766464	112	112	0	0	0.0105022978832599	0.944902218841749	2.82131702724861	-2.82131702724861	912	365	Genic/other	2	Non-heritable	0.0646413883316807	0.816377366019524	0.00552460095946031	0	0	0	0.646413883316807	6.81563999007433	5.90263333340137	0	1.03720381040868
BA_only	hippocampus	AA	psi	chr7_149787461_149788066	chr7	149787461	149788066	143	143	0	0	0.0184662570782737	0.972503866121758	3.9885810327537	3.9885810327537	605	380	Genic/other	1	Heritable	0.219825010165015	0.87719883666502	0.00796002767161973	18370	0	0	2.19825010165015	6.40522845803084	5.9427993751267	9.81852861330894	1.38343553926847
BA_only	hippocampus	AA	psi	chr7_149907429_149908386	chr7	149907429	149908386	163	163	0	0	0.00406217191843519	0.880626276698998	2.59652608240294	-2.59652608240294	957	362	Genic/other	0	Heritable	0.102426176510912	0.89397148747062	0.0101665320010983	0	0	0	1.02426176510912	6.86380339145295	5.89440283426485	0	0.954174433318928
BA_only	hippocampus	AA	psi	chr7_150009643_150010680	chr7	150009643	150010680	157	157	0	0	0.0133088510626029	0.964283399649536	2.86059617876675	-2.86059617876675	1037	385	Intergenic	0	Heritable	0.173811042065099	0.926142475001462	0.0125294262606439	0	0	0	1.73811042065099	6.94408720822953	5.95583736946483	0	1.05103006071824
BA_only	hippocampus	AA	psi	chr7_150045953_150046519	chr7	150045953	150046519	156	156	0	0	0.00224257638283495	0.818039030279412	3.30467942562064	-3.30467942562064	566	404	Genic/other	1	Non-heritable	0.0902344629905984	0.882859684597855	0.00675294081555659	0	0	0	0.902344629905984	6.33859407820318	6.00388706710654	0	1.19533947483868
BA_only	hippocampus	AA	psi	chr7_150053076_150053739	chr7	150053076	150053739	156	156	0	0	0.00151247489419914	0.773187087889525	5.9922431904665	-5.9922431904665	663	394	Genic/other	1	Heritable	0.137143888387712	0.908507190903807	0.00748397538515846	0	0	0	1.37143888387712	6.49677499018586	5.97888576490112	0	1.79046583291905
BA_only	hippocampus	AA	psi	chr7_150322810_150322940	chr7	150322810	150322940	47	47	0	0	0.000401869190504377	0.585765661036832	4.34455020470101	4.34455020470101	130	409	Promoter	2	Heritable	0.139749597367522	0.889059179813613	0.00905818842185851	271	0	0	1.39749597367522	4.86753445045558	6.01615715969835	5.605802066296	1.4689222354536
BA_only	hippocampus	AA	psi	chr7_150383086_150383828	chr7	150383086	150383828	49	49	0	0	0.0317676251096995	0.977060807838727	5.15084659808109	5.15084659808109	742	389	Genic/other	1	Non-heritable	0.0933061477277325	0.907317555699025	0.00580858103131015	0	0	0	0.933061477277325	6.60934924316738	5.96614673912369	0	1.63916109108376
BA_only	hippocampus	AA	psi	chr7_150972391_150972779	chr7	150972391	150972779	99	99	0	0	0.0048134487669792	0.903845859635741	5.81543751988046	-5.81543751988046	388	611	Genic/other	2	Heritable	0.104498284540952	0.954671832502985	0.0067312469470971	2161	0	0	1.04498284540952	5.96100533962327	6.41673228251233	7.67878899819915	1.76051602473607
BA_only	hippocampus	AA	psi	chr7_151131465_151132313	chr7	151131465	151132313	97	97	0	0	0.00747096008241199	0.933559278800072	8.05289902261222	-8.05289902261222	848	605	Genic/other	0	Heritable	0.103430492174218	0.945915072320005	0.00693945905509702	0	0	0	1.03430492174218	6.7428806357919	6.40687998606931	0	2.08603215487466
BA_only	hippocampus	AA	psi	chr7_151142809_151142914	chr7	151142809	151142914	98	98	0	0	0.00557211829866775	0.914301706404424	5.4955986243485	5.4955986243485	105	603	Genic/other	0	Heritable	0.115018239379964	0.92844079637323	0.0061385760555106	2829	0	0	1.15018239379964	4.65396035015752	6.40357419793482	7.94803199063728	1.70394752356855
BA_only	hippocampus	AA	psi	chr7_151143438_151143629	chr7	151143438	151143629	98	98	0	0	0.00190247113344271	0.801360789073658	7.45451720176597	7.45451720176597	191	602	Genic/other	0	Non-heritable	0.0667740445223019	0.947842370001725	0.00792129128176941	3458	0	0	0.667740445223019	5.25227342804663	6.40191719672719	8.14873480893717	2.00882018579317
BA_only	hippocampus	AA	psi	chr7_151304164_151304369	chr7	151304164	151304369	158	158	0	0	0.0191874004225636	0.973154979777806	3.83181208982052	-3.83181208982052	205	709	Intergenic	1	Non-heritable	0.0928666887747277	0.962921038300209	0.00914994401064327	27086	0	0	0.928666887747277	5.32300997913841	6.56526497003536	10.2068091869756	1.34333782441278
BA_only	hippocampus	AA	psi	chr7_151757079_151757457	chr7	151757079	151757457	33	33	0	0	0.0173839118724456	0.970581273335112	2.31092459315436	-2.31092459315436	378	714	Genic/other	0	Non-heritable	0.0792394390707559	0.966585024193811	0.00727016014695162	0	0	0	0.792394390707559	5.93489419561959	6.57228254269401	0	0.837647705556378
BA_only	hippocampus	AA	psi	chr7_151932337_151932785	chr7	151932337	151932785	57	57	0	0	0.00362483352739321	0.866906756094015	1.55885469127872	-1.55885469127872	448	558	Enhancer	0	Non-heritable	0.0736876874483145	0.938014847901086	0.00670207609359928	14483	0	0	0.736876874483145	6.10479323241499	6.3261494731551	9.58079987088553	0.443951385782748
BA_only	hippocampus	AA	psi	chr7_152409129_152409725	chr7	152409129	152409725	43	43	0	0	0.00662120602865686	0.9249109675864	2.28405235984362	-2.28405235984362	596	443	Genic/other	0	Non-heritable	0.0953688919840907	0.923878079174101	0.00809311689569552	26061	0	0	0.953688919840907	6.39024066706535	6.09582456243223	10.1682335937049	0.825951220534235
BA_only	hippocampus	AA	psi	chr7_152523670_152524236	chr7	152523670	152524236	33	33	0	0	0.0351746243952847	0.980327953711174	18.4930874276566	-18.4930874276566	566	458	Intergenic	0	Heritable	0.16786962865673	0.919283241113828	0.00822982923051618	1961	0	0	1.6786962865673	6.33859407820318	6.12905021006055	7.58171964012531	2.91739701024041
BA_only	hippocampus	AA	psi	chr7_152556470_152556572	chr7	152556470	152556572	34	34	0	0	0.00226681754336849	0.820192749465547	3.75083736492507	3.75083736492507	102	512	Intergenic	0	Heritable	0.125136320055868	0.928743926612115	0.00949220966236519	0	0	0	1.25136320055868	4.62497281328427	6.24027584517077	0	1.32197911503461
BA_only	hippocampus	AA	psi	chr7_152741757_152742079	chr7	152741757	152742079	25	25	0	0	0.015808185977027	0.967716068030647	4.02552993667672	4.02552993667672	322	587	Intergenic	0	Heritable	0.136430786704421	0.924115114708974	0.00897907105471769	1730	0	0	1.36430786704421	5.77455154554441	6.37672694789863	7.45645455517621	1.39265656597423
BA_only	hippocampus	AA	psi	chr7_152840373_152840504	chr7	152840373	152840504	12	12	0	0	0.0657756273787249	0.985907779499035	0.866141298745759	0.866141298745759	131	646	Genic/other	0	Non-heritable	0.0786446505757819	0.954589487620883	0.0113307240028933	23887	0	0	0.786446505757819	4.87519732320115	6.4723462945009	10.081131519779	-0.143707209659827
BA_only	hippocampus	AA	psi	chr7_153016969_153017378	chr7	153016969	153017378	4	4	0	0	0.135151313342481	0.991064867102684	2.40481934969613	-2.40481934969613	409	640	Intergenic	0	Non-heritable	0.0313266968665554	0.883074924035311	0.00823953800080564	81620	0	0	0.313266968665554	6.0137151560428	6.46302945692067	11.3098418607838	0.877474790423344
BA_only	hippocampus	AA	psi	chr7_153322997_153323752	chr7	153322997	153323752	124	124	0	0	0.000124755437641567	0.416727663010105	1.56203545918022	-1.56203545918022	755	637	Intergenic	0	Non-heritable	0.0662470394845376	0.931049954635775	0.00770408155106777	37467	0	0	0.662470394845376	6.62671774924903	6.45833828334479	10.531242514329	0.445989758701436
BA_only	hippocampus	AA	psi	chr7_153958358_153958980	chr7	153958358	153958980	21	21	0	0	0.0146320652376662	0.966089857218066	2.28837876953006	2.28837876953006	622	611	Genic/other	0	Non-heritable	0.0569131484389382	0.945910454797521	0.00657276176159522	0	0	0	0.569131484389382	6.43294009273918	6.41673228251233	0	0.827843610309488
BA_only	hippocampus	AA	psi	chr7_154226073_154227273	chr7	154226073	154227273	21	21	0	0	0.0521080876708007	0.984308387733243	0.845750856451704	-0.845750856451704	1200	689	Genic/other	0	Heritable	0.230952708916268	0.953777653810943	0.00780058120684446	0	0	0	2.30952708916268	7.09007683577609	6.53669159759131	0	-0.167530446844511
BA_only	hippocampus	AA	psi	chr7_154338585_154339427	chr7	154338585	154339427	6	6	0	0	0.494706013688058	0.994840206451052	0.131359758364138	-0.131359758364138	842	711	Genic/other	0	Non-heritable	0.0946219907064159	0.951141107811677	0.0091918449985348	0	0	0	0.946219907064159	6.73578001424233	6.56807791141198	0	-2.02981539664637
BA_only	hippocampus	AA	psi	chr7_154568191_154568530	chr7	154568191	154568530	7	7	0	0	0.129280257476172	0.991064867102684	0.223212138867495	-0.223212138867495	339	694	Genic/other	0	Non-heritable	0.0758037832970594	0.957810414563282	0.00979775286560638	0	0	0	0.758037832970594	5.82600010738045	6.54391184556479	0	-1.49963261954634
BA_only	hippocampus	AA	psi	chr7_154587944_154588204	chr7	154587944	154588204	7	7	0	0	0.218486336469589	0.991290284450776	0.304564234573775	-0.304564234573775	260	709	Genic/other	0	Non-heritable	0.0982842800052507	0.959740667547702	0.00689126735673974	293	0	0	0.982842800052507	5.56068163101553	6.56526497003536	5.68357976733868	-1.18887323026422
BA_only	hippocampus	AA	psi	chr7_154591591_154591890	chr7	154591591	154591890	7	7	0	0	0.0706648359601183	0.985907779499035	0.441505717554516	-0.441505717554516	299	701	Genic/other	0	Non-heritable	0.0804977103805591	0.973398661615749	0.00724359845999771	3940	0	0	0.804977103805591	5.70044357339069	6.55393340402581	8.279189777195	-0.817564286078859
BA_only	hippocampus	AA	psi	chr7_154794198_154794291	chr7	154794198	154794291	55	55	0	0	0.00223941629541934	0.818039030279412	1.24287077279497	1.24287077279497	93	807	Genic/other	1	Non-heritable	0.0882328960406395	0.972737563868821	0.00735881664931386	24780	0	0	0.882328960406395	4.53259949315326	6.6945620585211	10.117832509494	0.217423851207623
BA_only	hippocampus	AA	psi	chr7_155166555_155166948	chr7	155166555	155166948	207	207	0	0	0.00385015564967382	0.872621637649172	2.24406015774158	-2.24406015774158	393	891	Enhancer	0	Heritable	0.677108549992145	0.95435706182582	0.0109462666342041	36986	0	0	6.77108549992145	5.97380961186926	6.79346613258001	10.5183217785367	0.80828680002006
BA_only	hippocampus	AA	psi	chr7_155175129_155176200	chr7	155175129	155176200	211	211	0	0	0.00133909925339443	0.753869787821095	2.02419623238291	2.02419623238291	1071	898	Intergenic	0	Heritable	0.44069599049345	0.957954815849104	0.00664508821830054	27734	0	0	4.4069599049345	6.97634807044775	6.80128303447162	10.2304504324893	0.705172704424192
BA_only	hippocampus	AA	psi	chr7_155209166_155209285	chr7	155209166	155209285	206	206	0	0	0.00111330208983604	0.726050490461723	3.41334431886563	3.41334431886563	119	859	Enhancer	0	Heritable	0.103192659029075	0.975050126160578	0.00771172168292478	0	0	0	1.03192659029075	4.77912349311153	6.75693238924755	0	1.22769255228542
BA_only	hippocampus	AA	psi	chr7_155230180_155230691	chr7	155230180	155230691	213	213	0	0	0.00012539475282765	0.416727663010105	4.27970463383447	4.27970463383447	511	870	Intergenic	0	Non-heritable	0.0644711253757855	0.976451671192345	0.00799981675382768	1635	0	0	0.644711253757855	6.2363695902037	6.7696419768525	7.40000951716269	1.45388399876262
BA_only	hippocampus	AA	psi	chr7_155301090_155301713	chr7	155301090	155301713	171	171	0	0	0.000741471617812401	0.677254417144753	4.48856204233065	4.48856204233065	623	796	Promoter	1	Non-heritable	0.0670727192406223	0.966739957967736	0.00646514144039334	1132	0	0	0.670727192406223	6.43454651878745	6.68085467879022	7.03262426102801	1.50153239485574
BA_only	hippocampus	AA	psi	chr7_155358338_155359173	chr7	155358338	155359173	169	169	0	0	0.0116468700540029	0.953190818243131	1.84395502687659	1.84395502687659	835	804	Genic/other	0	Heritable	0.390866706537548	0.950308255308251	0.0126172215913496	36033	0	0	3.90866706537548	6.72743172485086	6.69084227741856	10.4922182161756	0.611912741364555
BA_only	hippocampus	AA	psi	chr7_155395604_155395783	chr7	155395604	155395783	171	171	0	0	0.0058470060620103	0.91658260669542	3.53476883419583	3.53476883419583	179	851	Genic/other	0	Heritable	0.180502791094575	0.972627514744469	0.00704533801114162	0	0	0	1.80502791094575	5.18738580584076	6.74758652682932	0	1.26264790660109
BA_only	hippocampus	AA	psi	chr7_155403382_155403619	chr7	155403382	155403619	171	171	0	0	0.00739765980175276	0.933559278800072	4.31822276862498	4.31822276862498	237	856	Intergenic	0	Non-heritable	0.0986270487029584	0.968159734583239	0.00731104483186376	0	0	0	0.986270487029584	5.46806014113513	6.75343791859778	0	1.46284392377355
BA_only	hippocampus	AA	psi	chr7_155408736_155409628	chr7	155408736	155409628	171	171	0	0	0.00417979983284307	0.88413881341503	2.70750386422949	2.70750386422949	892	851	Genic/other	0	Non-heritable	0.0949445922886195	0.972197295483629	0.00987268635305547	3186	0	0	0.949445922886195	6.79346613258001	6.74758652682932	8.06683531441734	0.996027130817004
BA_only	hippocampus	AA	psi	chr7_155459558_155465682	chr7	155459558	155465682	166	166	0	0	0.00188994185342242	0.801360789073658	2.77293902015962	-2.77293902015962	6124	863	Intergenic	2	Non-heritable	0.0441848644021394	0.977279272292327	0.00904251284964865	653	0	0	0.441848644021394	8.71997075677757	6.76157276880406	6.4831073514572	1.01990777943182
BA_only	hippocampus	AA	psi	chr7_155507659_155509074	chr7	155507659	155509074	133	133	0	0	0.00109607642244566	0.726050490461723	2.00543006623474	2.00543006623474	1415	938	Genic/other	1	Non-heritable	0.0513228285549479	0.978407818009597	0.00984727923555585	22	0	0	0.513228285549479	7.25488481007734	6.84481547920826	3.13549421592915	0.69585853961901
BA_only	hippocampus	AA	psi	chr7_155510928_155511662	chr7	155510928	155511662	133	133	0	0	0.0283819418642131	0.975932065139872	3.74253171780736	-3.74253171780736	734	926	Promoter	1	Non-heritable	0.0712027629776715	0.980202929346192	0.00870218868796716	0	0	0	0.712027629776715	6.59850902861452	6.83195356556586	0	1.31976231497975
BA_only	hippocampus	AA	psi	chr7_155555112_155555729	chr7	155555112	155555729	29	29	0	0	0.0266763704403225	0.975932065139872	1.60090495840391	1.60090495840391	617	946	Promoter	0	Non-heritable	0.0806724457872008	0.970557806146328	0.00771624127369684	558	0	0	0.806724457872008	6.42486902390539	6.85329909318608	6.3261494731551	0.470569074603817
BA_only	hippocampus	AA	psi	chr7_155806353_155806773	chr7	155806353	155806773	10	10	0	0	0.301582892484888	0.993663620961428	1.82665939339956	-1.82665939339956	420	864	Genic/other	1	Non-heritable	0.095136799257202	0.976382467390992	0.00698338448142988	56	0	0	0.95136799257202	6.04025471127741	6.76272950693188	4.04305126783455	0.602488836042793
BA_only	hippocampus	AA	psi	chr7_155933453_155935923	chr7	155933453	155935923	8	8	0	0	0.0011901046723692	0.737358918955169	2.25833779951322	2.25833779951322	2470	806	Intergenic	0	Heritable	0.538648612858292	0.912174231454565	0.0113829070666496	6578	0	0	5.38648612858292	7.81197342962202	6.69332366826995	8.791638037086	0.814629060167965
BA_only	hippocampus	AA	psi	chr7_156177472_156177834	chr7	156177472	156177834	12	12	0	0	0.113989458042858	0.990898390030923	1.84744174728015	-1.84744174728015	362	754	Intergenic	0	Heritable	0.130817571925936	0.974141250027961	0.00759357326679501	45717	0	0	1.30817571925936	5.89164421182577	6.62671774924903	10.73024737242	0.613801848190464
BA_only	hippocampus	AA	psi	chr7_156251083_156251331	chr7	156251083	156251331	40	40	0	0	0.00472395204660716	0.902738278901594	2.41827486034617	-2.41827486034617	248	755	Intergenic	0	Non-heritable	0.0795567182160618	0.964869894708046	0.00699399293093121	15072	0	0	0.795567182160618	5.51342874616498	6.62804137617953	9.62066034281053	0.883054422467279
BA_only	hippocampus	AA	psi	chr7_156397312_156397768	chr7	156397312	156397768	74	74	0	0	0.00593922511627724	0.918414150018684	6.1682781740687	6.1682781740687	456	633	Genic/other	0	Non-heritable	0.0437154953855103	0.959270957637245	0.0062389253552725	0	0	0	0.437154953855103	6.12249280951439	6.45204895443723	0	1.81941973642245
BA_only	hippocampus	AA	psi	chr7_156571061_156572207	chr7	156571061	156572207	75	75	0	0	0.017235804461704	0.970581273335112	3.16679983455783	-3.16679983455783	1146	520	Genic/other	0	Heritable	0.125554502080236	0.940975257655627	0.0089048543356083	0	0	0	1.25554502080236	7.04403289727469	6.25575004175337	0	1.15272156523021
BA_only	hippocampus	AA	psi	chr7_156578066_156579594	chr7	156578066	156579594	76	76	0	0	0.018082054926218	0.971452676751561	2.43851652798453	2.43851652798453	1528	519	Genic/other	0	Heritable	0.113844633746364	0.921066123533787	0.0115984841254949	0	0	0	1.13844633746364	7.33171496972647	6.25382881157547	0	0.891389878176766
BA_only	hippocampus	AA	psi	chr7_156607325_156608397	chr7	156607325	156608397	79	79	0	0	0.00595363869395218	0.918414150018684	2.60059164428387	-2.60059164428387	1072	542	Genic/other	2	Heritable	0.190839008428374	0.925029903882464	0.00968133561480975	0	0	0	1.90839008428374	6.97728134163075	6.29710931993394	0	0.955738978479687
BA_only	hippocampus	AA	psi	chr7_156942887_156943156	chr7	156942887	156943156	22	22	0	0	0.0272517487148241	0.975932065139872	5.03528763402551	5.03528763402551	269	470	Enhancer	2	Non-heritable	0.0874445664462581	0.910640949993765	0.0069353318067816	0	0	0	0.874445664462581	5.59471137960184	6.15485809401642	0	1.61647065344151
BA_only	hippocampus	AA	psi	chr7_156951226_156951416	chr7	156951226	156951416	22	22	0	0	0.0122561710331887	0.958155330657259	2.76424224070087	2.76424224070087	190	461	Genic/other	1	Heritable	0.343378960677095	0.886662513687734	0.00647688781340736	2106	0	0	3.43378960677095	5.24702407216049	6.13556489108174	7.65302041380419	1.0167665470362
BA_only	hippocampus	AA	psi	chr7_157007014_157008255	chr7	157007014	157008255	19	19	0	0	0.0600337723667648	0.98577631996496	1.36085030802233	1.36085030802233	1241	433	Enhancer	1	Heritable	0.198918912080042	0.882783795121647	0.0108296247617892	0	0	0	1.98918912080042	7.12367278520461	6.07304453410041	0	0.308109738210665
BA_only	hippocampus	AA	psi	chr7_157234200_157235121	chr7	157234200	157235121	12	12	0	0	0.0497175159922858	0.983887042482077	6.41427231105199	-6.41427231105199	921	427	Genic/other	0	Heritable	0.494402847797693	0.911320618912025	0.0109367877851277	65151	0	0	4.94402847797693	6.82546003625531	6.0591231955818	11.0844782804701	1.85852555765873
BA_only	hippocampus	AA	psi	chr7_157273544_157273813	chr7	157273544	157273813	13	13	0	0	1.87961765985252e-05	0.146453490013154	4.66220093527733	-4.66220093527733	269	457	Intergenic	0	Heritable	0.440715896493929	0.897831576919788	0.00870450682798781	63330	0	0	4.40715896493929	5.59471137960184	6.12686918411419	11.0561302196906	1.53948764248976
BA_only	hippocampus	AA	psi	chr7_157406039_157406249	chr7	157406039	157406249	11	11	0	0	0.0674536670443103	0.985907779499035	1.57224830816866	1.57224830816866	210	544	Genic/other	1	Heritable	0.161835655003092	0.902389594447123	0.00554910469421179	3751	0	0	1.61835655003092	5.34710753071747	6.30078579466324	8.23004431012611	0.452506644743756
BA_only	hippocampus	AA	psi	chr7_157462383_157462948	chr7	157462383	157462948	10	10	0	0	0.0536881743904579	0.985016765603212	0.956471720550677	0.956471720550677	565	544	Genic/other	0	Non-heritable	0.0829015556052327	0.949412901668158	0.00758484544020148	1689	0	0	0.829015556052327	6.33682573114644	6.30078579466324	7.43248380791712	-0.0445040456345889
BA_only	hippocampus	AA	psi	chr7_157487926_157488749	chr7	157487926	157488749	10	10	0	0	0.0457831278668351	0.981789757189854	2.20051552414107	2.20051552414107	823	579	Genic/other	0	Non-heritable	0.083243047891917	0.891419232634954	0.00817373404941882	0	0	0	0.83243047891917	6.71295620067707	6.36302810354047	0	0.788691666612903
BA_only	hippocampus	AA	psi	chr7_157601645_157602107	chr7	157601645	157602107	10	10	0	0	0.266285114075719	0.993317506364054	1.10523645081201	1.10523645081201	462	583	Genic/other	0	Non-heritable	0.0690809211639724	0.897275888531932	0.0102989206396134	7298	0	0	0.690809211639724	6.13556489108174	6.36990098282823	8.89549263145163	0.100059303761838
BA_only	hippocampus	AA	psi	chr7_157613047_157613906	chr7	157613047	157613906	11	11	0	0	0.0600886010768264	0.98577631996496	1.58950853643747	-1.58950853643747	859	584	Promoter	1	Non-heritable	0.0936995310085781	0.953012045658984	0.00855116068329064	18700	0	0	0.936995310085781	6.75576892198426	6.37161184723186	9.83633227734872	0.463424878162991
BA_only	hippocampus	AA	psi	chr7_157683825_157683858	chr7	157683825	157683858	8	8	0	0	0.0375039084159334	0.980549382116533	0.505597932996299	0.505597932996299	33	581	Genic/other	1	Non-heritable	0.0406367950054325	0.941974812652891	0.00683891842838051	89478	0	0	0.406367950054325	3.49650756146648	6.36647044773144	11.4017592398599	-0.68201350459863
BA_only	hippocampus	AA	psi	chr7_157691807_157692183	chr7	157691807	157692183	8	8	0	0	0.0823571265940021	0.988137148207548	0.694467715257297	0.694467715257297	376	604	Enhancer	1	Non-heritable	0.0812931675900702	0.917493272684277	0.00672718682640921	97460	0	0	0.812931675900702	5.9295891433899	6.40522845803084	11.4872075769646	-0.364609589779331
BA_only	hippocampus	AA	psi	chr7_157897543_157898267	chr7	157897543	157898267	3	3	0	0	0.0378938392650059	0.980549382116533	0.438198188451446	0.438198188451446	724	633	Genic/other	2	Heritable	0.11973001295986	0.957547271246738	0.0148673735203276	34997	0	0	1.1973001295986	6.58479139238572	6.45204895443723	10.4630461959817	-0.825083963076493
BA_only	hippocampus	AA	psi	chr7_157961904_157962447	chr7	157961904	157962447	3	3	0	0	0.296619224630676	0.993663620961428	0.868797999883603	-0.868797999883603	543	608	Genic/other	0	Heritable	0.1046394448917	0.940399649894461	0.00871711522403101	99358	0	0	1.046394448917	6.29710931993394	6.4118182677099	11.5064948327044	-0.140644620454718
BA_only	hippocampus	AA	psi	chr7_158001527_158001833	chr7	158001527	158001833	3	3	0	0	0.0730315126950949	0.985907779499035	0.86251726812787	0.86251726812787	306	597	Genic/other	0	Non-heritable	0.0545190800926805	0.92678954835286	0.00803494135387435	138981	0	0	0.545190800926805	5.72358510195238	6.39359075395063	11.8420997073246	-0.147900097665249
BA_only	hippocampus	AA	psi	chr7_15839270_15839920	chr7	15839270	15839920	3	3	0	0	0.32212048825936	0.993828622005322	0.647029379820417	0.647029379820417	650	401	Intergenic	0	Heritable	0.132955871861649	0.920049833622434	0.00691292858088701	45889	0	0	1.32955871861649	6.47697236288968	5.99645208861902	10.7340025073889	-0.435363560751832
BA_only	hippocampus	AA	psi	chr7_158492197_158492439	chr7	158492197	158492439	11	11	0	0	0.050331022100435	0.984077279506327	0.189751273755029	-0.189751273755029	242	432	Genic/other	1	Heritable	0.161644060318282	0.885981013911337	0.00614865075052638	96024	0	0	1.61644060318282	5.48893772615669	6.07073772800249	11.4723638532141	-1.66204109722188
BA_only	hippocampus	AA	psi	chr7_158549372_158549658	chr7	158549372	158549658	11	11	0	0	0.0223216441342648	0.975932065139872	1.39784358949305	-1.39784358949305	286	403	Genic/other	1	Non-heritable	0.0727384873092713	0.880377491356239	0.00878228133272707	38805	0	0	0.727384873092713	5.65599181081985	6.00141487796115	10.5663301528312	0.334930763084713
BA_only	hippocampus	AA	psi	chr7_158569739_158570185	chr7	158569739	158570185	11	11	0	0	0.0435552804941097	0.980789550235948	0.67939288671454	-0.67939288671454	446	413	Genic/other	1	Heritable	0.113410094504577	0.867276896607233	0.00649588644022512	18278	0	0	1.13410094504577	6.10031895202006	6.02586597382531	9.8135081389166	-0.386555678543545
BA_only	hippocampus	AA	psi	chr7_158712175_158712757	chr7	158712175	158712757	24	24	0	0	0.00071561665951987	0.671462524966158	0.520404539238122	-0.520404539238122	582	390	Intergenic	0	Heritable	0.262313210261225	0.871960605242669	0.0112582217443346	32214	0	0	2.62313210261225	6.36647044773144	5.96870755998537	10.3801874615727	-0.653148790571616
BA_only	hippocampus	AA	psi	chr7_158740814_158741177	chr7	158740814	158741177	26	26	0	0	0.0479988389164584	0.982661996589092	1.26236659871686	1.26236659871686	363	366	Genic/other	0	Heritable	0.391636804791801	0.86843255688582	0.00653084816847547	8545	0	0	3.91636804791801	5.89440283426485	5.90536184805457	9.05321861620397	0.232988220123448
BA_only	hippocampus	AA	psi	chr7_158957566_158958900	chr7	158957566	158958900	20	20	0	0	0.0333119699024479	0.979164877002956	0.193647420031792	-0.193647420031792	1334	251	Promoter	2	Non-heritable	0.091958293063814	0.807279464335197	0.0172688228016516	0	0	0	0.91958293063814	7.19593722647557	5.52942908751142	0	-1.64171614431113
BA_only	hippocampus	AA	psi	chr7_158973496_158973792	chr7	158973496	158973792	20	20	0	0	0.0463649717440267	0.982043028317203	0.512108817768556	0.512108817768556	296	260	Intergenic	1	Heritable	0.113207974691816	0.812281771790241	0.00861169509093527	0	0	0	1.13207974691816	5.69035945432406	5.56452040732269	0	-0.669218122293619
BA_only	hippocampus	AA	psi	chr7_158996927_158997737	chr7	158996927	158997737	20	20	0	0	0.0493530899557918	0.983382963027712	0.696549645566922	0.696549645566922	810	254	Intergenic	2	Heritable	0.183382227306435	0.843374229726427	0.0135563563206222	15475	0	0	1.83382227306435	6.69703424766648	5.54126354515843	9.6470457158204	-0.361616195314381
BA_only	hippocampus	AA	psi	chr7_159112372_159112686	chr7	159112372	159112686	12	12	0	0	0.00537183688975478	0.912879991616862	1.06670367064486	-1.06670367064486	314	221	Enhancer	2	Heritable	0.198404467722218	0.791036978129228	0.00650116928928825	29858	0	0	1.98404467722218	5.74939298590825	5.40267738187228	10.3042415809142	0.0645732211400754
BA_only	hippocampus	AA	psi	chr7_1610603_1610941	chr7	1610603	1610941	34	34	0	0	0.0321617120420675	0.977820177789258	5.40813660980637	5.40813660980637	338	555	Genic/other	0	Heritable	0.165908320880332	0.933937916472322	0.0103886561639086	9119	0	0	1.65908320880332	5.82304589548302	6.32076829425058	9.11822508306838	1.68790460095973
BA_only	hippocampus	AA	psi	chr7_1647247_1647395	chr7	1647247	1647395	34	34	0	0	0.0728140555785538	0.985907779499035	2.36348739255944	-2.36348739255944	148	550	Intergenic	2	Non-heritable	0.0647257023353916	0.924598704318174	0.00707728427630256	2782	0	0	0.647257023353916	4.99721227376412	6.31173480915292	7.93128476152589	0.860138241243059
BA_only	hippocampus	AA	psi	chr7_16586470_16587179	chr7	16586470	16587179	43	43	0	0	0.0848987684897385	0.988137148207548	1.44460681140998	1.44460681140998	709	539	Promoter	2	Heritable	0.152850621162029	0.896394990453002	0.00878998529862612	7074	0	0	1.52850621162029	6.56385552653213	6.29156913955832	8.86432272251144	0.367837188629538
BA_only	hippocampus	AA	psi	chr7_16754841_16755129	chr7	16754841	16755129	40	40	0	0	0.00388077491100139	0.874431480845633	5.46808911444472	5.46808911444472	288	573	Genic/other	1	Non-heritable	0.06802620759276	0.955612456038171	0.00759987704534904	37827	0	0	0.6802620759276	5.66296048013595	6.35262939631957	10.5408048481354	1.69892921800552
BA_only	hippocampus	AA	psi	chr7_1691132_1691457	chr7	1691132	1691457	27	27	0	0	0.0105400505956577	0.944902218841749	3.30155540799259	-3.30155540799259	325	532	Genic/other	0	Heritable	0.127678015508298	0.906884331641903	0.00860803819011646	2627	0	0	1.27678015508298	5.78382518232974	6.27852142416584	7.8739783796045	1.19439369621283
BA_only	hippocampus	AA	psi	chr7_16990171_16990638	chr7	16990171	16990638	97	97	0	0	0.00958331318925902	0.939841915020693	5.52471195243955	-5.52471195243955	467	573	Promoter	0	Heritable	0.119894708651246	0.958662550943013	0.00695464314982561	0	0	0	1.19894708651246	6.1463292576689	6.35262939631957	0	1.70923111254971
BA_only	hippocampus	AA	psi	chr7_17297354_17298192	chr7	17297354	17298192	209	209	0	0	0.00079562814705013	0.683148985370606	3.58667359257475	-3.58667359257475	838	505	Promoter	1	Non-heritable	0.097807241897216	0.913190473778676	0.0119221167709613	0	0	0	0.97807241897216	6.73101810048208	6.22653666928747	0	1.27722519986703
BA_only	hippocampus	AA	psi	chr7_1811009_1811340	chr7	1811009	1811340	20	20	0	0	0.0209345102290982	0.975856666808667	2.99133117521439	-2.99133117521439	331	452	Intergenic	0	Heritable	0.164227039359437	0.921079783977374	0.00811410644611336	3425	0	0	1.64227039359437	5.80211837537706	6.11589212548303	8.13914867888407	1.09571850077122
BA_only	hippocampus	AA	psi	chr7_18866089_18866810	chr7	18866089	18866810	3	3	0	0	0.162401828311775	0.991064867102684	0.869445573407329	-0.869445573407329	721	452	Genic/other	0	Heritable	0.408066745188264	0.898367658785029	0.00765617939775327	0	0	0	4.08066745188264	6.58063913728495	6.11589212548303	0	-0.1398995309216
BA_only	hippocampus	AA	psi	chr7_1887839_1888060	chr7	1887839	1888060	20	20	0	0	0.066569444078289	0.985907779499035	4.65210822771081	4.65210822771081	221	444	Genic/other	0	Non-heritable	0.0999335815611216	0.908807933128072	0.00679950231528582	15193	0	0	0.999335815611216	5.39816270151775	6.09807428216624	9.62865589206317	1.53732050130553
BA_only	hippocampus	AA	psi	chr7_1912882_1913087	chr7	1912882	1913087	21	21	0	0	0.0845750629334842	0.988137148207548	4.29931679409208	4.29931679409208	205	429	Genic/other	1	Heritable	0.388763634855356	0.879762331922326	0.00751874795709067	40236	0	0	3.88763634855356	5.32300997913841	6.06378520868761	10.6025422493105	1.45845612730703
BA_only	hippocampus	AA	psi	chr7_19193781_19195144	chr7	19193781	19195144	5	5	0	0	0.110717079168104	0.990898390030923	0.351389049262435	-0.351389049262435	1363	459	Intergenic	0	Heritable	0.129653281371334	0.931283369986257	0.0119356503124581	71999	0	0	1.29653281371334	7.21744343169653	6.13122648948314	11.1844213979982	-1.04586123842518
BA_only	hippocampus	AA	psi	chr7_1920388_1921040	chr7	1920388	1921040	21	21	0	0	0.0300187723156244	0.976891416474381	4.10992022939363	4.10992022939363	652	443	Enhancer	0	Heritable	0.27448062370612	0.904508110752724	0.00927782229576611	47742	0	0	2.7448062370612	6.48004456192665	6.09582456243223	10.7735877383039	1.41340362184627
BA_only	hippocampus	AA	psi	chr7_2016915_2017037	chr7	2016915	2017037	30	30	0	0	0.0904651539740801	0.989446665475032	4.34961662882642	-4.34961662882642	122	439	Genic/other	1	Heritable	0.114198074140404	0.914344194926118	0.00654332712769654	6797	0	0	1.14198074140404	4.80402104473326	6.08677472691231	8.82438373025606	1.47008771221158
BA_only	hippocampus	AA	psi	chr7_2035186_2035309	chr7	2035186	2035309	31	31	0	0	0.0136672163697435	0.964283399649536	1.7164717465898	1.7164717465898	123	452	Genic/other	0	Heritable	0.515030468546786	0.890861849207013	0.00955971703404301	25068	0	0	5.15030468546786	4.81218435537242	6.11589212548303	10.1293873020441	0.540270879710796
BA_only	hippocampus	AA	psi	chr7_2058602_2058799	chr7	2058602	2058799	31	31	0	0	0.0067098792786825	0.926346320137909	2.45512010212845	-2.45512010212845	197	443	Genic/other	1	Non-heritable	0.0802617014189716	0.884850296396548	0.00731365092231731	10538	0	0	0.802617014189716	5.28320372873799	6.09582456243223	9.26283794093394	0.89817568556024
BA_only	hippocampus	AA	psi	chr7_2069552_2069699	chr7	2069552	2069699	30	30	0	0	0.0250834950752879	0.975932065139872	5.27683345713101	-5.27683345713101	147	470	Genic/other	1	Non-heritable	0.0876756097003822	0.909296012647874	0.0066485682637635	0	0	0	0.876756097003822	4.99043258677874	6.15485809401642	0	1.66332619567864
BA_only	hippocampus	AA	psi	chr7_20775399_20777193	chr7	20775399	20777193	6	6	0	0	0.32277804998023	0.993828622005322	0.279808390595169	0.279808390595169	1794	470	Intergenic	2	Non-heritable	0.0718513564011755	0.930770919817612	0.00731557021315456	12259	0	0	0.718513564011755	7.49220304261874	6.15485809401642	9.4140972094902	-1.27365019363044
BA_only	hippocampus	AA	psi	chr7_20778862_20779555	chr7	20778862	20779555	6	6	0	0	0.205241279908602	0.991064867102684	0.220698062578448	-0.220698062578448	693	475	Intergenic	1	Non-heritable	0.0984362151355969	0.935171222140481	0.0106428997244851	9897	0	0	0.984362151355969	6.5410299991899	6.16541785423142	9.20008799551183	-1.51095969897712
BA_only	hippocampus	AA	psi	chr7_20782996_20783259	chr7	20782996	20783259	6	6	0	0	0.208647780708618	0.991109148328494	0.387173271923588	0.387173271923588	263	477	Genic/other	1	Non-heritable	0.0697225456674633	0.940791606991074	0.00825304249564478	6193	0	0	0.697225456674633	5.57215403217777	6.16961073249146	8.73133636053315	-0.948882929257071
BA_only	hippocampus	AA	psi	chr7_20788519_20790486	chr7	20788519	20790486	6	6	0	0	0.127800951255691	0.991064867102684	0.532703051079858	0.532703051079858	1967	469	Genic/other	2	Heritable	0.101248584801353	0.932415121323817	0.00606158819484035	0	0	0	1.01248584801353	7.58426481838906	6.1527326947041	0	-0.629791118727171
BA_only	hippocampus	AA	psi	chr7_20794683_20794810	chr7	20794683	20794810	6	6	0	0	0.346254917629817	0.993832821375533	0.314516861840179	0.314516861840179	127	476	Intergenic	1	Non-heritable	0.0679507466980218	0.937453229481776	0.00644935781856819	0	0	0	0.679507466980218	4.84418708645859	6.16751649088834	0	-1.15671755772992
BA_only	hippocampus	AA	psi	chr7_20858807_20859364	chr7	20858807	20859364	6	6	0	0	0.067789563939241	0.985907779499035	0.0636005050481008	0.0636005050481008	557	459	Genic/other	0	Heritable	0.108425180423221	0.941081852969864	0.00899640736865285	0	0	0	1.08425180423221	6.32256523992728	6.13122648948314	0	-2.75513371042827
BA_only	hippocampus	AA	psi	chr7_2086444_2086623	chr7	2086444	2086623	28	28	0	0	0.00565739734605785	0.914301706404424	4.96893134623559	-4.96893134623559	179	470	Genic/other	0	Heritable	0.110766172410278	0.883005336751888	0.0101995661653673	0	0	0	1.10766172410278	5.18738580584076	6.15485809401642	0	1.60320479812259
BA_only	hippocampus	AA	psi	chr7_2106644_2109182	chr7	2106644	2109182	25	25	0	0	0.00253982794014294	0.830971100751158	5.25429751502298	-5.25429751502298	2538	451	Promoter	0	Non-heritable	0.0493085481618372	0.834628645967232	0.00786411194166095	0	0	0	0.493085481618372	7.83913164827433	6.11368217983223	0	1.65904631794761
BA_only	hippocampus	AA	psi	chr7_2166411_2166820	chr7	2166411	2166820	30	30	0	0	0.0283940445938687	0.975932065139872	3.8931622258675	-3.8931622258675	409	484	Genic/other	0	Non-heritable	0.0564422746344087	0.922562033743943	0.00744482746633177	0	0	0	0.564422746344087	6.0137151560428	6.18414889093748	0	1.3592217414994
BA_only	hippocampus	AA	psi	chr7_21942044_21943286	chr7	21942044	21943286	4	4	0	0	0.853748606208799	0.998788149732349	0.153216784188893	0.153216784188893	1242	608	Genic/other	1	Heritable	0.102585593034495	0.95969290355468	0.00814707827565188	0	0	0	1.02585593034495	7.12447826249342	6.4118182677099	0	-1.87590140504086
BA_only	hippocampus	AA	psi	chr7_22001216_22002023	chr7	22001216	22002023	4	4	0	0	0.0705183927275893	0.985907779499035	0.545042512749975	-0.545042512749975	807	621	Intergenic	0	Non-heritable	0.0673638538349224	0.961327535964042	0.0122658704760981	55434	0	0	0.673638538349224	6.69332366826995	6.43294009273918	10.9229664422065	-0.60689146396811
BA_only	hippocampus	AA	psi	chr7_22107696_22107928	chr7	22107696	22107928	4	4	0	0	0.170637291629677	0.991064867102684	0.800709046792073	0.800709046792073	232	619	Intergenic	0	Non-heritable	0.0869324215411793	0.947789931860218	0.00780816410709012	14592	0	0	0.869324215411793	5.44673737166631	6.42971947803914	9.58829724066775	-0.222257622874634
BA_only	hippocampus	AA	psi	chr7_22189999_22191584	chr7	22189999	22191584	3	3	0	0	0.806156342725807	0.997905235866788	0.312572820463664	-0.312572820463664	1585	594	Genic/other	0	Heritable	0.175407038712516	0.968999525827322	0.00601385290705734	0	0	0	1.75407038712516	7.36833968631138	6.38856140554563	0	-1.16291777947563
BA_only	hippocampus	AA	psi	chr7_2243165_2243510	chr7	2243165	2243510	31	31	0	0	0.0159642511925064	0.967790987409223	3.1736235894793	-3.1736235894793	345	486	Promoter	1	Heritable	0.184746078751545	0.914781684146662	0.00862578469684633	0	0	0	1.84746078751545	5.84354441703136	6.18826412308259	0	1.15487402637615
BA_only	hippocampus	AA	psi	chr7_2251721_2252441	chr7	2251721	2252441	31	31	0	0	0.0221534859200087	0.975932065139872	1.42331912890674	1.42331912890674	720	474	Intergenic	1	Heritable	0.442009833778766	0.905485720738472	0.0124483882015088	7157	0	0	4.42009833778766	6.5792512120101	6.16331480403464	8.87598589132597	0.352991565857642
BA_only	hippocampus	AA	psi	chr7_22821177_22821735	chr7	22821177	22821735	190	190	0	0	0.00995855308023608	0.944522308144387	3.21492562411355	3.21492562411355	558	342	Enhancer	1	Heritable	0.268667202497195	0.904286688828963	0.00738464531486055	0	0	0	2.68667202497195	6.32435896238131	5.83773044716594	0	1.1678042265087
BA_only	hippocampus	AA	psi	chr7_2289250_2289637	chr7	2289250	2289637	31	31	0	0	0.0110855848603833	0.948447257389615	2.65602268952169	-2.65602268952169	387	456	Genic/other	0	Non-heritable	0.0631053567659121	0.915188246342016	0.00803906807376175	0	0	0	0.631053567659121	5.95842469302978	6.12468339089421	0	0.976829778084327
BA_only	hippocampus	AA	psi	chr7_23205239_23205965	chr7	23205239	23205965	27	27	0	0	0.0763757619790007	0.987408598172976	1.0962447522092	1.0962447522092	726	320	Promoter	1	Heritable	0.123254228138475	0.892408440888565	0.00714316261143968	0	0	0	1.23254228138475	6.5875500148248	5.77144112313002	0	0.0918904867764902
BA_only	hippocampus	AA	psi	chr7_23230555_23231570	chr7	23230555	23231570	42	42	0	0	0.00664891528160628	0.925548995875172	1.31171820006247	-1.31171820006247	1015	296	Intergenic	0	Heritable	0.152915895554494	0.86636704586595	0.0145364115055011	5187	0	0	1.52915895554494	6.92264389147589	5.6937321388027	8.55410354543633	0.271337888537803
BA_only	hippocampus	AA	psi	chr7_23298090_23298893	chr7	23298090	23298893	50	50	0	0	0.0260588960922295	0.975932065139872	2.40390847912686	-2.40390847912686	803	276	Promoter	1	Heritable	0.119776520203041	0.811539088783805	0.0129773584991771	18819	0	0	1.19776520203041	6.68835471394676	5.62401750618734	9.84267541313937	0.877095949861433
BA_only	hippocampus	AA	psi	chr7_23490380_23490733	chr7	23490380	23490733	50	50	0	0	0.0114420989736321	0.951775841888429	3.05597359777892	3.05597359777892	353	274	Promoter	1	Heritable	0.181933207933386	0.881541014083101	0.0100294331164349	5487	0	0	1.81933207933386	5.8664680569333	5.61677109766657	8.61031916940572	1.11709823506898
BA_only	hippocampus	AA	psi	chr7_2389796_2390132	chr7	2389796	2390132	48	48	0	0	0.0245217783635369	0.975932065139872	4.82086870126336	-4.82086870126336	336	430	Intergenic	0	Non-heritable	0.0937335736386563	0.915078056222812	0.0102588805689614	9516	0	0	0.937335736386563	5.8171111599632	6.06610809010375	9.16083495207234	1.5729541423755
BA_only	hippocampus	AA	psi	chr7_2451038_2451187	chr7	2451038	2451187	47	47	0	0	0.0384522011420948	0.980549382116533	3.0147797277988	3.0147797277988	149	485	Intergenic	0	Heritable	0.135216194926808	0.93414122171939	0.00699386230120646	18474	0	0	1.35216194926808	5.00394630594546	6.18620862390049	9.8241737458164	1.10352677205402
BA_only	hippocampus	AA	psi	chr7_2452223_2452436	chr7	2452223	2452436	47	47	0	0	0.00144288419578202	0.762484248609066	6.92967917564018	-6.92967917564018	213	482	Intergenic	0	Heritable	0.208679742726194	0.917153367591979	0.00936074564355924	19659	0	0	2.08679742726194	5.36129216570943	6.18001665365257	9.88634139370116	1.93581351857182
BA_only	hippocampus	AA	psi	chr7_24574718_24575125	chr7	24574718	24575125	17	17	0	0	0.100669304677149	0.990400450319684	3.74855633728084	-3.74855633728084	407	475	Genic/other	1	Non-heritable	0.0288895267553446	0.825630538863874	0.0109330757800394	0	0	0	0.288895267553446	6.0088131854426	6.16541785423142	0	1.32137079180234
BA_only	hippocampus	AA	psi	chr7_2524204_2524830	chr7	2524204	2524830	39	39	0	0	0.0172611700585735	0.970581273335112	3.35093132947734	-3.35093132947734	626	549	Genic/other	2	Heritable	0.100677823194755	0.930178138776938	0.00805274109798569	487	0	0	1.00677823194755	6.4393503711001	6.30991827822652	6.19031540585315	1.20923831898314
BA_only	hippocampus	AA	psi	chr7_25565950_25566466	chr7	25565950	25566466	246	246	0	0	0.0029958735181342	0.846513053928579	8.42802712313183	-8.42802712313183	516	478	Intergenic	0	Non-heritable	0.0790875542320707	0.946531930562628	0.00799007125136992	3423	0	0	0.790875542320707	6.24610676548156	6.17170059741092	8.13856473726163	2.13156271534016
BA_only	hippocampus	AA	psi	chr7_25852714_25854543	chr7	25852714	25854543	327	327	0	0	0.00439898229311336	0.889848816018623	6.56840253153839	-6.56840253153839	1829	404	Promoter	2	Non-heritable	0.0759969757081359	0.912238640275616	0.0103076818775492	0	0	0	0.759969757081359	7.51152464839087	6.00388706710654	0	1.88227065856964
BA_only	hippocampus	AA	psi	chr7_25951948_25952275	chr7	25951948	25952275	318	318	0	0	0.00123584015836163	0.746532311364875	6.07306782551879	-6.07306782551879	327	392	Genic/other	1	Heritable	0.154996646025057	0.909974239743955	0.00865066262393877	0	0	0	1.54996646025057	5.78996017089725	5.97380961186926	0	1.80386388687097
BA_only	hippocampus	AA	psi	chr7_2601175_2601399	chr7	2601175	2601399	40	40	0	0	0.0274894662336447	0.975932065139872	4.1314900437931	4.1314900437931	224	627	Genic/other	0	Heritable	0.398115359815884	0.926979713048566	0.00936011066183515	8821	0	0	3.98115359815884	5.41164605185504	6.4425401664682	9.08500388066489	1.41863812974802
BA_only	hippocampus	AA	psi	chr7_26080594_26081111	chr7	26080594	26081111	165	165	0	0	0.0131570164222811	0.964283399649536	4.48017529035857	-4.48017529035857	517	376	Intergenic	0	Heritable	0.128259085583551	0.854083876475419	0.00883571017402409	0	0	0	1.28259085583551	6.24804287450843	5.93224518744801	0	1.49966217520568
BA_only	hippocampus	AA	psi	chr7_26101073_26102155	chr7	26101073	26102155	147	147	0	0	0.000165795143895017	0.454692634203216	2.97065644781621	2.97065644781621	1082	396	Promoter	0	Non-heritable	0.0946553904280367	0.826957256016624	0.00961275757178342	0	0	0	0.946553904280367	6.98656645940643	5.98393628068719	0	1.08878295795892
BA_only	hippocampus	AA	psi	chr7_26278212_26278775	chr7	26278212	26278775	205	205	0	0	0.00380808431522532	0.871592970243331	6.17900230071602	6.17900230071602	563	393	Enhancer	0	Heritable	0.399741850691179	0.853208931702842	0.0116745628536875	2016	0	0	3.99741850691179	6.33327962813969	5.97635090929793	7.60936653795421	1.82115682004155
BA_only	hippocampus	AA	psi	chr7_2638042_2638574	chr7	2638042	2638574	33	33	0	0	0.0332866303369983	0.979164877002956	5.74505094511421	-5.74505094511421	532	633	Genic/other	0	Heritable	0.119501554943115	0.960849395786414	0.00722762185691898	9479	0	0	1.19501554943115	6.27664348934165	6.45204895443723	9.15693959524907	1.74833878073296
BA_only	hippocampus	AA	psi	chr7_26628057_26628636	chr7	26628057	26628636	131	131	0	0	0.0078307105361478	0.933559278800072	6.22843604732773	6.22843604732773	579	319	Intergenic	0	Non-heritable	0.0743213724130348	0.808415132927866	0.00768295427843964	0	0	0	0.743213724130348	6.361302477573	5.76832099579377	0	1.82912526714822
BA_only	hippocampus	AA	psi	chr7_2664734_2665503	chr7	2664734	2665503	33	33	0	0	0.0117978783470818	0.954402191811006	2.28971586642276	2.28971586642276	769	631	Intergenic	1	Heritable	0.114304451849525	0.943719428575993	0.00945038131087949	14167	0	0	1.14304451849525	6.64509096950564	6.44888939414686	9.55874117946267	0.828427738437542
BA_only	hippocampus	AA	psi	chr7_2678894_2679403	chr7	2678894	2679403	36	36	0	0	0.0105329511830264	0.944902218841749	5.61863496894467	-5.61863496894467	509	633	Promoter	2	Heritable	0.108237420892039	0.961946184475031	0.0065487621569386	267	0	0	1.08237420892039	6.23244801655052	6.45204895443723	5.59098698051086	1.72608874809517
BA_only	hippocampus	AA	psi	chr7_2682033_2682132	chr7	2682033	2682132	36	36	0	0	0.0788206090704939	0.987720536119146	1.40395851596456	1.40395851596456	99	640	Genic/other	1	Non-heritable	0.0841740361695667	0.925565032408134	0.00663043446192011	0	0	0	0.841740361695667	4.59511985013459	6.46302945692067	0	0.339295765256026
BA_only	hippocampus	AA	psi	chr7_2701572_2702691	chr7	2701572	2702691	36	36	0	0	0.00458234186012638	0.897520405788695	2.93507366000488	-2.93507366000488	1119	648	Promoter	2	Non-heritable	0.0906600119382617	0.957594839676799	0.0069031766907132	1337	0	0	0.906600119382617	7.02019070831193	6.47543271670409	7.19893124068817	1.07673255347778
BA_only	hippocampus	AA	psi	chr7_2728820_2728968	chr7	2728820	2728968	35	35	0	0	0.0103783544716523	0.944902218841749	2.80047007528816	2.80047007528816	148	649	Genic/other	0	Non-heritable	0.0770726477168774	0.950808740014833	0.00682081436365195	0	0	0	0.770726477168774	4.99721227376412	6.47697236288968	0	1.02978729069253
BA_only	hippocampus	AA	psi	chr7_2734891_2735099	chr7	2734891	2735099	35	35	0	0	0.0311664073470745	0.976893291659941	2.46219604755967	-2.46219604755967	208	645	Genic/other	2	Heritable	0.109297436950866	0.961669981109267	0.00798007557261321	0	0	0	1.09297436950866	5.33753807970132	6.4707995037826	0	0.90105365804403
BA_only	hippocampus	AA	psi	chr7_27457322_27458079	chr7	27457322	27458079	18	18	0	0	0.145406193363328	0.991064867102684	0.764305497970354	0.764305497970354	757	336	Genic/other	0	Heritable	0.142307207547384	0.88351825434147	0.00647112615082801	47400	0	0	1.42307207547384	6.62936325343745	5.82008293035236	10.766398604507	-0.268787690203785
BA_only	hippocampus	AA	psi	chr7_27551261_27552171	chr7	27551261	27552171	11	11	0	0	0.0992587233449946	0.990400450319684	0.652875136446801	0.652875136446801	910	379	Genic/other	0	Non-heritable	0.0738645818050881	0.890277730284386	0.0114809451878581	50998	0	0	0.738645818050881	6.8134445995109	5.94017125272043	10.8395613036711	-0.426369367915072
BA_only	hippocampus	AA	psi	chr7_27586914_27587131	chr7	27586914	27587131	12	12	0	0	0.106151097692642	0.990610842832516	1.34568466369542	1.34568466369542	217	392	Genic/other	0	Heritable	0.102897456212122	0.899370359809341	0.00741569228939153	16038	0	0	1.02897456212122	5.37989735354046	5.97380961186926	9.68277853533738	0.29690293460592
BA_only	hippocampus	AA	psi	chr7_2759803_2759907	chr7	2759803	2759907	35	35	0	0	0.00685236240119058	0.928205293978541	3.57076003417251	-3.57076003417251	104	673	Genic/other	1	Non-heritable	0.0984330589285055	0.95614411176925	0.00816355519222288	0	0	0	0.984330589285055	4.64439089914137	6.51323011091231	0	1.2727784706594
BA_only	hippocampus	AA	psi	chr7_2762706_2763001	chr7	2762706	2763001	35	35	0	0	0.0186888968030819	0.972503866121758	2.27225827905838	-2.27225827905838	295	671	Genic/other	2	Non-heritable	0.0712648343264013	0.954842841606849	0.00853322663790545	0	0	0	0.712648343264013	5.68697535633982	6.51025834052315	0	0.820774177961846
BA_only	hippocampus	AA	psi	chr7_27947862_27948281	chr7	27947862	27948281	10	10	0	0	0.0685872658984039	0.985907779499035	0.681986685831303	0.681986685831303	419	437	Genic/other	0	Heritable	0.112003957744265	0.91811451432963	0.00944093641979658	0	0	0	1.12003957744265	6.03787091992214	6.08221891037645	0	-0.382745128907685
BA_only	hippocampus	AA	psi	chr7_2796178_2796667	chr7	2796178	2796667	33	33	0	0	0.046445582736034	0.982338006740862	2.27440304999661	2.27440304999661	489	673	Enhancer	0	Non-heritable	0.0880061085430044	0.952971430286402	0.00728965097357812	0	0	0	0.880061085430044	6.19236248947487	6.51323011091231	0	0.821717626762036
BA_only	hippocampus	AA	psi	chr7_28181358_28182238	chr7	28181358	28182238	9	9	0	0	0.107035532931879	0.990610842832516	1.22725150172024	1.22725150172024	880	555	Promoter	1	Heritable	0.104494565521571	0.874701568899823	0.00474585602296327	0	0	0	1.04494565521571	6.77992190747225	6.32076829425058	0	0.204777125750124
BA_only	hippocampus	AA	psi	chr7_28389885_28390602	chr7	28389885	28390602	13	13	0	0	0.000498437753286395	0.613950473954984	0.910989312105141	-0.910989312105141	717	623	Genic/other	0	Non-heritable	0.0837768826794986	0.962456410500534	0.00677167467912256	0	0	0	0.837768826794986	6.57507584059962	6.43615036836943	0	-0.0932241028609686
BA_only	hippocampus	AA	psi	chr7_28408435_28408545	chr7	28408435	28408545	13	13	0	0	0.113559940304708	0.990898390030923	1.3515476044174	-1.3515476044174	110	640	Promoter	1	Non-heritable	0.0840311073974934	0.954506668904113	0.00733805238518493	0	0	0	0.840311073974934	4.70048036579242	6.46302945692067	0	0.301250316907264
BA_only	hippocampus	AA	psi	chr7_28412318_28412890	chr7	28412318	28412890	13	13	0	0	0.163566439913786	0.991064867102684	1.15577771600986	1.15577771600986	572	653	Promoter	1	Heritable	0.109059941968176	0.965070124193455	0.00688508242374885	0	0	0	1.09059941968176	6.3491389913798	6.4831073514572	0	0.144773473224114
BA_only	hippocampus	AA	psi	chr7_28534366_28535179	chr7	28534366	28535179	9	9	0	0	0.0994493149964219	0.990400450319684	1.20739118759874	1.20739118759874	813	627	Genic/other	0	Heritable	0.119618811757719	0.933133733878495	0.00850925450470744	0	0	0	1.19618811757719	6.70073110954781	6.4425401664682	0	0.188461996976556
BA_only	hippocampus	AA	psi	chr7_28560659_28561462	chr7	28560659	28561462	9	9	0	0	0.275998801186091	0.993437465767387	0.693718265082807	-0.693718265082807	803	619	Genic/other	0	Heritable	0.105422443351151	0.950351446195228	0.0112109599989639	0	0	0	1.05422443351151	6.68835471394676	6.42971947803914	0	-0.365689344577492
BA_only	hippocampus	AA	psi	chr7_28687637_28688707	chr7	28687637	28688707	9	9	0	0	0.257820606841517	0.992837608310815	1.5031361738686	1.5031361738686	1070	660	Genic/other	0	Non-heritable	0.0855145367966609	0.952695104607889	0.00817086793454656	0	0	0	0.855145367966609	6.97541392745595	6.49375383985169	0	0.407553714695852
BA_only	hippocampus	AA	psi	chr7_28700033_28700478	chr7	28700033	28700478	9	9	0	0	0.18437355451882	0.991064867102684	0.599475695063556	0.599475695063556	445	647	Genic/other	0	Heritable	0.138618561947457	0.963682901040935	0.00540135899528731	0	0	0	1.38618561947457	6.09807428216624	6.47389069635227	0	-0.511699830667591
BA_only	hippocampus	AA	psi	chr7_28724027_28726159	chr7	28724027	28726159	505	505	0	0	0.0012879881379851	0.748685029382681	3.74151344202907	-3.74151344202907	2132	665	Promoter	0	Non-heritable	0.0940406643039894	0.958387976721861	0.00579709542432385	0	0	0	0.940406643039894	7.66481578528574	6.50128967054039	0	1.31949019588904
BA_only	hippocampus	AA	psi	chr7_28748502_28749793	chr7	28748502	28749793	511	511	0	0	0.000417474027145097	0.594601010385793	4.02653703650784	4.02653703650784	1291	645	Genic/other	0	Heritable	0.102577367507745	0.963602848559683	0.00612318405488137	0	0	0	1.02577367507745	7.16317239084664	6.4707995037826	0	1.39290671288364
BA_only	hippocampus	AA	psi	chr7_28753369_28754968	chr7	28753369	28754968	515	515	0	0	0.00723512682795469	0.931602204679102	4.33501223108775	-4.33501223108775	1599	650	Genic/other	0	Heritable	0.105368999581432	0.965482151219245	0.00945803779430085	0	0	0	1.05368999581432	7.37713371283395	6.47850964220857	0	1.46672443400885
BA_only	hippocampus	AA	psi	chr7_28758686_28759867	chr7	28758686	28759867	515	515	0	0	0.0024756269049212	0.824728302674626	3.43663295930537	-3.43663295930537	1181	656	Genic/other	0	Heritable	0.149900092222406	0.969879150580003	0.00853984191477154	0	0	0	1.49900092222406	7.07411681619736	6.48768401848461	0	1.23449220406692
BA_only	hippocampus	AA	psi	chr7_2880631_2880938	chr7	2880631	2880938	12	12	0	0	0.00396230860855528	0.876132919298309	3.80634355333491	3.80634355333491	307	639	Intergenic	0	Heritable	0.109850865288318	0.900427563028748	0.00702482853293329	10006	0	0	1.09850865288318	5.7268477475872	6.46146817635372	9.21104012709046	1.33666903367409
BA_only	hippocampus	AA	psi	chr7_28922032_28923122	chr7	28922032	28923122	518	518	0	0	0.00837458137724345	0.933559278800072	2.94709666667143	-2.94709666667143	1090	659	Intergenic	0	Heritable	0.104820243466003	0.966316531992307	0.0123587897907961	32827	0	0	1.04820243466003	6.99393297522319	6.49223983502047	10.3990370887496	1.08082050833164
BA_only	hippocampus	AA	psi	chr7_28953775_28954985	chr7	28953775	28954985	518	518	0	0	0.00167556255237776	0.786661074605562	4.07764813694038	4.07764813694038	1210	644	Genic/other	1	Non-heritable	0.0601585519722396	0.953228377765509	0.00578577333465932	964	0	0	0.601585519722396	7.09837563859079	6.46925031679577	6.87212810133899	1.40552038764035
BA_only	hippocampus	AA	psi	chr7_29193697_29193917	chr7	29193697	29193917	513	513	0	0	0.00102684327887988	0.72098635361173	3.65048490596504	-3.65048490596504	220	581	Promoter	1	Non-heritable	0.0987048303139377	0.945277663230889	0.00778803264871929	47267	0	0	0.987048303139377	5.39362754635236	6.36647044773144	10.7635888127589	1.29486001245918
BA_only	hippocampus	AA	psi	chr7_29274132_29275194	chr7	29274132	29275194	37	37	0	0	0.0621780789642733	0.985907779499035	2.87001627371585	-2.87001627371585	1062	600	Genic/other	0	Heritable	0.111672733731478	0.954423416366633	0.00641590591936117	17768	0	0	1.11672733731478	6.96790920180188	6.39859493453521	9.78521064494507	1.05431770352402
BA_only	hippocampus	AA	psi	chr7_29281593_29282070	chr7	29281593	29282070	37	37	0	0	0.0256096480091524	0.975932065139872	2.7823403331585	-2.7823403331585	477	591	Enhancer	0	Heritable	0.129331825636044	0.959940963913209	0.00633517635192074	10892	0	0	1.29331825636044	6.16751649088834	6.38350663488401	9.29587566008245	1.02329242360255
BA_only	hippocampus	AA	psi	chr7_2928682_2928993	chr7	2928682	2928993	51	51	0	0	0.0169346603773432	0.970581273335112	3.25615180148793	-3.25615180148793	311	626	Genic/other	2	Heritable	0.101120883562482	0.956204557044265	0.00767828926994644	0	0	0	1.01120883562482	5.73979291217923	6.44094654063292	0	1.18054607220323
BA_only	hippocampus	AA	psi	chr7_29289021_29289757	chr7	29289021	29289757	37	37	0	0	0.033435659222011	0.979164877002956	1.86694103539225	-1.86694103539225	736	593	Enhancer	0	Non-heritable	0.0843197720060138	0.950360729777159	0.00849640390596351	3205	0	0	0.843197720060138	6.60123011872888	6.38687931936265	8.0727793331695	0.624301286874219
BA_only	hippocampus	AA	psi	chr7_29319068_29319952	chr7	29319068	29319952	41	41	0	0	0.0126637503843069	0.961717006536833	2.0865399173316	-2.0865399173316	884	605	Enhancer	0	Heritable	0.133104854119233	0.958563846288555	0.00822150457267506	0	0	0	1.33104854119233	6.78445706263764	6.40687998606931	0	0.735507156898778
BA_only	hippocampus	AA	psi	chr7_29332510_29332920	chr7	29332510	29332920	41	41	0	0	0.0280632648637674	0.975932065139872	3.8294912625921	3.8294912625921	410	591	Genic/other	0	Heritable	0.120853056958294	0.958935102936493	0.00518138223115341	0	0	0	1.20853056958294	6.01615715969835	6.38350663488401	0	1.34273196737082
BA_only	hippocampus	AA	psi	chr7_29482238_29483116	chr7	29482238	29483116	282	282	0	0	0.00382225489350316	0.871592970243331	5.29010474813799	5.29010474813799	878	528	Promoter	0	Heritable	0.128045698088172	0.965170864111581	0.00623726457570176	0	0	0	1.28045698088172	6.77764659363512	6.2709884318583	0	1.66583804872479
BA_only	hippocampus	AA	psi	chr7_29483778_29484499	chr7	29483778	29484499	282	282	0	0	0.000880000272628446	0.696297367007034	14.4122407632998	14.4122407632998	721	518	Promoter	0	Heritable	0.144052036621653	0.967961108874457	0.00814960393902365	0	0	0	1.44052036621653	6.58063913728495	6.25190388316589	0	2.6680778991923
BA_only	hippocampus	AA	psi	chr7_29486141_29488112	chr7	29486141	29488112	282	282	0	0	0.00154004822981002	0.777003330423925	6.01200030828968	6.01200030828968	1971	511	Genic/other	0	Heritable	0.121744885260066	0.95220503401504	0.00696135923168243	0	0	0	1.21744885260066	7.58629630715272	6.23832462503951	0	1.79375752483312
BA_only	hippocampus	AA	psi	chr7_29562868_29563356	chr7	29562868	29563356	282	282	0	0	0.0058512535196668	0.91658260669542	4.08429985712978	4.08429985712978	488	491	Promoter	1	Heritable	0.127351987378235	0.954301315951608	0.00886892559822837	0	0	0	1.27351987378235	6.19031540585315	6.19847871649231	0	1.40715032246732
BA_only	hippocampus	AA	psi	chr7_29958974_29959286	chr7	29958974	29959286	25	25	0	0	0.00081950363701923	0.683148985370606	2.7878107275512	2.7878107275512	312	363	Genic/other	0	Heritable	0.11643360243337	0.886021909192116	0.00757560905616467	0	0	0	1.1643360243337	5.74300318780948	5.89715386763674	0	1.02525660592801
BA_only	hippocampus	AA	psi	chr7_29988017_29988468	chr7	29988017	29988468	13	13	0	0	0.0200333572765406	0.97573605073121	6.7175739756188	-6.7175739756188	451	342	Promoter	1	Heritable	0.217367758728236	0.89472228913637	0.00751403012742279	0	0	0	2.17367758728236	6.11146733950268	5.83773044716594	0	1.90472707530898
BA_only	hippocampus	AA	psi	chr7_30136826_30137323	chr7	30136826	30137323	33	33	0	0	0.0134133302273705	0.964283399649536	3.48560971276086	3.48560971276086	497	309	Promoter	1	Heritable	0.147049254704664	0.875935647767454	0.00789026039364725	0	0	0	1.47049254704664	6.20859002609663	5.73657229747919	0	1.2486429852253
BA_only	hippocampus	AA	psi	chr7_30174156_30175111	chr7	30174156	30175111	34	34	0	0	0.0313613075183541	0.977060807838727	4.43859248603908	-4.43859248603908	955	310	Intergenic	0	Non-heritable	0.0975292092316654	0.866614298808235	0.00688557473240851	0	0	0	0.975292092316654	6.86171134048073	5.73979291217923	0	1.4903373207907
BA_only	hippocampus	AA	psi	chr7_30286793_30286976	chr7	30286793	30286976	57	57	0	0	0.022150436959867	0.975932065139872	1.73327505504739	1.73327505504739	183	357	Genic/other	1	Non-heritable	0.0970332284229138	0.884948005354339	0.0090286426277653	732	0	0	0.970332284229138	5.20948615284142	5.8805329864007	6.59714570188665	0.550012720035418
BA_only	hippocampus	AA	psi	chr7_3083440_3083869	chr7	3083440	3083869	48	48	0	0	0.0137073670274201	0.964283399649536	2.93929685758809	2.93929685758809	429	591	Genic/other	0	Heritable	0.397055882343795	0.933940199039122	0.0104882031911935	0	0	0	3.97055882343795	6.06145691892802	6.38350663488401	0	1.07817039206279
BA_only	hippocampus	AA	psi	chr7_3117735_3118088	chr7	3117735	3118088	48	48	0	0	0.0239485173092518	0.975932065139872	3.53724176354395	3.53724176354395	353	560	Promoter	0	Non-heritable	0.0845674081173828	0.939315523519995	0.00560468095880665	0	0	0	0.845674081173828	5.8664680569333	6.3297209055227	0	1.26334726342692
BA_only	hippocampus	AA	psi	chr7_31336970_31338085	chr7	31336970	31338085	36	36	0	0	0.000940703069051869	0.708361817463044	4.56138089812958	4.56138089812958	1115	542	Intergenic	1	Heritable	0.169514435930915	0.935886646965043	0.00789575884772175	102547	0	0	1.69514435930915	7.01660968389422	6.29710931993394	11.5380862606287	1.5176254084125
BA_only	hippocampus	AA	psi	chr7_32068280_32069814	chr7	32068280	32069814	7	7	0	0	0.00949355181467695	0.939841915020693	1.3336877665295	1.3336877665295	1534	446	Genic/other	2	Non-heritable	0.0664417875906365	0.921788447429744	0.0106326283801463	580	0	0	0.664417875906365	7.3356339819272	6.10255859461357	6.36475075685191	0.287947869521735
BA_only	hippocampus	AA	psi	chr7_32205257_32206133	chr7	32205257	32206133	11	11	0	0	0.124331425304347	0.991064867102684	1.1738864271046	1.1738864271046	876	398	Genic/other	0	Heritable	0.553902972906626	0.869231914790407	0.00804823847044821	0	0	0	5.53902972906626	6.77536609093639	5.98896141688986	0	0.160319985129657
BA_only	hippocampus	AA	psi	chr7_32318184_32319228	chr7	32318184	32319228	21	21	0	0	0.0240107575077123	0.975932065139872	1.71009516559465	-1.71009516559465	1044	333	Genic/other	0	Heritable	0.226038748754381	0.88553082449048	0.00957426675251197	108783	0	0	2.26038748754381	6.95081476844258	5.8111409929767	11.5971195437662	0.536549027208191
BA_only	hippocampus	AA	psi	chr7_32692154_32692525	chr7	32692154	32692525	267	267	0	0	0.0068731593081403	0.928603340265007	9.50963710751247	-9.50963710751247	371	296	Genic/other	0	Heritable	0.147666907778284	0.874396271780272	0.00728925398722503	0	0	0	1.47666907778284	5.91620206260744	5.6937321388027	0	2.25230571783899
BA_only	hippocampus	AA	psi	chr7_32731727_32732095	chr7	32731727	32732095	259	259	0	0	0.00383339687890527	0.871680437000402	5.94532022222283	5.94532022222283	368	275	Promoter	1	Heritable	0.199321788555486	0.845991662717566	0.00885050732382227	2639	0	0	1.99321788555486	5.90808293816893	5.62040086571715	7.87853419614036	1.78260439449907
BA_only	hippocampus	AA	psi	chr7_32761376_32763102	chr7	32761376	32763102	255	255	0	0	0.0118807790587665	0.955028623869323	5.03472059495702	5.03472059495702	1726	270	Promoter	2	Heritable	0.177585756482807	0.857197090672945	0.00475339856594901	0	0	0	1.77585756482807	7.45356187164337	5.6021188208797	0	1.61635803405629
BA_only	hippocampus	AA	psi	chr7_32905769_32906069	chr7	32905769	32906069	303	303	0	0	0.00603189746824461	0.919417785088414	3.31650878114408	3.31650878114408	300	209	Intergenic	0	Non-heritable	0.0311748744487538	0.680905515622692	0.00900114127562955	11933	0	0	0.311748744487538	5.7037824746562	5.34710753071747	9.38714674808203	1.19891266070937
BA_only	hippocampus	AA	psi	chr7_32956899_32956959	chr7	32956899	32956959	303	303	0	0	0.00387622205416105	0.874255436242899	5.29693199887681	5.29693199887681	60	191	Promoter	1	Non-heritable	0.0902099333525656	0.619101907151274	0.00720702071831082	834	0	0	0.902099333525656	4.0943445622221	5.25749537202778	6.72743172485086	1.66712778670067
BA_only	hippocampus	AA	psi	chr7_33834982_33835502	chr7	33834982	33835502	60	60	0	0	0.00418055830751007	0.88413881341503	1.85140479240386	-1.85140479240386	520	393	Genic/other	0	Heritable	0.128019358129437	0.908713715630757	0.015193344132537	31962	0	0	1.28019358129437	6.25382881157547	5.97635090929793	10.3723342628091	0.615944703578613
BA_only	hippocampus	AA	psi	chr7_34320341_34320654	chr7	34320341	34320654	13	13	0	0	0.00422951321125624	0.886245985442368	1.84248629854591	-1.84248629854591	313	347	Intergenic	0	Non-heritable	0.0870610065844411	0.852746213867846	0.0116462362401246	0	0	0	0.870610065844411	5.74620319054015	5.85220247977447	0	0.611115914142435
BA_only	hippocampus	AA	psi	chr7_34486426_34487200	chr7	34486426	34487200	11	11	0	0	0.0996045151557734	0.990400450319684	2.45844315245563	2.45844315245563	774	318	Genic/other	0	Heritable	0.118840036116332	0.863916274263285	0.00672881761743139	68846	0	0	1.18840036116332	6.65157187358973	5.76519110278484	11.1396419302227	0.899528288812957
BA_only	hippocampus	AA	psi	chr7_34906239_34906730	chr7	34906239	34906730	79	79	0	0	0.0165110093766019	0.969611176334819	4.17294353696416	4.17294353696416	491	277	Intergenic	0	Heritable	0.190775171447561	0.831035957097871	0.00716402315317327	24998	0	0	1.90775171447561	6.19644412779452	5.62762111369064	10.1265911030503	1.42862167335212
BA_only	hippocampus	AA	psi	chr7_35803274_35806102	chr7	35803274	35806102	86	86	0	0	0.013799401685911	0.964441318501853	6.7797576384103	6.7797576384103	2828	374	Genic/other	2	Non-heritable	0.0597951903118928	0.885938274319779	0.00703769708584126	0	0	0	0.597951903118928	7.94732502701646	5.92692602597041	0	1.91394135624121
BA_only	hippocampus	AA	psi	chr7_35814697_35814915	chr7	35814697	35814915	86	86	0	0	0.00257940711207402	0.833258918532135	2.64358818824259	-2.64358818824259	218	378	Genic/other	0	Non-heritable	0.0977514749099268	0.859014998445901	0.0102618446467746	0	0	0	0.977514749099268	5.38449506278909	5.93753620508243	0	0.972137160329188
BA_only	hippocampus	AA	psi	chr7_3591960_3593025	chr7	3591960	3593025	1	1	0	0	0.758835593046301	0.997543272146997	0.0266529055691257	0.0266529055691257	1065	357	Genic/other	0	Heritable	0.12583703016512	0.834329627847453	0.0116332220761143	75945	0	0	1.2583703016512	6.97073007814353	5.8805329864007	11.2377778404092	-3.62485673213567
BA_only	hippocampus	AA	psi	chr7_35971723_35971796	chr7	35971723	35971796	84	84	0	0	0.0212757355829484	0.975932065139872	2.08335816664018	-2.08335816664018	73	337	Promoter	1	Heritable	0.244162217614919	0.902125794563061	0.00767689023363557	5716	0	0	2.44162217614919	4.29045944114839	5.82304589548302	8.65119947126397	0.733981099796387
BA_only	hippocampus	AA	psi	chr7_36027076_36028540	chr7	36027076	36028540	69	69	0	0	0.0167548856345489	0.970581273335112	1.4081210607329	-1.4081210607329	1464	368	Promoter	0	Non-heritable	0.0950236970416299	0.916012075815053	0.00841164830358759	0	0	0	0.950236970416299	7.28892769452126	5.91079664404053	0	0.342256241775552
BA_only	hippocampus	AA	psi	chr7_36406268_36406712	chr7	36406268	36406712	17	17	0	0	0.00972208371268433	0.939841915020693	1.40710069866101	-1.40710069866101	444	496	Promoter	0	Heritable	0.214032244303301	0.881583106503233	0.00999885765486598	0	0	0	2.14032244303301	6.09582456243223	6.20859002609663	0	0.341531352444247
BA_only	hippocampus	AA	psi	chr7_36407840_36409038	chr7	36407840	36409038	17	17	0	0	0.0133551832766345	0.964283399649536	3.29498286325256	3.29498286325256	1198	493	Genic/other	0	Non-heritable	0.0323100301540351	0.931960510173936	0.0112161035030993	105	0	0	0.323100301540351	7.0884087786754	6.20253551718792	4.66343909411207	1.19240097014204
BA_only	hippocampus	AA	psi	chr7_37117994_37118362	chr7	37117994	37118362	14	14	0	0	0.0108005835202184	0.944902218841749	1.18107014413281	-1.18107014413281	368	470	Genic/other	0	Heritable	0.118563304503287	0.926225420735314	0.00658280867062167	21374	0	0	1.18563304503287	5.90808293816893	6.15485809401642	9.96997729380496	0.166420937764957
BA_only	hippocampus	AA	psi	chr7_37211137_37211825	chr7	37211137	37211825	15	15	0	0	0.0911536864679293	0.989446665475032	0.720947824126835	-0.720947824126835	688	456	Genic/other	0	Non-heritable	0.0733822026264333	0.878017016338022	0.00736945843507039	4869	0	0	0.733822026264333	6.53378883793334	6.12468339089421	8.49084921607664	-0.327188496427301
BA_only	hippocampus	AA	psi	chr7_3722459_3722769	chr7	3722459	3722769	1	1	0	0	0.753455861086274	0.997543272146997	0.033031044073324	-0.033031044073324	310	379	Genic/other	0	Heritable	0.233134596073721	0.863254655847452	0.00751430809242246	49256	0	0	2.33134596073721	5.73657229747919	5.94017125272043	10.8048067684801	-3.41030712748421
BA_only	hippocampus	AA	psi	chr7_37230181_37230702	chr7	37230181	37230702	15	15	0	0	0.00616819792632802	0.920376068783091	0.903982591182524	-0.903982591182524	521	452	Genic/other	0	Non-heritable	0.0455663671367041	0.891691205103649	0.00915776523524944	2491	0	0	0.455663671367041	6.25575004175337	6.11589212548303	7.82084087990734	-0.100945165254685
BA_only	hippocampus	AA	psi	chr7_37269542_37269739	chr7	37269542	37269739	12	12	0	0	0.0927405994106047	0.989446665475032	0.506985116134114	-0.506985116134114	197	423	Genic/other	0	Non-heritable	0.0615052984512517	0.918046181029577	0.00786111463148565	10360	0	0	0.615052984512517	5.28320372873799	6.04973345523196	9.24580403625175	-0.679273612834874
BA_only	hippocampus	AA	psi	chr7_37281087_37283841	chr7	37281087	37283841	12	12	0	0	0.114012242363928	0.990898390030923	0.956167318582786	0.956167318582786	2754	409	Enhancer	0	Non-heritable	0.0857022031938379	0.925347572225	0.00671829359280312	21905	0	0	0.857022031938379	7.9208096792886	6.01615715969835	9.99451585088369	-0.0448223513483695
BA_only	hippocampus	AA	psi	chr7_37420576_37421493	chr7	37420576	37421493	14	14	0	0	0.138468988801777	0.991064867102684	0.828707001366954	-0.828707001366954	917	408	Genic/other	0	Non-heritable	0.0807800942282408	0.925318974003495	0.00606725693745905	0	0	0	0.807800942282408	6.82110747225647	6.0137151560428	0	-0.187888610481196
BA_only	hippocampus	AA	psi	chr7_37497873_37498057	chr7	37497873	37498057	15	15	0	0	0.0266532042234953	0.975932065139872	2.06626932009691	2.06626932009691	184	421	Intergenic	0	Heritable	0.106132505532392	0.917266589681955	0.00697831649947292	0	0	0	1.06132505532392	5.21493575760899	6.04500531403601	0	0.725744725268157
BA_only	hippocampus	AA	psi	chr7_38310496_38311240	chr7	38310496	38311240	46	46	0	0	0.0232008737465686	0.975932065139872	2.11087642002397	-2.11087642002397	744	433	Promoter	1	Heritable	0.108108872935117	0.904472952844316	0.00714326779189609	25585	0	0	1.08108872935117	6.61204103483309	6.07304453410041	10.149800605877	0.747103230925477
BA_only	hippocampus	AA	psi	chr7_38630047_38630322	chr7	38630047	38630322	9	9	0	0	0.281005457963858	0.99349167699349	1.3055144440002	1.3055144440002	275	360	Genic/other	1	Non-heritable	0.0921533971030317	0.8769079206258	0.00811583336367481	96665	0	0	0.921533971030317	5.61677109766657	5.88887795833288	11.479017016719	0.266597180715979
BA_only	hippocampus	AA	psi	chr7_38976625_38976966	chr7	38976625	38976966	9	9	0	0	0.0630821894918452	0.985907779499035	1.78388427622917	-1.78388427622917	341	336	Promoter	1	Non-heritable	0.0692935314870618	0.788190069850214	0.0142601239749225	1091	0	0	0.692935314870618	5.83188247728352	5.82008293035236	6.99576615630485	0.578793170075024
BA_only	hippocampus	AA	psi	chr7_39130864_39131581	chr7	39130864	39131581	7	7	0	0	0.120417104819274	0.991064867102684	0.702931912065817	-0.702931912065817	717	275	Genic/other	0	Heritable	0.294174055665613	0.828556117131525	0.00858880362232919	45003	0	0	2.94174055665613	6.57507584059962	5.62040086571715	10.714506653691	-0.352495231027377
BA_only	hippocampus	AA	psi	chr7_3937575_3937803	chr7	3937575	3937803	5	5	0	0	0.0216845527340138	0.975932065139872	4.84956218167402	4.84956218167402	228	507	Genic/other	0	Heritable	0.11819298255825	0.916735501659684	0.00788491605223339	188888	0	0	1.1819298255825	5.42934562895444	6.23048144757848	12.1489148199253	1.5788884311169
BA_only	hippocampus	AA	psi	chr7_39423613_39424543	chr7	39423613	39424543	77	77	0	0	0.0192281586420419	0.973330286765374	2.16956146042581	-2.16956146042581	930	268	Genic/other	0	Heritable	0.689382141119347	0.878007775911566	0.00741665417320362	0	0	0	6.89382141119347	6.8351845861473	5.59471137960184	0	0.774525059768588
BA_only	hippocampus	AA	psi	chr7_3949331_3949465	chr7	3949331	3949465	5	5	0	0	0.0251725101695413	0.975932065139872	10.7971461452141	-10.7971461452141	134	510	Genic/other	0	Non-heritable	0.0905697475494429	0.950365722018239	0.00661603704100329	177226	0	0	0.905697475494429	4.89783979995091	6.2363695902037	12.0851866757491	2.37928185432376
BA_only	hippocampus	AA	psi	chr7_39754585_39755752	chr7	39754585	39755752	80	80	0	0	0.00228708721895338	0.820192749465547	2.11461131286045	-2.11461131286045	1167	226	Genic/other	0	Non-heritable	0.0987723295015426	0.781827385665845	0.0067618965975886	0	0	0	0.987723295015426	7.06219163228656	5.4249500174814	0	0.748871023912967
BA_only	hippocampus	AA	psi	chr7_39834189_39834483	chr7	39834189	39834483	15	15	0	0	0.126251097450513	0.991064867102684	2.76698865877924	-2.76698865877924	294	202	Promoter	1	Non-heritable	0.0745482553131064	0.718988127978043	0.00833527395210255	51453	0	0	0.745482553131064	5.68357976733868	5.31320597904179	10.848443483624	1.01775960566783
BA_only	hippocampus	AA	psi	chr7_4009690_4010193	chr7	4009690	4010193	5	5	0	0	0.55860277266351	0.996372748468176	1.05041599399459	-1.05041599399459	503	558	Genic/other	0	Heritable	0.161639562506474	0.946800157664067	0.00636691614567627	116498	0	0	1.61639562506474	6.22059017009974	6.3261494731551	11.6656379682601	0.049186279985764
BA_only	hippocampus	AA	psi	chr7_4050431_4050585	chr7	4050431	4050585	6	6	0	0	0.262019673431438	0.992852132351442	2.94831266354687	-2.94831266354687	154	592	Genic/other	0	Heritable	0.144556526868595	0.954169004205264	0.00840736018073189	76106	0	0	1.44556526868595	5.03695260241363	6.38519439899773	11.2398955238508	1.08123303164273
BA_only	hippocampus	AA	psi	chr7_40603912_40604303	chr7	40603912	40604303	0	0	0	0					391	286	Genic/other	0	Heritable	0.108623596502834	0.783003946053242	0.00533907868747278	0	0	0	1.08623596502834	5.96870755998537	5.65948221575962	0	
BA_only	hippocampus	AA	psi	chr7_4080062_4080294	chr7	4080062	4080294	6	6	0	0	0.383074821565265	0.994477173169714	3.11543427361512	-3.11543427361512	232	589	Genic/other	0	Heritable	0.126673576028	0.933859202284465	0.00762667157926792	46397	0	0	1.26673576028	5.44673737166631	6.38012253689977	10.7450116338371	1.13636855941267
BA_only	hippocampus	AA	psi	chr7_41706260_41706513	chr7	41706260	41706513	7	7	0	0	0.0631254803994456	0.985907779499035	2.69575835065818	2.69575835065818	253	427	Promoter	1	Heritable	0.111450785300476	0.917306894912205	0.00912353156905595	0	0	0	1.11450785300476	5.53338948872752	6.0591231955818	0	0.99167956019717
BA_only	hippocampus	AA	psi	chr7_4190192_4190753	chr7	4190192	4190753	17	17	0	0	0.0846711443751307	0.988137148207548	2.88475591641232	2.88475591641232	561	589	Genic/other	0	Non-heritable	0.0533705653086962	0.928941424952495	0.00611122011957323	11706	0	0	0.533705653086962	6.3297209055227	6.38012253689977	9.36794223247967	1.05944029548426
BA_only	hippocampus	AA	psi	chr7_4204329_4205148	chr7	4204329	4205148	17	17	0	0	0.0741506963831514	0.986160229668508	1.98522579464077	1.98522579464077	819	596	Genic/other	0	Heritable	0.630585799062909	0.933564661273241	0.0191410154213759	25843	0	0	6.30585799062909	6.70808408385307	6.3919171133926	10.1598337446781	0.685732663156023
BA_only	hippocampus	AA	psi	chr7_42228570_42228837	chr7	42228570	42228837	4	4	0	0	0.0532263452925446	0.984783117109287	0.506076317987834	-0.506076317987834	267	396	Promoter	0	Non-heritable	0.0828527304371455	0.894008372916254	0.00818855109541024	76216	0	0	0.828527304371455	5.58724865840025	5.98393628068719	11.2413398139051	-0.681067775245
BA_only	hippocampus	AA	psi	chr7_42494520_42494997	chr7	42494520	42494997	4	4	0	0	0.435159037542843	0.994840206451052	0.0869094786830788	-0.0869094786830788	477	356	Intergenic	1	Heritable	0.402143674674839	0.892116559750385	0.00774625524619189	15749	0	0	4.02143674674839	6.16751649088834	5.87773578177964	9.66459564425378	-2.44288806184223
BA_only	hippocampus	AA	psi	chr7_42856470_42858338	chr7	42856470	42858338	67	67	0	0	0.0105390720286952	0.944902218841749	3.96535784655761	-3.96535784655761	1868	385	Enhancer	0	Non-heritable	0.0943585808799357	0.879956401865619	0.0073428983070377	0	0	0	0.943585808799357	7.53262361878879	5.95583736946483	0	1.37759610487486
BA_only	hippocampus	AA	psi	chr7_43513084_43513642	chr7	43513084	43513642	18	18	0	0	0.00737391158860402	0.933559278800072	3.45107004704244	-3.45107004704244	558	354	Genic/other	0	Non-heritable	0.0867026734181976	0.876168614061616	0.00650238168235523	56786	0	0	0.867026734181976	6.32435896238131	5.87211778947542	10.9470627052743	1.23868434441472
BA_only	hippocampus	AA	psi	chr7_43986612_43987095	chr7	43986612	43987095	252	252	0	0	0.00128288811251905	0.748685029382681	2.85479970355206	2.85479970355206	483	254	Genic/other	0	Heritable	0.124188999179987	0.860641484301912	0.00840097347034193	0	0	0	1.24188999179987	6.18001665365257	5.54126354515843	0	1.04900168777571
BA_only	hippocampus	AA	psi	chr7_44014962_44015344	chr7	44014962	44015344	274	274	0	0	0.00584766495781838	0.91658260669542	2.66635048174163	2.66635048174163	382	253	Promoter	1	Heritable	0.146522143751957	0.840409731603835	0.00859697330245237	0	0	0	1.46522143751957	5.94542060860658	5.53733426701854	0	0.980710680385381
BA_only	hippocampus	AA	psi	chr7_44019904_44020430	chr7	44019904	44020430	274	274	0	0	0.00686794442189013	0.928603340265007	3.10689334582584	3.10689334582584	526	244	Promoter	1	Non-heritable	0.0670055252110898	0.778681117312797	0.0113195012129066	842	0	0	0.670055252110898	6.26530121273771	5.50125821054473	6.73696695800186	1.13362330598078
BA_only	hippocampus	AA	psi	chr7_44064868_44065029	chr7	44064868	44065029	346	346	0	0	0.000242010481780583	0.503902674622265	5.46515538617252	5.46515538617252	161	246	Promoter	1	Heritable	0.109202068661006	0.773066895673561	0.00720172602503968	487	0	0	1.09202068661006	5.08140436498446	5.50938833662798	6.19031540585315	1.69839255602251
BA_only	hippocampus	AA	psi	chr7_4415862_4416160	chr7	4415862	4416160	67	67	0	0	0.00497893230747664	0.90804600058041	2.07436217874016	-2.07436217874016	298	711	Intergenic	0	Heritable	0.153660758040946	0.952607927854892	0.00650960682921222	5788	0	0	1.53660758040946	5.69709348650541	6.56807791141198	8.66371484407901	0.729653727511674
BA_only	hippocampus	AA	psi	chr7_44275441_44276002	chr7	44275441	44276002	287	287	0	0	0.0155083758484702	0.967076513219291	2.43631353408404	2.43631353408404	561	260	Genic/other	0	Non-heritable	0.0629984644934883	0.79904522593112	0.00669907945509395	0	0	0	0.629984644934883	6.3297209055227	5.56452040732269	0	0.890486054243062
BA_only	hippocampus	AA	psi	chr7_4458045_4458406	chr7	4458045	4458406	66	66	0	0	0.0160646279755823	0.968106276565941	3.7014740984768	3.7014740984768	361	731	Intergenic	0	Heritable	0.102658126569419	0.95883461924983	0.00691063992708206	0	0	0	1.02658126569419	5.88887795833288	6.59578051396131	0	1.30873114800334
BA_only	hippocampus	AA	psi	chr7_44767374_44767867	chr7	44767374	44767867	81	81	0	0	0.0137530244889998	0.964441318501853	1.94421903418482	-1.94421903418482	493	294	Genic/other	0	Heritable	0.150908200927902	0.876192260527195	0.00743272180251704	5678	0	0	1.50908200927902	6.20050917404269	5.68697535633982	8.64453043987743	0.66486037674047
BA_only	hippocampus	AA	psi	chr7_44914373_44915237	chr7	44914373	44915237	92	92	0	0	0.00667005699978873	0.926243853625896	2.41450798726279	2.41450798726279	864	277	Enhancer	0	Heritable	0.168762664382082	0.87627715511122	0.00745256537973948	32981	0	0	1.68762664382082	6.76157276880406	5.62762111369064	10.4037172370887	0.881495538507706
BA_only	hippocampus	AA	psi	chr7_45007121_45007369	chr7	45007121	45007369	91	91	0	0	0.000653430697292909	0.660644830675263	2.21568609162559	2.21568609162559	248	305	Genic/other	0	Non-heritable	0.0582601579139027	0.782437236545081	0.0076811677014817	0	0	0	0.582601579139027	5.51342874616498	5.72358510195238	0	0.795562107960623
BA_only	hippocampus	AA	psi	chr7_45082280_45082672	chr7	45082280	45082672	77	77	0	0	0.000213229724987349	0.491811708572313	2.48424316491904	2.48424316491904	392	294	Promoter	0	Heritable	0.109219206091193	0.827994869368898	0.00900308638279103	8819	0	0	1.09219206091193	5.97126183979046	5.68697535633982	9.08477714900084	0.909968055784932
BA_only	hippocampus	AA	psi	chr7_45086015_45086613	chr7	45086015	45086613	75	75	0	0	0.0297274333597328	0.976741514025636	2.51606238239042	2.51606238239042	598	292	Genic/other	2	Heritable	0.136687201627099	0.859119494984278	0.00690674112923097	12554	0	0	1.36687201627099	6.39359075395063	5.68017260901707	9.43787427159169	0.922695136778107
BA_only	hippocampus	AA	psi	chr7_45169563_45172624	chr7	45169563	45172624	48	48	0	0	0.00354556894513144	0.866906756094015	3.25942679286626	-3.25942679286626	3061	310	Genic/other	0	Heritable	0.692281010088488	0.880722399510573	0.00920396540263597	10783	0	0	6.92281010088488	8.02649693894541	5.73979291217923	9.28581883315209	1.18155135257754
BA_only	hippocampus	AA	psi	chr7_4556767_4557217	chr7	4556767	4557217	68	68	0	0	0.0285307023461906	0.975932065139872	3.40737603640879	3.40737603640879	450	729	Intergenic	0	Non-heritable	0.097912994648931	0.967317947361966	0.00708276939306679	0	0	0	0.97912994648931	6.10924758276437	6.59304453414244	0	1.22594250723102
BA_only	hippocampus	AA	psi	chr7_45730152_45730340	chr7	45730152	45730340	82	82	0	0	0.0192693555569737	0.973353388707841	2.59332097583573	2.59332097583573	188	298	Genic/other	1	Heritable	0.300638949704846	0.850132626209162	0.00675746628618804	0	0	0	3.00638949704846	5.23644196282995	5.70044357339069	0	0.952939288264993
BA_only	hippocampus	AA	psi	chr7_45918192_45919035	chr7	45918192	45919035	86	86	0	0	0.00372040341915628	0.868236155887141	3.25593387258889	3.25593387258889	843	285	Promoter	2	Non-heritable	0.0926547272882006	0.883578999324196	0.00799660968083201	0	0	0	0.926547272882006	6.73696695800186	5.65599181081985	0	1.18047914160392
BA_only	hippocampus	AA	psi	chr7_4642695_4642785	chr7	4642695	4642785	70	70	0	0	0.00346324653259002	0.866906756094015	2.67815553045055	2.67815553045055	90	715	Intergenic	1	Non-heritable	0.0569635690083228	0.956316819182348	0.00829422082366077	0	0	0	0.569635690083228	4.49980967033027	6.57368016696065	0	0.985128326407803
BA_only	hippocampus	AA	psi	chr7_47052399_47053147	chr7	47052399	47053147	9	9	0	0	0.0435442033500946	0.980789550235948	0.991429605616518	-0.991429605616518	748	469	Promoter	2	Non-heritable	0.0957309835225975	0.919224459854212	0.00875260805607242	0	0	0	0.957309835225975	6.61740297797448	6.1527326947041	0	-0.00860732132164663
BA_only	hippocampus	AA	psi	chr7_47248020_47249292	chr7	47248020	47249292	7	7	0	0	0.155946117364843	0.991064867102684	2.65075768992085	2.65075768992085	1272	508	Intergenic	0	Non-heritable	0.0568706636905972	0.822662237227141	0.0113078746441429	28927	0	0	0.568706636905972	7.14834574390007	6.23244801655052	10.2725652631919	0.974845523627945
BA_only	hippocampus	AA	psi	chr7_47300754_47301282	chr7	47300754	47301282	14	14	0	0	0.00255100154087815	0.831391577052564	0.88431320704225	0.88431320704225	528	522	Genic/other	0	Non-heritable	0.0940458648096328	0.937069486726907	0.00708975329912397	17015	0	0	0.940458648096328	6.26909628370626	6.25958146406492	9.74190935688007	-0.122943961179168
BA_only	hippocampus	AA	psi	chr7_4741948_4742519	chr7	4741948	4742519	69	69	0	0	0.0252229080615233	0.975932065139872	3.19415931434595	3.19415931434595	571	697	Genic/other	1	Non-heritable	0.0559619901048455	0.965347782873648	0.00946845768086201	39431	0	0	0.559619901048455	6.34738920965601	6.54821910276237	10.5823329483852	1.16132393093632
BA_only	hippocampus	AA	psi	chr7_47474830_47475400	chr7	47474830	47475400	14	14	0	0	0.0616066254648011	0.985907779499035	2.28503332802601	-2.28503332802601	570	522	Enhancer	0	Non-heritable	0.0766040428795163	0.924846363086023	0.007896985624183	53746	0	0	0.766040428795163	6.3456363608286	6.25958146406492	10.8920431304788	0.826380614185473
BA_only	hippocampus	AA	psi	chr7_4751525_4751877	chr7	4751525	4751877	69	69	0	0	0.0422113434686595	0.980549382116533	2.84160167842019	2.84160167842019	352	700	Genic/other	1	Heritable	0.141836169337823	0.964059181709103	0.00916017851900146	30073	0	0	1.41836169337823	5.8636311755981	6.55250788703459	10.3114162900823	1.04436786799494
BA_only	hippocampus	AA	psi	chr7_47568363_47568967	chr7	47568363	47568967	16	16	0	0	0.0032959330520474	0.859880555239945	4.29396031341267	4.29396031341267	604	501	Genic/other	0	Heritable	0.109291462398006	0.930162765047134	0.0080464238036011	0	0	0	1.09291462398006	6.40357419793482	6.21860011969173	0	1.45720945940754
BA_only	hippocampus	AA	psi	chr7_47759939_47760364	chr7	47759939	47760364	24	24	0	0	0.125383962326893	0.991064867102684	1.84098124215501	-1.84098124215501	425	440	Genic/other	0	Heritable	0.512134131280676	0.905055493082354	0.00826895548326383	35078	0	0	5.12134131280676	6.05208916892442	6.08904487544685	10.4653579398084	0.610298718687416
BA_only	hippocampus	AA	psi	chr7_47812467_47812922	chr7	47812467	47812922	23	23	0	0	0.0253815731090321	0.975932065139872	1.61167280083979	-1.61167280083979	455	446	Promoter	0	Non-heritable	0.0650881107751782	0.907777692896409	0.00800927492173807	0	0	0	0.650881107751782	6.12029741895095	6.10255859461357	0	0.477272652539989
BA_only	hippocampus	AA	psi	chr7_47870872_47871902	chr7	47870872	47871902	27	27	0	0	0.00584675348270265	0.91658260669542	4.57946447181311	-4.57946447181311	1030	454	Genic/other	0	Heritable	0.643702435962381	0.892397748538154	0.00872023596304691	52845	0	0	6.43702435962381	6.93731408122368	6.12029741895095	10.8751373025306	1.52158206592147
BA_only	hippocampus	AA	psi	chr7_47880034_47880750	chr7	47880034	47880750	22	22	0	0	0.06578548641986	0.985907779499035	2.2933086106997	-2.2933086106997	716	440	Genic/other	0	Heritable	0.610524749523832	0.875230815300018	0.00703091114450872	62007	0	0	6.10524749523832	6.57368016696065	6.08904487544685	11.0350186879613	0.829995587361394
BA_only	hippocampus	AA	psi	chr7_4791865_4793123	chr7	4791865	4793123	69	69	0	0	0.0266623058253963	0.975932065139872	3.85467518336977	-3.85467518336977	1258	709	Genic/other	2	Heritable	0.150551118304735	0.942809456922592	0.0138338955518268	1054	0	0	1.50551118304735	7.13727843726039	6.56526497003536	6.96129604591017	1.34928674753035
BA_only	hippocampus	AA	psi	chr7_4807520_4808325	chr7	4807520	4808325	67	67	0	0	0.0205822608438171	0.975856666808667	1.46365524566729	1.46365524566729	805	681	Genic/other	1	Non-heritable	0.0487224723563746	0.951863048197588	0.0072576521230984	14224	0	0	0.487224723563746	6.69084227741856	6.52502965784346	9.56275625899453	0.380936906707514
BA_only	hippocampus	AA	psi	chr7_48090200_48090446	chr7	48090200	48090446	19	19	0	0	0.0245211110090301	0.975932065139872	1.03293235019901	1.03293235019901	246	367	Genic/other	2	Heritable	0.143357407240529	0.894117585831177	0.00973195616878452	0	0	0	1.43357407240529	5.50533153593236	5.90808293816893	0	0.0324017089994765
BA_only	hippocampus	AA	psi	chr7_48200876_48201377	chr7	48200876	48201377	19	19	0	0	0.00372611829155095	0.868236155887141	1.78411172408305	1.78411172408305	501	311	Enhancer	0	Heritable	0.147216759231635	0.896118100666307	0.00596145132938765	32773	0	0	1.47216759231635	6.21660610108487	5.74300318780948	10.3973907971062	0.578920663409037
BA_only	hippocampus	AA	psi	chr7_4861651_4862121	chr7	4861651	4862121	66	66	0	0	0.00552125950917966	0.914301706404424	2.56016011082787	-2.56016011082787	470	673	Promoter	2	Heritable	0.350136210863765	0.948944028929902	0.00932103884715914	25292	0	0	3.50136210863765	6.1527326947041	6.51323011091231	10.1382829565908	0.940069803733863
BA_only	hippocampus	AA	psi	chr7_4879086_4879275	chr7	4879086	4879275	68	68	0	0	0.0136630812935653	0.964283399649536	3.26738359549554	3.26738359549554	189	711	Genic/other	1	Heritable	0.108616264326953	0.953918877577668	0.00715481774601767	28323	0	0	1.08616264326953	5.24174701505964	6.56807791141198	10.2514647807717	1.18398954399823
BA_only	hippocampus	AA	psi	chr7_48848089_48848221	chr7	48848089	48848221	1	1	0	0	0.164548514008018	0.991064867102684	0.47987927550173	-0.47987927550173	132	280	Genic/other	1	Non-heritable	0.081976525082997	0.833439207914853	0.00947683206003267	3646	0	0	0.81976525082997	4.88280192258637	5.63835466933375	8.20166019080868	-0.734220695246808
BA_only	hippocampus	AA	psi	chr7_4940467_4940777	chr7	4940467	4940777	20	20	0	0	0.0468486163437444	0.982445572707507	3.29991328384279	3.29991328384279	310	714	Genic/other	0	Non-heritable	0.0821962781289701	0.955005565540686	0.00646897451334478	29321	0	0	0.821962781289701	5.73657229747919	6.57228254269401	10.2860933664982	1.19389619353416
BA_only	hippocampus	AA	psi	chr7_4960347_4960480	chr7	4960347	4960480	21	21	0	0	0.0376521116641413	0.980549382116533	1.75445802183942	1.75445802183942	133	705	Genic/other	1	Heritable	0.562553686734301	0.919066495631859	0.00903996004597338	15955	0	0	5.62553686734301	4.89034912822175	6.55961523749324	9.6775902130253	0.562159995458327
BA_only	hippocampus	AA	psi	chr7_50070403_50070849	chr7	50070403	50070849	29	29	0	0	0.0944566254875105	0.98989315440863	1.13421015094509	-1.13421015094509	446	320	Genic/other	0	Heritable	0.113149905253508	0.867525050761239	0.00698821749692231	0	0	0	1.13149905253508	6.10031895202006	5.77144112313002	0	0.125936515246685
BA_only	hippocampus	AA	psi	chr7_50400489_50400695	chr7	50400489	50400695	64	64	0	0	0.0377616438187807	0.980549382116533	1.32734275186957	-1.32734275186957	206	303	Promoter	1	Non-heritable	0.0786366767360518	0.885373229398614	0.00844759840498441	570	0	0	0.786366767360518	5.32787616878958	5.71702770140622	6.34738920965601	0.283179020315996
BA_only	hippocampus	AA	psi	chr7_5045055_5045501	chr7	5045055	5045501	20	20	0	0	0.000854929299277456	0.694618158585058	0.738568723533016	-0.738568723533016	446	654	Promoter	1	Heritable	0.184699750898351	0.954274176503661	0.0153081806672181	4809	0	0	1.84699750898351	6.10031895202006	6.48463523563525	8.47845236309981	-0.303041109529813
BA_only	hippocampus	AA	psi	chr7_50468882_50469385	chr7	50468882	50469385	66	66	0	0	0.000814145963668655	0.683148985370606	1.03650365050881	1.03650365050881	503	319	Genic/other	1	Heritable	0.145129110015713	0.818652397442053	0.0146792087911256	18580	0	0	1.45129110015713	6.22059017009974	5.76832099579377	9.82989483223276	0.0358531844926807
BA_only	hippocampus	AA	psi	chr7_50478819_50479466	chr7	50478819	50479466	66	66	0	0	0.0306954364986849	0.976893291659941	1.80812149507207	-1.80812149507207	647	308	Genic/other	0	Heritable	0.580130554644223	0.89256402587243	0.00691678312322693	24592	0	0	5.80130554644223	6.4723462945009	5.73334127689775	10.1102171285821	0.59228846384467
BA_only	hippocampus	AA	psi	chr7_50640982_50641331	chr7	50640982	50641331	35	35	0	0	0.0151056817144525	0.966167725188189	1.47351731854633	1.47351731854633	349	352	Promoter	0	Non-heritable	0.0618075440807605	0.857435504399271	0.00690905924764567	0	0	0	0.618075440807605	5.85507192220243	5.8664680569333	0	0.387652283252917
BA_only	hippocampus	AA	psi	chr7_50869375_50870096	chr7	50869375	50870096	7	7	0	0	0.0568765559611429	0.98577631996496	0.937313976965859	-0.937313976965859	721	307	Enhancer	0	Non-heritable	0.0521669889384641	0.835463355563938	0.0102790281433269	56428	0	0	0.521669889384641	6.58063913728495	5.73009978297357	10.9407384897358	-0.0647369547272974
BA_only	hippocampus	AA	psi	chr7_51160641_51160970	chr7	51160641	51160970	7	7	0	0	0.121984890514257	0.991064867102684	0.890445584639126	-0.890445584639126	329	345	Enhancer	0	Heritable	0.127505768865239	0.860888009497412	0.00713250719156354	75474	0	0	1.27505768865239	5.79605775076537	5.84643877505773	11.231556754575	-0.116033273414574
BA_only	hippocampus	AA	psi	chr7_51228014_51229601	chr7	51228014	51229601	8	8	0	0	0.0613161497731471	0.985907779499035	1.08764229831689	-1.08764229831689	1587	357	Genic/other	0	Non-heritable	0.0715501288388192	0.817874400206889	0.00689841827443818	87615	0	0	0.715501288388192	7.36960072052641	5.8805329864007	11.3807189086481	0.0840123336419394
BA_only	hippocampus	AA	psi	chr7_51233271_51233766	chr7	51233271	51233766	8	8	0	0	0.000870823468660104	0.696297367007034	1.2289508938471	-1.2289508938471	495	360	Genic/other	0	Non-heritable	0.0356778298729978	0.841219776054504	0.00767417560948274	83450	0	0	0.356778298729978	6.20455776256869	5.88887795833288	11.3320149122417	0.206160881736401
BA_only	hippocampus	AA	psi	chr7_5131215_5132402	chr7	5131215	5132402	19	19	0	0	0.185696573936259	0.991064867102684	1.11850512876109	1.11850512876109	1187	706	Genic/other	0	Heritable	0.331916973650939	0.93607919166035	0.00942068239642224	0	0	0	3.31916973650939	7.07918439460967	6.56103066589657	0	0.111993096270162
BA_only	hippocampus	AA	psi	chr7_51313350_51314596	chr7	51313350	51314596	7	7	0	0	0.37393385883339	0.994416868537123	1.23163967629402	-1.23163967629402	1246	376	Genic/other	2	Non-heritable	0.0490059552953732	0.766455229528091	0.00891281119032182	2620	0	0	0.490059552953732	7.1276936993474	5.93224518744801	7.87131120332341	0.208346359912168
BA_only	hippocampus	AA	psi	chr7_5144077_5144757	chr7	5144077	5144757	19	19	0	0	0.136326817091054	0.991064867102684	0.615661167515413	-0.615661167515413	680	696	Promoter	2	Heritable	0.147596564167931	0.92801029212797	0.0127699247289881	0	0	0	1.47596564167931	6.52209279817015	6.54678541076052	0	-0.485058503275139
BA_only	hippocampus	AA	psi	chr7_514794_515138	chr7	514794	515138	42	42	0	0	6.83081256787168e-05	0.31827055575031	4.02064965741867	4.02064965741867	344	178	Enhancer	2	Heritable	0.158293704197344	0.719387022237922	0.00612550660328629	2351	0	0	1.58293704197344	5.8406416573734	5.18738580584076	7.76302130901852	1.39144349838425
BA_only	hippocampus	AA	psi	chr7_5151619_5151832	chr7	5151619	5151832	19	19	0	0	0.00902322271280793	0.938585776116121	0.605091866159598	-0.605091866159598	213	702	Intergenic	0	Non-heritable	0.0836172212538998	0.960873542322386	0.00751333839543919	7371	0	0	0.836172212538998	5.36129216570943	6.55535689181067	8.90544431878971	-0.502374971060251
BA_only	hippocampus	AA	psi	chr7_5157363_5157982	chr7	5157363	5157982	19	19	0	0	0.00599456594542814	0.91900564130364	1.41862229402946	-1.41862229402946	619	682	Intergenic	0	Heritable	0.128630661291032	0.952213017234682	0.00655688090599432	13115	0	0	1.28630661291032	6.4281052726846	6.52649485957079	9.48158813796454	0.349686192226371
BA_only	hippocampus	AA	psi	chr7_5165497_5165637	chr7	5165497	5165637	17	17	0	0	0.00654757621713385	0.923621641432563	1.02594508047074	1.02594508047074	140	683	Intergenic	0	Non-heritable	0.0965475183305427	0.9645055800436	0.00823620375164224	21249	0	0	0.965475183305427	4.9416424226093	6.52795791762255	9.96411217435256	0.0256142272567276
BA_only	hippocampus	AA	psi	chr7_52088949_52089888	chr7	52088949	52089888	3	3	0	0	0.202759669046	0.991064867102684	0.244457530225259	-0.244457530225259	939	404	Intergenic	0	Heritable	0.204776871772022	0.847545177208117	0.0228822540381595	51798	0	0	2.04776871772022	6.84481547920826	6.00388706710654	10.8551261230419	-1.40871364475818
BA_only	hippocampus	AA	psi	chr7_52566082_52567517	chr7	52566082	52567517	5	5	0	0	0.0862711198996193	0.988137148207548	1.03163241821822	1.03163241821822	1435	350	Intergenic	0	Heritable	0.12170994306936	0.864157428838714	0.0104613429859132	197537	0	0	1.2170994306936	7.26892012819372	5.86078622346587	12.1936862498791	0.0311424294071213
BA_only	hippocampus	AA	psi	chr7_5275572_5275810	chr7	5275572	5275810	24	24	0	0	0.0481505656168598	0.982661996589092	1.31574777792028	-1.31574777792028	238	619	Genic/other	0	Heritable	0.152353579608499	0.932980962614065	0.00662944442933039	44736	0	0	1.52353579608499	5.47227067367148	6.42971947803914	10.7085561787056	0.274405164019314
BA_only	hippocampus	AA	psi	chr7_5281933_5282322	chr7	5281933	5282322	34	34	0	0	0.0277383612269232	0.975932065139872	4.64808321245531	4.64808321245531	389	632	Promoter	1	Non-heritable	0.0856097888124706	0.930521837007831	0.00987712906332247	51097	0	0	0.856097888124706	5.96357934361845	6.45047042214418	10.8415006364826	1.53645492439261
BA_only	hippocampus	AA	psi	chr7_5418463_5418566	chr7	5418463	5418566	28	28	0	0	0.151691815507897	0.991064867102684	2.32570875429219	-2.32570875429219	103	585	Enhancer	1	Non-heritable	0.0238349333492529	0.770735051985625	0.00841778674799039	5538	0	0	0.238349333492529	4.63472898822964	6.37331978957701	8.6195692580331	0.844024837440423
BA_only	hippocampus	AA	psi	chr7_54759936_54760261	chr7	54759936	54760261	44	44	0	0	0.0100775349053516	0.944902218841749	1.13571007515041	-1.13571007515041	325	379	Promoter	1	Heritable	0.185415197559281	0.892528362680125	0.00766631756697198	0	0	0	1.85415197559281	5.78382518232974	5.94017125272043	0	0.127258080994385
BA_only	hippocampus	AA	psi	chr7_54932107_54932884	chr7	54932107	54932884	46	46	0	0	0.0107634119103709	0.944902218841749	1.50316557715282	-1.50316557715282	777	403	Promoter	1	Non-heritable	0.0606782830358029	0.880419696462584	0.0122817019903038	0	0	0	0.606782830358029	6.65544035036765	6.00141487796115	0	0.407573275795476
BA_only	hippocampus	AA	psi	chr7_55005252_55005842	chr7	55005252	55005842	60	60	0	0	0.0290444990303738	0.975932065139872	2.59068353240354	-2.59068353240354	590	411	Intergenic	2	Heritable	0.102693400946727	0.907400543140173	0.00816884739300117	13522	0	0	1.02693400946727	6.38012253689977	6.02102334934953	9.51214721847336	0.951921756877672
BA_only	hippocampus	AA	psi	chr7_55345013_55345302	chr7	55345013	55345302	62	62	0	0	0.00267226772422189	0.835655744705892	3.07987239096498	3.07987239096498	289	404	Intergenic	1	Heritable	0.115956125685326	0.891758205781551	0.0073688288787625	89401	0	0	1.15956125685326	5.66642668811243	6.00388706710654	11.400898332276	1.12488816786919
BA_only	hippocampus	AA	psi	chr7_55381474_55382601	chr7	55381474	55382601	62	62	0	0	0.0252806078613608	0.975932065139872	3.78301030803916	3.78301030803916	1127	394	Genic/other	0	Non-heritable	0.0766254766918322	0.905851637795114	0.00754724038811475	109816	0	0	0.766254766918322	7.02731451403978	5.97888576490112	11.6065706230312	1.3305200731225
BA_only	hippocampus	AA	psi	chr7_55448197_55449195	chr7	55448197	55449195	64	64	0	0	0.0120824666450179	0.95629185250073	1.88566706461641	1.88566706461641	998	391	Genic/other	2	Non-heritable	0.0771935538383098	0.88754910596534	0.00758021210975928	43222	0	0	0.771935538383098	6.90575327631146	5.97126183979046	10.6741280399611	0.634281644035334
BA_only	hippocampus	AA	psi	chr7_55689050_55689639	chr7	55689050	55689639	53	53	0	0	0.00222618540688803	0.817446144573316	2.78778562661141	-2.78778562661141	589	289	Promoter	0	Non-heritable	0.0397354532054017	0.703020364963003	0.00702799608752618	0	0	0	0.397354532054017	6.37842618365159	5.66988092298052	0	1.02524760206973
BA_only	hippocampus	AA	psi	chr7_55723271_55723838	chr7	55723271	55723838	71	71	0	0	0.00488489408686144	0.903845859635741	4.19950050761786	-4.19950050761786	567	281	Intergenic	0	Non-heritable	0.0755763169977962	0.843916139300195	0.00788194221554512	226	0	0	0.755763169977962	6.34035930372775	5.64190707093811	5.4249500174814	1.43496559384056
BA_only	hippocampus	AA	psi	chr7_5588456_5588812	chr7	5588456	5588812	50	50	0	0	0.027199018632013	0.975932065139872	1.40334579988397	1.40334579988397	356	562	Genic/other	1	Heritable	0.101126175288149	0.87504630050879	0.011185586555256	4955	0	0	1.01126175288149	5.87493073085203	6.33327962813969	8.50835424274903	0.338859249640319
BA_only	hippocampus	AA	psi	chr7_56007923_56008228	chr7	56007923	56008228	49	49	0	0	0.00395721295831804	0.876132919298309	8.68160330015234	8.68160330015234	305	221	Intergenic	0	Heritable	0.150705170205669	0.778989798121499	0.0076205536188842	11505	0	0	1.50705170205669	5.72031177660741	5.40267738187228	9.35062391742324	2.16120622476608
BA_only	hippocampus	AA	psi	chr7_56074086_56074169	chr7	56074086	56074169	49	49	0	0	0.0168894336432396	0.970581273335112	3.35234060190429	3.35234060190429	83	214	Genic/other	0	Non-heritable	0.0442855347055835	0.709220436978046	0.0124720243707679	0	0	0	0.442855347055835	4.4188406077966	5.37063802812766	0	1.20965879198735
BA_only	hippocampus	AA	psi	chr7_56083241_56083430	chr7	56083241	56083430	49	49	0	0	0.0558402321160304	0.98577631996496	6.03451402257582	6.03451402257582	189	212	Genic/other	0	Non-heritable	0.0947974977450235	0.760320298692602	0.00847945761938838	3712	0	0	0.947974977450235	5.24174701505964	5.36129216570943	8.21959545417708	1.79749532646475
BA_only	hippocampus	AA	psi	chr7_5633523_5634215	chr7	5633523	5634215	58	58	0	0	0.00137763895212198	0.758185047287174	9.17659231914678	9.17659231914678	692	529	Genic/other	0	Non-heritable	0.0963849840438979	0.892892876921757	0.00892319550310979	30265	0	0	0.963849840438979	6.53958595561767	6.27287700654617	10.317780249247	2.21665592974311
BA_only	hippocampus	AA	psi	chr7_56447625_56448500	chr7	56447625	56448500	103	103	0	0	0.0058674456556756	0.91660165241749	1.80571267956314	1.80571267956314	875	171	Promoter	2	Heritable	0.110675327447066	0.725874007766107	0.0132479476668556	0	0	0	1.10675327447066	6.77422388635761	5.14749447681345	0	0.590955355718544
BA_only	hippocampus	AA	psi	chr7_57494769_57494961	chr7	57494769	57494961	88	88	0	0	0.00631464374104008	0.920376068783091	1.47003897079355	-1.47003897079355	192	170	Intergenic	0	Non-heritable	0.0939887233141636	0.710164100274178	0.00834953366199354	75893	0	0	0.939887233141636	5.25749537202778	5.14166355650266	11.2370929088756	0.385288917985694
BA_only	hippocampus	AA	psi	chr7_57868052_57868695	chr7	57868052	57868695	2	2	0	0	0.849002717958193	0.998520297423914	0.14843903599013	-0.14843903599013	643	81	Intergenic	2	Non-heritable	0.0787971419510977	0.383612618715065	0.00774812097774246	223857	0	0	0.787971419510977	6.46614472423762	4.40671924726425	12.3187672012481	-1.90758086971601
BA_only	hippocampus	AA	psi	chr7_57869235_57870793	chr7	57869235	57870793	2	2	0	0	0.1815257013896	0.991064867102684	1.18004983319347	-1.18004983319347	1558	71	Intergenic	2	Non-heritable	0.0470516966725677	0.451458285405954	0.00508526513068484	225040	0	0	0.470516966725677	7.35115822643069	4.27666611901606	12.3240378868083	0.165556677579956
BA_only	hippocampus	AA	psi	chr7_5796101_5796300	chr7	5796101	5796300	77	77	0	0	0.00708968604755374	0.931602204679102	8.29534409124965	-8.29534409124965	199	481	Intergenic	0	Non-heritable	0.0751795824460706	0.863385159448048	0.00923076186145348	0	0	0	0.751795824460706	5.29330482472449	6.1779441140506	0	2.11569440575364
BA_only	hippocampus	AA	psi	chr7_5823752_5823879	chr7	5823752	5823879	71	71	0	0	0.000138864900759775	0.427037609173052	2.22081168730406	-2.22081168730406	127	448	Genic/other	1	Heritable	0.107283077489386	0.918169131280963	0.00775554296579437	0	0	0	1.07283077489386	4.84418708645859	6.10702288774226	0	0.797872758474285
BA_only	hippocampus	AA	psi	chr7_5878603_5879174	chr7	5878603	5879174	76	76	0	0	0.0520612374159438	0.984191523535161	10.2040052926114	-10.2040052926114	571	435	Promoter	0	Non-heritable	0.080007064584377	0.835505847316407	0.00518952132412444	21206	0	0	0.80007064584377	6.34738920965601	6.07764224334903	9.96208659483906	2.3227803199395
BA_only	hippocampus	AA	psi	chr7_5917855_5918035	chr7	5917855	5918035	77	77	0	0	0.00015262262193415	0.438120483327961	8.22155779437726	-8.22155779437726	180	423	Genic/other	0	Non-heritable	0.0458380640742747	0.865136875866326	0.00820976091899431	16999	0	0	0.458380640742747	5.19295685089021	6.04973345523196	9.74096862303835	2.1067597050271
BA_only	hippocampus	AA	psi	chr7_596737_597346	chr7	596737	597346	53	53	0	0	0.000211291556281426	0.491811708572313	3.00383084822234	3.00383084822234	609	203	Genic/other	0	Heritable	0.128326366746456	0.758737211241724	0.0089838619625287	4340	0	0	1.28326366746456	6.4118182677099	5.31811999384422	8.37586001529959	1.09988842679814
BA_only	hippocampus	AA	psi	chr7_598858_599256	chr7	598858	599256	53	53	0	0	0.00240328336729111	0.824728302674626	3.2745288422691	3.2745288422691	398	194	Genic/other	0	Heritable	0.159678188525588	0.772582129795477	0.00920895281703393	2430	0	0	1.59678188525588	5.98645200528444	5.27299955856375	7.79605797431612	1.18617399683553
BA_only	hippocampus	AA	psi	chr7_6082014_6082229	chr7	6082014	6082229	79	79	0	0	0.0367075406007272	0.980549382116533	2.2708033054782	-2.2708033054782	215	358	Genic/other	1	Heritable	0.489869126564872	0.885432198403303	0.00925168973421947	0	0	0	4.89869126564872	5.37063802812766	5.88332238848828	0	0.820133652361897
BA_only	hippocampus	AA	psi	chr7_6158710_6160055	chr7	6158710	6160055	47	47	0	0	0.0580081397933461	0.98577631996496	4.83609973058872	-4.83609973058872	1345	354	Genic/other	2	Non-heritable	0.0678787439305313	0.815177418313713	0.00541240335662577	18581	0	0	0.678787439305313	7.20414929203594	5.87211778947542	9.82994864920126	1.57610855714464
BA_only	hippocampus	AA	psi	chr7_6318033_6318162	chr7	6318033	6318162	18	18	0	0	0.00639882651239401	0.92127998958134	3.79341768483691	-3.79341768483691	129	331	Intergenic	0	Non-heritable	0.0544370927699884	0.821672235445658	0.00695579036203571	13072	0	0	0.544370927699884	4.85981240436167	5.80513496891649	9.47830431356186	1.33326737919497
BA_only	hippocampus	AA	psi	chr7_6330694_6330917	chr7	6330694	6330917	21	21	0	0	0.0558302716472825	0.98577631996496	6.91489329923606	6.91489329923606	223	346	Genic/other	0	Non-heritable	0.0808355258275052	0.680439919463258	0.00617541986963592	317	0	0	0.808355258275052	5.40717177146012	5.84932477994686	5.76205138278018	1.9336775361092
BA_only	hippocampus	AA	psi	chr7_6402793_6403066	chr7	6402793	6403066	19	19	0	0	0.0628856993778844	0.985907779499035	3.63184678855492	-3.63184678855492	273	321	Genic/other	1	Non-heritable	0.0853658886612225	0.853198287386401	0.010329136331903	2666	0	0	0.853658886612225	5.60947179518496	5.77455154554441	7.88870952418202	1.28974127883479
BA_only	hippocampus	AA	psi	chr7_6425979_6426214	chr7	6425979	6426214	19	19	0	0	0.0136346798750856	0.964283399649536	4.00894580383872	-4.00894580383872	235	317	Genic/other	0	Non-heritable	0.0846583876576619	0.860410763936686	0.00778065820098955	0	0	0	0.846583876576619	5.45958551414416	5.76205138278018	0	1.38852831744
BA_only	hippocampus	AA	psi	chr7_6436369_6436549	chr7	6436369	6436549	19	19	0	0	0.0929431341254459	0.989446665475032	4.55214625927306	-4.55214625927306	180	311	Genic/other	0	Non-heritable	0.072467295114091	0.757309813117241	0.00753608489153479	0	0	0	0.72467295114091	5.19295685089021	5.74300318780948	0	1.51559882927638
BA_only	hippocampus	AA	psi	chr7_64463615_64464392	chr7	64463615	64464392	74	74	0	0	0.0407031634323604	0.980549382116533	3.39205306374636	-3.39205306374636	777	184	Enhancer	2	Heritable	0.213604645957102	0.766501014542721	0.0111283845534752	0	0	0	2.13604645957102	6.65544035036765	5.22035582507832	0	1.22143536454851
BA_only	hippocampus	AA	psi	chr7_64494596_64494730	chr7	64494596	64494730	72	72	0	0	0.014421578367117	0.966012740036302	3.95768528997314	-3.95768528997314	134	184	Intergenic	0	Non-heritable	0.0997363877776252	0.712233741258873	0.0166479581364634	107	0	0	0.997363877776252	4.89783979995091	5.22035582507832	4.68213122712422	1.37565933415905
BA_only	hippocampus	AA	psi	chr7_64574565_64575500	chr7	64574565	64575500	57	57	0	0	0.0339530266106829	0.979164877002956	2.41015940644607	-2.41015940644607	935	184	Promoter	0	Heritable	0.112736223145486	0.696548845283787	0.0211070924064055	0	0	0	1.12736223145486	6.84054652928869	5.22035582507832	0	0.879692893217821
BA_only	hippocampus	AA	psi	chr7_64665433_64665655	chr7	64665433	64665655	69	69	0	0	0.00111160358587822	0.726050490461723	1.86696435991032	1.86696435991032	222	167	Promoter	1	Non-heritable	0.0698438940672303	0.595474547522651	0.00924485166707975	629	0	0	0.698438940672303	5.40267738187228	5.12396397940326	6.44571981938558	0.62431378023732
BA_only	hippocampus	AA	psi	chr7_64793897_64794091	chr7	64793897	64794091	95	95	0	0	0.00170545120900276	0.787503986353103	5.71993307743984	-5.71993307743984	194	160	Promoter	1	Heritable	0.105479388515284	0.750475613678272	0.00736148119196724	479	0	0	1.05479388515284	5.26785815906333	5.08140436498446	6.17378610390194	1.74395710732326
BA_only	hippocampus	AA	psi	chr7_650781_651060	chr7	650781	651060	58	58	0	0	0.0201538312688201	0.975856666808667	5.47898792124167	5.47898792124167	279	200	Genic/other	0	Non-heritable	0.0529213502240817	0.673889181935434	0.00884024877663583	29665	0	0	0.529213502240817	5.63121178182137	5.30330490805908	10.2977568878836	1.70092039982373
BA_only	hippocampus	AA	psi	chr7_65081250_65081596	chr7	65081250	65081596	118	118	1	1	3.33791806877164e-08	0.00171941352039423	1.65516983510657	-1.65516983510657	346	159	Genic/other	2	Heritable	0.210363328586965	0.761668603825167	0.0117333173267286	197	1	1	2.10363328586965	5.84643877505773	5.07517381523383	5.28826703069454	0.503903629005432
BA_only	hippocampus	AA	psi	chr7_65141544_65141677	chr7	65141544	65141677	100	100	0	0	0.0320254561092548	0.97748455075509	1.13948517891619	-1.13948517891619	133	155	Genic/other	1	Non-heritable	0.0128337955453974	0.524432436363715	0.0209927812255178	48238	0	0	0.128337955453974	4.89034912822175	5.04985600724954	10.7839231015013	0.130576571739524
BA_only	hippocampus	AA	psi	chr7_65508997_65510337	chr7	65508997	65510337	126	126	0	0	0.0156213497616362	0.967609668437472	6.13343964232134	6.13343964232134	1340	125	Promoter	2	Heritable	0.214463116779638	0.627905598495053	0.00268896091073457	110655	0	0	2.14463116779638	7.20042489294496	4.83628190695148	11.614181569043	1.8137557104142
BA_only	hippocampus	AA	psi	chr7_657502_658161	chr7	657502	658161	58	58	1	1	2.57273879791769e-06	0.04219262056672	4.08018247704434	4.08018247704434	659	189	Genic/other	0	Non-heritable	0.0842537772945649	0.727281726259686	0.00646883300263148	22564	1	1	0.842537772945649	6.49072353450251	5.24702407216049	10.0241553122611	1.40614171463259
BA_only	hippocampus	AA	psi	chr7_6576724_6577046	chr7	6576724	6577046	23	23	0	0	0.0763603093158512	0.987408598172976	2.52253787655646	2.52253787655646	322	392	Promoter	1	Heritable	0.118145409260338	0.900402683678674	0.00845530079738421	451	0	0	1.18145409260338	5.77455154554441	5.97380961186926	6.11368217983223	0.925265492580392
BA_only	hippocampus	AA	psi	chr7_66658463_66659036	chr7	66658463	66659036	252	252	0	0	0.00313867058636043	0.85173849770133	6.96404977080383	-6.96404977080383	573	132	Genic/other	1	Heritable	0.106604330214252	0.64106851127985	0.00758031180586219	0	0	0	1.06604330214252	6.35088571671474	4.89034912822175	0	1.94076117018652
BA_only	hippocampus	AA	psi	chr7_66845517_66845698	chr7	66845517	66845698	46	46	0	0	0.0340872106090045	0.979346259483413	2.36186546397258	2.36186546397258	181	153	Promoter	1	Heritable	0.293490463796239	0.793632436582031	0.00734322327481972	0	0	0	2.93490463796239	5.19849703126583	5.03695260241363	0	0.859451761865567
BA_only	hippocampus	AA	psi	chr7_67036085_67037233	chr7	67036085	67037233	1131	1131	0	0	0.000699754299912206	0.66750800916975	6.71262472053467	6.71262472053467	1148	196	Genic/other	0	Non-heritable	0.0781976848671661	0.713636114549831	0.00782275908534058	12832	0	0	0.781976848671661	7.04577657687951	5.28320372873799	9.45977525724446	1.90399004149246
BA_only	hippocampus	AA	psi	chr7_6728974_6729350	chr7	6728974	6729350	36	36	0	0	0.0257735716361281	0.975932065139872	1.44044371426787	1.44044371426787	376	467	Promoter	1	Heritable	0.212361585172483	0.875734997377898	0.0150297878503983	950	0	0	2.12361585172483	5.9295891433899	6.14846829591765	6.85751406254539	0.364951207974647
BA_only	hippocampus	AA	psi	chr7_675024_675398	chr7	675024	675398	58	58	0	0	3.22333422032682e-05	0.21657255621455	3.0947607925156	3.0947607925156	374	197	Genic/other	0	Heritable	0.117494646301103	0.746693518240004	0.01011507639484	5327	0	0	1.17494646301103	5.92425579741453	5.28826703069454	8.58073121222023	1.12971061801763
BA_only	hippocampus	AA	psi	chr7_68166586_68167780	chr7	68166586	68167780	1	1	0	0	0.108628905825743	0.990898390030923	2.5471885384162	2.5471885384162	1194	439	Genic/other	0	Non-heritable	0.0659106290283358	0.810875644616807	0.0079789946581825	101078	0	0	0.659106290283358	7.08506429395255	6.08677472691231	11.5236576682993	0.934990220904131
BA_only	hippocampus	AA	psi	chr7_6857849_6858830	chr7	6857849	6858830	58	58	0	0	0.0361325980701607	0.980549382116533	1.73934772518899	1.73934772518899	981	488	Genic/other	2	Heritable	0.155714595154672	0.933592191622818	0.00746994607601402	224	0	0	1.55714595154672	6.88857245956536	6.19236248947487	5.41610040220442	0.553510178113138
BA_only	hippocampus	AA	psi	chr7_69283360_69283788	chr7	69283360	69283788	0	0	0	0					428	286	Genic/other	0	Non-heritable	0.0931407318149723	0.838466887873903	0.00678756798892191	65517	0	0	0.931407318149723	6.0591231955818	5.65948221575962	11.0900801930305	
BA_only	hippocampus	AA	psi	chr7_6930755_6931464	chr7	6930755	6931464	56	56	0	0	0.0325364665806559	0.978660772153819	1.45158536698793	1.45158536698793	709	502	Intergenic	1	Non-heritable	0.0356083638807932	0.931126017844248	0.0107621845803959	47	0	0	0.356083638807932	6.56385552653213	6.22059017009974	3.87120101090789	0.372656322585957
BA_only	hippocampus	AA	psi	chr7_6992378_6992486	chr7	6992378	6992486	56	56	0	0	0.00339389506082102	0.86593481253084	2.99491673037828	2.99491673037828	108	490	Genic/other	0	Heritable	0.129906483405463	0.921194056621	0.00663029041544401	0	0	0	1.29906483405463	4.68213122712422	6.19644412779452	0	1.09691643164119
BA_only	hippocampus	AA	psi	chr7_70432567_70433013	chr7	70432567	70433013	1	1	0	0	0.15083524887541	0.991064867102684	0.465376603837577	-0.465376603837577	446	333	Genic/other	0	Heritable	0.110439317457991	0.853650392058129	0.00860328953028785	0	0	0	1.10439317457991	6.10031895202006	5.8111409929767	0	-0.764908278973454
BA_only	hippocampus	AA	psi	chr7_70695890_70696468	chr7	70695890	70696468	7	7	0	0	0.0148053452681695	0.966089857218066	1.26501093678912	1.26501093678912	578	414	Enhancer	1	Non-heritable	0.0536093549864789	0.833053145640795	0.010273815306415	0	0	0	0.536093549864789	6.35957386867238	6.0282785202307	0	0.235080775730279
BA_only	hippocampus	AA	psi	chr7_711343_711599	chr7	711343	711599	55	55	0	0	0.0122722968010854	0.958335243046836	5.63765812041111	5.63765812041111	256	217	Genic/other	1	Heritable	0.106019300417769	0.784971197803147	0.00938123333335491	0	0	0	1.06019300417769	5.54517744447956	5.38449506278909	0	1.72946875417574
BA_only	hippocampus	AA	psi	chr7_71152196_71152566	chr7	71152196	71152566	2	2	0	0	0.0502143561444426	0.984017207786399	0.181595422296896	-0.181595422296896	370	474	Genic/other	0	Non-heritable	0.0464527434536265	0.863093897537994	0.00880834355488978	0	0	0	0.464527434536265	5.91350300563827	6.16331480403464	0	-1.70597396568141
BA_only	hippocampus	AA	psi	chr7_71220060_71220606	chr7	71220060	71220606	2	2	0	0	0.244383259102544	0.992299860644177	0.18949106246037	0.18949106246037	546	455	Genic/other	0	Heritable	0.207604336834468	0.910640220594284	0.00896055239969749	0	0	0	2.07604336834468	6.30261897574491	6.12249280951439	0	-1.66341336659649
BA_only	hippocampus	AA	psi	chr7_72098463_72099401	chr7	72098463	72099401	2	2	0	0	0.331559804966476	0.993828622005322	0.438561113781002	-0.438561113781002	938	350	Genic/other	0	Heritable	0.21410708844814	0.906783833308631	0.0147670358879448	179408	0	0	2.1410708844814	6.84374994900623	5.86078622346587	12.0974233945726	-0.824256083997065
BA_only	hippocampus	AA	psi	chr7_72355002_72355398	chr7	72355002	72355398	3	3	0	0	0.106846114068607	0.990610842832516	0.825966169794918	-0.825966169794918	396	259	Genic/other	0	Non-heritable	0.0438563891410413	0.746269221616613	0.00853736491133152	0	0	0	0.438563891410413	5.98141421125448	5.56068163101553	0	-0.191201450857621
BA_only	hippocampus	AA	psi	chr7_726168_726331	chr7	726168	726331	56	56	0	0	0.0241653418933075	0.975932065139872	1.5368853742482	-1.5368853742482	163	233	Promoter	1	Heritable	0.215772371720305	0.841687110082324	0.0188239004444068	0	0	0	2.15772371720305	5.09375020080676	5.4553211153577	0	0.4297578906947
BA_only	hippocampus	AA	psi	chr7_72618070_72618806	chr7	72618070	72618806	12	12	0	0	0.0281842234109385	0.975932065139872	1.97567263291526	1.97567263291526	736	175	Genic/other	0	Heritable	0.181778145700377	0.724718831426458	0.0074315302294769	1397	0	0	1.81778145700377	6.60123011872888	5.17048399503815	7.24279792279376	0.680908919060599
BA_only	hippocampus	AA	psi	chr7_72944363_72945533	chr7	72944363	72945533	551	551	0	0	0.000289626194008556	0.532630066323697	4.76012825121986	-4.76012825121986	1170	177	Genic/other	2	Non-heritable	0.0959594392887231	0.607433153766845	0.00716102917046041	3058	0	0	0.959594392887231	7.0647590277918	5.18178355029209	8.0258433441509	1.56027461351473
BA_only	hippocampus	AA	psi	chr7_72950139_72950498	chr7	72950139	72950498	551	551	0	0	0.00445995768317335	0.89257682786527	3.22786092382851	3.22786092382851	359	178	Genic/other	1	Non-heritable	0.0936190571981675	0.695956451969567	0.00878236932560194	0	0	0	0.936190571981675	5.88332238848828	5.18738580584076	0	1.17181966826175
BA_only	hippocampus	AA	psi	chr7_73397377_73397700	chr7	73397377	73397700	71	71	0	0	0.00954420312509944	0.939841915020693	2.06736387444398	-2.06736387444398	323	189	Intergenic	0	Heritable	0.141630870556881	0.773525789681115	0.00659612818343999	39195	0	0	1.41630870556881	5.77765232322266	5.24702407216049	10.5763299797557	0.726274309929322
BA_only	hippocampus	AA	psi	chr7_73399395_73400338	chr7	73399395	73400338	71	71	0	0	0.0148480448349926	0.966089857218066	1.14440423170495	1.14440423170495	943	188	Intergenic	0	Heritable	0.12939115881986	0.793480143785491	0.00967679804765164	41213	0	0	1.2939115881986	6.84906628263346	5.24174701505964	10.6265332834419	0.134884188675022
BA_only	hippocampus	AA	psi	chr7_73606586_73606721	chr7	73606586	73606721	53	53	0	0	0.00337026607079846	0.86593481253084	3.53079229494995	3.53079229494995	135	244	Genic/other	1	Heritable	0.220561372521525	0.885084491311592	0.006783560133782	9720	0	0	2.20561372521525	4.90527477843843	5.50125821054473	9.18204377282107	1.26152229475462
BA_only	hippocampus	AA	psi	chr7_73725463_73725683	chr7	73725463	73725683	53	53	0	0	0.0183785836367628	0.972503866121758	1.2896483731733	-1.2896483731733	220	263	Intergenic	0	Heritable	0.130390183077363	0.835902683596417	0.00826141401634983	0	0	0	1.30390183077363	5.39362754635236	5.57594910314632	0	0.254369610035816
BA_only	hippocampus	AA	psi	chr7_73768558_73769695	chr7	73768558	73769695	53	53	0	0	0.0107100021328059	0.944902218841749	1.9586902442305	1.9586902442305	1137	256	Intergenic	2	Heritable	0.404410938432015	0.835858231341198	0.0159191317227524	25143	0	0	4.04410938432015	7.03614849375054	5.54907608489522	10.1323745784774	0.672276012234641
BA_only	hippocampus	AA	psi	chr7_73854812_73855258	chr7	73854812	73855258	43	43	0	0	0.00197486592816556	0.80614848610333	3.29419440154297	-3.29419440154297	446	269	Intergenic	1	Heritable	0.184454337945244	0.893839021836882	0.00881185578698519	6007	0	0	1.84454337945244	6.10031895202006	5.59842195899838	8.70084719344397	1.19216164991153
BA_only	hippocampus	AA	psi	chr7_73856252_73856677	chr7	73856252	73856677	44	44	0	0	0.00710805187901359	0.931602204679102	3.7313190531723	-3.7313190531723	425	270	Genic/other	1	Non-heritable	0.0646125228818748	0.786957157689392	0.00855249721281687	4588	0	0	0.646125228818748	6.05208916892442	5.6021188208797	8.43141741439483	1.31676180738039
BA_only	hippocampus	AA	psi	chr7_74044311_74045235	chr7	74044311	74045235	46	46	0	0	0.0560904576471013	0.98577631996496	3.45476546435818	-3.45476546435818	924	305	Promoter	0	Heritable	0.157130752208984	0.878545626487795	0.00752438381763938	0	0	0	1.57130752208984	6.82871207164168	5.72358510195238	0	1.23975457484569
BA_only	hippocampus	AA	psi	chr7_74195260_74196546	chr7	74195260	74196546	47	47	0	0	0.0247761656916303	0.975932065139872	1.53047737137908	1.53047737137908	1286	285	Genic/other	0	Non-heritable	0.09482131011895	0.795696484369715	0.0138872322529177	90	0	0	0.9482131011895	7.15929190479756	5.65599181081985	4.51085950651685	0.425579700711362
BA_only	hippocampus	AA	psi	chr7_74283207_74283788	chr7	74283207	74283788	50	50	0	0	0.00169904131948492	0.787408492976702	4.8290142690441	4.8290142690441	581	267	Genic/other	0	Heritable	0.179781986599068	0.827715452008425	0.0073237480441464	0	0	0	1.79781986599068	6.36475075685191	5.59098698051086	0	1.57464236382307
BA_only	hippocampus	AA	psi	chr7_74371516_74373065	chr7	74371516	74373065	34	34	0	0	0.00616379379679284	0.920376068783091	7.28912088586866	7.28912088586866	1549	243	Genic/other	1	Heritable	0.193843617044946	0.831373072799321	0.00654977128758866	0	0	0	1.93843617044946	7.34536484041687	5.4971682252932	0	1.98638294833314
BA_only	hippocampus	AA	psi	chr7_74511148_74511503	chr7	74511148	74511503	133	133	0	0	0.00385885218598174	0.873157131815071	3.75909551092588	-3.75909551092588	355	197	Genic/other	0	Heritable	0.136216818661024	0.800126573622365	0.00682110279215159	1467	0	0	1.36216818661024	5.87211778947542	5.28826703069454	7.29165620917446	1.32417837551906
BA_only	hippocampus	AA	psi	chr7_74612403_74612728	chr7	74612403	74612728	138	138	0	0	0.0033979865048981	0.86593481253084	2.35895081059583	2.35895081059583	325	195	Intergenic	0	Heritable	0.132741611531289	0.7917875614663	0.00685435718595173	38067	0	0	1.32741611531289	5.78382518232974	5.27811465923052	10.5471293131922	0.85821695264393
BA_only	hippocampus	AA	psi	chr7_74627858_74628292	chr7	74627858	74628292	137	137	0	0	0.00122992130091283	0.744867974903192	3.36189194150148	-3.36189194150148	434	194	Intergenic	0	Heritable	0.192201699578895	0.787800348663279	0.0079925167683888	22503	0	0	1.92201699578895	6.07304453410041	5.27299955856375	10.0214483501697	1.21250389630861
BA_only	hippocampus	AA	psi	chr7_74655829_74655968	chr7	74655829	74655968	1273	1273	0	0	0.00181697942575568	0.796447609036794	5.73133063757651	-5.73133063757651	139	188	Genic/other	1	Heritable	0.16172451349664	0.798127499989592	0.00719704469381453	0	0	0	1.6172451349664	4.93447393313069	5.24174701505964	0	1.74594772847461
BA_only	hippocampus	AA	psi	chr7_75041906_75042591	chr7	75041906	75042591	1188	1188	0	0	0.000186082793948068	0.477398618736782	4.719699220299	4.719699220299	685	100	Genic/other	0	Non-heritable	0.0915870670395326	0.523213530608689	0.00904601728550258	13482	0	0	0.915870670395326	6.52941883826223	4.61512051684126	9.50918491163407	1.55174507517283
BA_only	hippocampus	AA	psi	chr7_75414752_75415321	chr7	75414752	75415321	438	438	0	0	0.000201400033526594	0.487513751356527	5.23131197837559	5.23131197837559	569	237	Genic/other	1	Heritable	0.113899606089841	0.808754242049919	0.00838201664101965	0	0	0	1.13899606089841	6.34388043412633	5.47227067367148	0	1.65466210481518
BA_only	hippocampus	AA	psi	chr7_75575694_75575931	chr7	75575694	75575931	389	389	0	0	3.09993170736544e-05	0.211344226361978	5.95110033598555	5.95110033598555	237	250	Genic/other	0	Heritable	0.19188437925298	0.856950457211625	0.00781467840957418	23315	0	0	1.9188437925298	5.46806014113513	5.52545293913178	10.0568950991654	1.78357613455812
BA_only	hippocampus	AA	psi	chr7_75598629_75598882	chr7	75598629	75598882	391	391	0	0	0.00816476973480102	0.933559278800072	3.79402292012435	3.79402292012435	253	244	Genic/other	0	Heritable	0.108330473759429	0.819969789527478	0.00715816611656381	364	0	0	1.08330473759429	5.53338948872752	5.50125821054473	5.89989735358249	1.33342691528063
BA_only	hippocampus	AA	psi	chr7_75637882_75638312	chr7	75637882	75638312	114	114	0	0	0.00987647723052756	0.94287323248505	5.44873872802466	5.44873872802466	430	241	Enhancer	1	Heritable	0.147686937845326	0.858698777481655	0.00885683094564968	0	0	0	1.47686937845326	6.06378520868761	5.48893772615669	0	1.69538415767678
BA_only	hippocampus	AA	psi	chr7_75660475_75661107	chr7	75660475	75661107	98	98	0	0	0.000152011116187467	0.438120483327961	6.14671712264473	6.14671712264473	632	243	Genic/other	0	Heritable	0.118501521600715	0.803376078306459	0.00826599418306683	0	0	0	1.18501521600715	6.44888939414686	5.4971682252932	0	1.81591813972675
BA_only	hippocampus	AA	psi	chr7_75737576_75737764	chr7	75737576	75737764	91	91	0	0	0.000139539030527325	0.427037609173052	2.67116171273278	2.67116171273278	188	246	Genic/other	1	Non-heritable	0.0502322961768443	0.818568789236416	0.00643519183188907	0	0	0	0.502322961768443	5.23644196282995	5.50938833662798	0	0.982513479929776
BA_only	hippocampus	AA	psi	chr7_75829629_75829846	chr7	75829629	75829846	59	59	0	0	0.0231171192518501	0.975932065139872	7.43697301548921	7.43697301548921	217	277	Intergenic	0	Non-heritable	0.0382574867971358	0.641855274065199	0.00511266153833808	12902	0	0	0.382574867971358	5.37989735354046	5.62762111369064	9.46521512145185	2.00646391464577
BA_only	hippocampus	AA	psi	chr7_75906012_75906228	chr7	75906012	75906228	70	70	0	0	0.00359603738973206	0.866906756094015	4.77461985802979	-4.77461985802979	216	287	Enhancer	0	Non-heritable	0.0529226411494848	0.763003921937583	0.00586250418723637	0	0	0	0.529226411494848	5.37527840768417	5.66296048013595	0	1.56331436197417
BA_only	hippocampus	AA	psi	chr7_76150004_76150849	chr7	76150004	76150849	87	87	0	0	0.00211977352841341	0.815187053503819	1.84853605248995	-1.84853605248995	845	247	Intergenic	2	Non-heritable	0.0719358239967244	0.768866865240234	0.0136782978924412	0	0	0	0.719358239967244	6.73933662735717	5.51342874616498	0	0.614394008260215
BA_only	hippocampus	AA	psi	chr7_76235563_76235733	chr7	76235563	76235733	65	65	0	0	0.00621171654266361	0.920376068783091	1.86306540180261	1.86306540180261	170	232	Genic/other	0	Non-heritable	0.0866793432224586	0.718206781612924	0.00894064710664998	47367	0	0	0.866793432224586	5.13579843705026	5.4510384535657	10.7657021742116	0.622223202008233
BA_only	hippocampus	AA	psi	chr7_76251073_76251157	chr7	76251073	76251157	58	58	0	0	0.03617322101136	0.980549382116533	1.86169317289273	-1.86169317289273	84	223	Genic/other	0	Heritable	0.116112361751039	0.774645037959106	0.00941035432242273	31943	0	0	1.16112361751039	4.43081679884331	5.41164605185504	10.3717396487431	0.621486387024349
BA_only	hippocampus	AA	psi	chr7_76291331_76291672	chr7	76291331	76291672	65	65	0	0	0.0396895210468756	0.980549382116533	1.90262022271105	1.90262022271105	341	209	Enhancer	0	Non-heritable	0.0977317061622447	0.778397910811065	0.00625571116803679	5715	0	0	0.977317061622447	5.83188247728352	5.34710753071747	8.65102453904976	0.643232005976844
BA_only	hippocampus	AA	psi	chr7_76292452_76292819	chr7	76292452	76292819	65	65	0	0	0.0288787130199407	0.975932065139872	1.96127208014776	1.96127208014776	367	220	Intergenic	0	Heritable	0.114483523461197	0.694103477995207	0.0067956354923125	6836	0	0	1.14483523461197	5.90536184805457	5.39816270151775	8.83010431791379	0.673593288301999
BA_only	hippocampus	AA	psi	chr7_76294071_76294454	chr7	76294071	76294454	65	65	0	0	0.0263148838698669	0.975932065139872	2.08509730508222	2.08509730508222	383	213	Intergenic	0	Non-heritable	0.068864542108483	0.783837447112836	0.00591684088034361	8455	0	0	0.68864542108483	5.94803498918065	5.36597601502185	9.04263152755007	0.734815528061918
BA_only	hippocampus	AA	psi	chr7_76379532_76379690	chr7	76379532	76379690	63	63	0	0	0.0225043628247268	0.975932065139872	2.33601087697309	2.33601087697309	158	187	Intergenic	1	Heritable	0.161462908083434	0.692264245748647	0.00804277340487333	12350	0	0	1.61462908083434	5.06259503302697	5.23644196282995	9.42149231043801	0.848444725474423
BA_only	hippocampus	AA	psi	chr7_76389237_76389557	chr7	76389237	76389557	61	61	0	0	0.00950469910869573	0.939841915020693	1.36170089373593	1.36170089373593	320	201	Intergenic	1	Non-heritable	0.0534857348050328	0.62614204711436	0.0058306455633564	2483	0	0	0.534857348050328	5.76832099579377	5.30826769740121	7.81762544305337	0.308734582830283
BA_only	hippocampus	AA	psi	chr7_7641748_7641944	chr7	7641748	7641944	29	29	0	0	0.033905354856402	0.979164877002956	1.40248885834943	1.40248885834943	196	597	Promoter	1	Heritable	0.405274090938686	0.898758996500919	0.0114774140006568	0	0	0	4.05274090938686	5.27811465923052	6.39359075395063	0	0.338248421377462
BA_only	hippocampus	AA	psi	chr7_76499923_76500147	chr7	76499923	76500147	58	58	0	0	0.0734668106992617	0.985907779499035	2.28386977309708	-2.28386977309708	224	190	Genic/other	2	Heritable	0.341704569788235	0.78952288038338	0.00569501315298216	0	0	0	3.41704569788235	5.41164605185504	5.25227342804663	0	0.825871277513962
BA_only	hippocampus	AA	psi	chr7_76552172_76552810	chr7	76552172	76552810	58	58	0	0	0.0554055352374793	0.98577631996496	1.0650334848588	1.0650334848588	638	189	Genic/other	1	Non-heritable	0.0621247707455266	0.613006465309698	0.00961783765295482	0	0	0	0.621247707455266	6.45833828334479	5.24702407216049	0	0.0630062492384726
BA_only	hippocampus	AA	psi	chr7_77010159_77010389	chr7	77010159	77010389	45	45	0	0	0.0666960817928086	0.985907779499035	2.04449378055822	-2.04449378055822	230	272	Genic/other	0	Non-heritable	0.0857561936031091	0.728192098071626	0.0110309507555517	0	0	0	0.857561936031091	5.4380793089232	5.60947179518496	0	0.715150223673521
BA_only	hippocampus	AA	psi	chr7_77484723_77485526	chr7	77484723	77485526	75	75	0	0	0.0562216356472073	0.98577631996496	2.96892973278796	2.96892973278796	803	227	Intergenic	0	Heritable	0.117071520272334	0.822477498784237	0.0094683555591735	50754	0	0	1.17071520272334	6.68835471394676	5.42934562895444	10.8347654142185	1.08820153190715
BA_only	hippocampus	AA	psi	chr7_7772348_7772769	chr7	7772348	7772769	31	31	0	0	0.00909177254817476	0.938585776116121	1.35317830706413	1.35317830706413	421	651	Promoter	0	Heritable	0.109260980992773	0.954033898626206	0.00799146139184672	0	0	0	1.09260980992773	6.04263283368238	6.48004456192665	0	0.302456134343579
BA_only	hippocampus	AA	psi	chr7_7782878_7783799	chr7	7782878	7783799	31	31	0	0	0.0135437299396731	0.964283399649536	2.43102517355901	2.43102517355901	921	660	Genic/other	0	Heritable	0.108955273387979	0.911176005260772	0.00926843508901419	0	0	0	1.08955273387979	6.82546003625531	6.49375383985169	0	0.888313054621756
BA_only	hippocampus	AA	psi	chr7_78514562_78514830	chr7	78514562	78514830	6	6	0	0	0.0914650545342887	0.989446665475032	0.565180223556169	-0.565180223556169	268	558	Genic/other	0	Heritable	0.155575580040903	0.958799099497698	0.0074370955349103	6814	0	0	1.55575580040903	5.59098698051086	6.3261494731551	8.82688134413063	-0.570610601260016
BA_only	hippocampus	AA	psi	chr7_79451034_79451272	chr7	79451034	79451272	143	143	0	0	0.00914270374303605	0.939077729475158	3.03823751502807	3.03823751502807	238	252	Genic/other	1	Heritable	0.132756239702939	0.809000908378435	0.00973156270413882	0	0	0	1.32756239702939	5.47227067367148	5.53338948872752	0	1.11127758578752
BA_only	hippocampus	AA	psi	chr7_79455090_79456116	chr7	79455090	79456116	143	143	0	0	0.00561236439109774	0.914301706404424	3.71118087656134	-3.71118087656134	1026	245	Promoter	1	Non-heritable	0.0496055968022078	0.718659188179688	0.00598444392711402	0	0	0	0.496055968022078	6.93342302573072	5.50533153593236	0	1.31135012423771
BA_only	hippocampus	AA	psi	chr7_7971634_7972631	chr7	7971634	7972631	11	11	0	0	0.115009053636998	0.990898390030923	1.34805303359376	-1.34805303359376	997	681	Genic/other	2	Non-heritable	0.0768886788814211	0.965536493023914	0.00689738806139521	3934	0	0	0.768886788814211	6.90475076996184	6.52502965784346	8.2776661608515	0.298661361562933
BA_only	hippocampus	AA	psi	chr7_80114057_80114467	chr7	80114057	80114467	35	35	0	0	0.0222484422703046	0.975932065139872	1.13055543415269	1.13055543415269	410	338	Genic/other	0	Non-heritable	0.0877530235754599	0.86497639229805	0.00658567390853955	19580	0	0	0.877530235754599	6.01615715969835	5.82600010738045	9.88231498730333	0.122709055454273
BA_only	hippocampus	AA	psi	chr7_80335477_80336145	chr7	80335477	80336145	60	60	0	0	0.0080383025150837	0.933559278800072	4.30510385250011	4.30510385250011	668	394	Genic/other	0	Non-heritable	0.0472508046835812	0.850028192774884	0.00749475591378141	0	0	0	0.472508046835812	6.50428817353665	5.97888576490112	0	1.45980126360495
BA_only	hippocampus	AA	psi	chr7_81333686_81334308	chr7	81333686	81334308	8	8	0	0	0.101980688232065	0.990558652296773	0.913596943120644	0.913596943120644	622	399	Promoter	0	Heritable	0.147248670322211	0.913556238379106	0.0117347639545927	122193	0	0	1.47248670322211	6.43294009273918	5.99146454710798	11.7133652246779	-0.0903657751115172
BA_only	hippocampus	AA	psi	chr7_81768193_81768674	chr7	81768193	81768674	16	16	0	0	0.00729137915464419	0.932593355926607	4.52630074941902	4.52630074941902	481	395	Genic/other	0	Non-heritable	0.096292820701306	0.90428713890729	0.00577498311379154	1338	0	0	0.96292820701306	6.17586727010576	5.98141421125448	7.19967834569117	1.50990499648808
BA_only	hippocampus	AA	psi	chr7_82161706_82162984	chr7	82161706	82162984	2	2	0	0	0.0377435272079169	0.980549382116533	0.735841325258277	0.735841325258277	1278	423	Genic/other	0	Heritable	0.311474066358084	0.89407869879976	0.00872269349308866	137862	0	0	3.11474066358084	7.15305163493748	6.04973345523196	11.8340157174099	-0.306740760588075
BA_only	hippocampus	AA	psi	chr7_82570801_82572503	chr7	82570801	82572503	1	1	0	0	0.121111648019688	0.991064867102684	3.01771710116685	-3.01771710116685	1702	417	Intergenic	0	Non-heritable	0.0792654187702182	0.912674922824778	0.00485782347084217	70228	0	0	0.792654187702182	7.43955930913332	6.03548143252476	11.1595166101225	1.10450062207789
BA_only	hippocampus	AA	psi	chr7_8263098_8263201	chr7	8263098	8263201	48	48	0	0	0.0071368445188614	0.931602204679102	1.95599467961776	-1.95599467961776	103	742	Promoter	1	Non-heritable	0.0743975803551833	0.971352606055557	0.00712178551041894	517	0	0	0.743975803551833	4.63472898822964	6.61069604471776	6.24997524225948	0.670898856689595
BA_only	hippocampus	AA	psi	chr7_831799_832211	chr7	831799	832211	42	42	0	0	0.0151964013417525	0.966228276045537	2.42390501017611	-2.42390501017611	412	365	Promoter	0	Non-heritable	0.0606503825213288	0.874016209419123	0.00640047148262524	0	0	0	0.606503825213288	6.02102334934953	5.90263333340137	0	0.885379884343726
BA_only	hippocampus	AA	psi	chr7_83651755_83653192	chr7	83651755	83653192	2	2	0	0	0.409151329448604	0.99461028164865	0.419521700376774	0.419521700376774	1437	368	Genic/other	0	Heritable	0.171287541684303	0.864661612326159	0.0114947641561747	3326	0	0	1.71287541684303	7.27031288607903	5.91079664404053	8.10982627601848	-0.868640001430049
BA_only	hippocampus	AA	psi	chr7_8387400_8388482	chr7	8387400	8388482	45	45	0	0	0.00474559019676141	0.903845859635741	2.54312928119629	-2.54312928119629	1082	677	Intergenic	0	Non-heritable	0.0999588919438307	0.953669788155558	0.0101026021628678	32978	0	0	0.999588919438307	6.98656645940643	6.5191472879404	10.403626274247	0.933395327143754
BA_only	hippocampus	AA	psi	chr7_8440100_8440487	chr7	8440100	8440487	44	44	0	0	0.00668695787049083	0.926346320137909	3.24133708350237	3.24133708350237	387	648	Genic/other	2	Heritable	0.113089409308776	0.966527429898398	0.00730630939445131	0	0	0	1.13089409308776	5.95842469302978	6.47543271670409	0	1.1759859278537
BA_only	hippocampus	AA	psi	chr7_86653999_86654760	chr7	86653999	86654760	1	1	0	0	0.124532888546387	0.991064867102684	0.554521126008326	-0.554521126008326	761	192	Enhancer	0	Non-heritable	0.0795406500165788	0.659078717620169	0.00708809518370821	0	0	0	0.795406500165788	6.63463335786169	5.26269018890489	0	-0.58965035568042
BA_only	hippocampus	AA	psi	chr7_86995963_86998634	chr7	86995963	86998634	61	61	0	0	0.00329251231934346	0.859229879705548	1.15738335406246	-1.15738335406246	2671	220	Genic/other	0	Heritable	0.753540665768478	0.897062625687985	0.00908218919423748	0	0	0	7.53540665768478	7.89020821310996	5.39816270151775	0	0.146161736512276
BA_only	hippocampus	AA	psi	chr7_87000155_87001390	chr7	87000155	87001390	61	61	0	0	0.00379455315968129	0.871232310780983	1.18584357867645	1.18584357867645	1235	225	Genic/other	0	Heritable	0.546857739950079	0.855480485483292	0.00972024755613733	0	0	0	5.46857739950079	7.11882624906208	5.42053499927229	0	0.170454410492627
BA_only	hippocampus	AA	psi	chr7_8721804_8724412	chr7	8721804	8724412	1	1	0	0	0.744124255603427	0.997543272146997	0.158997813755158	0.158997813755158	2608	709	Genic/other	0	Heritable	0.116332194483296	0.9761826762705	0.0119261117312888	0	0	0	1.16332194483296	7.86633892304654	6.56526497003536	0	-1.83886476393005
BA_only	hippocampus	AA	psi	chr7_88305768_88306258	chr7	88305768	88306258	16	16	0	0	0.0135987015377761	0.964283399649536	1.79509262051696	-1.79509262051696	490	248	Genic/other	0	Non-heritable	0.0688083453623459	0.772732338843323	0.0150978607835053	1731	0	0	0.688083453623459	6.19440539110467	5.51745289646471	7.45703208912238	0.585056625353588
BA_only	hippocampus	AA	psi	chr7_88345155_88345751	chr7	88345155	88345751	16	16	0	0	0.0997244554787274	0.990400450319684	6.02671923830344	6.02671923830344	596	246	Intergenic	0	Non-heritable	0.0551453346681939	0.756120181826904	0.00764384307125584	41118	0	0	0.551453346681939	6.39024066706535	5.50938833662798	10.6242255807672	1.79620279108697
BA_only	hippocampus	AA	psi	chr7_90153887_90154026	chr7	90153887	90154026	59	59	0	0	0.00507137521652377	0.909885926705608	8.29608951392398	8.29608951392398	139	234	Promoter	1	Non-heritable	0.099987470000341	0.804900688624628	0.00788941797384222	0	0	0	0.99987470000341	4.93447393313069	5.45958551414416	0	2.11578426208452
BA_only	hippocampus	AA	psi	chr7_90595140_90595280	chr7	90595140	90595280	32	32	0	0	0.102458491014719	0.990610842832516	1.19036959551939	-1.19036959551939	140	192	Genic/other	1	Non-heritable	0.0547192841994065	0.715085160217487	0.00733876973623607	0	0	0	0.547192841994065	4.9416424226093	5.26269018890489	0	0.174263851772894
BA_only	hippocampus	AA	psi	chr7_908750_909897	chr7	908750	909897	45	45	0	0	0.0271097372493708	0.975932065139872	1.91429249475882	-1.91429249475882	1147	407	Enhancer	2	Heritable	0.15039073624819	0.884409531067128	0.0158549974719402	4623	0	0	1.5039073624819	7.04490511712937	6.01126717440416	8.43901541035221	0.649348105157331
BA_only	hippocampus	AA	psi	chr7_911899_912598	chr7	911899	912598	52	52	0	0	0.0221148330934611	0.975932065139872	2.65317119782661	2.65317119782661	699	398	Genic/other	1	Non-heritable	0.0994393369253009	0.897499991561402	0.0119814429138163	7772	0	0	0.994393369253009	6.54965074223381	5.98896141688986	8.95841146923022	0.975755606743433
BA_only	hippocampus	AA	psi	chr7_91267312_91267667	chr7	91267312	91267667	5	5	0	0	0.0748061455692088	0.986273715994367	0.870958475619631	0.870958475619631	355	317	Genic/other	2	Heritable	0.102917365654093	0.869597044786765	0.00612878523367122	66293	0	0	1.02917365654093	5.87211778947542	5.76205138278018	11.1018546743412	-0.138160966159196
BA_only	hippocampus	AA	psi	chr7_914166_914581	chr7	914166	914581	54	54	0	0	0.0545714130336559	0.98577631996496	5.20767035399459	5.20767035399459	415	396	Genic/other	0	Heritable	0.142024454319286	0.89971372301418	0.00757112776621501	10039	0	0	1.42024454319286	6.0282785202307	5.98393628068719	9.21433239324572	1.65013260873924
BA_only	hippocampus	AA	psi	chr7_9189867_9190070	chr7	9189867	9190070	4	4	0	0	0.269340273623293	0.993437465767387	0.504488661518858	-0.504488661518858	203	628	Promoter	0	Heritable	0.146782639862027	0.966704488703667	0.00570551669554568	289	0	0	1.46782639862027	5.31320597904179	6.44413125670044	5.66988092298052	-0.684209894309056
BA_only	hippocampus	AA	psi	chr7_92147159_92147540	chr7	92147159	92147540	125	125	0	0	0.0129632908615836	0.964283399649536	2.15059106960895	-2.15059106960895	381	140	Genic/other	0	Non-heritable	0.0691327910129367	0.613862293014534	0.0100514068606625	0	0	0	0.691327910129367	5.9427993751267	4.94875989037817	0	0.765742725104136
BA_only	hippocampus	AA	psi	chr7_92698156_92698738	chr7	92698156	92698738	46	46	0	0	0.00419122877116864	0.88413881341503	2.72681379818559	2.72681379818559	582	218	Genic/other	0	Non-heritable	0.0431090724286683	0.699725490540001	0.00919658083253023	55894	0	0	0.431090724286683	6.36647044773144	5.3890717298165	10.9312302097044	1.00313382437279
BA_only	hippocampus	AA	psi	chr7_94087626_94088028	chr7	94087626	94088028	87	87	0	0	0.0257133398091585	0.975932065139872	2.07752154480683	2.07752154480683	402	357	Intergenic	0	Heritable	0.121646741596015	0.845519997911847	0.00868640946213593	0	0	0	1.21646741596015	5.99645208861902	5.8805329864007	0	0.731175623051924
BA_only	hippocampus	AA	psi	chr7_94223577_94224098	chr7	94223577	94224098	188	188	0	0	0.00439276385429004	0.889848816018623	6.06742030297887	6.06742030297887	521	320	Intergenic	0	Heritable	0.105689129289845	0.901755787986479	0.00705591418984582	38160	0	0	1.05689129289845	6.25575004175337	5.77144112313002	10.5495693306696	1.80293352511315
BA_only	hippocampus	AA	psi	chr7_95526167_95526819	chr7	95526167	95526819	48	48	0	0	0.00950477054437276	0.939841915020693	1.68006824377554	1.68006824377554	652	355	Genic/other	1	Non-heritable	0.0983570345781095	0.886889078628765	0.00664672378783501	18459	0	0	0.983570345781095	6.48004456192665	5.87493073085203	9.82336150805684	0.518834419837249
BA_only	hippocampus	AA	psi	chr7_9596676_9597308	chr7	9596676	9597308	6	6	0	0	0.365053838741453	0.994240189962501	0.370428069732196	-0.370428069732196	632	511	Intergenic	0	Heritable	0.390051415228993	0.908418915941254	0.0137374093461236	24733	0	0	3.90051415228993	6.44888939414686	6.23832462503951	10.115934094302	-0.993095969871294
BA_only	hippocampus	AA	psi	chr7_964830_965192	chr7	964830	965192	57	57	0	0	0.00909133650944191	0.938585776116121	4.69385342137677	-4.69385342137677	362	423	Genic/other	1	Non-heritable	0.0354696959602439	0.818798838251178	0.00425415101844775	8099	0	0	0.354696959602439	5.89164421182577	6.04973345523196	8.99961934066053	1.54625387226659
BA_only	hippocampus	AA	psi	chr7_9726144_9726218	chr7	9726144	9726218	7	7	0	0	0.219946970244119	0.991290284450776	1.84646397263546	1.84646397263546	74	473	Promoter	1	Non-heritable	0.0707353251156431	0.93251196533677	0.0124349598427418	0	0	0	0.707353251156431	4.30406509320417	6.16120732169508	0	0.613272449371777
BA_only	hippocampus	AA	psi	chr7_97776469_97777123	chr7	97776469	97777123	329	329	0	0	0.00213099757829967	0.815187053503819	2.85885062329928	-2.85885062329928	654	376	Intergenic	0	Heritable	0.571822771070938	0.88068508787531	0.0108445298216933	77556	0	0	5.71822771070938	6.4831073514572	5.93224518744801	11.2587684288767	1.05041966758899
BA_only	hippocampus	AA	psi	chr7_97927510_97927711	chr7	97927510	97927711	330	330	0	0	9.62117128976178e-05	0.374824663413338	4.39963886479942	4.39963886479942	201	319	Genic/other	1	Non-heritable	0.0435267723805641	0.827346959357772	0.00669258797754753	0	0	0	0.435267723805641	5.30330490805908	5.76832099579377	0	1.48152246364675
BA_only	hippocampus	AA	psi	chr7_98079938_98080385	chr7	98079938	98080385	338	338	0	0	0.00439103848880707	0.889848816018623	4.51700915955925	4.51700915955925	447	350	Intergenic	0	Non-heritable	0.0920120034117418	0.898550155074938	0.00738363626353784	26894	0	0	0.920120034117418	6.10255859461357	5.86078622346587	10.1996956747073	1.50785008668131
BA_only	hippocampus	AA	psi	chr7_98705691_98705911	chr7	98705691	98705911	12	12	0	0	0.0486716391853184	0.982844443292717	4.71599097743708	-4.71599097743708	220	332	Intergenic	0	Non-heritable	0.0846704280654006	0.813738031269548	0.00762040151050261	34787	0	0	0.846704280654006	5.39362754635236	5.80814248998044	10.4570277787097	1.55095907161246
BA_only	hippocampus	AA	psi	chr7_988240_988371	chr7	988240	988371	56	56	0	0	0.00254965582349411	0.831391577052564	6.18455654259563	-6.18455654259563	131	439	Genic/other	1	Heritable	0.121063554423462	0.899317125919576	0.00787374591538871	46	0	0	1.21063554423462	4.87519732320115	6.08677472691231	3.85014760171006	1.82205530603813
BA_only	hippocampus	AA	psi	chr7_98956881_98957389	chr7	98956881	98957389	13	13	0	0	0.1049667475913	0.990610842832516	3.11792727630127	3.11792727630127	508	310	Genic/other	2	Non-heritable	0.095687953245058	0.839670676581205	0.0092846553596286	7385	0	0	0.95687953245058	6.23048144757848	5.73979291217923	8.90734159541251	1.13716844974187
BA_only	hippocampus	AA	psi	chr7_99358013_99358441	chr7	99358013	99358441	96	96	0	0	0.0127236299070024	0.961717006536833	4.35196057562432	4.35196057562432	428	198	Promoter	0	Heritable	0.156086270560429	0.785313181431069	0.0108079136890677	16069	0	0	1.56086270560429	6.0591231955818	5.29330482472449	9.68470945873156	1.47062645290057
BA_only	hippocampus	AA	psi	chr7_99372615_99372877	chr7	99372615	99372877	99	99	0	0	0.0198150213143637	0.974913375101634	4.73068378477522	4.73068378477522	262	190	Enhancer	1	Heritable	0.128366808909821	0.765417286850953	0.00673920902321332	1633	0	0	1.28366808909821	5.5683445037611	5.25227342804663	7.39878627541995	1.55406975754685
BA_only	hippocampus	AA	psi	chr7_99415580_99415758	chr7	99415580	99415758	101	101	0	0	0.0242986639057765	0.975932065139872	2.64503528465575	-2.64503528465575	178	195	Promoter	1	Non-heritable	0.0748162033217979	0.759432619491145	0.00653567398619555	0	0	0	0.748162033217979	5.18178355029209	5.27811465923052	0	0.972684409136451
BA_only	hippocampus	AA	psi	chr8_100143744_100143864	chr8	100143744	100143864	32	32	0	0	0.00342954357998441	0.866906756094015	1.67798046840316	1.67798046840316	120	347	Genic/other	1	Heritable	0.150497473403066	0.877724204017778	0.0163377830241452	0	0	0	1.50497473403066	4.78749174278205	5.85220247977447	0	0.517590974129403
BA_only	hippocampus	AA	psi	chr8_100791348_100792098	chr8	100791348	100792098	93	93	0	0	0.00749454573176205	0.933559278800072	3.19989482259055	3.19989482259055	750	558	Intergenic	0	Non-heritable	0.0967564587334984	0.947046009431915	0.00948323918018549	68649	0	0	0.967564587334984	6.62007320653036	6.3261494731551	11.1367764111961	1.16311794445017
BA_only	hippocampus	AA	psi	chr8_100809101_100809638	chr8	100809101	100809638	108	108	0	0	0.01773194230561	0.970931943606436	3.85653842373317	-3.85653842373317	537	569	Enhancer	0	Heritable	0.13856169997206	0.913722068277329	0.00439218822273534	86402	0	0	1.3856169997206	6.28599809450887	6.3456363608286	11.3667776764116	1.34977000230444
BA_only	hippocampus	AA	psi	chr8_101026099_101026240	chr8	101026099	101026240	105	105	0	0	0.0226017214670512	0.975932065139872	5.68805851759612	-5.68805851759612	141	540	Intergenic	0	Heritable	0.148201008574881	0.956462027468459	0.00670378992470163	8692	0	0	1.48201008574881	4.94875989037817	6.29341927884648	9.07027338307906	1.73836898210977
BA_only	hippocampus	AA	psi	chr8_101223926_101224566	chr8	101223926	101224566	107	107	0	0	0.00860053603334069	0.933559278800072	3.3729509372037	3.3729509372037	640	524	Enhancer	1	Non-heritable	0.089459761357561	0.911925819546627	0.00642523600689808	18071	0	0	0.89459761357561	6.46146817635372	6.26339826259162	9.80211905814784	1.21578801319396
BA_only	hippocampus	AA	psi	chr8_102528236_102528817	chr8	102528236	102528817	134	134	0	0	0.00114402265244865	0.729035708269143	5.5465451511569	5.5465451511569	581	447	Promoter	0	Non-heritable	0.075013478056347	0.922251241374312	0.00713642431471864	7142	0	0	0.75013478056347	6.36475075685191	6.10479323241499	8.87388813515497	1.71317524044359
BA_only	hippocampus	AA	psi	chr8_103001524_103003229	chr8	103001524	103003229	210	210	0	0	0.00395234001169944	0.876132919298309	4.7131221055208	4.7131221055208	1705	451	Intergenic	0	Heritable	0.634365944222084	0.919134707590431	0.00685268897007144	1514	0	0	6.34365944222084	7.44132038971762	6.11368217983223	7.32317071794347	1.55035055796468
BA_only	hippocampus	AA	psi	chr8_103141539_103142704	chr8	103141539	103142704	183	183	0	0	0.00626770410990663	0.920376068783091	1.97515539295419	-1.97515539295419	1165	394	Promoter	1	Non-heritable	0.0962392012525276	0.904779914168911	0.00859651061506523	0	0	0	0.962392012525276	7.0604763659998	5.97888576490112	0	0.680647080297676
BA_only	hippocampus	AA	psi	chr8_1032786_1033261	chr8	1032786	1033261	2	2	0	0	0.221847815865935	0.991290284450776	0.495070019227428	0.495070019227428	475	580	Genic/other	1	Non-heritable	0.0825212581598848	0.935259102412772	0.0110607960552501	0	0	0	0.825212581598848	6.16331480403464	6.36475075685191	0	-0.703056053233111
BA_only	hippocampus	AA	psi	chr8_103299362_103299757	chr8	103299362	103299757	37	37	0	0	0.00803710600387509	0.933559278800072	1.55570652670953	1.55570652670953	395	272	Promoter	2	Heritable	0.130029681814017	0.867606859671957	0.0095683238563882	0	0	0	1.30029681814017	5.97888576490112	5.60947179518496	0	0.441929806882358
BA_only	hippocampus	AA	psi	chr8_10333709_10333819	chr8	10333709	10333819	32	32	0	0	0.0285454818257229	0.975932065139872	2.41317310902661	2.41317310902661	110	564	Genic/other	1	Non-heritable	0.0781383842779478	0.869104581574773	0.00668823614250994	0	0	0	0.781383842779478	4.70048036579242	6.33682573114644	0	0.880942528382122
BA_only	hippocampus	AA	psi	chr8_103763502_103765363	chr8	103763502	103765363	14	14	0	0	0.016556282780892	0.969892390754483	0.892189540123273	-0.892189540123273	1861	175	Promoter	0	Heritable	0.215519423383576	0.739791097410337	0.0083467781628161	1173	0	0	2.15519423383576	7.52886925664225	5.17048399503815	7.06817200038804	-0.114076668838886
BA_only	hippocampus	AA	psi	chr8_10398390_10398935	chr8	10398390	10398935	33	33	0	0	0.0458303769131371	0.981789757189854	1.39732949712878	-1.39732949712878	545	529	Genic/other	0	Non-heritable	0.0792104653865133	0.920507563918542	0.00733124814418895	0	0	0	0.792104653865133	6.30078579466324	6.27287700654617	0	0.334562920127975
BA_only	hippocampus	AA	psi	chr8_104367339_104367709	chr8	104367339	104367709	5	5	0	0	0.291018696410036	0.993663620961428	0.7194504872979	0.7194504872979	370	260	Genic/other	1	Non-heritable	0.0680477864284101	0.832007337572897	0.00872957579319308	11214	0	0	0.680477864284101	5.91350300563827	5.56452040732269	9.32500744695431	-0.329267556553407
BA_only	hippocampus	AA	psi	chr8_104416549_104416915	chr8	104416549	104416915	5	5	0	0	0.114454315059857	0.990898390030923	1.9162108424298	1.9162108424298	366	257	Genic/other	0	Heritable	0.111033590460991	0.853619250134763	0.00743359567169283	0	0	0	1.11033590460991	5.90263333340137	5.55295958492162	0	0.650349721734828
BA_only	hippocampus	AA	psi	chr8_10511690_10511969	chr8	10511690	10511969	33	33	0	0	0.0105640882957522	0.944902218841749	3.88463778442074	-3.88463778442074	279	589	Genic/other	0	Heritable	0.114218394166812	0.947490320098917	0.00808436295810842	0	0	0	1.14218394166812	5.63121178182137	6.38012253689977	0	1.35702974766392
BA_only	hippocampus	AA	psi	chr8_105143575_105143853	chr8	105143575	105143853	2	2	0	0	0.807178899515316	0.997905235866788	0.266663101465021	0.266663101465021	278	306	Genic/other	0	Non-heritable	0.0943022102009457	0.762769302377726	0.00623467806478266	175127	0	0	0.943022102009457	5.62762111369064	5.7268477475872	12.0732724141136	-1.32176917207736
BA_only	hippocampus	AA	psi	chr8_106499725_106500947	chr8	106499725	106500947	7	7	0	0	0.43326092979505	0.994840206451052	0.506279938122798	-0.506279938122798	1222	253	Genic/other	0	Non-heritable	0.0375379354342123	0.755616199506569	0.00599616460381038	80303	0	0	0.375379354342123	7.10824413973154	5.53733426701854	11.2935747118947	-0.680665505525308
BA_only	hippocampus	AA	psi	chr8_1065186_1065617	chr8	1065186	1065617	2	2	0	0	0.249542303397979	0.99258796918521	1.60592292132118	1.60592292132118	431	576	Genic/other	0	Non-heritable	0.0942948526038872	0.928795706272881	0.00839699386655035	0	0	0	0.942948526038872	6.06610809010375	6.3578422665081	0	0.473698626403733
BA_only	hippocampus	AA	psi	chr8_1068082_1068810	chr8	1068082	1068810	2	2	0	0	0.515356469578356	0.995491993704945	0.925059950866675	0.925059950866675	728	584	Genic/other	0	Heritable	0.508817842374487	0.910777586195376	0.0100173109695263	0	0	0	5.08817842374487	6.59030104819669	6.37161184723186	0	-0.0778967210120355
BA_only	hippocampus	AA	psi	chr8_10760438_10761185	chr8	10760438	10761185	122	122	0	0	0.0249598010841033	0.975932065139872	9.27048472088122	9.27048472088122	747	602	Genic/other	0	Heritable	0.233469668260735	0.949820950981592	0.00904962533137529	0	0	0	2.33469668260735	6.61606518513282	6.40191719672719	0	2.22683566848912
BA_only	hippocampus	AA	psi	chr8_10764703_10765093	chr8	10764703	10765093	122	122	0	0	0.000467091203117586	0.604162640906295	2.87990641248553	2.87990641248553	390	585	Genic/other	0	Non-heritable	0.0617308479126422	0.926520414642426	0.00988639368352069	0	0	0	0.617308479126422	5.96614673912369	6.37331978957701	0	1.05775780142745
BA_only	hippocampus	AA	psi	chr8_10803733_10804405	chr8	10803733	10804405	117	117	0	0	0.0271091876970678	0.975932065139872	5.28286443010445	5.28286443010445	672	590	Genic/other	0	Non-heritable	0.0783167013623932	0.928208314822693	0.00721090689129646	0	0	0	0.783167013623932	6.51025834052315	6.3818160174061	0	1.66446845820967
BA_only	hippocampus	AA	psi	chr8_109643484_109644016	chr8	109643484	109644016	25	25	0	0	0.000460070599112878	0.604162640906295	2.43274698764458	2.43274698764458	532	213	Promoter	1	Heritable	0.143078573475411	0.735112069630674	0.00686905419531029	0	0	0	1.43078573475411	6.27664348934165	5.36597601502185	0	0.889021070578651
BA_only	hippocampus	AA	psi	chr8_109645751_109645815	chr8	109645751	109645815	25	25	0	0	0.00849099308353488	0.933559278800072	1.78590419066523	1.78590419066523	64	204	Promoter	1	Non-heritable	0.0989550582801204	0.795515342599297	0.00631539885898775	0	0	0	0.989550582801204	4.15888308335967	5.32300997913841	0	0.579924841970458
BA_only	hippocampus	AA	psi	chr8_110202796_110203133	chr8	110202796	110203133	6	6	0	0	0.179129060190919	0.991064867102684	0.546098738031163	-0.546098738031163	337	190	Intergenic	0	Non-heritable	0.0804657130875493	0.727474391874316	0.0085931330323392	0	0	0	0.804657130875493	5.82008293035236	5.25227342804663	0	-0.604955462389991
BA_only	hippocampus	AA	psi	chr8_110893583_110895106	chr8	110893583	110895106	86	86	0	0	0.0148423189845986	0.966089857218066	5.25388928459348	-5.25388928459348	1523	148	Intergenic	0	Heritable	0.142045839571174	0.695064285445262	0.00836674100382968	5346	0	0	1.42045839571174	7.32843735289516	5.00394630594546	8.58429093494873	1.65896862035112
BA_only	hippocampus	AA	psi	chr8_11198778_11199939	chr8	11198778	11199939	6	6	0	0	0.0438326780157909	0.980789550235948	5.93412682036347	-5.93412682036347	1161	640	Genic/other	1	Non-heritable	0.0353444103381016	0.917634127116014	0.00562532052801279	11906	0	0	0.353444103381016	7.05703698169789	6.46302945692067	9.38488174145117	1.78071989514266
BA_only	hippocampus	AA	psi	chr8_11348745_11349244	chr8	11348745	11349244	11	11	0	0	0.0308527130696051	0.976893291659941	1.73342782308283	-1.73342782308283	499	717	Genic/other	1	Heritable	0.328857273951327	0.911421515930842	0.00776887766929539	48721	0	0	3.28857273951327	6.21260609575152	6.57646956904822	10.7938859524443	0.550100854519409
BA_only	hippocampus	AA	psi	chr8_115451948_115452372	chr8	115451948	115452372	0	0	0	0					424	263	Genic/other	0	Heritable	0.151932692360277	0.722787598463669	0.00759661032121052	171385	0	0	1.51932692360277	6.04973345523196	5.57594910314632	12.0516736015298	
BA_only	hippocampus	AA	psi	chr8_115507215_115507644	chr8	115507215	115507644	0	0	0	0					429	255	Genic/other	0	Non-heritable	0.0711901694519018	0.75103753235882	0.00758658922433939	116113	0	0	0.711901694519018	6.06145691892802	5.54517744447956	11.6623277461181	
BA_only	hippocampus	AA	psi	chr8_1163792_1164266	chr8	1163792	1164266	1	1	0	0	0.0713655813677999	0.985907779499035	0.201055068666101	0.201055068666101	474	580	Genic/other	2	Non-heritable	0.0818781850446976	0.911833046862646	0.00614419295393623	26492	0	0	0.818781850446976	6.16120732169508	6.36475075685191	10.1846358261369	-1.60417638524613
BA_only	hippocampus	AA	psi	chr8_11641775_11642105	chr8	11641775	11642105	204	204	0	0	0.00257456089462009	0.833167185490902	3.63698181413544	-3.63698181413544	330	665	Genic/other	0	Non-heritable	0.0881679407381019	0.955947056664476	0.00748858742372065	0	0	0	0.881679407381019	5.79909265446053	6.50128967054039	0	1.29115416850417
BA_only	hippocampus	AA	psi	chr8_117245182_117245737	chr8	117245182	117245737	4	4	0	0	0.0137559609053213	0.964441318501853	1.20558842584967	1.20558842584967	555	317	Intergenic	0	Non-heritable	0.0873030198230378	0.771167050436842	0.0100647916851462	19579	0	0	0.873030198230378	6.31896811374643	5.76205138278018	9.8822639160845	0.186967776255006
BA_only	hippocampus	AA	psi	chr8_11744417_11744741	chr8	11744417	11744741	228	228	0	0	0.00464869075875598	0.900741069326031	1.90626005532661	-1.90626005532661	324	600	Genic/other	0	Heritable	0.108268069244289	0.951630899997387	0.00798617902232725	0	0	0	1.08268069244289	5.78074351579233	6.39859493453521	0	0.645143241530981
BA_only	hippocampus	AA	psi	chr8_11746741_11747056	chr8	11746741	11747056	228	228	0	0	0.00127148952358807	0.748685029382681	2.61163492358842	2.61163492358842	315	597	Genic/other	1	Non-heritable	0.0771676293035978	0.950843092582479	0.00768468617938245	0	0	0	0.771676293035978	5.75257263882563	6.39359075395063	0	0.959976436557474
BA_only	hippocampus	AA	psi	chr8_117980759_117980959	chr8	117980759	117980959	8	8	0	0	0.00555157733041754	0.914301706404424	1.88121453196429	1.88121453196429	200	379	Genic/other	0	Non-heritable	0.0819075991686213	0.808675932156452	0.00691372812192513	0	0	0	0.819075991686213	5.29831736654804	5.94017125272043	0	0.631917601212126
BA_only	hippocampus	AA	psi	chr8_11806740_11807740	chr8	11806740	11807740	235	235	0	0	0.0020742086087796	0.811090501848299	3.10584795079535	3.10584795079535	1000	576	Promoter	1	Heritable	0.168221344831533	0.890654735987022	0.00714989838624807	0	0	0	1.68221344831533	6.90775527898214	6.3578422665081	0	1.13328677336592
BA_only	hippocampus	AA	psi	chr8_11886662_11887190	chr8	11886662	11887190	244	244	0	0	0.0273702263448885	0.975932065139872	3.99733185428988	3.99733185428988	528	546	Intergenic	0	Non-heritable	0.0608865350191838	0.891734525648741	0.00783183703311313	15502	0	0	0.608865350191838	6.26909628370626	6.30444880242198	9.64878883256636	1.38562710462625
BA_only	hippocampus	AA	psi	chr8_118952666_118952898	chr8	118952666	118952898	5	5	0	0	0.000736573782708203	0.676738315160382	3.18504251425004	-3.18504251425004	232	354	Promoter	1	Non-heritable	0.0859923815285175	0.875311079356363	0.00703936649744722	19734	0	0	0.859923815285175	5.44673737166631	5.87211778947542	9.89014898809695	1.15846564034788
BA_only	hippocampus	AA	psi	chr8_11902887_11903183	chr8	11902887	11903183	239	239	0	0	0.00679673613349692	0.927297122675783	3.24733126364549	3.24733126364549	296	530	Intergenic	1	Heritable	0.132990618039044	0.935054227454692	0.00899383081647121	0	0	0	1.32990618039044	5.69035945432406	6.27476202124194	0	1.17783351244551
BA_only	hippocampus	AA	psi	chr8_11956181_11956894	chr8	11956181	11956894	255	255	0	0	0.00453165147870466	0.895415716423085	3.80432558574779	-3.80432558574779	713	478	Intergenic	0	Heritable	0.13566731655486	0.886730295854188	0.00863982874060456	0	0	0	1.3566731655486	6.5694814204143	6.17170059741092	0	1.33613873401391
BA_only	hippocampus	AA	psi	chr8_119635657_119636271	chr8	119635657	119636271	37	37	0	0	0.0048894595730299	0.903845859635741	2.55493905719678	-2.55493905719678	614	239	Genic/other	0	Heritable	0.110718501501809	0.808492214517879	0.00882074858514026	2255	0	0	1.10718501501809	6.41999492814714	5.48063892334199	7.72134861261795	0.938028374916017
BA_only	hippocampus	AA	psi	chr8_119642826_119644187	chr8	119642826	119644187	37	37	0	0	0.0139030461600984	0.964441318501853	5.54117839790392	-5.54117839790392	1361	248	Enhancer	0	Non-heritable	0.0717253753138317	0.766869890235639	0.00605702307339811	0	0	0	0.717253753138317	7.21597500265147	5.51745289646471	0	1.71220718714777
BA_only	hippocampus	AA	psi	chr8_119656376_119657258	chr8	119656376	119657258	37	37	0	0	0.0226987075484809	0.975932065139872	3.82674528619302	3.82674528619302	882	243	Genic/other	0	Heritable	0.108093084552425	0.733381669269778	0.00691390935117074	0	0	0	1.08093084552425	6.78219205600679	5.4971682252932	0	1.34201464979784
BA_only	hippocampus	AA	psi	chr8_119671666_119672728	chr8	119671666	119672728	37	37	0	0	0.00144521690019074	0.762484248609066	2.41476951255921	2.41476951255921	1062	255	Enhancer	0	Non-heritable	0.0712875129970029	0.758017171290587	0.00721043381990631	0	0	0	0.712875129970029	6.96790920180188	5.54517744447956	0	0.881603846756963
BA_only	hippocampus	AA	psi	chr8_119673689_119674441	chr8	119673689	119674441	37	37	0	0	0.0384502661552556	0.980549382116533	2.13614230418831	2.13614230418831	752	263	Promoter	0	Heritable	0.129613166272976	0.832673054440493	0.00669216786831378	436	0	0	1.29613166272976	6.62273632394984	5.57594910314632	6.07993319509559	0.759001545371157
BA_only	hippocampus	AA	psi	chr8_119831985_119832151	chr8	119831985	119832151	35	35	0	0	0.00490849882287734	0.903845859635741	2.46574557925621	-2.46574557925621	166	279	Promoter	1	Heritable	0.285430465865212	0.856127451979951	0.00939998276565269	0	0	0	2.85430465865212	5.11198778835654	5.63478960316925	0	0.902494232046233
BA_only	hippocampus	AA	psi	chr8_11985713_11986068	chr8	11985713	11986068	255	255	0	0	0.0186613029003196	0.972503866121758	2.7380063732069	-2.7380063732069	355	453	Intergenic	0	Non-heritable	0.0529805239072649	0.892214051225527	0.0117034028099149	0	0	0	0.529805239072649	5.87211778947542	6.11809719804135	0	1.0072300582028
BA_only	hippocampus	AA	psi	chr8_119945808_119946025	chr8	119945808	119946025	30	30	0	0	0.0512092416155962	0.984153364580922	2.40837626984541	2.40837626984541	217	270	Genic/other	0	Non-heritable	0.0842545862651603	0.844080339329706	0.00641709822456355	77144	0	0	0.842545862651603	5.37989735354046	5.6021188208797	11.2534420468771	0.878952777633152
BA_only	hippocampus	AA	psi	chr8_122733250_122733867	chr8	122733250	122733867	15	15	0	0	0.0156191892711816	0.967609668437472	1.81450286773738	-1.81450286773738	617	515	Promoter	0	Heritable	0.16259665933311	0.95571681361571	0.0080251585737413	0	0	0	1.6259665933311	6.42486902390539	6.24610676548156	0	0.595811533636873
BA_only	hippocampus	AA	psi	chr8_122789800_122790036	chr8	122789800	122790036	16	16	0	0	0.111180891990746	0.990898390030923	0.790435475984009	0.790435475984009	236	502	Genic/other	0	Non-heritable	0.0597955724770212	0.872727712780788	0.0074334656158137	19184	0	0	0.597955724770212	5.46383180502561	6.22059017009974	9.86188400268105	-0.235171237321456
BA_only	hippocampus	AA	psi	chr8_122824452_122824652	chr8	122824452	122824652	15	15	0	0	0.0270823581852263	0.975932065139872	2.58116567816169	-2.58116567816169	200	497	Genic/other	0	Heritable	0.120871273823232	0.940650738059002	0.00471110966705109	12521	0	0	1.20871273823232	5.29831736654804	6.21060007702465	9.43524237630526	0.94824111401184
BA_only	hippocampus	AA	psi	chr8_122888702_122889085	chr8	122888702	122889085	15	15	0	0	0.0449808704806857	0.981395945960329	0.838607468630534	-0.838607468630534	383	503	Genic/other	0	Heritable	0.106470661995459	0.93686692079766	0.00835541395699985	76771	0	0	1.06470661995459	5.94803498918065	6.22257626807137	11.2485952693258	-0.176012526290327
BA_only	hippocampus	AA	psi	chr8_123539538_123540062	chr8	123539538	123540062	29	29	0	0	0.0234252873217602	0.975932065139872	7.58600594017131	-7.58600594017131	524	506	Genic/other	1	Non-heritable	0.0671180673527548	0.934568186769984	0.00748996091366294	25297	0	0	0.671180673527548	6.26149168432104	6.22851100359118	10.1384806202075	2.02630522762856
BA_only	hippocampus	AA	psi	chr8_123716479_123716962	chr8	123716479	123716962	23	23	0	0	0.0770247287292758	0.987720536119146	4.79226944825711	-4.79226944825711	483	460	Genic/other	0	Non-heritable	0.092226807944219	0.924434603140485	0.00798150766520202	0	0	0	0.92226807944219	6.18001665365257	6.13339804299665	0	1.56700409008724
BA_only	hippocampus	AA	psi	chr8_124426999_124427156	chr8	124426999	124427156	72	72	0	0	0.0348080671335439	0.980327953711174	4.48718443508276	-4.48718443508276	157	462	Intergenic	0	Non-heritable	0.0625127717055978	0.932386138073603	0.00905833314589211	40034	0	0	0.625127717055978	5.05624580534831	6.13772705408623	10.5975093505067	1.50122543269742
BA_only	hippocampus	AA	psi	chr8_124605246_124605794	chr8	124605246	124605794	115	115	0	0	0.00568406462906969	0.914301706404424	2.98096642691178	-2.98096642691178	548	454	Enhancer	0	Heritable	0.11838307116605	0.932662104258267	0.00547176669446181	0	0	0	1.1838307116605	6.30627528694802	6.12029741895095	0	1.09224755562946
BA_only	hippocampus	AA	psi	chr8_124673070_124673515	chr8	124673070	124673515	114	114	0	0	0.00100384025845142	0.718185739473938	4.87085784693475	4.87085784693475	445	461	Promoter	0	Non-heritable	0.0971881794675961	0.926946479080191	0.00734954946656553	0	0	0	0.971881794675961	6.09807428216624	6.13556489108174	0	1.58327007290298
BA_only	hippocampus	AA	psi	chr8_124775469_124776385	chr8	124775469	124776385	207	207	0	0	0.00100923573754307	0.719858499521447	6.66931962292483	-6.66931962292483	916	401	Intergenic	0	Non-heritable	0.0686195106578781	0.89998373465979	0.0126564137704937	35462	0	0	0.686195106578781	6.82001636467413	5.99645208861902	10.4762451784185	1.89751785066552
BA_only	hippocampus	AA	psi	chr8_124814929_124816092	chr8	124814929	124816092	186	186	0	0	0.00178082683056879	0.796268588634543	2.7233069775914	2.7233069775914	1163	402	Promoter	0	Heritable	0.115502559994762	0.905648596013819	0.0121042291941274	2851	0	0	1.15502559994762	7.05875815251866	5.99893656194668	7.95577578153419	1.00184694607796
BA_only	hippocampus	AA	psi	chr8_124972608_124972775	chr8	124972608	124972775	193	193	0	0	0.00075231975491708	0.677999749777137	2.68713621751013	2.68713621751013	167	450	Promoter	0	Heritable	0.156775144320875	0.927227480384787	0.0074157416762703	10491	0	0	1.56775144320875	5.11799381241676	6.11146733950268	9.25836834098676	0.988476027086635
BA_only	hippocampus	AA	psi	chr8_125387698_125388380	chr8	125387698	125388380	15	15	0	0	0.0322459862786992	0.978165777237957	0.671247359083596	0.671247359083596	682	459	Intergenic	0	Heritable	0.172669773334732	0.94151823650768	0.00805478234624544	0	0	0	1.72669773334732	6.52502965784346	6.13122648948314	0	-0.398617552595278
BA_only	hippocampus	AA	psi	chr8_125389515_125389769	chr8	125389515	125389769	15	15	0	0	0.172331446689865	0.991064867102684	0.532236079616983	0.532236079616983	254	462	Intergenic	0	Non-heritable	0.0987635804682275	0.927569818255361	0.00816643126357454	0	0	0	0.987635804682275	5.53733426701854	6.13772705408623	0	-0.630668110605062
BA_only	hippocampus	AA	psi	chr8_126554827_126555717	chr8	126554827	126555717	99	99	0	0	0.0215320851795334	0.975932065139872	1.44312420233023	-1.44312420233023	890	451	Promoter	1	Heritable	0.144539167249379	0.881143639963767	0.00644722201534422	1641	0	0	1.44539167249379	6.79122146272619	6.11368217983223	7.40367029001237	0.366810355318058
BA_only	hippocampus	AA	psi	chr8_12709259_12709509	chr8	12709259	12709509	2956	2956	0	0	0.000726572974967544	0.673766456790362	8.45594479048349	-8.45594479048349	250	373	Intergenic	0	Heritable	0.108460136890319	0.903253454532688	0.00768047128322884	1124	0	0	1.08460136890319	5.52146091786225	5.92425579741453	7.02553831463852	2.13486972069463
BA_only	hippocampus	AA	psi	chr8_127094151_127095002	chr8	127094151	127095002	625	625	0	0	0.00110394625768644	0.726050490461723	6.66777467075053	6.66777467075053	851	575	Genic/other	0	Heritable	0.432998572296869	0.929059679435826	0.00927748716318766	0	0	0	4.32998572296869	6.74641212857337	6.35610766069589	0	1.89728617318842
BA_only	hippocampus	AA	psi	chr8_127101016_127102550	chr8	127101016	127102550	619	619	0	0	0.00218601213389809	0.816306056644132	7.39971312490927	7.39971312490927	1534	551	Genic/other	0	Heritable	0.405721918725468	0.915746753166219	0.00737812739164795	0	0	0	4.05721918725468	7.3356339819272	6.3135480462771	0	2.00144123390592
BA_only	hippocampus	AA	psi	chr8_12774657_12775859	chr8	12774657	12775859	2698	2698	0	0	0.000413864020748748	0.594021719737469	5.50576218112981	5.50576218112981	1202	378	Genic/other	0	Heritable	0.172526466347183	0.888263060113453	0.00911628920241396	0	0	0	1.72526466347183	7.09174211509515	5.93753620508243	0	1.70579521492857
BA_only	hippocampus	AA	psi	chr8_127944815_127945124	chr8	127944815	127945124	2883	2883	0	0	0.000104543922156802	0.394040491768958	8.65794114083444	8.65794114083444	309	605	Genic/other	0	Non-heritable	0.0959284568537696	0.952504047584242	0.00761295249883064	0	0	0	0.959284568537696	5.73334127689775	6.40687998606931	0	2.15847695191127
BA_only	hippocampus	AA	psi	chr8_128018850_128019577	chr8	128018850	128019577	2870	2870	0	0	0.00219790584978281	0.817313728023508	4.17102334689064	4.17102334689064	727	601	Genic/other	0	Heritable	0.276018216382505	0.910839822917216	0.00907431803550747	0	0	0	2.76018216382505	6.58892647753352	6.40025744530882	0	1.42816141502906
BA_only	hippocampus	AA	psi	chr8_128109069_128109358	chr8	128109069	128109358	2542	2542	0	0	0.00175948720991445	0.794438912514208	6.55646932349209	6.55646932349209	289	556	Enhancer	0	Non-heritable	0.0652560463785689	0.953505316112095	0.00691598207505164	0	0	0	0.652560463785689	5.66642668811243	6.32256523992728	0	1.88045224671036
BA_only	hippocampus	AA	psi	chr8_128152832_128153433	chr8	128152832	128153433	862	862	0	0	0.00587928738586115	0.91660165241749	4.07902244712769	-4.07902244712769	601	522	Genic/other	0	Heritable	0.141791400084192	0.95400530553135	0.00614876778825843	0	0	0	1.41791400084192	6.39859493453521	6.25958146406492	0	1.40585736586763
BA_only	hippocampus	AA	psi	chr8_129324541_129325899	chr8	129324541	129325899	367	367	0	0	0.00229173027713035	0.820192749465547	3.45770454284026	3.45770454284026	1358	372	Genic/other	0	Heritable	0.145574996285673	0.912195814610928	0.0091995313473512	0	0	0	1.45574996285673	7.21376830811864	5.92157841964382	0	1.24060494487192
BA_only	hippocampus	AA	psi	chr8_129952950_129953731	chr8	129952950	129953731	14	14	0	0	0.102810372530344	0.990610842832516	1.54131862501753	1.54131862501753	781	298	Promoter	0	Non-heritable	0.0460039148001447	0.799038658801181	0.00648438807376343	0	0	0	0.460039148001447	6.66057514983969	5.70044357339069	0	0.432638306551954
BA_only	hippocampus	AA	psi	chr8_130110006_130111098	chr8	130110006	130111098	17	17	0	0	0.0284328733818099	0.975932065139872	2.07217218324841	-2.07217218324841	1092	349	Genic/other	0	Non-heritable	0.0446935525762185	0.786879717923505	0.00949024191676458	93398	0	0	0.446935525762185	6.99576615630485	5.85793315448346	11.4446359175215	0.728597425793839
BA_only	hippocampus	AA	psi	chr8_130605168_130606093	chr8	130605168	130606093	7	7	0	0	0.273629228308177	0.993437465767387	1.08221634028048	-1.08221634028048	925	371	Genic/other	0	Heritable	0.268614407621248	0.878292143972996	0.0058106256248754	0	0	0	2.68614407621248	6.82979373751243	5.91889385427315	0	0.0790111144846463
BA_only	hippocampus	AA	psi	chr8_130676211_130676488	chr8	130676211	130676488	4	4	0	0	0.316409971183272	0.993793674174417	1.06440595215107	1.06440595215107	277	367	Intergenic	0	Heritable	0.596046519004559	0.899862669400363	0.00702939524621249	20651	0	0	5.96046519004559	5.62401750618734	5.90808293816893	9.93556744599954	0.062416861525354
BA_only	hippocampus	AA	psi	chr8_13096448_13096780	chr8	13096448	13096780	17	17	0	0	0.358462715370254	0.994231776815827	3.24155703945759	-3.24155703945759	332	536	Promoter	0	Heritable	0.1161346909173	0.941311940722792	0.00733995560191214	761	0	0	1.161346909173	5.80513496891649	6.28599809450887	6.63594655568665	1.17605378518731
BA_only	hippocampus	AA	psi	chr8_13100328_13101024	chr8	13100328	13101024	17	17	0	0	0.0276869867792145	0.975932065139872	2.68430275292294	-2.68430275292294	696	540	Promoter	0	Non-heritable	0.0508206926481084	0.922175359550441	0.0107177195301759	4641	0	0	0.508206926481084	6.54534966033442	6.29341927884648	8.44290058683438	0.987421015625069
BA_only	hippocampus	AA	psi	chr8_131038208_131039270	chr8	131038208	131039270	7	7	0	0	0.0740224528379521	0.985999440983017	0.357709851724662	0.357709851724662	1062	382	Genic/other	1	Non-heritable	0.031425902917685	0.744683710437165	0.00634947119546384	0	0	0	0.31425902917685	6.96790920180188	5.94803498918065	0	-1.02803306327707
BA_only	hippocampus	AA	psi	chr8_13131007_13131574	chr8	13131007	13131574	17	17	0	0	0.0579106862959156	0.98577631996496	3.05215331837904	3.05215331837904	567	557	Enhancer	1	Non-heritable	0.0752234600139518	0.948551581870641	0.00826921183203587	0	0	0	0.752234600139518	6.34035930372775	6.32435896238131	0	1.1158473508166
BA_only	hippocampus	AA	psi	chr8_131316036_131317467	chr8	131316036	131317467	6	6	0	0	0.0799377810081244	0.988137148207548	0.921300477283351	0.921300477283351	1431	332	Genic/other	0	Heritable	0.666626193036621	0.893355620008904	0.00775353013552889	275	0	0	6.66626193036621	7.26612877955645	5.80814248998044	5.62040086571715	-0.0819690339589449
BA_only	hippocampus	AA	psi	chr8_13168530_13169710	chr8	13168530	13169710	17	17	0	0	0.0286380850070369	0.975932065139872	2.81417939636391	2.81417939636391	1180	581	Genic/other	0	Non-heritable	0.0665192998673845	0.90271710546593	0.00874180011292629	0	0	0	0.665192998673845	7.07326971745971	6.36647044773144	0	1.0346707115867
BA_only	hippocampus	AA	psi	chr8_132477928_132478439	chr8	132477928	132478439	9	9	0	0	0.0469752329835651	0.982445572707507	1.00497454347286	-1.00497454347286	511	373	Enhancer	1	Non-heritable	0.0853562666929959	0.915465095496928	0.00892151373428733	0	0	0	0.853562666929959	6.2363695902037	5.92425579741453	0	0.00496222126298183
BA_only	hippocampus	AA	psi	chr8_13275097_13275794	chr8	13275097	13275794	20	20	0	0	0.126736445003432	0.991064867102684	1.82387786114298	-1.82387786114298	697	611	Genic/other	1	Non-heritable	0.0598829679048954	0.92900421295686	0.00669572630723934	0	0	0	0.598829679048954	6.54678541076052	6.41673228251233	0	0.600964932800237
BA_only	hippocampus	AA	psi	chr8_132774577_132774850	chr8	132774577	132774850	21	21	0	0	0.0155515019151189	0.967076513219291	2.70140829953266	2.70140829953266	273	445	Promoter	1	Non-heritable	0.0763957356950382	0.929096281489575	0.011975559224697	794	0	0	0.763957356950382	5.60947179518496	6.10031895202006	6.67834211465433	0.993773233149517
BA_only	hippocampus	AA	psi	chr8_133295449_133295669	chr8	133295449	133295669	98	98	0	0	0.033587588774992	0.979164877002956	3.36232626835573	3.36232626835573	220	632	Promoter	1	Heritable	0.134052002563031	0.964862696638639	0.00562575118633447	0	0	0	1.34052002563031	5.39362754635236	6.45047042214418	0	1.21263307916378
BA_only	hippocampus	AA	psi	chr8_133540087_133540592	chr8	133540087	133540592	48	48	0	0	0.0354087161097068	0.980327953711174	1.95734311613414	1.95734311613414	505	708	Enhancer	0	Heritable	0.105698277442897	0.969336668772705	0.00751818894020319	0	0	0	1.05698277442897	6.22455842927536	6.56385552653213	0	0.671588005765516
BA_only	hippocampus	AA	psi	chr8_135234635_135236211	chr8	135234635	135236211	8	8	0	0	0.0849782228947732	0.988137148207548	0.217105192512983	0.217105192512983	1576	365	Enhancer	0	Non-heritable	0.0660180437077968	0.917043227806988	0.00825878130950239	0	0	0	0.660180437077968	7.36264527041783	5.90263333340137	0	-1.52737323871397
BA_only	hippocampus	AA	psi	chr8_13578344_13579005	chr8	13578344	13579005	24	24	0	0	0.0531939133822869	0.984783117109287	0.692639641343674	-0.692639641343674	661	578	Genic/other	0	Non-heritable	0.0689408214666612	0.927761305226435	0.00763476311317649	0	0	0	0.689408214666612	6.49375383985169	6.361302477573	0	-0.367245398661667
BA_only	hippocampus	AA	psi	chr8_1364427_1364926	chr8	1364427	1364926	0	0	0	0					499	669	Genic/other	1	Non-heritable	0.0903396735181917	0.895952588447766	0.0066792321148911	64180	0	0	0.903396735181917	6.21260609575152	6.50727771238501	11.0694624957204	
BA_only	hippocampus	AA	psi	chr8_1372620_1373561	chr8	1372620	1373561	0	0	0	0					941	665	Promoter	2	Heritable	0.179031946398765	0.929783895577663	0.0122399390508634	55545	0	0	1.79031946398765	6.84694313958538	6.50128967054039	10.9249667852744	
BA_only	hippocampus	AA	psi	chr8_137279355_137280418	chr8	137279355	137280418	3	3	0	0	0.0127481409577842	0.961717006536833	5.31816395541616	-5.31816395541616	1063	370	Intergenic	0	Non-heritable	0.0975969017011078	0.856345240337332	0.00657646608428702	48178	0	0	0.975969017011078	6.96885037834195	5.91620206260744	10.7826785204533	1.67112812450351
BA_only	hippocampus	AA	psi	chr8_137321725_137322500	chr8	137321725	137322500	3	3	0	0	0.437352462590882	0.994840206451052	0.972011217062656	0.972011217062656	775	399	Intergenic	0	Non-heritable	0.0339034519512081	0.853207090100462	0.0107581377506593	6096	0	0	0.339034519512081	6.65286302935335	5.99146454710798	8.71555212590782	-0.0283879241124206
BA_only	hippocampus	AA	psi	chr8_1376097_1376608	chr8	1376097	1376608	0	0	0	0					511	688	Genic/other	1	Heritable	0.247788793313167	0.912590416592114	0.00911437991395965	52498	0	0	2.47788793313167	6.2363695902037	6.53524127101366	10.8685494007793	
BA_only	hippocampus	AA	psi	chr8_137760331_137761338	chr8	137760331	137761338	2	2	0	0	0.696857484381182	0.99751284504843	0.257280999946303	0.257280999946303	1007	505	Intergenic	0	Heritable	0.672092897498709	0.904656249181248	0.0103447774105215	51595	0	0	6.72092897498709	6.91473089271856	6.22653666928747	10.851199429085	-1.35758636752387
BA_only	hippocampus	AA	psi	chr8_138154455_138154838	chr8	138154455	138154838	4	4	0	0	0.0981404105068709	0.990400450319684	4.3416615172701	-4.3416615172701	383	546	Genic/other	0	Heritable	0.425812970082024	0.938706491130979	0.00889662037724949	111003	0	0	4.25812970082024	5.94803498918065	6.30444880242198	11.6173215156812	1.46825711523245
BA_only	hippocampus	AA	psi	chr8_138601050_138601791	chr8	138601050	138601791	4	4	0	0	0.170030575278598	0.991064867102684	4.32291997032123	4.32291997032123	741	703	Genic/other	0	Non-heritable	0.0900177588552776	0.960714202625485	0.00815129677954444	104378	0	0	0.900177588552776	6.60800062529609	6.55677835615804	11.5557837847721	1.46393109529471
BA_only	hippocampus	AA	psi	chr8_139834243_139834609	chr8	139834243	139834609	4	4	0	0	0.0821488230121618	0.988137148207548	0.185757943369458	-0.185757943369458	366	595	Genic/other	0	Non-heritable	0.0797539883986287	0.958689485797477	0.00889875654883288	128034	0	0	0.797539883986287	5.90263333340137	6.39024066706535	11.7600589430245	-1.68331077869953
BA_only	hippocampus	AA	psi	chr8_139839683_139840214	chr8	139839683	139840214	4	4	0	0	0.187598631832753	0.991064867102684	0.130642267476037	-0.130642267476037	531	580	Genic/other	0	Heritable	0.143051634641896	0.95126228591951	0.00998896970020064	133474	0	0	1.43051634641896	6.27476202124194	6.36475075685191	11.8016694733684	-2.03529239725054
BA_only	hippocampus	AA	psi	chr8_140209718_140210391	chr8	140209718	140210391	1	1	0	0	0.878094864876017	0.999100225123066	0.0156673127503541	-0.0156673127503541	673	543	Genic/other	0	Non-heritable	0.079846471257911	0.933108914926951	0.0103376670289336	60628	0	0	0.79846471257911	6.51174532964473	6.29894924685594	11.0125286054447	-4.15617808913486
BA_only	hippocampus	AA	psi	chr8_140349057_140349739	chr8	140349057	140349739	3	3	0	0	0.122075835142101	0.991064867102684	0.212031948257289	-0.212031948257289	682	482	Genic/other	2	Heritable	0.110236326077981	0.924640563841665	0.00887259954210628	65084	0	0	1.10236326077981	6.52502965784346	6.18001665365257	11.0834493869006	-1.55101826917459
BA_only	hippocampus	AA	psi	chr8_140420974_140421749	chr8	140420974	140421749	3	3	0	0	0.280861969091319	0.99349167699349	0.876762607233473	0.876762607233473	775	445	Genic/other	0	Heritable	0.160460769380349	0.930546448917226	0.0067348909639008	43083	0	0	1.60460769380349	6.65286302935335	6.10031895202006	10.6709069774707	-0.131518999151827
BA_only	hippocampus	AA	psi	chr8_140425884_140426430	chr8	140425884	140426430	4	4	0	0	0.268482585292584	0.993437465767387	1.78087065537255	-1.78087065537255	546	439	Genic/other	0	Non-heritable	0.0610095139433043	0.852742233961433	0.00864032092703532	38402	0	0	0.610095139433043	6.30261897574491	6.08677472691231	10.5558908605242	0.577102382564818
BA_only	hippocampus	AA	psi	chr8_140471579_140472029	chr8	140471579	140472029	4	4	0	0	0.385053986891463	0.99451450116979	0.481250544394691	0.481250544394691	450	400	Enhancer	0	Heritable	0.137127808955247	0.91421368781795	0.00864168118761983	5793	0	0	1.37127808955247	6.10924758276437	5.99396142730657	8.6645781783293	-0.731367241391838
BA_only	hippocampus	AA	psi	chr8_140525669_140526158	chr8	140525669	140526158	7	7	0	0	0.191901353498901	0.991064867102684	0.623379054816952	0.623379054816952	489	408	Genic/other	0	Heritable	0.1071655457965	0.901879971063933	0.00649319875174304	11299	0	0	1.071655457965	6.19236248947487	6.0137151560428	9.33255800470043	-0.472600494476268
BA_only	hippocampus	AA	psi	chr8_140526921_140527569	chr8	140526921	140527569	7	7	0	0	0.166943655384059	0.991064867102684	0.382938144732839	-0.382938144732839	648	390	Genic/other	0	Non-heritable	0.0580017429724096	0.84274380258047	0.00693085649388026	12551	0	0	0.580017429724096	6.47389069635227	5.96870755998537	9.43763529441287	-0.959881778733498
BA_only	hippocampus	AA	psi	chr8_140549584_140549847	chr8	140549584	140549847	6	6	0	0	0.297291546102372	0.993663620961428	0.570833219457811	-0.570833219457811	263	391	Genic/other	1	Non-heritable	0.0638622162114015	0.852842131684701	0.00514141254511071	35214	0	0	0.638622162114015	5.57215403217777	5.97126183979046	10.4692274071795	-0.560658179485601
BA_only	hippocampus	AA	psi	chr8_140568463_140568612	chr8	140568463	140568612	6	6	0	0	0.225032464874342	0.991497141402577	0.788944521776868	0.788944521776868	149	423	Genic/other	0	Non-heritable	0.0721984864309752	0.885868534197936	0.00666150945521942	54093	0	0	0.721984864309752	5.00394630594546	6.04973345523196	10.8984785529539	-0.237059262538018
BA_only	hippocampus	AA	psi	chr8_140589640_140590052	chr8	140589640	140590052	6	6	0	0	0.118867778345183	0.99090322242539	1.13008830186023	1.13008830186023	412	417	Genic/other	0	Non-heritable	0.0757552301638232	0.902930726135818	0.00887461706095814	75270	0	0	0.757552301638232	6.02102334934953	6.03548143252476	11.2288502134458	0.122295781759233
BA_only	hippocampus	AA	psi	chr8_140621015_140622202	chr8	140621015	140622202	6	6	0	0	0.0686321559972607	0.985907779499035	0.537710786916976	-0.537710786916976	1187	441	Genic/other	0	Non-heritable	0.0648554016254682	0.878823296370517	0.00706288743181299	52201	0	0	0.648554016254682	7.07918439460967	6.0913098820777	10.862876087313	-0.620434415552263
BA_only	hippocampus	AA	psi	chr8_140624498_140624903	chr8	140624498	140624903	6	6	0	0	0.67592177746911	0.99725367388771	0.369603336925822	-0.369603336925822	405	430	Genic/other	0	Non-heritable	0.0532894728186159	0.785708957800316	0.00730094136900988	49500	0	0	0.532894728186159	6.00388706710654	6.06610809010375	10.8097481503729	-0.995324883720376
BA_only	hippocampus	AA	psi	chr8_140704462_140705114	chr8	140704462	140705114	18	18	0	0	0.151301290223813	0.991064867102684	3.66912344259685	3.66912344259685	652	440	Genic/other	0	Heritable	0.109339672420584	0.931686270588228	0.00673102849885951	29001	0	0	1.09339672420584	6.48004456192665	6.08904487544685	10.2751200721078	1.2999527922851
BA_only	hippocampus	AA	psi	chr8_140708403_140708827	chr8	140708403	140708827	18	18	0	0	0.00549235993204045	0.914301706404424	1.96467447138814	1.96467447138814	424	441	Genic/other	0	Heritable	0.110812977399455	0.921236684515978	0.00794925566983093	32942	0	0	1.10812977399455	6.04973345523196	6.0913098820777	10.4025340742658	0.675326573271722
BA_only	hippocampus	AA	psi	chr8_140799299_140801175	chr8	140799299	140801175	24	24	0	0	0.00871861396279425	0.933559278800072	2.11505499330103	-2.11505499330103	1876	433	Promoter	0	Non-heritable	0.0770084711422846	0.912180647984752	0.00879235443942296	0	0	0	0.770084711422846	7.53689712956617	6.07304453410041	0	0.749080818448987
BA_only	hippocampus	AA	psi	chr8_141002672_141002992	chr8	141002672	141002992	44	44	0	0	0.0106471681841412	0.944902218841749	2.24009164383964	2.24009164383964	320	479	Promoter	1	Non-heritable	0.0546175715055411	0.887422127691404	0.0106022059095095	657	0	0	0.546175715055411	5.76832099579377	6.17378610390194	6.48920493132532	0.806516781922572
BA_only	hippocampus	AA	psi	chr8_141075605_141076005	chr8	141075605	141076005	44	44	0	0	0.0116218968670595	0.95315577890577	3.78830165365286	3.78830165365286	400	482	Intergenic	0	Heritable	0.132332248899191	0.93584698510856	0.00794722181981732	12460	0	0	1.32332248899191	5.99146454710798	6.18001665365257	9.43035904594287	1.33191780880898
BA_only	hippocampus	AA	psi	chr8_141163780_141164260	chr8	141163780	141164260	63	63	0	0	0.000464481824319137	0.604162640906295	2.7271288912229	2.7271288912229	480	513	Genic/other	0	Non-heritable	0.075319846618077	0.917049616420967	0.00987860733360129	0	0	0	0.75319846618077	6.17378610390194	6.24222326545517	0	1.00324937125491
BA_only	hippocampus	AA	psi	chr8_141257514_141257768	chr8	141257514	141257768	61	61	0	0	0.012095898414468	0.95649320230981	2.22200549647732	-2.22200549647732	254	590	Genic/other	1	Non-heritable	0.0571088659254398	0.894972797278031	0.00725368804809793	0	0	0	0.571088659254398	5.53733426701854	6.3818160174061	0	0.798410169376978
BA_only	hippocampus	AA	psi	chr8_141284606_141285042	chr8	141284606	141285042	55	55	0	0	0.025916540005554	0.975932065139872	4.03695414949216	-4.03695414949216	436	593	Genic/other	1	Non-heritable	0.0464410722824482	0.886573131857903	0.0110030356485417	0	0	0	0.464410722824482	6.07764224334903	6.38687931936265	0	1.39549048671398
BA_only	hippocampus	AA	psi	chr8_141348438_141348522	chr8	141348438	141348522	60	60	0	0	0.00858685957658843	0.933559278800072	3.17211134532486	3.17211134532486	84	647	Intergenic	0	Heritable	0.120137257484861	0.945824116999425	0.00650759638475623	5479	0	0	1.20137257484861	4.43081679884331	6.47389069635227	8.60886037994206	1.15439740887043
BA_only	hippocampus	AA	psi	chr8_141642829_141642978	chr8	141642829	141642978	19	19	0	0	0.102786015315644	0.990610842832516	0.376971322629212	0.376971322629212	149	668	Genic/other	0	Non-heritable	0.0713194613040591	0.955075399472227	0.00749127810987795	17184	0	0	0.713194613040591	5.00394630594546	6.50578406012823	9.75179218928393	-0.975586135196693
BA_only	hippocampus	AA	psi	chr8_1416744_1417949	chr8	1416744	1417949	0	0	0	0					1205	709	Genic/other	2	Heritable	0.188265626601304	0.961178156095638	0.0352419160583582	11157	0	0	1.88265626601304	7.09423484592476	6.56526497003536	9.31991200840547	
BA_only	hippocampus	AA	psi	chr8_141737882_141738351	chr8	141737882	141738351	9	9	0	0	0.027193231483131	0.975932065139872	0.908618878083278	0.908618878083278	469	732	Intergenic	2	Heritable	0.111017489338117	0.973737299580256	0.0128852810699884	10686	0	0	1.11017489338117	6.15060276844628	6.59714570188665	9.2767833285249	-0.0958295377557149
BA_only	hippocampus	AA	psi	chr8_141812351_141812675	chr8	141812351	141812675	8	8	0	0	0.0672431020696878	0.985907779499035	0.494135009230498	0.494135009230498	324	684	Intergenic	0	Non-heritable	0.0795520070288409	0.960468734094605	0.0109074315228214	85155	0	0	0.795520070288409	5.78074351579233	6.52941883826223	11.3522401474956	-0.704946480858491
BA_only	hippocampus	AA	psi	chr8_141899986_141900269	chr8	141899986	141900269	60	60	0	0	0.0235147879038638	0.975932065139872	1.39229688018711	1.39229688018711	283	655	Intergenic	1	Heritable	0.127427531699241	0.976228395545357	0.00641849707271082	172790	0	0	1.27427531699241	5.64544689764324	6.48616078894409	12.0598380506624	0.330954822350999
BA_only	hippocampus	AA	psi	chr8_141940775_141941190	chr8	141940775	141941190	60	60	0	0	0.00379477259159833	0.871232310780983	2.48289254247995	2.48289254247995	415	636	Intergenic	0	Non-heritable	0.0825218675901985	0.942382210243122	0.00536920565832715	148720	0	0	0.825218675901985	6.0282785202307	6.45676965557216	11.9098273464179	0.909424232323484
BA_only	hippocampus	AA	psi	chr8_141983276_141983863	chr8	141983276	141983863	61	61	0	0	0.0113618258863636	0.951479033277047	1.41430062861733	-1.41430062861733	587	657	Intergenic	0	Heritable	0.432965547134269	0.946462197233923	0.00839214528229382	106047	0	0	4.32965547134269	6.3750248198281	6.48920493132532	11.5716471007862	0.346635160587261
BA_only	hippocampus	AA	psi	chr8_141989485_141989787	chr8	141989485	141989787	61	61	0	0	0.00128035621720927	0.748685029382681	2.25319432040953	2.25319432040953	302	649	Intergenic	0	Non-heritable	0.0885445053619733	0.957639631879173	0.00788730840353178	100123	0	0	0.885445053619733	5.71042701737487	6.47697236288968	11.5141646968052	0.812348911795921
BA_only	hippocampus	AA	psi	chr8_142083477_142084025	chr8	142083477	142084025	62	62	0	0	0.0124949892235186	0.961394807854409	1.36156412006384	-1.36156412006384	548	622	Intergenic	0	Heritable	0.427238774473518	0.906935187393	0.00863908969478482	5885	0	0	4.27238774473518	6.30627528694802	6.43454651878745	8.68033192879342	0.3086341345298
BA_only	hippocampus	AA	psi	chr8_142089290_142090168	chr8	142089290	142090168	62	62	0	0	0.0387570689441299	0.980549382116533	1.60530015735428	1.60530015735428	878	612	Promoter	0	Non-heritable	0.0937061952401015	0.952799674482121	0.00822415040387417	0	0	0	0.937061952401015	6.77764659363512	6.41836493593621	0	0.473310759254319
BA_only	hippocampus	AA	psi	chr8_142093109_142093509	chr8	142093109	142093509	62	62	0	0	0.0116499669091958	0.953190818243131	1.99940628942558	1.99940628942558	400	604	Intergenic	0	Heritable	0.133282822469158	0.959593996128146	0.00778660805472751	1804	0	0	1.33282822469158	5.99146454710798	6.40522845803084	7.49831587076698	0.692850286203967
BA_only	hippocampus	AA	psi	chr8_142288971_142289152	chr8	142288971	142289152	63	63	0	0	0.00373474703763604	0.868236155887141	1.53331853819452	-1.53331853819452	181	527	Genic/other	0	Heritable	0.118876666213907	0.929531141003719	0.00764463386423118	11491	0	0	1.18876666213907	5.19849703126583	6.26909628370626	9.34940642009918	0.427434372298616
BA_only	hippocampus	AA	psi	chr8_142322350_142322797	chr8	142322350	142322797	89	89	0	0	0.00412181655541926	0.882277433336612	4.44888385761377	4.44888385761377	447	534	Enhancer	1	Heritable	0.118227203684934	0.95394878680088	0.0083640583960927	3805	0	0	1.18227203684934	6.10255859461357	6.28226674689601	8.24433404785609	1.49265324845192
BA_only	hippocampus	AA	psi	chr8_142367025_142367328	chr8	142367025	142367328	40	40	0	0	0.020910797038857	0.975856666808667	2.58097264424038	2.58097264424038	303	523	Genic/other	0	Heritable	0.103866689534935	0.946409221447075	0.00648883127404746	48480	0	0	1.03866689534935	5.71373280550937	6.26149168432104	10.7889272475932	0.948166325655312
BA_only	hippocampus	AA	psi	chr8_142382284_142382533	chr8	142382284	142382533	42	42	0	0	0.0031084955608606	0.849752756919949	3.53482486116062	3.53482486116062	249	543	Genic/other	0	Heritable	0.145662650311998	0.966668292073084	0.00856549076668991	63739	0	0	1.45662650311998	5.51745289646471	6.29894924685594	11.0625675879713	1.26266375672404
BA_only	hippocampus	AA	psi	chr8_142457729_142458568	chr8	142457729	142458568	57	57	0	0	0.00340225766176505	0.86593481253084	7.72019662548135	7.72019662548135	839	536	Genic/other	1	Heritable	0.119372377060037	0.955342941366835	0.00743153792510402	18980	0	0	1.19372377060037	6.73221070646721	6.28599809450887	9.85119375781499	2.04383983462958
BA_only	hippocampus	AA	psi	chr8_142473125_142473316	chr8	142473125	142473316	57	57	0	0	0.0151557609991759	0.966228276045537	3.88635875634481	3.88635875634481	191	522	Genic/other	1	Non-heritable	0.0784712808032796	0.936437214386597	0.00723932863217314	4232	0	0	0.784712808032796	5.25227342804663	6.25958146406492	8.35066624052092	1.35747266947935
BA_only	hippocampus	AA	psi	chr8_142499802_142500561	chr8	142499802	142500561	61	61	0	0	0.0289495784731125	0.975932065139872	2.63488356850319	-2.63488356850319	759	520	Genic/other	2	Heritable	0.114912755436483	0.949713786714289	0.0120144876638848	21605	0	0	1.14912755436483	6.63200177739563	6.25575004175337	9.98072633287693	0.968838998286003
BA_only	hippocampus	AA	psi	chr8_142612425_142613268	chr8	142612425	142613268	75	75	0	0	0.0177669951071853	0.970931943606436	4.9680552048608	4.9680552048608	843	475	Promoter	2	Non-heritable	0.0849788514395062	0.931247199121723	0.0067976165796187	1752	0	0	0.849788514395062	6.73696695800186	6.16541785423142	7.46908388492123	1.60302845867183
BA_only	hippocampus	AA	psi	chr8_142622855_142623435	chr8	142622855	142623435	75	75	0	0	0.0167541632206762	0.970581273335112	6.89868115367389	6.89868115367389	580	468	Genic/other	0	Non-heritable	0.0673331354620432	0.931064195179166	0.00715119245923937	0	0	0	0.673331354620432	6.36302810354047	6.15060276844628	0	1.93133025763502
BA_only	hippocampus	AA	psi	chr8_142670236_142670632	chr8	142670236	142670632	76	76	0	0	0.0400116008599753	0.980549382116533	1.16534540821288	-1.16534540821288	396	483	Promoter	2	Heritable	0.580254186984501	0.901980961368263	0.0322479439451648	294	0	0	5.80254186984501	5.98141421125448	6.18208490671663	5.68697535633982	0.153017539391385
BA_only	hippocampus	AA	psi	chr8_142798761_142798943	chr8	142798761	142798943	125	125	0	0	0.004458456175147	0.892468962272388	3.94292830461891	-3.94292830461891	182	473	Genic/other	1	Non-heritable	0.089659026232692	0.939931087389961	0.007683387097345	12295	0	0	0.89659026232692	5.2040066870768	6.16120732169508	9.41702928521843	1.37192367431402
BA_only	hippocampus	AA	psi	chr8_142975006_142975054	chr8	142975006	142975054	131	131	0	0	0.0156771173996142	0.967647585703613	4.65322274850984	4.65322274850984	48	498	Intergenic	1	Heritable	0.101255364617746	0.922477308892001	0.00697977335264504	7446	0	0	1.01255364617746	3.87120101090789	6.21260609575152	8.91556654571065	1.5375600458859
BA_only	hippocampus	AA	psi	chr8_143026183_143026685	chr8	143026183	143026685	132	132	0	0	0.0139444176747378	0.964441318501853	3.86676901174826	-3.86676901174826	502	494	Promoter	2	Heritable	0.171245814891365	0.924036652401704	0.00802877354344867	2513	0	0	1.71245814891365	6.21860011969173	6.20455776256869	7.82963038915019	1.35241928023565
BA_only	hippocampus	AA	psi	chr8_143071090_143071191	chr8	143071090	143071191	138	138	0	0	0.00231346127199889	0.82123269490335	4.57723138481611	4.57723138481611	101	469	Genic/other	1	Heritable	0.379101494814549	0.888081942959451	0.0066825161604161	11436	0	0	3.79101494814549	4.61512051684126	6.1527326947041	9.34460899278122	1.52109431639449
BA_only	hippocampus	AA	psi	chr8_143072234_143072339	chr8	143072234	143072339	138	138	0	0	0.00270738757142056	0.83844736650692	8.29121056590442	8.29121056590442	105	486	Intergenic	1	Heritable	0.215949202350421	0.906764536999272	0.00980016766665282	12580	0	0	2.15949202350421	4.65396035015752	6.18826412308259	9.43994301835113	2.11519598694259
BA_only	hippocampus	AA	psi	chr8_143096297_143097351	chr8	143096297	143097351	147	147	0	0	0.00931499425379833	0.939841915020693	4.54859820852856	4.54859820852856	1054	484	Intergenic	0	Heritable	0.159401705138792	0.929710321638105	0.00694352013480047	11339	0	0	1.59401705138792	6.96034772910131	6.18414889093748	9.33609157728174	1.51481910165541
BA_only	hippocampus	AA	psi	chr8_143128262_143128952	chr8	143128262	143128952	146	146	0	0	0.0156620644551317	0.967613773757012	3.91057085168454	3.91057085168454	690	474	Intergenic	0	Heritable	0.127859981997543	0.893816559541587	0.00908223100571711	18265	0	0	1.27859981997543	6.53669159759131	6.16331480403464	9.81279668725163	1.36368336377108
BA_only	hippocampus	AA	psi	chr8_143213011_143213519	chr8	143213011	143213519	148	148	0	0	0.0187745024489721	0.972503866121758	4.39082165103486	4.39082165103486	508	503	Promoter	1	Heritable	0.149626141254918	0.920612643009555	0.00807997472307612	33622	0	0	1.49626141254918	6.23048144757848	6.22257626807137	10.4229656355813	1.47951637609636
BA_only	hippocampus	AA	psi	chr8_143218505_143218769	chr8	143218505	143218769	148	148	0	0	0.0204175617352985	0.975856666808667	5.45860635680474	5.45860635680474	264	517	Enhancer	1	Heritable	0.115380021423923	0.943321648786986	0.00791585581630935	28372	0	0	1.15380021423923	5.57594910314632	6.24997524225948	10.2531932677181	1.69719351300152
BA_only	hippocampus	AA	psi	chr8_143219929_143220298	chr8	143219929	143220298	148	148	0	0	0.0193577902215871	0.973353388707841	3.15121699267027	3.15121699267027	369	509	Enhancer	1	Heritable	0.142908633962342	0.923529616733891	0.00887034528931874	26843	0	0	1.42908633962342	5.91079664404053	6.23441072571837	10.1977976112781	1.14778872827763
BA_only	hippocampus	AA	psi	chr8_143262334_143262750	chr8	143262334	143262750	148	148	0	0	0.00121362554301296	0.741782412295099	2.68733895512417	2.68733895512417	416	498	Genic/other	1	Heritable	0.115964541392024	0.918112358375427	0.00758354089701522	2558	0	0	1.15964541392024	6.03068526026126	6.21260609575152	7.84737183615979	0.988551471704712
BA_only	hippocampus	AA	psi	chr8_143264466_143264875	chr8	143264466	143264875	148	148	0	0	0.00178560509037733	0.796268588634543	4.79693114859474	4.79693114859474	409	504	Genic/other	1	Heritable	0.112787296278547	0.911268775115943	0.00581257698843624	2608	0	0	1.12787296278547	6.0137151560428	6.22455842927536	7.86672228513673	1.56797637148819
BA_only	hippocampus	AA	psi	chr8_143276437_143276940	chr8	143276437	143276940	129	129	0	0	0.00548448696717363	0.914301706404424	4.13325236627291	4.13325236627291	503	496	Intergenic	2	Heritable	0.14942781428839	0.88206965302719	0.00811970444194273	433	0	0	1.4942781428839	6.22059017009974	6.20859002609663	6.07304453410041	1.41906459736548
BA_only	hippocampus	AA	psi	chr8_143278585_143279472	chr8	143278585	143279472	129	129	0	0	0.00303526437957949	0.846513053928579	2.47321368022394	-2.47321368022394	887	492	Enhancer	2	Heritable	0.172663355510611	0.917199086989902	0.0190143827184971	1042	0	0	1.72663355510611	6.78784498230958	6.20050917404269	6.94985645500077	0.905518394116335
BA_only	hippocampus	AA	psi	chr8_143284751_143285581	chr8	143284751	143285581	129	129	0	0	0.00778002273925427	0.933559278800072	2.21169416593439	2.21169416593439	830	497	Genic/other	1	Heritable	0.649109815451812	0.911814130223992	0.0158932665389655	3157	0	0	6.49109815451812	6.72142570079064	6.21060007702465	8.05769419481559	0.79375881729088
BA_only	hippocampus	AA	psi	chr8_143289084_143289703	chr8	143289084	143289703	129	129	0	0	0.00729349437851321	0.932593355926607	4.10230909578922	-4.10230909578922	619	495	Promoter	2	Heritable	0.130143905958849	0.935080338000868	0.00857977807016703	1906	0	0	1.30143905958849	6.4281052726846	6.20657592672493	7.55328660560042	1.41155001170857
BA_only	hippocampus	AA	psi	chr8_143327522_143327869	chr8	143327522	143327869	84	84	0	0	0.001627302723577	0.786209776683368	2.5833948080401	2.5833948080401	347	488	Genic/other	1	Heritable	0.547121903338286	0.897008721059131	0.00750573899398447	0	0	0	5.47121903338286	5.84932477994686	6.19236248947487	0	0.949104354945569
BA_only	hippocampus	AA	psi	chr8_143334202_143334318	chr8	143334202	143334318	94	94	0	0	0.0336367581572767	0.979164877002956	2.33372898085973	2.33372898085973	116	498	Promoter	1	Heritable	0.144905547594185	0.870897674252428	0.00721477174736713	0	0	0	1.44905547594185	4.75359019110636	6.21260609575152	0	0.847467413523571
BA_only	hippocampus	AA	psi	chr8_143420100_143420853	chr8	143420100	143420853	158	158	0	0	0.0180401048407513	0.971452676751561	4.75498863629884	4.75498863629884	753	550	Genic/other	1	Heritable	0.1434825378989	0.923866184118904	0.00889409623139534	40034	0	0	1.434825378989	6.62406522779989	6.31173480915292	10.5975093505067	1.55919430825504
BA_only	hippocampus	AA	psi	chr8_143445482_143446152	chr8	143445482	143446152	172	172	0	0	0.00217952520871425	0.815187053503819	3.34395901534361	-3.34395901534361	670	541	Genic/other	0	Non-heritable	0.088819443875981	0.832259458758524	0.00694137462132736	65416	0	0	0.88819443875981	6.50727771238501	6.29526600143965	11.088537442505	1.20715544196066
BA_only	hippocampus	AA	psi	chr8_143470896_143471255	chr8	143470896	143471255	178	178	0	0	0.000751464878388794	0.677999749777137	4.01379393632493	4.01379393632493	359	533	Genic/other	1	Heritable	0.1844847619932	0.902504739570817	0.00798473303973541	71132	0	0	1.844847619932	5.88332238848828	6.2803958389602	11.1723066431351	1.38973691530588
BA_only	hippocampus	AA	psi	chr8_143577605_143578895	chr8	143577605	143578895	177	177	0	0	0.00947414770741684	0.939841915020693	3.10293168159875	-3.10293168159875	1290	512	Promoter	2	Heritable	0.541712017000443	0.910278848338829	0.00986369693723525	0	0	0	5.41712017000443	7.16239749735572	6.24027584517077	0	1.13234737155934
BA_only	hippocampus	AA	psi	chr8_143618383_143618481	chr8	143618383	143618481	169	169	0	0	0.00197508225324101	0.80614848610333	2.41973878441667	-2.41973878441667	98	484	Promoter	1	Heritable	0.180376869191084	0.874020596344049	0.0100043154750903	454	0	0	1.80376869191084	4.58496747867057	6.18414889093748	6.12029741895095	0.883659598151606
BA_only	hippocampus	AA	psi	chr8_143629773_143631922	chr8	143629773	143631922	169	169	0	0	0.0186950230463718	0.972503866121758	17.231812288892	-17.231812288892	2149	495	Genic/other	1	Heritable	0.122917049669553	0.909337834967911	0.0182289019144143	0	0	0	1.22917049669553	7.67275789664251	6.20657592672493	0	2.84675722776488
BA_only	hippocampus	AA	psi	chr8_143727849_143728280	chr8	143727849	143728280	169	169	0	0	0.00289296337105666	0.845907993117652	3.94419277464919	3.94419277464919	431	422	Genic/other	1	Heritable	0.127998699723071	0.918477630539328	0.00897205455043247	6617	0	0	1.27998699723071	6.06610809010375	6.04737217904628	8.79754848848156	1.37224431603492
BA_only	hippocampus	AA	psi	chr8_143820755_143820921	chr8	143820755	143820921	171	171	0	0	0.0077924992170309	0.933559278800072	4.87373459314171	-4.87373459314171	166	442	Genic/other	0	Non-heritable	0.0842974544474601	0.920925348232966	0.00698936501246488	0	0	0	0.842974544474601	5.11198778835654	6.09356977004514	0	1.58386050216974
BA_only	hippocampus	AA	psi	chr8_143930722_143931060	chr8	143930722	143931060	159	159	0	0	0.00184456857388585	0.800326971574895	5.61880106606097	-5.61880106606097	338	419	Genic/other	1	Heritable	0.145208346915568	0.913117908694655	0.00754474732944419	3868	0	0	1.45208346915568	5.82304589548302	6.04025471127741	8.26075135470051	1.72611830948542
BA_only	hippocampus	AA	psi	chr8_143933652_143933873	chr8	143933652	143933873	159	159	0	0	0.006643308998796	0.925354564313795	3.62300485427161	-3.62300485427161	221	412	Genic/other	1	Heritable	0.212890898871986	0.88434715712525	0.00636044026483294	1055	0	0	2.12890898871986	5.39816270151775	6.02344759296103	6.96224346426621	1.28730375452082
BA_only	hippocampus	AA	psi	chr8_143960683_143961086	chr8	143960683	143961086	146	146	0	0	0.0189887228710289	0.97294422691241	2.40299178308344	-2.40299178308344	403	438	Genic/other	0	Heritable	0.125036098061046	0.915718187955834	0.00804109936983309	0	0	0	1.25036098061046	5.99893656194668	6.08449941307517	0	0.876714541469032
BA_only	hippocampus	AA	psi	chr8_143989322_143989477	chr8	143989322	143989477	140	140	0	0	0.000101235410411317	0.387877200068827	4.86847386681734	-4.86847386681734	155	412	Promoter	1	Heritable	0.128540232452651	0.927428054461379	0.00959124517220035	0	0	0	1.28540232452651	5.04342511691925	6.02344759296103	0	1.58278051566637
BA_only	hippocampus	AA	psi	chr8_144203357_144203573	chr8	144203357	144203573	177	177	0	0	0.00309310487423827	0.84862690950741	5.84960966463765	-5.84960966463765	216	353	Genic/other	2	Heritable	0.136883189113085	0.883518568727073	0.00698624034684861	0	0	0	1.36883189113085	5.37527840768417	5.86929691313377	0	1.76637493673357
BA_only	hippocampus	AA	psi	chr8_144313359_144314180	chr8	144313359	144314180	157	157	0	0	0.000358313045147425	0.564612732839247	8.74868791688546	8.74868791688546	821	337	Genic/other	0	Heritable	0.104238969964846	0.882183883781432	0.00699584345118403	0	0	0	1.04238969964846	6.71052310945243	5.82304589548302	0	2.16890373791263
BA_only	hippocampus	AA	psi	chr8_144413009_144414040	chr8	144413009	144414040	90	90	0	0	0.0148209116721105	0.966089857218066	1.46573927603418	1.46573927603418	1031	275	Promoter	2	Heritable	0.340209747652298	0.80935291262166	0.0233722882970019	0	0	0	3.40209747652298	6.93828448401696	5.62040086571715	0	0.382359747290311
BA_only	hippocampus	AA	psi	chr8_144429010_144429763	chr8	144429010	144429763	90	90	0	0	0.00103247826717677	0.721962374926426	1.8043786765811	-1.8043786765811	753	288	Promoter	2	Heritable	0.233400616357521	0.826666812353932	0.0159637583027472	520	0	0	2.33400616357521	6.62406522779989	5.66642668811243	6.25575004175337	0.590216314567634
BA_only	hippocampus	AA	psi	chr8_144527482_144527581	chr8	144527482	144527581	110	110	0	0	0.0157180261698896	0.967716068030647	3.40165086704166	3.40165086704166	99	295	Promoter	1	Heritable	0.23216144010783	0.818177842299941	0.00642351520817946	490	0	0	2.3216144010783	4.59511985013459	5.69035945432406	6.19644412779452	1.22426086585093
BA_only	hippocampus	AA	psi	chr8_144615534_144616169	chr8	144615534	144616169	99	99	0	0	0.000823461372654468	0.683545185690424	3.22758532532888	-3.22758532532888	635	284	Genic/other	1	Non-heritable	0.0921616204968265	0.774775316245134	0.00937323809395868	26835	0	0	0.921616204968265	6.45362499889269	5.65248918026865	10.1974995486828	1.17173428346004
BA_only	hippocampus	AA	psi	chr8_144622736_144622914	chr8	144622736	144622914	99	99	0	0	0.0125981492748331	0.961486936605435	3.74542778787862	-3.74542778787862	178	281	Genic/other	1	Heritable	0.11548341505597	0.840881807486386	0.00794253728637579	20090	0	0	1.1548341505597	5.18178355029209	5.64190707093811	9.90802723257816	1.32053584218852
BA_only	hippocampus	AA	psi	chr8_144646177_144646429	chr8	144646177	144646429	93	93	0	0	0.00477781435610129	0.903845859635741	5.87038106016107	5.87038106016107	252	282	Genic/other	0	Non-heritable	0.0549195308175325	0.806594149337591	0.00625648956588203	0	0	0	0.549195308175325	5.52942908751142	5.64544689764324	0	1.76991954998863
BA_only	hippocampus	AA	psi	chr8_144730558_144730751	chr8	144730558	144730751	141	141	0	0	0.0141277401583949	0.964826773227435	9.3390014547005	-9.3390014547005	193	264	Genic/other	2	Heritable	0.234395322447934	0.846482972182001	0.00703952680484334	23647	0	0	2.34395322447934	5.26269018890489	5.57972982598622	10.0710338237479	2.23419933696454
BA_only	hippocampus	AA	psi	chr8_144799856_144800436	chr8	144799856	144800436	181	181	0	0	0.0161452551675387	0.968106276565941	4.17619948818597	-4.17619948818597	580	234	Genic/other	1	Heritable	0.315926296006188	0.815600542878472	0.0111173937468897	2510	0	0	3.15926296006188	6.36302810354047	5.45958551414416	7.82843635915759	1.42940162199338
BA_only	hippocampus	AA	psi	chr8_145050758_145051359	chr8	145050758	145051359	141	141	0	0	0.0207705303738659	0.975856666808667	2.18409358507188	-2.18409358507188	601	147	Genic/other	1	Non-heritable	0.0720862226419332	0.635447584324602	0.0124715173874983	1137	0	0	0.720862226419332	6.39859493453521	4.99721227376412	7.03702761468628	0.781200911850806
BA_only	hippocampus	AA	psi	chr8_1456719_1457577	chr8	1456719	1457577	0	0	0	0					858	736	Genic/other	2	Heritable	0.195891000556891	0.928140501874547	0.0100365374433765	19810	0	0	1.95891000556891	6.75460409948796	6.60258789218934	9.89399261797433	
BA_only	hippocampus	AA	psi	chr8_1464178_1464505	chr8	1464178	1464505	0	0	0	0					327	743	Genic/other	0	Heritable	0.147576302734314	0.947691444161975	0.00709705014554672	27269	0	0	1.47576302734314	5.78996017089725	6.61204103483309	10.2135424758396	
BA_only	hippocampus	AA	psi	chr8_1486443_1487194	chr8	1486443	1487194	1	1	0	0	0.651653412763822	0.99725367388771	0.447725243113677	-0.447725243113677	751	761	Genic/other	1	Non-heritable	0.0751431093976696	0.929517479629548	0.00822409539130298	49534	0	0	0.751431093976696	6.62140565176413	6.63594655568665	10.8104347694071	-0.803575508996584
BA_only	hippocampus	AA	psi	chr8_1491832_1492311	chr8	1491832	1492311	1	1	0	0	0.968600704853813	0.99945421133173	0.0264219125557678	-0.0264219125557678	479	755	Genic/other	1	Heritable	0.11049621308148	0.968220479611788	0.00970639697277621	54923	0	0	1.1049621308148	6.17170059741092	6.62804137617953	10.9137056904416	-3.63356121358137
BA_only	hippocampus	AA	psi	chr8_1607538_1607629	chr8	1607538	1607629	55	55	0	0	0.0220976384498793	0.975932065139872	2.1148221468621	2.1148221468621	91	871	Genic/other	0	Heritable	0.103921153113477	0.965352449446743	0.0103182530566259	128791	0	0	1.03921153113477	4.51085950651685	6.77078942390898	11.7659539789221	0.748970722372742
BA_only	hippocampus	AA	psi	chr8_16512606_16513325	chr8	16512606	16513325	3	3	0	0	0.224677091184752	0.991497141402577	1.29640896683511	-1.29640896683511	719	563	Promoter	0	Heritable	0.117567112662171	0.931204031048299	0.00711269081075537	0	0	0	1.17567112662171	6.57786135772105	6.33505425149806	0	0.259598116694412
BA_only	hippocampus	AA	psi	chr8_16832340_16832602	chr8	16832340	16832602	3	3	0	0	0.425333655394851	0.994840206451052	0.704790603519256	0.704790603519256	262	550	Genic/other	0	Non-heritable	0.0691287392002561	0.927691224165336	0.00716412260749746	0	0	0	0.691287392002561	5.5683445037611	6.31173480915292	0	-0.349854522384073
BA_only	hippocampus	AA	psi	chr8_17163034_17163415	chr8	17163034	17163415	16	16	0	0	0.191282622520829	0.991064867102684	0.588067429097048	-0.588067429097048	381	774	Genic/other	0	Non-heritable	0.0589499432030995	0.965768120756128	0.00707733328164418	0	0	0	0.589499432030995	5.9427993751267	6.65286302935335	0	-0.530913645318256
BA_only	hippocampus	AA	psi	chr8_17410797_17412733	chr8	17410797	17412733	23	23	0	0	0.00781350226989306	0.933559278800072	1.15338753998457	-1.15338753998457	1936	732	Genic/other	2	Non-heritable	0.0782581758754532	0.966600680106935	0.0106883992324544	39759	0	0	0.782581758754532	7.56837926783652	6.59714570188665	10.5906166607705	0.142703307953793
BA_only	hippocampus	AA	psi	chr8_1746344_1746731	chr8	1746344	1746731	105	105	0	0	0.0183548002327174	0.972503866121758	6.62305273797347	-6.62305273797347	387	863	Enhancer	0	Non-heritable	0.0753669612330552	0.973890360338381	0.00821300964424149	0	0	0	0.753669612330552	5.95842469302978	6.76157276880406	0	1.89055640383372
BA_only	hippocampus	AA	psi	chr8_17575784_17576116	chr8	17575784	17576116	49	49	0	0	0.0715504236676008	0.985907779499035	1.77309636387699	-1.77309636387699	332	626	Promoter	1	Heritable	0.145439763473014	0.916454473506085	0.0101229716335544	639	0	0	1.45439763473014	5.80513496891649	6.44094654063292	6.46146817635372	0.572727382003417
BA_only	hippocampus	AA	psi	chr8_17579026_17579645	chr8	17579026	17579645	49	49	0	0	0.0345916837572438	0.980327953711174	3.13355795603878	-3.13355795603878	619	631	Genic/other	2	Heritable	0.590198879212323	0.941105634965972	0.00600753249053144	1889	0	0	5.90198879212323	6.4281052726846	6.44888939414686	7.54433210805369	1.14216908932712
BA_only	hippocampus	AA	psi	chr8_1762608_1762798	chr8	1762608	1762798	105	105	0	0	0.00214853421409337	0.815187053503819	3.2761014204207	3.2761014204207	190	834	Promoter	1	Heritable	0.113807256795276	0.961829520939778	0.00845878653295648	0	0	0	1.13807256795276	5.24702407216049	6.72743172485086	0	1.1866541271784
BA_only	hippocampus	AA	psi	chr8_17628444_17629149	chr8	17628444	17629149	47	47	0	0	0.0271014572237029	0.975932065139872	3.41919777573195	-3.41919777573195	705	661	Genic/other	0	Heritable	0.108448731136141	0.949686980832079	0.00835554071156716	5063	0	0	1.08448731136141	6.55819780281227	6.49526555593701	8.52991196382401	1.22940595798425
BA_only	hippocampus	AA	psi	chr8_17661182_17662028	chr8	17661182	17662028	51	51	0	0	0.117386597744896	0.990898390030923	3.54740294741555	3.54740294741555	846	635	Genic/other	0	Heritable	0.140012729697415	0.953547880097667	0.00627379739565507	0	0	0	1.40012729697415	6.74051935960622	6.45519856334012	0	1.26621577447439
BA_only	hippocampus	AA	psi	chr8_17692039_17695783	chr8	17692039	17695783	51	51	0	0	0.000447601656226117	0.604162640906295	3.36281815995774	3.36281815995774	3744	649	Promoter	0	Non-heritable	0.094079241683489	0.964323404287859	0.00632156412855809	0	0	0	0.94079241683489	8.22790983759748	6.47697236288968	0	1.21277936348724
BA_only	hippocampus	AA	psi	chr8_17754137_17755273	chr8	17754137	17755273	52	52	0	0	0.0026521545318075	0.835655744705892	2.82222644477938	-2.82222644477938	1136	660	Promoter	0	Non-heritable	0.0454042673564329	0.957249007747957	0.00725554254119539	687	0	0	0.454042673564329	7.0352685992811	6.49375383985169	6.53378883793334	1.03752609641212
BA_only	hippocampus	AA	psi	chr8_17802100_17802789	chr8	17802100	17802789	49	49	0	0	0.00788189386736131	0.933559278800072	3.49588958028771	-3.49588958028771	689	654	Genic/other	1	Non-heritable	0.0716238106422443	0.912119438712044	0.00682691939262214	0	0	0	0.716238106422443	6.53524127101366	6.48463523563525	0	1.25158787556909
BA_only	hippocampus	AA	psi	chr8_17850078_17851744	chr8	17850078	17851744	480	480	0	0	0.00837774470775131	0.933559278800072	8.68042468445464	8.68042468445464	1666	670	Enhancer	0	Heritable	0.101552857808847	0.955898293198701	0.00771822327030606	0	0	0	1.01552857808847	7.41818082272679	6.50876913697168	0	2.16107045540789
BA_only	hippocampus	AA	psi	chr8_1809267_1810119	chr8	1809267	1810119	116	116	0	0	0.00291111574097351	0.846222391562562	5.08760376786948	-5.08760376786948	852	812	Genic/other	0	Heritable	0.251609977613889	0.955062074954961	0.00697038246213361	0	0	0	2.51609977613889	6.74758652682932	6.70073110954781	0	1.62680694915909
BA_only	hippocampus	AA	psi	chr8_1838098_1838522	chr8	1838098	1838522	117	117	0	0	0.0151744942935773	0.966228276045537	3.93770248433595	3.93770248433595	424	769	Genic/other	1	Non-heritable	0.0857312336757864	0.958223833367853	0.00710051017368291	0	0	0	0.857312336757864	6.04973345523196	6.64639051484773	0	1.37059742996236
BA_only	hippocampus	AA	psi	chr8_1847549_1848273	chr8	1847549	1848273	117	117	0	0	0.00751801593339005	0.933559278800072	3.49740017602575	3.49740017602575	724	748	Genic/other	1	Non-heritable	0.0584870599396209	0.946273341382179	0.00988502271924101	0	0	0	0.584870599396209	6.58479139238572	6.61873898351722	0	1.25201988848715
BA_only	hippocampus	AA	psi	chr8_1858948_1859480	chr8	1858948	1859480	117	117	0	0	0.00213240168265631	0.815187053503819	6.53732345218589	-6.53732345218589	532	762	Promoter	0	Heritable	0.200385145231646	0.937403538675035	0.00760953358013747	703	0	0	2.00385145231646	6.27664348934165	6.63725803128446	6.55677835615804	1.87752782515429
BA_only	hippocampus	AA	psi	chr8_1863379_1863513	chr8	1863379	1863513	117	117	0	0	0.000232886724068894	0.503902674622265	2.77368295584182	2.77368295584182	134	747	Genic/other	0	Heritable	0.107436403898059	0.964231907560755	0.00590743979104812	0	0	0	1.07436403898059	4.89783979995091	6.61740297797448	0	1.02017602763304
BA_only	hippocampus	AA	psi	chr8_1879961_1880731	chr8	1879961	1880731	118	118	0	0	0.00829137292861963	0.933559278800072	3.40924529044206	3.40924529044206	770	735	Genic/other	2	Non-heritable	0.0979325604520404	0.914293365941521	0.00929235056806689	0	0	0	0.979325604520404	6.64639051484773	6.60123011872888	0	1.22649094728219
BA_only	hippocampus	AA	psi	chr8_18806366_18809088	chr8	18806366	18809088	3	3	0	0	0.32347741532841	0.993828622005322	0.836601352872293	-0.836601352872293	2722	746	Promoter	0	Non-heritable	0.099910119654767	0.962331350844551	0.00966578315892931	0	0	0	0.99910119654767	7.90912218321141	6.61606518513282	0	-0.178407590914533
BA_only	hippocampus	AA	psi	chr8_1896164_1896864	chr8	1896164	1896864	122	122	0	0	0.00491493381198923	0.903845859635741	3.08264547431867	3.08264547431867	700	723	Genic/other	0	Non-heritable	0.0831666287095793	0.961891309005584	0.0059665789811617	0	0	0	0.831666287095793	6.5510803350434	6.58479139238572	0	1.12578815180189
BA_only	hippocampus	AA	psi	chr8_1899443_1900051	chr8	1899443	1900051	122	122	0	0	0.00816432978107039	0.933559278800072	2.96103595255768	2.96103595255768	608	719	Enhancer	0	Heritable	0.140525355002319	0.944656935523515	0.00926134284997858	1006	0	0	1.40525355002319	6.41017488196617	6.5792512120101	6.91473089271856	1.08553919445525
BA_only	hippocampus	AA	psi	chr8_1914906_1915208	chr8	1914906	1915208	127	127	0	0	0.0124655045728767	0.960836098876319	2.10885320576016	-2.10885320576016	302	719	Genic/other	0	Non-heritable	0.0985606381559692	0.97047254385054	0.00739479840939601	8665	0	0	0.985606381559692	5.71042701737487	6.5792512120101	9.06716260229985	0.746144300098774
BA_only	hippocampus	AA	psi	chr8_19372263_19374000	chr8	19372263	19374000	151	151	0	0	0.00309445947516043	0.84862690950741	21.5708187786931	21.5708187786931	1737	656	Genic/other	0	Non-heritable	0.0918085733087347	0.953629142062621	0.00665721735827741	8190	0	0	0.918085733087347	7.45991476624111	6.48768401848461	9.0107912695156	3.07134141928623
BA_only	hippocampus	AA	psi	chr8_19460945_19461263	chr8	19460945	19461263	150	150	0	0	0.00872095789156576	0.933559278800072	2.72810451553191	-2.72810451553191	318	654	Genic/other	1	Heritable	0.337099546191092	0.907084407418275	0.00769205198039948	2518	0	0	3.37099546191092	5.76205138278018	6.48463523563525	7.83161727635261	1.003607055058
BA_only	hippocampus	AA	psi	chr8_1953120_1953498	chr8	1953120	1953498	135	135	0	0	0.01962396438715	0.973631121108853	2.15868932407392	-2.15868932407392	378	711	Genic/other	0	Non-heritable	0.0899448026643668	0.930826500504277	0.0094870409360458	7638	0	0	0.899448026643668	5.93489419561959	6.56807791141198	8.94102198354136	0.769501247744056
BA_only	hippocampus	AA	psi	chr8_1957501_1958431	chr8	1957501	1958431	145	145	0	0	0.00229387237267338	0.820192749465547	4.01384355124352	-4.01384355124352	930	713	Genic/other	0	Non-heritable	0.0802296772056145	0.956367397670121	0.00718567162659099	8632	0	0	0.802296772056145	6.8351845861473	6.57088296233958	9.06334734823552	1.38974927633204
BA_only	hippocampus	AA	psi	chr8_19754845_19756060	chr8	19754845	19756060	33	33	0	0	0.0476554987050647	0.982661996589092	3.21341094668523	-3.21341094668523	1215	550	Genic/other	1	Non-heritable	0.0887881315591637	0.942770705769451	0.00585427074407186	0	0	0	0.887881315591637	7.10249935577465	6.31173480915292	0	1.16733297630736
BA_only	hippocampus	AA	psi	chr8_19938788_19939022	chr8	19938788	19939022	26	26	0	0	0.0521591792154506	0.984319054509081	7.72830954398841	7.72830954398841	234	556	Promoter	1	Non-heritable	0.0678828305776309	0.915112417615983	0.00872938737446319	0	0	0	0.678828305776309	5.4553211153577	6.32256523992728	0	2.04489015226591
BA_only	hippocampus	AA	psi	chr8_20196474_20196565	chr8	20196474	20196565	36	36	0	0	0.122530168119418	0.991064867102684	2.66889943875501	-2.66889943875501	91	544	Promoter	1	Non-heritable	0.0795413178138994	0.924543414367879	0.0086434338779435	976	0	0	0.795413178138994	4.51085950651685	6.30078579466324	6.88448665204278	0.981666195960375
BA_only	hippocampus	AA	psi	chr8_2020660_2020940	chr8	2020660	2020940	102	102	0	0	0.00800966567800187	0.933559278800072	5.77338604761387	-5.77338604761387	280	699	Enhancer	1	Non-heritable	0.0596252937458472	0.962412258169714	0.00702526382289493	2624	0	0	0.596252937458472	5.63478960316925	6.5510803350434	7.87283617502572	1.75325874680563
BA_only	hippocampus	AA	psi	chr8_2021484_2021861	chr8	2021484	2021861	96	96	0	0	0.00246717449154442	0.824728302674626	4.28354533698249	-4.28354533698249	377	689	Genic/other	2	Non-heritable	0.0800206676290191	0.961985777484904	0.00812343579525226	1703	0	0	0.800206676290191	5.93224518744801	6.53669159759131	7.44073370738926	1.45478101879816
BA_only	hippocampus	AA	psi	chr8_2023554_2024570	chr8	2023554	2024570	96	96	0	0	0.000250227654640393	0.503902674622265	6.82314589907426	-6.82314589907426	1016	689	Genic/other	2	Heritable	0.129582749456828	0.947441034006569	0.00550491969218739	0	0	0	1.29582749456828	6.92362862813843	6.53669159759131	0	1.92032064249021
BA_only	hippocampus	AA	psi	chr8_2086251_2086531	chr8	2086251	2086531	91	91	0	0	0.00288922293025862	0.845897687109742	3.54974245326485	-3.54974245326485	280	717	Genic/other	1	Heritable	0.118218396380797	0.960215294643249	0.0102969654093878	987	0	0	1.18218396380797	5.63478960316925	6.57646956904822	6.89568269774787	1.26687505529657
BA_only	hippocampus	AA	psi	chr8_2126656_2128692	chr8	2126656	2128692	88	88	0	0	0.00274602429538028	0.841419595132505	6.19561244754739	-6.19561244754739	2036	717	Promoter	2	Heritable	0.112951091621242	0.957975739705965	0.0211472625658035	3403	0	0	1.12951091621242	7.61874237767041	6.57646956904822	8.13270648969326	1.82384137339824
BA_only	hippocampus	AA	psi	chr8_2134153_2135322	chr8	2134153	2135322	87	87	0	0	0.00624524378690944	0.920376068783091	6.38960986233331	6.38960986233331	1169	734	Promoter	1	Heritable	0.527542311423844	0.92556098570441	0.00868579354013095	5563	0	0	5.27542311423844	7.06390396147207	6.59987049921284	8.62407255304333	1.85467321368266
BA_only	hippocampus	AA	psi	chr8_21592087_21593068	chr8	21592087	21593068	2	2	0	0	0.059233465049324	0.98577631996496	1.33467623695752	-1.33467623695752	981	542	Intergenic	0	Heritable	0.745114139313941	0.925942304115553	0.00828734459151881	143753	0	0	7.45114139313941	6.88857245956536	6.29710931993394	11.8758587843594	0.288688750799202
BA_only	hippocampus	AA	psi	chr8_2184501_2185197	chr8	2184501	2185197	84	84	0	0	0.0200741137158123	0.975813476900289	4.10965112634637	4.10965112634637	696	712	Intergenic	1	Heritable	0.128561272391371	0.882555688828701	0.00679585654255633	0	0	0	1.28561272391371	6.54534966033442	6.5694814204143	0	1.41333814323794
BA_only	hippocampus	AA	psi	chr8_22055661_22056052	chr8	22055661	22056052	38	38	0	0	0.0167286968569288	0.970581273335112	1.23544500714248	-1.23544500714248	391	517	Promoter	1	Heritable	0.127646606784369	0.921293757807829	0.00719788604557956	0	0	0	1.27646606784369	5.96870755998537	6.24997524225948	0	0.211431242941069
BA_only	hippocampus	AA	psi	chr8_22086596_22086792	chr8	22086596	22086792	38	38	0	0	0.0559494138651352	0.98577631996496	1.97460622865079	1.97460622865079	196	537	Genic/other	1	Heritable	0.16024048096013	0.952886898905982	0.00573755025926936	2505	0	0	1.6024048096013	5.27811465923052	6.28785856016178	7.82644313545601	0.680369005640636
BA_only	hippocampus	AA	psi	chr8_22114539_22115120	chr8	22114539	22115120	38	38	0	0	0.0139320318586645	0.964441318501853	2.57768804768177	-2.57768804768177	581	533	Genic/other	0	Heritable	0.104173192951138	0.937416513025909	0.00732130735184481	6573	0	0	1.04173192951138	6.36475075685191	6.2803958389602	8.79087775422416	0.946892895520671
BA_only	hippocampus	AA	psi	chr8_22131659_22132323	chr8	22131659	22132323	39	39	0	0	0.00910537730349654	0.938585776116121	1.80751271066822	1.80751271066822	664	534	Promoter	1	Heritable	0.138467691768072	0.911156726309724	0.00633241287275015	6228	0	0	1.38467691768072	6.49828214947643	6.28226674689601	8.73697108525415	0.591951712740109
BA_only	hippocampus	AA	psi	chr8_22132638_22132900	chr8	22132638	22132900	39	39	0	0	0.0131903942081511	0.964283399649536	1.63020323975838	1.63020323975838	262	523	Genic/other	1	Non-heritable	0.084471939291959	0.878160218410516	0.00727907036140895	5651	0	0	0.84471939291959	5.5683445037611	6.26149168432104	8.63976474380442	0.488704700148433
BA_only	hippocampus	AA	psi	chr8_22155421_22155732	chr8	22155421	22155732	39	39	0	0	0.0154196374581011	0.967076513219291	3.38817613902003	-3.38817613902003	311	513	Genic/other	1	Non-heritable	0.0826628360315081	0.946494480304553	0.00733173143162439	0	0	0	0.826628360315081	5.73979291217923	6.24222326545517	0	1.22029176747488
BA_only	hippocampus	AA	psi	chr8_22157593_22158468	chr8	22157593	22158468	39	39	0	0	0.00580933644029425	0.91658260669542	2.66687485528789	-2.66687485528789	875	523	Promoter	1	Heritable	0.107274907810832	0.946146208024663	0.00555993605464457	0	0	0	1.07274907810832	6.77422388635761	6.26149168432104	0	0.980907324447031
BA_only	hippocampus	AA	psi	chr8_22160528_22160873	chr8	22160528	22160873	40	40	0	0	0.0189578616390737	0.97294422691241	2.48380262988115	-2.48380262988115	345	506	Promoter	1	Non-heritable	0.077530238310828	0.910328670227433	0.00651881028138596	996	0	0	0.77530238310828	5.84354441703136	6.22851100359118	6.90475076996184	0.909790708370891
BA_only	hippocampus	AA	psi	chr8_22212361_22212545	chr8	22212361	22212545	38	38	0	0	0.00453148109055866	0.895415716423085	0.768239150041388	-0.768239150041388	184	515	Intergenic	0	Heritable	0.101072680160743	0.921062264599597	0.00965149869023801	10557	0	0	1.01072680160743	5.21493575760899	6.24610676548156	9.26463914538356	-0.263654188007454
BA_only	hippocampus	AA	psi	chr8_2238674_2239653	chr8	2238674	2239653	44	44	0	0	0.0548916916182982	0.98577631996496	3.55846274190954	-3.55846274190954	979	749	Intergenic	2	Non-heritable	0.0901802136351437	0.956983515049473	0.00792726878178371	22873	0	0	0.901802136351437	6.88653164253051	6.62007320653036	10.0377561733412	1.26932864034524
BA_only	hippocampus	AA	psi	chr8_22442617_22442987	chr8	22442617	22442987	53	53	0	0	0.0160857727262052	0.968106276565941	3.56800488658596	-3.56800488658596	370	521	Enhancer	1	Heritable	0.108779224992154	0.920206921495801	0.0113927294110661	8725	0	0	1.08779224992154	5.91350300563827	6.25766758788264	9.07406235368355	1.27200658707836
BA_only	hippocampus	AA	psi	chr8_22554778_22554959	chr8	22554778	22554959	56	56	0	0	0.0295248910830022	0.976712848084579	4.00103343650917	4.00103343650917	181	539	Promoter	1	Non-heritable	0.0908532426960299	0.942031580438116	0.00783703998088634	0	0	0	0.908532426960299	5.19849703126583	6.29156913955832	0	1.38655268937757
BA_only	hippocampus	AA	psi	chr8_22737392_22737912	chr8	22737392	22737912	58	58	0	0	0.03290096091624	0.979164877002956	2.22313793536476	2.22313793536476	520	533	Genic/other	0	Non-heritable	0.0922434912012889	0.945980771598512	0.00887403364569826	33788	0	0	0.922434912012889	6.25382881157547	6.2803958389602	10.4278905847158	0.798919686752157
BA_only	hippocampus	AA	psi	chr8_23070950_23071359	chr8	23070950	23071359	35	35	0	0	0.0698470653885317	0.985907779499035	2.49343470287483	-2.49343470287483	409	568	Genic/other	1	Heritable	0.106697542808434	0.938131828145336	0.00692492192301982	0	0	0	1.06697542808434	6.0137151560428	6.34388043412633	0	0.913661162735587
BA_only	hippocampus	AA	psi	chr8_24229254_24229830	chr8	24229254	24229830	7	7	0	0	0.0103544003079469	0.944902218841749	1.13968398171009	-1.13968398171009	576	283	Intergenic	0	Heritable	0.135248025376418	0.869862609042682	0.00867066832783894	0	0	0	1.35248025376418	6.35610766069589	5.64897423816121	0	0.130751023725005
BA_only	hippocampus	AA	psi	chr8_2481183_2481460	chr8	2481183	2481460	229	229	0	0	0.000959269835364055	0.712123831471765	5.51391716917308	-5.51391716917308	277	696	Intergenic	2	Non-heritable	0.0786533022903753	0.940875370885785	0.0105453608860296	12505	0	0	0.786533022903753	5.62401750618734	6.54678541076052	9.43396380812724	1.70727529238961
BA_only	hippocampus	AA	psi	chr8_24961398_24962081	chr8	24961398	24962081	33	33	0	0	0.0212763104647995	0.975932065139872	2.57121662809648	2.57121662809648	683	346	Intergenic	0	Non-heritable	0.0677122832733363	0.892251939860569	0.00547565800309245	0	0	0	0.677122832733363	6.52649485957079	5.84932477994686	0	0.944379186926223
BA_only	hippocampus	AA	psi	chr8_25121913_25124867	chr8	25121913	25124867	40	40	0	0	0.000244424214236186	0.503902674622265	2.38255944836374	-2.38255944836374	2954	360	Intergenic	0	Heritable	0.157110440523364	0.876594905919169	0.00853162655124766	54093	0	0	1.57110440523364	7.99091546309133	5.88887795833288	10.8984785529539	0.868175312525999
BA_only	hippocampus	AA	psi	chr8_25186100_25186630	chr8	25186100	25186630	40	40	0	0	0.0469858743387491	0.982445572707507	1.07063727582111	-1.07063727582111	530	399	Genic/other	1	Heritable	0.118532297843031	0.908370723855572	0.00773256945142781	2581	0	0	1.18532297843031	6.27287700654617	5.99146454710798	7.85631957140659	0.0682540654033047
BA_only	hippocampus	AA	psi	chr8_25213148_25213452	chr8	25213148	25213452	45	45	0	0	0.0142513363819721	0.964826773227435	3.8895553492837	-3.8895553492837	304	413	Genic/other	0	Heritable	0.1134266230548	0.90778538334235	0.0103018049907825	29629	0	0	1.134266230548	5.71702770140622	6.02586597382531	10.2965426405676	1.35829484757117
BA_only	hippocampus	AA	psi	chr8_25214705_25215557	chr8	25214705	25215557	45	45	0	0	0.0160450854679966	0.968049414896919	2.78455226594971	-2.78455226594971	852	421	Genic/other	0	Heritable	0.120813866010921	0.909858320999758	0.00589524607670759	31186	0	0	1.20813866010921	6.74758652682932	6.04500531403601	10.3477566203012	1.02408709778039
BA_only	hippocampus	AA	psi	chr8_25308105_25309107	chr8	25308105	25309107	19	19	0	0	0.0825868300431992	0.988137148207548	1.32765839605603	-1.32765839605603	1002	415	Promoter	0	Non-heritable	0.0829294679369596	0.887094412514621	0.00785450730271521	5779	0	0	0.829294679369596	6.90975328164481	6.03068526026126	8.66215896166642	0.283416793610984
BA_only	hippocampus	AA	psi	chr8_25606267_25606724	chr8	25606267	25606724	32	32	0	0	0.0185244594540503	0.972503866121758	3.41851094694993	3.41851094694993	457	438	Genic/other	0	Non-heritable	0.0885284209513743	0.915795498989363	0.00567846243805994	63959	0	0	0.885284209513743	6.12468339089421	6.08449941307517	11.0660131669479	1.22920506355889
BA_only	hippocampus	AA	psi	chr8_25685112_25685808	chr8	25685112	25685808	27	27	0	0	0.0153975299317343	0.967076513219291	2.11140056026257	-2.11140056026257	696	452	Promoter	0	Non-heritable	0.0854750838405235	0.929584681518092	0.00750553844206955	0	0	0	0.854750838405235	6.54534966033442	6.11589212548303	0	0.747351504660837
BA_only	hippocampus	AA	psi	chr8_25687818_25688722	chr8	25687818	25688722	27	27	0	0	0.000715113051139322	0.671462524966158	4.32781414822176	4.32781414822176	904	439	Genic/other	0	Non-heritable	0.0409518908390289	0.865560003485956	0.00695980966498039	0	0	0	0.409518908390289	6.80682936039218	6.08677472691231	0	1.46506260120954
BA_only	hippocampus	AA	psi	chr8_26087585_26088685	chr8	26087585	26088685	19	19	0	0	0.0479003761842155	0.982661996589092	7.26601910125585	-7.26601910125585	1100	466	Intergenic	0	Non-heritable	0.091757773203083	0.925845516845319	0.00587883947292471	40356	0	0	0.91757773203083	7.00306545878646	6.1463292576689	10.605520140684	1.98320856402619
BA_only	hippocampus	AA	psi	chr8_26203120_26204252	chr8	26203120	26204252	28	28	0	0	0.19071555277981	0.991064867102684	2.3229268868063	-2.3229268868063	1132	405	Intergenic	0	Non-heritable	0.0690152321908157	0.828874461384552	0.00732581825439887	62140	0	0	0.690152321908157	7.03174125876313	6.00635315960173	11.0371612755115	0.842827983988885
BA_only	hippocampus	AA	psi	chr8_2622355_2624581	chr8	2622355	2624581	234	234	0	0	0.00995431034977583	0.944409719717072	2.61729319796427	-2.61729319796427	2226	627	Promoter	0	Heritable	0.239843070421139	0.951043321411649	0.0135662087697804	0	0	0	2.39843070421139	7.70796153183549	6.4425401664682	0	0.962140656998535
BA_only	hippocampus	AA	psi	chr8_26293818_26294868	chr8	26293818	26294868	33	33	0	0	0.00432163010454168	0.888539612676336	3.14312984693515	-3.14312984693515	1050	433	Genic/other	0	Non-heritable	0.0877608980129488	0.898082778917949	0.00930998977742838	0	0	0	0.877608980129488	6.95654544315157	6.07304453410041	0	1.14521907319966
BA_only	hippocampus	AA	psi	chr8_26373958_26374357	chr8	26373958	26374357	26	26	0	0	0.0131268561902689	0.964283399649536	3.34314343507765	-3.34314343507765	399	467	Intergenic	0	Non-heritable	0.0569153265844378	0.855669133257907	0.00619359096182151	7508	0	0	0.569153265844378	5.98896141688986	6.14846829591765	8.92385758009989	1.20691151560434
BA_only	hippocampus	AA	psi	chr8_26580900_26582265	chr8	26580900	26582265	25	25	0	0	0.0223506228540723	0.975932065139872	1.41279913677021	1.41279913677021	1365	391	Genic/other	2	Non-heritable	0.0838532551244789	0.874286964361911	0.00724955247974414	0	0	0	0.838532551244789	7.21890970761906	5.97126183979046	0	0.345572946939156
BA_only	hippocampus	AA	psi	chr8_26583670_26584469	chr8	26583670	26584469	25	25	0	0	0.00483764118407712	0.903845859635741	2.75180578865671	-2.75180578865671	799	391	Genic/other	0	Non-heritable	0.0576616594898911	0.809802290610602	0.00766032556105445	1700	0	0	0.576616594898911	6.68336094576628	5.97126183979046	7.43897159239586	1.01225735023253
BA_only	hippocampus	AA	psi	chr8_26588204_26589692	chr8	26588204	26589692	25	25	0	0	0.035624510885742	0.980335433525707	1.63345439835606	-1.63345439835606	1488	378	Enhancer	0	Non-heritable	0.0620805648322055	0.820315244596006	0.00736477765433125	6234	0	0	0.620805648322055	7.30518821539304	5.93753620508243	8.73793385811414	0.490697041266094
BA_only	hippocampus	AA	psi	chr8_26607854_26607991	chr8	26607854	26607991	23	23	0	0	0.134735901965309	0.991064867102684	3.86893825076889	3.86893825076889	137	383	Genic/other	0	Non-heritable	0.070551187922947	0.879094554814837	0.00653497113164561	25884	0	0	0.70551187922947	4.91998092582813	5.95064255258773	10.161418929336	1.352980118178
BA_only	hippocampus	AA	psi	chr8_26864979_26865214	chr8	26864979	26865214	10	10	0	0	0.046193652941723	0.981789757189854	4.45334073906589	4.45334073906589	235	359	Promoter	1	Heritable	0.148498102072237	0.899526538630203	0.00889958699464343	891	0	0	1.48498102072237	5.45958551414416	5.88610403145016	6.79346613258001	1.49365454464841
BA_only	hippocampus	AA	psi	chr8_27248714_27249993	chr8	27248714	27249993	22	22	0	0	0.00205392387746831	0.811090501848299	5.99361987698849	-5.99361987698849	1279	358	Genic/other	0	Non-heritable	0.0729345599686473	0.84577706595984	0.00761035425406146	6316	0	0	0.729345599686473	7.15383380157884	5.88332238848828	8.7509996908987	1.79069555129945
BA_only	hippocampus	AA	psi	chr8_27254930_27257070	chr8	27254930	27257070	22	22	0	0	0.02158601912103	0.975932065139872	1.30600212991443	1.30600212991443	2140	355	Enhancer	0	Non-heritable	0.0721923784317548	0.843212945776577	0.00778878484578084	12532	0	0	0.721923784317548	7.6685611080159	5.87493073085203	9.43612044461152	0.266970669378494
BA_only	hippocampus	AA	psi	chr8_27258145_27258894	chr8	27258145	27258894	22	22	0	0	0.0192368389138817	0.973330286765374	4.62226174153434	-4.62226174153434	749	353	Promoter	0	Heritable	0.179903340138583	0.912985705169576	0.00659078145998651	15747	0	0	1.79903340138583	6.61873898351722	5.86929691313377	9.66446865206363	1.53088414190907
BA_only	hippocampus	AA	psi	chr8_2727330_2729042	chr8	2727330	2729042	234	234	0	0	0.00275306572363319	0.842029831452187	1.68040878361818	1.68040878361818	1712	654	Promoter	0	Heritable	0.125195404128842	0.966001576032508	0.0187262986287726	0	0	0	1.25195404128842	7.44541755670169	6.48463523563525	0	0.519037093349969
BA_only	hippocampus	AA	psi	chr8_27274960_27275717	chr8	27274960	27275717	22	22	0	0	0.0311144960323028	0.976893291659941	3.61784482378659	3.61784482378659	757	342	Intergenic	0	Heritable	0.139829066626736	0.897620539297913	0.0110394966926039	32562	0	0	1.39829066626736	6.62936325343745	5.83773044716594	10.3909319534642	1.28587849876392
BA_only	hippocampus	AA	psi	chr8_27326219_27327212	chr8	27326219	27327212	22	22	0	0	0.104721252344571	0.990610842832516	4.55646197110658	4.55646197110658	993	329	Promoter	1	Non-heritable	0.0677723760460054	0.876005265542163	0.00876882788829487	654	0	0	0.677723760460054	6.90073066404517	5.79909265446053	6.48463523563525	1.51654644103831
BA_only	hippocampus	AA	psi	chr8_2733559_2735767	chr8	2733559	2735767	234	234	0	0	0.000669181902449551	0.662516029185809	2.35900391111219	2.35900391111219	2208	651	Enhancer	0	Non-heritable	0.0878604881993077	0.948591977200355	0.0098568206207969	0	0	0	0.878604881993077	7.69984240739699	6.48004456192665	0	0.858239462616692
BA_only	hippocampus	AA	psi	chr8_27490060_27490563	chr8	27490060	27490563	39	39	0	0	0.00163977931116108	0.786661074605562	1.93704128196777	-1.93704128196777	503	376	Promoter	1	Heritable	0.102416486700258	0.899055695977813	0.014050181182234	745	0	0	1.02416486700258	6.22059017009974	5.93224518744801	6.61472560020376	0.661161701682296
BA_only	hippocampus	AA	psi	chr8_27519297_27519687	chr8	27519297	27519687	39	39	0	0	0.0278389790389181	0.975932065139872	4.85149206256723	-4.85149206256723	390	384	Genic/other	0	Non-heritable	0.0461016902262044	0.858028456020881	0.00792922447562967	15692	0	0	0.461016902262044	5.96614673912369	5.95324333428779	9.66097003203872	1.57928630146503
BA_only	hippocampus	AA	psi	chr8_27591944_27592091	chr8	27591944	27592091	42	42	0	0	0.00601501349776883	0.919417785088414	2.69150079050172	2.69150079050172	147	418	Enhancer	1	Non-heritable	0.0459038651005205	0.901931376946083	0.00737861930854544	520	0	0	0.459038651005205	4.99043258677874	6.03787091992214	6.25575004175337	0.990098956437267
BA_only	hippocampus	AA	psi	chr8_27636330_27637280	chr8	27636330	27637280	45	45	0	0	0.0449028493126549	0.981395945960329	3.31000910334878	-3.31000910334878	950	415	Enhancer	1	Heritable	0.275629655106279	0.843390198097234	0.00984236954663355	21674	0	0	2.75629655106279	6.85646198459459	6.03068526026126	9.98391480164874	1.19695094266276
BA_only	hippocampus	AA	psi	chr8_27669693_27670228	chr8	27669693	27670228	48	48	0	0	0.0194251732316079	0.973401339742928	8.34208236086133	-8.34208236086133	535	404	Genic/other	0	Heritable	0.11666600875913	0.878110903973388	0.00696689983146674	0	0	0	1.1666600875913	6.28226674689601	6.00388706710654	0	2.12131286996016
BA_only	hippocampus	AA	psi	chr8_28191694_28192506	chr8	28191694	28192506	15	15	0	0	0.0858066693275858	0.988137148207548	1.04474361229608	1.04474361229608	812	523	Intergenic	0	Non-heritable	0.0943299099506954	0.941392077642553	0.00623920729969453	58212	0	0	0.943299099506954	6.69950034016168	6.26149168432104	10.9718639764743	0.0437715178008898
BA_only	hippocampus	AA	psi	chr8_28491352_28491867	chr8	28491352	28491867	31	31	0	0	0.0180521481141549	0.971452676751561	2.17943003623272	-2.17943003623272	515	452	Genic/other	1	Non-heritable	0.0398356726146328	0.886254509151435	0.00792737731022527	1165	0	0	0.398356726146328	6.24416690066374	6.11589212548303	7.06133436691044	0.779063395935617
BA_only	hippocampus	AA	psi	chr8_28492673_28493257	chr8	28492673	28493257	31	31	0	0	0.0238485827379218	0.975932065139872	1.8360798441643	-1.8360798441643	584	461	Promoter	1	Non-heritable	0.0479942996947714	0.886155724232617	0.00839460608239136	2486	0	0	0.479942996947714	6.36990098282823	6.13556489108174	7.8188324438034	0.607632784806022
BA_only	hippocampus	AA	psi	chr8_28611853_28612274	chr8	28611853	28612274	34	34	0	0	0.0332909871239098	0.979164877002956	4.52117222243265	4.52117222243265	421	418	Genic/other	0	Heritable	0.153496947154993	0.929349628413708	0.00707201969385945	10535	0	0	1.53496947154993	6.04263283368238	6.03787091992214	9.26255324342312	1.50877130367899
BA_only	hippocampus	AA	psi	chr8_29079159_29079610	chr8	29079159	29079610	16	16	0	0	0.0137796976588872	0.964441318501853	1.45237527638016	-1.45237527638016	451	417	Genic/other	0	Non-heritable	0.053334434608096	0.826507181512061	0.00831185516814071	0	0	0	0.53334434608096	6.11146733950268	6.03548143252476	0	0.37320034470146
BA_only	hippocampus	AA	psi	chr8_29102434_29102690	chr8	29102434	29102690	14	14	0	0	0.0285593498008047	0.975932065139872	0.700290095042341	-0.700290095042341	256	406	Genic/other	0	Heritable	0.11589078282301	0.862865681387131	0.00801083795530316	9688	0	0	1.1589078282301	5.54517744447956	6.0088131854426	9.178746500385	-0.356260594018745
BA_only	hippocampus	AA	psi	chr8_29146366_29146756	chr8	29146366	29146756	14	14	0	0	0.0310001940175435	0.976893291659941	1.63420339119753	-1.63420339119753	390	391	Genic/other	0	Non-heritable	0.0943042330517094	0.831530003516088	0.00868170053143718	53620	0	0	0.943042330517094	5.96614673912369	5.97126183979046	10.8896960613736	0.491155469227796
BA_only	hippocampus	AA	psi	chr8_29195692_29196190	chr8	29195692	29196190	14	14	0	0	0.0121879039042913	0.95809323095415	0.904505666485745	0.904505666485745	498	374	Genic/other	0	Non-heritable	0.0709290432901012	0.880762584667537	0.0108953136064578	93338	0	0	0.709290432901012	6.21060007702465	5.92692602597041	11.443993305926	-0.100366698339233
BA_only	hippocampus	AA	psi	chr8_29353479_29353715	chr8	29353479	29353715	152	152	0	0	0.00298043830282917	0.846261736290652	1.83861614759413	-1.83861614759413	236	387	Promoter	1	Non-heritable	0.0917769304051802	0.907904926792779	0.00865541525755922	28039	0	0	0.917769304051802	5.46383180502561	5.96100533962327	10.2413873411485	0.609013200396573
BA_only	hippocampus	AA	psi	chr8_29611319_29611935	chr8	29611319	29611935	173	173	0	0	0.0030332388892637	0.846513053928579	4.59247788827339	-4.59247788827339	616	448	Intergenic	0	Heritable	0.119097321424772	0.918264431659251	0.00525605250782545	15001	0	0	1.19097321424772	6.42324696353352	6.10702288774226	9.61593880452958	1.52441972552581
BA_only	hippocampus	AA	psi	chr8_30383032_30383585	chr8	30383032	30383585	85	85	0	0	0.00874959286444151	0.933559278800072	2.58366386843091	2.58366386843091	553	336	Promoter	1	Heritable	0.193954263751436	0.852709830109179	0.00592065285892913	0	0	0	1.93954263751436	6.31535800152234	5.82008293035236	0	0.949208499452864
BA_only	hippocampus	AA	psi	chr8_30600886_30601589	chr8	30600886	30601589	89	89	0	0	0.00786490847043805	0.933559278800072	3.66349989195435	-3.66349989195435	703	312	Genic/other	0	Heritable	0.104131416981012	0.875210651546566	0.00843895959088457	34628	0	0	1.04131416981012	6.55535689181067	5.74620319054015	10.452446760283	1.29841894785505
BA_only	hippocampus	AA	psi	chr8_30731223_30731533	chr8	30731223	30731533	18	18	0	0	0.0277312267838011	0.975932065139872	1.39506755571504	1.39506755571504	310	333	Genic/other	1	Non-heritable	0.0974734959523672	0.829765452628982	0.00702457604925256	1774	0	0	0.974734959523672	5.73657229747919	5.8111409929767	7.48155570190952	0.332942848304761
BA_only	hippocampus	AA	psi	chr8_32647612_32647716	chr8	32647612	32647716	23	23	0	0	0.0713370861424758	0.985907779499035	2.69364885455741	-2.69364885455741	104	282	Promoter	0	Non-heritable	0.0731350465594044	0.788257648983547	0.00667504465546181	0	0	0	0.731350465594044	4.64439089914137	5.64544689764324	0	0.990896729685262
BA_only	hippocampus	AA	psi	chr8_33202715_33205030	chr8	33202715	33205030	30	30	0	0	0.0486661927855833	0.982844443292717	1.66372534964812	1.66372534964812	2315	234	Intergenic	0	Heritable	0.652519556813172	0.853009220027563	0.00752434783871175	126175	0	0	6.52519556813172	7.74716496652034	5.45958551414416	11.7454330366774	0.50905928048866
BA_only	hippocampus	AA	psi	chr8_33247205_33247756	chr8	33247205	33247756	31	31	0	0	0.00777010800662957	0.933559278800072	1.29450592030037	1.29450592030037	551	216	Intergenic	0	Heritable	0.596820510212412	0.857301032972474	0.00929812822663101	142041	0	0	5.96820510212412	6.31173480915292	5.37989735354046	11.8638780674986	0.258129101350271
BA_only	hippocampus	AA	psi	chr8_33298315_33299510	chr8	33298315	33299510	17	17	0	0	0.0147309933275218	0.966089857218066	1.0267291364821	-1.0267291364821	1195	215	Intergenic	0	Heritable	0.636029073978284	0.855790357195304	0.0149821579753284	90287	0	0	6.36029073978284	7.08590146436561	5.37527840768417	11.4107598402089	0.026378163428748
BA_only	hippocampus	AA	psi	chr8_33572344_33572602	chr8	33572344	33572602	68	68	0	0	0.000914673260121603	0.704421462184525	2.42936239828915	2.42936239828915	258	205	Intergenic	0	Heritable	0.14338595116603	0.794438700613033	0.0103877755128189	24988	0	0	1.4338595116603	5.55295958492162	5.32787616878958	10.1261910070219	0.887628839503802
BA_only	hippocampus	AA	psi	chr8_3358185_3358459	chr8	3358185	3358459	2	2	0	0	0.0204511401101937	0.975856666808667	1.79207457038685	-1.79207457038685	274	894	Genic/other	0	Heritable	0.347103838166382	0.951295832309358	0.00787809738367143	227800	0	0	3.47103838166382	5.61312810638807	6.79682371827486	12.3362277198012	0.58337393220616
BA_only	hippocampus	AA	psi	chr8_3563661_3564053	chr8	3563661	3564053	2	2	0	0	0.512320528498085	0.995491993704945	0.504715760448383	0.504715760448383	392	949	Genic/other	0	Heritable	0.421572578099091	0.943523784425736	0.00815780109783902	22206	0	0	4.21572578099091	5.97126183979046	6.85646198459459	10.0081628334743	-0.683759838950766
BA_only	hippocampus	AA	psi	chr8_35870558_35871019	chr8	35870558	35871019	7	7	0	0	0.0423839090000571	0.980549382116533	2.42713487428391	-2.42713487428391	461	168	Genic/other	0	Non-heritable	0.0967559840178376	0.769036854857711	0.00689095585986048	0	0	0	0.967559840178376	6.13339804299665	5.12989871492307	0	0.886711501748934
BA_only	hippocampus	AA	psi	chr8_37380977_37381244	chr8	37380977	37381244	623	623	0	0	0.00127195294430983	0.748685029382681	8.47027204823306	8.47027204823306	267	339	Intergenic	0	Non-heritable	0.0471676556905222	0.819516703014253	0.00630282531036663	12379	0	0	0.471676556905222	5.58724865840025	5.82894561761021	9.42383754623859	2.13656262836454
BA_only	hippocampus	AA	psi	chr8_3738264_3739375	chr8	3738264	3739375	2	2	0	0	0.031709967770502	0.977060807838727	0.346494629845821	-0.346494629845821	1111	879	Genic/other	0	Heritable	0.545401336544727	0.950428203737539	0.00902711432892239	115021	0	0	5.45401336544727	7.01301578963963	6.77992190747225	11.6528786933969	-1.05988792989226
BA_only	hippocampus	AA	psi	chr8_37452647_37453240	chr8	37452647	37453240	668	668	0	0	0.000634613227083588	0.657105411686211	5.01129637947802	5.01129637947802	593	355	Genic/other	0	Non-heritable	0.064499743868127	0.900556428191324	0.0068327398573927	0	0	0	0.64499743868127	6.38519439899773	5.87493073085203	0	1.61169464199894
BA_only	hippocampus	AA	psi	chr8_38150037_38150432	chr8	38150037	38150432	53	53	0	0	0.00650681611847509	0.922854781406953	2.59331705577173	2.59331705577173	395	307	Promoter	0	Non-heritable	0.0785863628001316	0.857713427265726	0.00843857086539965	0	0	0	0.785863628001316	5.97888576490112	5.73009978297357	0	0.952937776663852
BA_only	hippocampus	AA	psi	chr8_38151153_38151620	chr8	38151153	38151620	53	53	0	0	0.0360276535738134	0.980494018606455	2.8528194876684	-2.8528194876684	467	304	Promoter	0	Heritable	0.102747722135697	0.870348935493971	0.00908898297973675	397	0	0	1.02747722135697	6.1463292576689	5.72031177660741	5.98645200528444	1.04830780267587
BA_only	hippocampus	AA	psi	chr8_38232901_38233047	chr8	38232901	38233047	95	95	0	0	0.00634199917244403	0.920376068783091	3.19367526907769	3.19367526907769	146	313	Promoter	1	Heritable	0.160539252233341	0.895950017172048	0.00977568764238006	0	0	0	1.60539252233341	4.98360662170834	5.74939298590825	0	1.16117237871269
BA_only	hippocampus	AA	psi	chr8_38317849_38317988	chr8	38317849	38317988	160	160	0	0	0.00717034305483415	0.931602204679102	2.71029577832411	-2.71029577832411	139	314	Genic/other	0	Heritable	0.124923722982236	0.876388142162328	0.00736360462316781	13261	0	0	1.24923722982236	4.93447393313069	5.75257263882563	9.49265808192881	0.997057775918577
BA_only	hippocampus	AA	psi	chr8_38512431_38512849	chr8	38512431	38512849	156	156	0	0	0.0132568676829053	0.964283399649536	3.69381453827104	3.69381453827104	418	308	Genic/other	0	Non-heritable	0.0531350723931656	0.774203508647449	0.0106563570365245	0	0	0	0.531350723931656	6.03548143252476	5.73334127689775	0	1.30665967701682
BA_only	hippocampus	AA	psi	chr8_38722087_38722493	chr8	38722087	38722493	91	91	0	0	0.00356319954518451	0.866906756094015	3.6564731549039	3.6564731549039	406	300	Intergenic	0	Non-heritable	0.0711245241209235	0.739501013563637	0.00865463800834108	6177	0	0	0.711245241209235	6.00635315960173	5.70711026474888	8.72874987347853	1.29649906669029
BA_only	hippocampus	AA	psi	chr8_38788548_38788788	chr8	38788548	38788788	100	100	0	0	0.0311090683763565	0.976893291659941	3.47664266066347	3.47664266066347	240	310	Genic/other	1	Heritable	0.111516616173592	0.888579949737395	0.00588083663483849	0	0	0	1.11516616173592	5.48063892334199	5.73979291217923	0	1.24606707830641
BA_only	hippocampus	AA	psi	chr8_38789234_38789883	chr8	38789234	38789883	100	100	0	0	0.00564555045717324	0.914301706404424	5.25955776487269	5.25955776487269	649	318	Genic/other	1	Heritable	0.119594966598041	0.881327479172263	0.00685417330839059	0	0	0	1.19594966598041	6.47543271670409	5.76519110278484	0	1.66004694999715
BA_only	hippocampus	AA	psi	chr8_39510945_39511534	chr8	39510945	39511534	14	14	0	0	0.0356445917891764	0.980480353062201	1.93171026203619	-1.93171026203619	589	204	Genic/other	0	Heritable	0.186738275787214	0.7361579208372	0.00354612047715078	20681	0	0	1.86738275787214	6.37842618365159	5.32300997913841	9.93701903574492	0.658405761830607
BA_only	hippocampus	AA	psi	chr8_39940054_39940343	chr8	39940054	39940343	113	113	0	0	0.000508890759350161	0.618950101433934	5.66878480435103	-5.66878480435103	289	300	Enhancer	0	Heritable	0.364223713365283	0.833466537255815	0.00968941660767725	15332	0	0	3.64223713365283	5.66642668811243	5.70711026474888	9.63776264743639	1.73497477631357
BA_only	hippocampus	AA	psi	chr8_40033902_40034350	chr8	40033902	40034350	115	115	0	0	0.00399120414378993	0.876522125001225	5.63494899371725	5.63494899371725	448	338	Intergenic	0	Non-heritable	0.0750675817867928	0.873303838861453	0.00734406147102199	20336	0	0	0.750675817867928	6.10479323241499	5.82600010738045	9.92019716609908	1.72898809753371
BA_only	hippocampus	AA	psi	chr8_40515855_40516971	chr8	40515855	40516971	32	32	0	0	0.0306243156922281	0.976893291659941	4.10821661945521	-4.10821661945521	1116	410	Intergenic	0	Heritable	0.556265168691142	0.905586528355258	0.00881947439069289	114182	0	0	5.56265168691142	7.01750614294126	6.01859321449623	11.6455577034768	1.41298902423369
BA_only	hippocampus	AA	psi	chr8_40896725_40897320	chr8	40896725	40897320	16	16	0	0	0.31450811001808	0.993790903832506	2.0116182031757	2.0116182031757	595	413	Genic/other	1	Heritable	0.104678151315054	0.823920369445233	0.0137785876951403	0	0	0	1.04678151315054	6.38856140554563	6.02586597382531	0	0.698939479348904
BA_only	hippocampus	AA	psi	chr8_41307553_41307844	chr8	41307553	41307844	37	37	0	0	0.0254812220523139	0.975932065139872	9.85562367938078	-9.85562367938078	291	407	Promoter	1	Heritable	0.144599048229143	0.918654602000645	0.00679375331321686	88772	0	0	1.44599048229143	5.67332326717149	6.01126717440416	11.3938378286924	2.28804222519586
BA_only	hippocampus	AA	psi	chr8_41310218_41311279	chr8	41310218	41311279	37	37	0	0	0.0121312281050716	0.957281683288733	3.83830686768607	-3.83830686768607	1061	407	Promoter	1	Non-heritable	0.0971986503198018	0.909827076469476	0.0099263163012494	85337	0	0	0.971986503198018	6.96696713861398	6.01126717440416	11.3543751207983	1.34503135209778
BA_only	hippocampus	AA	psi	chr8_41342346_41343315	chr8	41342346	41343315	38	38	0	0	0.00951579455947503	0.939841915020693	2.73042448654246	-2.73042448654246	969	394	Intergenic	0	Non-heritable	0.0682739435991889	0.898487855249765	0.0115925859929618	53301	0	0	0.682739435991889	6.87626461189077	5.97888576490112	10.8837291329021	1.00445709034804
BA_only	hippocampus	AA	psi	chr8_41617074_41617342	chr8	41617074	41617342	54	54	0	0	0.0121790592103624	0.95809323095415	5.10287685453123	5.10287685453123	268	373	Genic/other	0	Heritable	0.130802662468414	0.871793550993948	0.0077303717935113	1634	0	0	1.30802662468414	5.59098698051086	5.92425579741453	7.39939808333135	1.62980447177527
BA_only	hippocampus	AA	psi	chr8_41659374_41659985	chr8	41659374	41659985	54	54	0	0	0.012446405134668	0.960836098876319	3.86618018299963	3.86618018299963	611	354	Promoter	0	Non-heritable	0.0902015348628113	0.837543124803538	0.00818301389344816	0	0	0	0.902015348628113	6.4150969591716	5.87211778947542	0	1.35226698937393
BA_only	hippocampus	AA	psi	chr8_41735999_41736827	chr8	41735999	41736827	54	54	0	0	0.00377487033015739	0.871031337525248	3.22733968632639	3.22733968632639	828	357	Genic/other	0	Heritable	0.255166189115175	0.873120146115347	0.0111895699153848	0	0	0	2.55166189115175	6.71901315438526	5.8805329864007	0	1.17165817444208
BA_only	hippocampus	AA	psi	chr8_42005175_42006148	chr8	42005175	42006148	41	41	0	0	0.0100270165469339	0.944902218841749	2.64786085685422	-2.64786085685422	973	320	Genic/other	0	Non-heritable	0.0644416988546125	0.830887856263803	0.00817024938657019	26532	0	0	0.644416988546125	6.88038408218601	5.77144112313002	10.1861445202714	0.973752093965575
BA_only	hippocampus	AA	psi	chr8_42126367_42126581	chr8	42126367	42126581	82	82	0	0	0.00396661984921248	0.876132919298309	1.31874408742471	1.31874408742471	214	320	Intergenic	0	Non-heritable	0.0425644239337508	0.746579380447138	0.0158971160367148	15166	0	0	0.425644239337508	5.36597601502185	5.77144112313002	9.6268772940514	0.276679842345747
BA_only	hippocampus	AA	psi	chr8_42208293_42209914	chr8	42208293	42209914	82	82	0	0	0.00715067838537863	0.931602204679102	2.59849421557605	2.59849421557605	1621	294	Promoter	0	Non-heritable	0.0788934631132239	0.847131971228055	0.00672463456098081	0	0	0	0.788934631132239	7.39079852173568	5.68697535633982	0	0.954932133249555
BA_only	hippocampus	AA	psi	chr8_42334925_42335665	chr8	42334925	42335665	88	88	0	0	0.010094174598098	0.944902218841749	2.15503907781192	2.15503907781192	740	252	Genic/other	1	Non-heritable	0.0989550186828596	0.639846398984767	0.0135743122120962	3019	0	0	0.989550186828596	6.60665018619822	5.53338948872752	8.01301211036892	0.767808861587003
BA_only	hippocampus	AA	psi	chr8_42416806_42417075	chr8	42416806	42417075	81	81	0	0	0.00236707582787516	0.823087269649574	1.60073290051186	1.60073290051186	269	209	Genic/other	0	Non-heritable	0.0496023972153255	0.629486866679853	0.00632308994747818	18093	0	0	0.496023972153255	5.59471137960184	5.34710753071747	9.80333567058569	0.470461593434039
BA_only	hippocampus	AA	psi	chr8_42898800_42899262	chr8	42898800	42899262	30	30	0	0	0.0121354283595414	0.957296772026008	2.15517790421543	-2.15517790421543	462	142	Genic/other	1	Heritable	0.117317106166253	0.687034163327504	0.00604447461906014	1559	0	0	1.17317106166253	6.13556489108174	4.96284463025991	7.35244110024358	0.767873278948585
BA_only	hippocampus	AA	psi	chr8_43077392_43078231	chr8	43077392	43078231	30	30	0	0	0.0320707148799987	0.977551075713316	1.83984271833788	1.83984271833788	839	142	Genic/other	0	Non-heritable	0.0670572012715229	0.592940682702241	0.00941661249719239	0	0	0	0.670572012715229	6.73221070646721	4.96284463025991	0	0.609680094238394
BA_only	hippocampus	AA	psi	chr8_43092397_43092554	chr8	43092397	43092554	29	29	0	0	0.0528215667262404	0.984783117109287	1.79340140866369	1.79340140866369	157	142	Promoter	1	Heritable	0.237975110100423	0.697780086660564	0.00941084851996962	1008	0	0	2.37975110100423	5.05624580534831	4.96284463025991	6.91671502035361	0.584114050582497
BA_only	hippocampus	AA	psi	chr8_43277210_43277380	chr8	43277210	43277380	25	25	0	0	0.0506225494049855	0.984153364580922	1.22231765464269	-1.22231765464269	170	103	Promoter	2	Heritable	0.14243708273928	0.605798577219541	0.00944083274076997	23243	0	0	1.4243708273928	5.13579843705026	4.64439089914137	10.053802313195	0.200748781666454
BA_only	hippocampus	AA	psi	chr8_4591280_4592069	chr8	4591280	4592069	2	2	0	0	0.497729214530029	0.994840206451052	1.81037941932777	1.81037941932777	789	914	Genic/other	0	Heritable	0.411320721819488	0.957804388050753	0.00727319736834467	40819	0	0	4.11320721819488	6.67076632084587	6.81892406527552	10.6169274363638	0.593536452771405
BA_only	hippocampus	AA	psi	chr8_4662423_4662749	chr8	4662423	4662749	2	2	0	0	0.269535379895212	0.993437465767387	2.15126417347399	-2.15126417347399	326	897	Genic/other	0	Heritable	0.124917785711778	0.981198641409045	0.0076641824179642	28986	0	0	1.24917785711778	5.78689738136671	6.8001700683022	10.2746027326009	0.766055661653308
BA_only	hippocampus	AA	psi	chr8_47262057_47262638	chr8	47262057	47262638	88	88	0	0	0.00740391097845214	0.933559278800072	1.46466838827627	-1.46466838827627	581	111	Genic/other	1	Non-heritable	0.0644711139296383	0.567962038680903	0.00833627401201936	0	0	0	0.644711139296383	6.36475075685191	4.71849887129509	0	0.381628867548687
BA_only	hippocampus	AA	psi	chr8_47735198_47736312	chr8	47735198	47736312	23	23	0	0	0.0601450862753642	0.98577631996496	1.35740694382067	1.35740694382067	1114	123	Intergenic	2	Heritable	0.112564740926483	0.547447699391676	0.0096939287524834	0	0	0	1.12564740926483	7.01571242048723	4.82028156560504	0	0.305576228171607
BA_only	hippocampus	AA	psi	chr8_47763086_47763531	chr8	47763086	47763531	25	25	0	0	0.0051999001776192	0.910521893616427	1.23478339149872	1.23478339149872	445	119	Intergenic	1	Non-heritable	0.0968484877817897	0.59765518804545	0.00705125451370903	10845	0	0	0.968484877817897	6.09807428216624	4.78749174278205	9.29155162740101	0.210895571296627
BA_only	hippocampus	AA	psi	chr8_47852951_47853431	chr8	47852951	47853431	26	26	0	0	0.0940806921102488	0.98989315440863	1.04961765259813	1.04961765259813	480	123	Genic/other	0	Non-heritable	0.0793700867301741	0.595360824408289	0.010249521536145	75264	0	0	0.793700867301741	6.17378610390194	4.82028156560504	11.2287704982946	0.048425966998769
BA_only	hippocampus	AA	psi	chr8_48007123_48007194	chr8	48007123	48007194	20	20	0	0	0.00862792559117971	0.933559278800072	1.49353646123037	-1.49353646123037	71	134	Genic/other	1	Non-heritable	0.0247753509234674	0.528476948605798	0.00510845460962615	1275	0	0	0.247753509234674	4.26267987704132	4.90527477843843	7.15148546390474	0.40114677834933
BA_only	hippocampus	AA	psi	chr8_4812081_4813180	chr8	4812081	4813180	2	2	0	0	0.482439484631863	0.994840206451052	1.58579791527699	-1.58579791527699	1099	885	Genic/other	0	Non-heritable	0.085142568925558	0.973536984150127	0.00676468035180866	178644	0	0	0.85142568925558	7.00215595440362	6.78671695060508	12.0931558753745	0.461087703542145
BA_only	hippocampus	AA	psi	chr8_48430625_48431326	chr8	48430625	48431326	47	47	0	0	0.0127470898524609	0.961717006536833	1.49125419643359	-1.49125419643359	701	168	Promoter	0	Heritable	0.128712646604725	0.774722256967858	0.00811698833415361	0	0	0	1.28712646604725	6.55250788703459	5.12989871492307	0	0.399617515169407
BA_only	hippocampus	AA	psi	chr8_48514143_48515350	chr8	48514143	48515350	59	59	0	0	0.0325179083274318	0.978660772153819	0.713940330428842	-0.713940330428842	1207	176	Enhancer	2	Heritable	0.249203386608575	0.759989930866168	0.0141359000837409	1002	0	0	2.49203386608575	7.09589322109753	5.17614973257383	6.91075078796194	-0.336955876955969
BA_only	hippocampus	AA	psi	chr8_49204724_49206725	chr8	49204724	49206725	22	22	0	0	0.0228313048181073	0.975932065139872	1.39250130456116	1.39250130456116	2001	164	Genic/other	0	Heritable	0.763044199233021	0.859278479442589	0.00752924950740985	0	0	0	7.63044199233021	7.60140233458373	5.10594547390058	0	0.331101636848415
BA_only	hippocampus	AA	psi	chr8_49912758_49913895	chr8	49912758	49913895	22	22	0	0	0.104009578636474	0.990610842832516	0.868176802379942	-0.868176802379942	1137	144	Genic/other	1	Non-heritable	0.0976706885637202	0.656278672752656	0.0087074388536008	0	0	0	0.976706885637202	7.03614849375054	4.97673374242057	0	-0.141359884167447
BA_only	hippocampus	AA	psi	chr8_5140556_5141414	chr8	5140556	5141414	3	3	0	0	0.538327506329541	0.996046599456101	0.256999098022021	0.256999098022021	858	738	Intergenic	0	Heritable	0.115758384501213	0.958495676860312	0.00627626028259485	10899	0	0	1.15758384501213	6.75460409948796	6.6052979209482	9.29651806821724	-1.35868266482438
BA_only	hippocampus	AA	psi	chr8_52390243_52391080	chr8	52390243	52391080	16	16	0	0	0.181442738110708	0.991064867102684	2.09710530036106	2.09710530036106	837	277	Genic/other	0	Non-heritable	0.0873605442592769	0.853471468652829	0.00662523810487625	15009	0	0	0.873605442592769	6.72982407048948	5.62762111369064	9.61647192462751	0.740557970191996
BA_only	hippocampus	AA	psi	chr8_52407848_52410082	chr8	52407848	52410082	16	16	0	0	0.0373036743641624	0.980549382116533	3.14309989022306	3.14309989022306	2234	273	Promoter	0	Non-heritable	0.0553200361866588	0.83107375708841	0.00815105038774912	0	0	0	0.553200361866588	7.71154897962915	5.61312810638807	0	1.14520954230014
BA_only	hippocampus	AA	psi	chr8_52496197_52497720	chr8	52496197	52497720	10	10	0	0	0.0193280913267502	0.973353388707841	2.4534775993582	-2.4534775993582	1523	298	Intergenic	0	Non-heritable	0.0583639213146997	0.861142772942458	0.00663895004403276	35311	0	0	0.583639213146997	7.32843735289516	5.70044357339069	10.4719781284965	0.897506450505853
BA_only	hippocampus	AA	psi	chr8_5303661_5303704	chr8	5303661	5303704	3	3	0	0	0.437256385875035	0.994840206451052	0.301717969683463	0.301717969683463	43	780	Intergenic	0	Heritable	0.652941007020643	0.937245721681404	0.00721611126352601	174004	0	0	6.52941007020643	3.76120011569356	6.66057514983969	12.066839313416	-1.19826254001719
BA_only	hippocampus	AA	psi	chr8_53291561_53295262	chr8	53291561	53295262	46	46	0	0	0.0306647768044146	0.976893291659941	3.34258771685035	3.34258771685035	3701	268	Intergenic	0	Heritable	0.668013488999913	0.869873459743924	0.00915886147836763	0	0	0	6.68013488999913	8.21635833238616	5.59471137960184	0	1.20674527552848
BA_only	hippocampus	AA	psi	chr8_53691727_53692438	chr8	53691727	53692438	46	46	0	0	0.0218303121728334	0.975932065139872	2.02375496116184	-2.02375496116184	711	264	Intergenic	0	Non-heritable	0.0467255233987394	0.727310548883585	0.015740123192125	23585	0	0	0.467255233987394	6.56667242980324	5.57972982598622	10.0684085946499	0.70495468241773
BA_only	hippocampus	AA	psi	chr8_53693659_53694878	chr8	53693659	53694878	46	46	0	0	0.0299716372136395	0.976741514025636	1.70930522797698	-1.70930522797698	1219	252	Intergenic	0	Heritable	0.28913933286853	0.829926068269725	0.0197158527454519	21145	0	0	2.8913933286853	7.10578612948127	5.53338948872752	9.95920604129247	0.536086994374255
BA_only	hippocampus	AA	psi	chr8_53712158_53713641	chr8	53712158	53713641	46	46	0	0	0.00842503312871555	0.933559278800072	8.90665875810226	-8.90665875810226	1483	243	Promoter	0	Non-heritable	0.0483465446857981	0.760693378116107	0.0084226557263176	2382	0	0	0.483465446857981	7.30182234213793	5.4971682252932	7.77611547709874	2.18679917318508
BA_only	hippocampus	AA	psi	chr8_54134568_54134757	chr8	54134568	54134757	39	39	0	0	0.0224609740225405	0.975932065139872	2.30409855377988	2.30409855377988	189	320	Promoter	1	Non-heritable	0.0924249163969315	0.833937125580073	0.00838445741437221	18455	0	0	0.924249163969315	5.24174701505964	5.77144112313002	9.82314479985359	0.834689521336982
BA_only	hippocampus	AA	psi	chr8_54174739_54174781	chr8	54174739	54174781	39	39	0	0	0.046129519861713	0.981789757189854	1.803758703863	1.803758703863	42	326	Intergenic	0	Heritable	0.271181728002089	0.823538245982245	0.00702326172318442	0	0	0	2.71181728002089	3.73766961828337	5.78996017089725	0	0.589872662064753
BA_only	hippocampus	AA	psi	chr8_54383136_54383479	chr8	54383136	54383479	17	17	0	0	0.00541364245352477	0.9135930038698	0.817180296770758	0.817180296770758	343	312	Genic/other	0	Heritable	0.138023513347971	0.864213514363701	0.00751495120706305	7344	0	0	1.38023513347971	5.83773044716594	5.74620319054015	8.90177508860798	-0.201895514749553
BA_only	hippocampus	AA	psi	chr8_54453036_54453184	chr8	54453036	54453184	15	15	0	0	0.0381175197625922	0.980549382116533	1.65337908966699	-1.65337908966699	148	307	Genic/other	1	Non-heritable	0.0598042130704124	0.713652604941178	0.00705078420206737	0	0	0	0.598042130704124	4.99721227376412	5.73009978297357	0	0.502821132935803
BA_only	hippocampus	AA	psi	chr8_54553249_54553838	chr8	54553249	54553838	10	10	0	0	0.0641537707244853	0.985907779499035	0.772185852151509	-0.772185852151509	589	333	Promoter	0	Non-heritable	0.0746399327406029	0.868478449135918	0.0103932305683389	5141	0	0	0.746399327406029	6.37842618365159	5.8111409929767	8.54519738782584	-0.258530003851709
BA_only	hippocampus	AA	psi	chr8_54554932_54555167	chr8	54554932	54555167	10	10	0	0	0.0444196559066698	0.981294536864781	1.33553524529024	-1.33553524529024	235	331	Genic/other	0	Heritable	0.139776464041554	0.919244259753036	0.00976949356544631	3812	0	0	1.39776464041554	5.45958551414416	5.80513496891649	8.24617155985756	0.289332151789446
BA_only	hippocampus	AA	psi	chr8_55939489_55939940	chr8	55939489	55939940	45	45	0	0	0.0360126293773404	0.980494018606455	5.68048320635942	-5.68048320635942	451	275	Promoter	0	Heritable	0.137529467845074	0.80022308204017	0.00780843096976158	0	0	0	1.37529467845074	6.11146733950268	5.62040086571715	0	1.73703630241725
BA_only	hippocampus	AA	psi	chr8_56010750_56011109	chr8	56010750	56011109	49	49	0	0	0.025491136708313	0.975932065139872	1.54393921521571	-1.54393921521571	359	262	Genic/other	0	Non-heritable	0.0719675697329121	0.804991897737296	0.00733945023036189	56409	0	0	0.719675697329121	5.88332238848828	5.57215403217777	10.940401726734	0.434337088920961
BA_only	hippocampus	AA	psi	chr8_56117763_56118058	chr8	56117763	56118058	43	43	0	0	0.0278990641610408	0.975932065139872	1.55436488561534	1.55436488561534	295	273	Genic/other	1	Heritable	0.136225458039531	0.847924595648515	0.00930084311068853	36217	0	0	1.36225458039531	5.68697535633982	5.61312810638807	10.4973115118013	0.441067034945052
BA_only	hippocampus	AA	psi	chr8_56212694_56212882	chr8	56212694	56212882	75	75	0	0	0.00555163092892307	0.914301706404424	2.80964054586564	2.80964054586564	188	269	Genic/other	1	Non-heritable	0.0704347756127668	0.82320910764085	0.00756114046816784	0	0	0	0.704347756127668	5.23644196282995	5.59842195899838	0	1.03305655910165
BA_only	hippocampus	AA	psi	chr8_57142293_57143773	chr8	57142293	57143773	148	148	0	0	0.0045769459555068	0.897520405788695	1.43737106489368	1.43737106489368	1480	316	Promoter	2	Heritable	0.273845478164236	0.889629348267669	0.0327123597561215	0	0	0	2.73845478164236	7.29979736675816	5.75890177387728	0	0.362815802636763
BA_only	hippocampus	AA	psi	chr8_57206383_57207289	chr8	57206383	57207289	152	152	0	0	0.00301885751059704	0.846513053928579	9.74092887092684	-9.74092887092684	906	307	Genic/other	1	Heritable	0.247390243345218	0.851118289918212	0.00540995388023578	0	0	0	2.47390243345218	6.80903930604298	5.73009978297357	0	2.27633648075887
BA_only	hippocampus	AA	psi	chr8_57214674_57215321	chr8	57214674	57215321	152	152	0	0	0.00301379647747124	0.846513053928579	2.17607486144266	2.17607486144266	647	299	Genic/other	1	Non-heritable	0.0768747457891058	0.848279265452458	0.0109372142674206	0	0	0	0.768747457891058	6.4723462945009	5.7037824746562	0	0.777522736233865
BA_only	hippocampus	AA	psi	chr8_57279863_57281153	chr8	57279863	57281153	156	156	0	0	0.00961579478616799	0.939841915020693	2.31426261083509	-2.31426261083509	1290	289	Genic/other	2	Heritable	0.308597293822909	0.832343411454398	0.0175209600694627	35556	0	0	3.08597293822909	7.16239749735572	5.66988092298052	10.4788923216145	0.839091114481734
BA_only	hippocampus	AA	psi	chr8_57948883_57949738	chr8	57948883	57949738	4	4	0	0	0.0925754660536002	0.989446665475032	0.816881072666885	-0.816881072666885	855	353	Enhancer	0	Heritable	0.582025263649291	0.897287526264342	0.00806939589022385	14656	0	0	5.82025263649291	6.75110146893676	5.86929691313377	9.5926733160273	-0.202261748367398
BA_only	hippocampus	AA	psi	chr8_58533770_58536013	chr8	58533770	58536013	43	43	0	0	0.0178833041103322	0.970931943606436	5.012067965168	5.012067965168	2243	381	Intergenic	0	Heritable	0.655615196285726	0.900105677744816	0.00766250132617985	6873	0	0	6.55615196285726	7.71556953452021	5.94542060860658	8.83550145740978	1.61184859942549
BA_only	hippocampus	AA	psi	chr8_59107740_59108562	chr8	59107740	59108562	13	13	0	0	0.0319592262039949	0.97748455075509	3.61823220889838	3.61823220889838	822	361	Genic/other	0	Non-heritable	0.0896118622362777	0.84880647068949	0.00759348385861953	10718	0	0	0.896118622362777	6.71174039505618	5.89164421182577	9.27977314669152	1.28598556924129
BA_only	hippocampus	AA	psi	chr8_59115212_59117143	chr8	59115212	59117143	13	13	0	0	0.0209969508648644	0.975856666808667	3.26486789259539	3.26486789259539	1931	352	Enhancer	2	Non-heritable	0.06768029056583	0.894529603477352	0.0077594440269717	2137	0	0	0.6768029056583	7.56579328242852	5.8664680569333	7.66762609158499	1.18321930328676
BA_only	hippocampus	AA	psi	chr8_60404924_60405509	chr8	60404924	60405509	23	23	0	0	0.0238602074412123	0.975932065139872	2.97785890198872	-2.97785890198872	585	253	Genic/other	0	Non-heritable	0.08463086477004	0.761746309944774	0.00709767410281279	0	0	0	0.8463086477004	6.37161184723186	5.53733426701854	0	1.09120455637279
BA_only	hippocampus	AA	psi	chr8_60413063_60413461	chr8	60413063	60413461	23	23	0	0	0.0161337017748187	0.968106276565941	3.73388138091907	-3.73388138091907	398	263	Promoter	0	Non-heritable	0.0426429506191222	0.759973799689312	0.00930206199183558	0	0	0	0.426429506191222	5.98645200528444	5.57594910314632	0	1.31744827999774
BA_only	hippocampus	AA	psi	chr8_60713766_60714187	chr8	60713766	60714187	195	195	0	0	0.00604996233207196	0.9197579031452	5.44208888492479	5.44208888492479	421	366	Enhancer	2	Non-heritable	0.0749902295825661	0.854041904515506	0.00686926066334233	0	0	0	0.749902295825661	6.04263283368238	5.90536184805457	0	1.69416297520096
BA_only	hippocampus	AA	psi	chr8_60740087_60740730	chr8	60740087	60740730	211	211	0	0	0.00372889596214336	0.868236155887141	5.66552328583603	-5.66552328583603	643	337	Promoter	0	Heritable	0.104001740871208	0.888731333375946	0.00844245333217567	0	0	0	1.04001740871208	6.46614472423762	5.82304589548302	0	1.73439926370648
BA_only	hippocampus	AA	psi	chr8_60865858_60867605	chr8	60865858	60867605	212	212	0	0	0.00145255077879836	0.762484248609066	4.00177667920629	4.00177667920629	1747	337	Genic/other	0	Non-heritable	0.0772913591491605	0.867415334788616	0.00871246919200533	841	0	0	0.772913591491605	7.46565531013406	5.82304589548302	6.73578001424233	1.38673843480615
BA_only	hippocampus	AA	psi	chr8_60911796_60912930	chr8	60911796	60912930	212	212	0	0	0.00588123842165262	0.91660165241749	2.96726428848766	2.96726428848766	1134	325	Enhancer	2	Non-heritable	0.083163688855823	0.880190226991959	0.00613271753443728	0	0	0	0.83163688855823	7.0335064842877	5.78689738136671	0	1.0876404167103
BA_only	hippocampus	AA	psi	chr8_61013671_61014018	chr8	61013671	61014018	213	213	0	0	0.00593602050130535	0.918414150018684	3.51832832289691	-3.51832832289691	347	344	Intergenic	0	Heritable	0.13622406949283	0.869866712288391	0.00520651041713137	0	0	0	1.3622406949283	5.84932477994686	5.84354441703136	0	1.25798597137969
BA_only	hippocampus	AA	psi	chr8_61022767_61022945	chr8	61022767	61022945	213	213	0	0	0.000663563791674591	0.660861069979607	4.13261953201808	-4.13261953201808	178	355	Intergenic	0	Heritable	0.123839561907474	0.899175960996176	0.0109308683126154	0	0	0	1.23839561907474	5.18178355029209	5.87493073085203	0	1.41891147758276
BA_only	hippocampus	AA	psi	chr8_61340595_61341404	chr8	61340595	61341404	8	8	0	0	0.048876307823093	0.982944718913929	1.06453496624998	-1.06453496624998	809	417	Genic/other	0	Non-heritable	0.0864232574814363	0.921332974210253	0.00951057356776411	0	0	0	0.864232574814363	6.69579891705849	6.03548143252476	0	0.0625380617867053
BA_only	hippocampus	AA	psi	chr8_6134444_6134998	chr8	6134444	6134998	4	4	0	0	0.115131828819355	0.990898390030923	0.988845990710569	-0.988845990710569	554	784	Genic/other	0	Non-heritable	0.0929633829356602	0.969839065796997	0.00691676865386167	68418	0	0	0.929633829356602	6.31716468674728	6.66568371778241	11.1334058428153	-0.0112166716065977
BA_only	hippocampus	AA	psi	chr8_61711723_61713563	chr8	61711723	61713563	170	170	0	0	0.0034485044613494	0.866906756094015	5.41522471195862	-5.41522471195862	1840	296	Enhancer	2	Heritable	0.192199613755793	0.862852210263851	0.00821829870586427	0	0	0	1.92199613755793	7.51752085060303	5.6937321388027	0	1.68921437949188
BA_only	hippocampus	AA	psi	chr8_61756570_61757402	chr8	61756570	61757402	170	170	0	0	0.012279945425774	0.958716646517336	6.9413096680988	-6.9413096680988	832	278	Intergenic	0	Non-heritable	0.0628966717685271	0.814072841406729	0.00641673159635099	27753	0	0	0.628966717685271	6.72383244082121	5.63121178182137	10.231135252931	1.93749047113784
BA_only	hippocampus	AA	psi	chr8_62001487_62003313	chr8	62001487	62003313	122	122	0	0	0.0264317714622359	0.975932065139872	5.7686423522582	5.7686423522582	1826	269	Intergenic	0	Heritable	0.388667908235954	0.87897923835436	0.00883008804201312	57344	0	0	3.88667908235954	7.50988306115491	5.59842195899838	10.9568409347986	1.75243676033147
BA_only	hippocampus	AA	psi	chr8_62027110_62028074	chr8	62027110	62028074	122	122	0	0	0.000386732409440597	0.579438373379997	3.76631312044834	-3.76631312044834	964	281	Intergenic	0	Heritable	0.120331104659941	0.849700236625856	0.00894818369615058	82967	0	0	1.20331104659941	6.87109129461055	5.64190707093811	11.3262102702696	1.32609657347213
BA_only	hippocampus	AA	psi	chr8_64368606_64368928	chr8	64368606	64368928	314	314	0	0	0.000545228601865227	0.636920160415722	10.3524290905468	10.3524290905468	322	204	Promoter	1	Heritable	0.160164544389718	0.727834845430073	0.00464601999932107	215	0	0	1.60164544389718	5.77455154554441	5.32300997913841	5.37527840768417	2.33722118787965
BA_only	hippocampus	AA	psi	chr8_64374448_64374826	chr8	64374448	64374826	314	314	0	0	0.00990606839240843	0.944072183983139	5.29584918427554	-5.29584918427554	378	213	Enhancer	1	Heritable	0.101607916699515	0.814091980551919	0.00881491052751981	0	0	0	1.01607916699515	5.93489419561959	5.36597601502185	0	1.66692334282813
BA_only	hippocampus	AA	psi	chr8_64378080_64378388	chr8	64378080	64378388	314	314	0	0	0.00182001751136146	0.796447609036794	3.76377062902535	-3.76377062902535	308	207	Promoter	1	Heritable	0.131770310185782	0.835702285844239	0.00784377401188952	0	0	0	1.31770310185782	5.73009978297357	5.33753807970132	0	1.32542128443221
BA_only	hippocampus	AA	psi	chr8_64579083_64579349	chr8	64579083	64579349	307	307	0	0	0.00345086791241585	0.866906756094015	1.86697802337693	1.86697802337693	266	224	Genic/other	1	Non-heritable	0.0923888197432578	0.734009941305275	0.00763250956083132	0	0	0	0.923888197432578	5.5834963087817	5.41610040220442	0	0.624321098757605
BA_only	hippocampus	AA	psi	chr8_6463244_6464028	chr8	6463244	6464028	79	79	0	0	0.0177362274407638	0.970931943606436	3.21662772633639	-3.21662772633639	784	854	Genic/other	0	Non-heritable	0.0945910484409296	0.970481241619951	0.00844150509618438	0	0	0	0.945910484409296	6.66440902035041	6.75110146893676	0	1.1683335239162
BA_only	hippocampus	AA	psi	chr8_6483688_6484454	chr8	6483688	6484454	79	79	0	0	0.0100780811462883	0.944902218841749	1.98619828523097	-1.98619828523097	766	867	Genic/other	0	Non-heritable	0.0639730527310242	0.972844820005784	0.00835034686321449	0	0	0	0.639730527310242	6.64118216974059	6.76619171466035	0	0.686222407179921
BA_only	hippocampus	AA	psi	chr8_649623_650464	chr8	649623	650464	11	11	0	0	0.00340180467658625	0.86593481253084	1.42873013539718	1.42873013539718	841	481	Genic/other	2	Heritable	0.307698009598375	0.899426559344233	0.0172612738236779	0	0	0	3.07698009598375	6.73459165997295	6.1779441140506	0	0.356786039545413
BA_only	hippocampus	AA	psi	chr8_65585814_65586468	chr8	65585814	65586468	6	6	0	0	0.0878631052728263	0.988867920402182	1.2570124171423	-1.2570124171423	654	257	Intergenic	0	Non-heritable	0.0784699172345936	0.72992418783683	0.00730520870844356	40964	0	0	0.784699172345936	6.4831073514572	5.55295958492162	10.6204733225759	0.228737815909519
BA_only	hippocampus	AA	psi	chr8_65761355_65763433	chr8	65761355	65763433	7	7	0	0	0.0964961374595837	0.990400450319684	0.775175744433885	0.775175744433885	2078	220	Genic/other	0	Non-heritable	0.0703939977102553	0.72169601491309	0.00542771766598509	0	0	0	0.703939977102553	7.63916117165917	5.39816270151775	0	-0.254665495424777
BA_only	hippocampus	AA	psi	chr8_65871471_65871819	chr8	65871471	65871819	51	51	0	0	1.36230036046468e-05	0.115884017672086	2.13760142784707	-2.13760142784707	348	241	Intergenic	0	Non-heritable	0.0791042885330695	0.815794243195431	0.00598966425330844	29388	0	0	0.791042885330695	5.85220247977447	5.48893772615669	10.2883757336555	0.759684377005486
BA_only	hippocampus	AA	psi	chr8_66439793_66439991	chr8	66439793	66439991	126	126	0	0	0.0179626480884662	0.971121386059383	6.61665698782495	6.61665698782495	198	219	Genic/other	1	Heritable	0.121000556881977	0.795164339633848	0.00848274142164869	0	0	0	1.21000556881977	5.28826703069454	5.39362754635236	0	1.88959025717812
BA_only	hippocampus	AA	psi	chr8_66493022_66493837	chr8	66493022	66493837	45	45	0	0	0.075979982637111	0.987265195786056	4.31719991612337	4.31719991612337	815	214	Promoter	0	Non-heritable	0.0521978295450927	0.762500812405131	0.010683947410437	0	0	0	0.521978295450927	6.70318811324086	5.37063802812766	0	1.46260702685689
BA_only	hippocampus	AA	psi	chr8_66503835_66504906	chr8	66503835	66504906	45	45	0	0	0.0172991346021689	0.970581273335112	5.70947956008029	5.70947956008029	1071	212	Genic/other	1	Non-heritable	0.0598424090712563	0.772052310754514	0.00971257071827611	0	0	0	0.598424090712563	6.97634807044775	5.36129216570943	0	1.74212787592044
BA_only	hippocampus	AA	psi	chr8_66506607_66507414	chr8	66506607	66507414	45	45	0	0	0.0198822568465611	0.975042617701122	4.19786959549998	4.19786959549998	807	213	Genic/other	1	Non-heritable	0.0936369366034043	0.817024013887766	0.00440342488184145	0	0	0	0.936369366034043	6.69332366826995	5.36597601502185	0	1.43457715981551
BA_only	hippocampus	AA	psi	chr8_6661318_6661890	chr8	6661318	6661890	92	92	0	0	0.00151980966171309	0.77415367711362	3.63615768273787	-3.63615768273787	572	798	Genic/other	0	Non-heritable	0.0805319307014267	0.961804919874181	0.00658004138000611	0	0	0	0.805319307014267	6.3491389913798	6.68336094576628	0	1.29092754521469
BA_only	hippocampus	AA	psi	chr8_66664429_66664796	chr8	66664429	66664796	50	50	0	0	0.0288670919100031	0.975932065139872	9.56674454053087	-9.56674454053087	367	182	Genic/other	2	Heritable	0.104939697807962	0.755876879203416	0.00809288660489916	2755	0	0	1.04939697807962	5.90536184805457	5.20948615284142	7.92153563213355	2.2582929752348
BA_only	hippocampus	AA	psi	chr8_66714133_66714996	chr8	66714133	66714996	57	57	0	0	0.00194639561024476	0.804679915749906	4.59376684362905	4.59376684362905	863	175	Enhancer	1	Non-heritable	0.0769769715822355	0.766684819822073	0.00664343102690908	0	0	0	0.769769715822355	6.76041469108343	5.17048399503815	0	1.52470035278949
BA_only	hippocampus	AA	psi	chr8_67063104_67063269	chr8	67063104	67063269	105	105	0	0	0.014298936752526	0.964974748568303	6.08566175747234	-6.08566175747234	165	150	Promoter	1	Non-heritable	0.0155703118052069	0.585059105224067	0.00612612735741435	0	0	0	0.155703118052069	5.10594547390058	5.01727983681492	0	1.80593547442471
BA_only	hippocampus	AA	psi	chr8_67477018_67479047	chr8	67477018	67479047	2	2	0	0	0.154501556198542	0.991064867102684	0.85953131196856	0.85953131196856	2029	243	Genic/other	0	Heritable	0.221349335089626	0.871543014751039	0.007574729837553	103302	0	0	2.21349335089626	7.61529833982582	5.4971682252932	11.5454216963124	-0.151368012742299
BA_only	hippocampus	AA	psi	chr8_6835991_6836189	chr8	6835991	6836189	72	72	0	0	0.000726147898957543	0.673766456790362	4.23176595168956	-4.23176595168956	198	632	Promoter	1	Heritable	0.109426938759275	0.942772789787709	0.00883932058303074	0	0	0	1.09426938759275	5.28826703069454	6.45047042214418	0	1.44261939096855
BA_only	hippocampus	AA	psi	chr8_687264_687475	chr8	687264	687475	7	7	0	0	0.254082127867947	0.992837608310815	1.10791469801029	1.10791469801029	211	517	Promoter	2	Non-heritable	0.0921332123191479	0.923362189698102	0.0103799616257576	0	0	0	0.921332123191479	5.35185813347607	6.24997524225948	0	0.102479607032045
BA_only	hippocampus	AA	psi	chr8_68884241_68884543	chr8	68884241	68884543	39	39	0	0	0.00115939136970775	0.72939557362483	4.15356581038889	-4.15356581038889	302	404	Genic/other	0	Heritable	0.142407938193256	0.928097862868763	0.00819471903453021	0	0	0	1.42407938193256	5.71042701737487	6.00388706710654	0	1.42396719914119
BA_only	hippocampus	AA	psi	chr8_69777809_69778172	chr8	69777809	69778172	23	23	0	0	0.0285848553440903	0.975932065139872	3.12040594411851	-3.12040594411851	363	497	Genic/other	0	Non-heritable	0.0626305196430046	0.935838235875846	0.00909648930424457	22384	0	0	0.626305196430046	5.89440283426485	6.21060007702465	10.0161463706751	1.13796310685689
BA_only	hippocampus	AA	psi	chr8_69941999_69942173	chr8	69941999	69942173	13	13	0	0	0.0689807112414207	0.985907779499035	1.29575477026577	-1.29575477026577	174	475	Promoter	0	Non-heritable	0.0756072453859874	0.939650993794388	0.00781934043155943	104963	0	0	0.756072453859874	5.15905529921453	6.16541785423142	11.5613727132079	0.259093367269197
BA_only	hippocampus	AA	psi	chr8_69994287_69994933	chr8	69994287	69994933	13	13	0	0	0.0171547208510714	0.970581273335112	1.7555588033108	-1.7555588033108	646	444	Intergenic	0	Non-heritable	0.0790081846936104	0.918250113910197	0.00972249470164057	143398	0	0	0.790081846936104	6.4707995037826	6.09807428216624	11.8733862336226	0.562787218378347
BA_only	hippocampus	AA	psi	chr8_70033621_70033910	chr8	70033621	70033910	12	12	0	0	0.112996840618399	0.990898390030923	2.74379755401495	-2.74379755401495	289	434	Intergenic	1	Heritable	0.125870456997967	0.935681532974088	0.00787952189716964	104421	0	0	1.25870456997967	5.66642668811243	6.07534603108868	11.5561956602	1.00934293309517
BA_only	hippocampus	AA	psi	chr8_70092868_70093476	chr8	70092868	70093476	4	4	0	0	0.185963885228438	0.991064867102684	0.144157176277654	0.144157176277654	608	394	Intergenic	0	Heritable	0.373874606153645	0.883383387290095	0.00658938111750777	44855	0	0	3.73874606153645	6.41017488196617	5.97888576490112	10.7112126378035	-1.93685100336438
BA_only	hippocampus	AA	psi	chr8_702158_702403	chr8	702158	702403	7	7	0	0	0.0763742533893438	0.987408598172976	1.524889773739	-1.524889773739	245	514	Genic/other	1	Heritable	0.104362903987606	0.920889409540816	0.00672650262953933	0	0	0	1.04362903987606	5.50125821054473	6.24416690066374	0	0.421922134489526
BA_only	hippocampus	AA	psi	chr8_7069751_7070262	chr8	7069751	7070262	68	68	0	0	0.00217993452930615	0.815187053503819	3.31432933456421	3.31432933456421	511	483	Intergenic	0	Non-heritable	0.0933030286550285	0.839284705107485	0.00701196253774365	22057	0	0	0.933030286550285	6.2363695902037	6.18208490671663	10.0014306268661	1.19825529383847
BA_only	hippocampus	AA	psi	chr8_7137338_7137955	chr8	7137338	7137955	70	70	0	0	0.0300349358620388	0.976891416474381	2.11323968346481	2.11323968346481	617	419	Genic/other	0	Heritable	0.293470570049787	0.884116033764449	0.00922102914646066	0	0	0	2.93470570049787	6.42486902390539	6.04025471127741	0	0.748222169713296
BA_only	hippocampus	AA	psi	chr8_71553812_71555942	chr8	71553812	71555942	11	11	0	0	0.141148359109053	0.991064867102684	1.45577407354595	-1.45577407354595	2130	520	Genic/other	2	Heritable	0.127519244272527	0.911468630897497	0.00617219541056152	151	0	0	1.27519244272527	7.66387725870347	6.25575004175337	5.02388052084628	0.375537775335804
BA_only	hippocampus	AA	psi	chr8_73370619_73371748	chr8	73370619	73371748	29	29	0	0	0.0306341118838143	0.976893291659941	2.28916412042708	2.28916412042708	1129	403	Promoter	0	Heritable	0.229178002288607	0.895069768185826	0.00770464647715158	1045	0	0	2.29178002288607	7.02908756414966	6.00141487796115	6.95272864462487	0.828186742387187
BA_only	hippocampus	AA	psi	chr8_7354966_7356477	chr8	7354966	7356477	78	78	0	0	0.000205992627319352	0.4907995675102	2.36439913636414	2.36439913636414	1511	231	Promoter	2	Non-heritable	0.0424222889162578	0.603141654618448	0.0207685631187809	0	0	0	0.424222889162578	7.32052696227274	5.44673737166631	0	0.860523928931022
BA_only	hippocampus	AA	psi	chr8_73894813_73895489	chr8	73894813	73895489	110	110	0	0	0.00157450623416934	0.779249278115491	2.94429746779926	2.94429746779926	676	338	Intergenic	0	Heritable	0.103283967075201	0.871186334058257	0.0104383806081616	0	0	0	1.03283967075201	6.51619307604296	5.82600010738045	0	1.07987024121
BA_only	hippocampus	AA	psi	chr8_73991160_73991800	chr8	73991160	73991800	105	105	0	0	0.000877143417690897	0.696297367007034	3.73012007119019	3.73012007119019	640	340	Promoter	0	Non-heritable	0.0943810586033251	0.887923287733151	0.0102068279119872	0	0	0	0.943810586033251	6.46146817635372	5.83188247728352	0	1.31644042648611
BA_only	hippocampus	AA	psi	chr8_7408162_7409171	chr8	7408162	7409171	73	73	0	0	0.00348029789710021	0.866906756094015	3.03505608238751	3.03505608238751	1009	172	Intergenic	0	Heritable	0.10502437545374	0.735546326867838	0.0136175697707499	38877	0	0	1.0502437545374	6.91671502035361	5.15329159449778	10.5681838169221	1.1102299061817
BA_only	hippocampus	AA	psi	chr8_74224553_74226444	chr8	74224553	74226444	62	62	0	0	0.0035576175979395	0.866906756094015	2.97554708775924	2.97554708775924	1891	342	Intergenic	0	Heritable	0.737139597348427	0.887219256246386	0.0072938710552104	10561	0	0	7.37139597348427	7.54486106865846	5.83773044716594	9.26501793326688	1.09042792049682
BA_only	hippocampus	AA	psi	chr8_74402280_74403122	chr8	74402280	74403122	55	55	0	0	0.0391038203161961	0.980549382116533	14.8389892078335	-14.8389892078335	842	374	Genic/other	0	Heritable	0.214051575199669	0.867741418434671	0.0167527237334523	0	0	0	2.14051575199669	6.73578001424233	5.92692602597041	0	2.69725812341368
BA_only	hippocampus	AA	psi	chr8_74404560_74405414	chr8	74404560	74405414	55	55	0	0	0.0133183800865426	0.964283399649536	16.2452334319549	16.2452334319549	854	368	Genic/other	0	Heritable	0.166306673035421	0.869045203830563	0.0288758623311576	0	0	0	1.66306673035421	6.74993119378857	5.91079664404053	0	2.78779953909814
BA_only	hippocampus	AA	psi	chr8_74407283_74407619	chr8	74407283	74407619	55	55	0	0	0.0255202726306649	0.975932065139872	7.88195347160559	7.88195347160559	336	362	Genic/other	0	Heritable	0.15594740226379	0.859879155405392	0.0245950988774277	0	0	0	1.5594740226379	5.8171111599632	5.89440283426485	0	2.06457577690378
BA_only	hippocampus	AA	psi	chr8_74408655_74411176	chr8	74408655	74411176	55	55	0	0	0.0127453406254627	0.961717006536833	8.31287524751997	8.31287524751997	2521	371	Genic/other	0	Heritable	0.138027741171178	0.858976015874879	0.0200821051788813	0	0	0	1.38027741171178	7.83241092718792	5.91889385427315	0	2.11780554872482
BA_only	hippocampus	AA	psi	chr8_74443686_74446276	chr8	74443686	74446276	55	55	0	0	0.0118873345988768	0.95506848431582	2.77294666965306	2.77294666965306	2590	354	Genic/other	0	Non-heritable	0.0923651875127871	0.875238323629401	0.00779302677132058	0	0	0	0.923651875127871	7.85941315469358	5.87211778947542	0	1.01991053805103
BA_only	hippocampus	AA	psi	chr8_7470894_7471270	chr8	7470894	7471270	67	67	0	0	0.0185063558915547	0.972503866121758	9.62563704294964	-9.62563704294964	376	82	Genic/other	0	Non-heritable	0.0775072499339265	0.415505601465413	0.00753425947649964	8186	0	0	0.775072499339265	5.9295891433899	4.4188406077966	9.01030280937645	2.26443006530301
BA_only	hippocampus	AA	psi	chr8_75283826_75284151	chr8	75283826	75284151	16	16	0	0	0.151685609634392	0.991064867102684	1.53455461406854	1.53455461406854	325	266	Genic/other	0	Heritable	0.526920467584181	0.879674749802747	0.00828158098872004	0	0	0	5.26920467584181	5.78382518232974	5.58724865840025	0	0.428240191751703
BA_only	hippocampus	AA	psi	chr8_75405984_75406818	chr8	75405984	75406818	16	16	0	0	0.0894499717920857	0.989302342378139	4.0299855696897	4.0299855696897	834	254	Genic/other	1	Non-heritable	0.0860447698606749	0.820099108677052	0.00747469713942176	1145	0	0	0.860447698606749	6.72623340235875	5.54126354515843	7.04403289727469	1.39376279771142
BA_only	hippocampus	AA	psi	chr8_76672786_76673456	chr8	76672786	76673456	37	37	0	0	0.0170549088917988	0.970581273335112	4.78930939641704	4.78930939641704	670	288	Promoter	0	Non-heritable	0.07323544128779	0.847114101228108	0.0106679419733137	0	0	0	0.7323544128779	6.50727771238501	5.66642668811243	0	1.56638622700308
BA_only	hippocampus	AA	psi	chr8_76677219_76677479	chr8	76677219	76677479	37	37	0	0	0.010643553449831	0.944902218841749	2.62096465814155	2.62096465814155	260	302	Enhancer	0	Heritable	0.115417473894415	0.846329513927136	0.0114376274483676	0	0	0	1.15417473894415	5.56068163101553	5.71373280550937	0	0.963542443953404
BA_only	hippocampus	AA	psi	chr8_76840893_76842704	chr8	76840893	76842704	43	43	0	0	0.0260182394717822	0.975932065139872	1.95779106335477	1.95779106335477	1811	292	Genic/other	0	Heritable	0.117128248802289	0.851234341008974	0.00674528252817482	0	0	0	1.17128248802289	7.50163445788341	5.68017260901707	0	0.671816834306128
BA_only	hippocampus	AA	psi	chr8_76856191_76856373	chr8	76856191	76856373	41	41	0	0	0.00501156460734833	0.909365649076715	2.16328629999216	2.16328629999216	182	291	Genic/other	0	Heritable	0.188474338582502	0.873178097619719	0.00836786592042099	701	0	0	1.88474338582502	5.2040066870768	5.67675380226828	6.55393340402581	0.771628505290304
BA_only	hippocampus	AA	psi	chr8_7863585_7863708	chr8	7863585	7863708	78	78	0	0	0.000402478465867197	0.585765661036832	5.28514586405997	5.28514586405997	123	78	Genic/other	0	Non-heritable	0.0270660236550394	0.361025262470037	0.00768129427341634	83	0	0	0.270660236550394	4.81218435537242	4.36944785246702	4.43081679884331	1.66490022046635
BA_only	hippocampus	AA	psi	chr8_7915239_7916721	chr8	7915239	7916721	91	91	0	0	0.0657306794880687	0.985907779499035	8.98084060500217	8.98084060500217	1482	108	Intergenic	0	Heritable	0.258409174384448	0.595527840181753	0.00777591421120789	38836	0	0	2.58409174384448	7.30114780585603	4.69134788222914	10.5671286794633	2.19509348762143
BA_only	hippocampus	AA	psi	chr8_79763545_79764482	chr8	79763545	79764482	97	97	0	0	0.000775520839795673	0.681447094882683	3.16360427487373	-3.16360427487373	937	330	Genic/other	1	Heritable	0.154534168892384	0.84849891421658	0.00730792099261252	0	0	0	1.54534168892384	6.84268328223842	5.80211837537706	0	1.15171197409189
BA_only	hippocampus	AA	psi	chr8_79766213_79766933	chr8	79766213	79766933	97	97	0	0	0.00425863846484977	0.888257010426097	2.8173107972844	-2.8173107972844	720	351	Promoter	1	Non-heritable	0.0577453184608717	0.828802998111834	0.0104357257359698	0	0	0	0.577453184608717	6.5792512120101	5.8636311755981	0	1.03578281553234
BA_only	hippocampus	AA	psi	chr8_79880221_79880719	chr8	79880221	79880719	125	125	0	0	0.0114285851697591	0.951715111774742	3.16317144243443	3.16317144243443	498	317	Intergenic	0	Non-heritable	0.083245730558183	0.828702768292228	0.00734944035841411	8651	0	0	0.83245730558183	6.21060007702465	5.76205138278018	9.06554578707295	1.15157514849289
BA_only	hippocampus	AA	psi	chr8_79892054_79892125	chr8	79892054	79892125	125	125	0	0	0.0164865217681096	0.969551756742057	6.78842631067131	-6.78842631067131	71	343	Genic/other	2	Non-heritable	0.0597210843127989	0.790491359368971	0.00935018235132401	0	0	0	0.597210843127989	4.26267987704132	5.8406416573734	0	1.91521915044863
BA_only	hippocampus	AA	psi	chr8_80121446_80122185	chr8	80121446	80122185	113	113	0	0	0.00865531175973564	0.933559278800072	3.6276170281016	-3.6276170281016	739	381	Promoter	0	Heritable	0.130683858123028	0.893191565214718	0.00768724550067376	0	0	0	1.30683858123028	6.6052979209482	5.94542060860658	0	1.28857596937747
BA_only	hippocampus	AA	psi	chr8_80134059_80135574	chr8	80134059	80135574	107	107	0	0	0.00856718091542909	0.933559278800072	2.53369790140012	-2.53369790140012	1515	385	Genic/other	0	Heritable	0.54362226541826	0.900590609743912	0.00871832643170593	0	0	0	5.4362226541826	7.32317071794347	5.95583736946483	0	0.929679860664565
BA_only	hippocampus	AA	psi	chr8_80147314_80147947	chr8	80147314	80147947	103	103	0	0	0.0242357572529548	0.975932065139872	2.9848473637784	-2.9848473637784	633	378	Genic/other	0	Non-heritable	0.0789137937532402	0.861322241417739	0.00761129373507327	0	0	0	0.789137937532402	6.45047042214418	5.93753620508243	0	1.09354861447482
BA_only	hippocampus	AA	psi	chr8_80684441_80686484	chr8	80684441	80686484	16	16	0	0	0.0151215713890052	0.966167725188189	1.55862010667023	-1.55862010667023	2043	366	Genic/other	0	Heritable	0.180876426583506	0.901958501512834	0.0123468181844929	107365	0	0	1.80876426583506	7.62217459481762	5.90536184805457	11.5839988373801	0.443800889228561
BA_only	hippocampus	AA	psi	chr8_80698615_80699587	chr8	80698615	80699587	16	16	0	0	0.135710525601086	0.991064867102684	1.26946245936423	1.26946245936423	972	364	Genic/other	0	Heritable	0.128430358595232	0.888034792674416	0.00709260279570933	121539	0	0	1.28430358595232	6.87935580446044	5.89989735358249	11.7079987056893	0.238593558404781
BA_only	hippocampus	AA	psi	chr8_80892936_80893143	chr8	80892936	80893143	8	8	0	0	0.122995367604599	0.991064867102684	0.946207824826345	0.946207824826345	207	398	Promoter	1	Non-heritable	0.0599754151634771	0.8802234303153	0.00996278700131025	1059	0	0	0.599754151634771	5.33271879326537	5.98896141688986	6.96602418710611	-0.0552930355125171
BA_only	hippocampus	AA	psi	chr8_80926331_80926693	chr8	80926331	80926693	40	40	0	0	0.00174787152113133	0.793095751495605	2.2135763315905	2.2135763315905	362	372	Enhancer	0	Non-heritable	0.0927162378796657	0.903435216240432	0.010034160236274	641	0	0	0.927162378796657	5.89164421182577	5.92157841964382	6.46458830368996	0.794609461680709
BA_only	hippocampus	AA	psi	chr8_81028226_81030345	chr8	81028226	81030345	41	41	0	0	0.0501463912518905	0.984017207786399	2.20478792865925	-2.20478792865925	2119	375	Genic/other	0	Non-heritable	0.0973128908854309	0.916364973468659	0.00941038099296431	102536	0	0	0.973128908854309	7.6586995582683	5.9295891433899	11.5379789880343	0.790631331330244
BA_only	hippocampus	AA	psi	chr8_81235350_81235661	chr8	81235350	81235661	36	36	0	0	0.0614850077876625	0.985907779499035	1.21416742759661	1.21416742759661	311	354	Intergenic	0	Non-heritable	0.0910792881495005	0.87431037657795	0.00942689707923967	8499	0	0	0.910792881495005	5.73979291217923	5.87211778947542	9.04782144247841	0.194058605364644
BA_only	hippocampus	AA	psi	chr8_81330926_81331585	chr8	81330926	81331585	41	41	0	0	0.0444878134958671	0.981394057775583	1.20754652141241	1.20754652141241	659	369	Intergenic	0	Heritable	0.314379528415955	0.824185883540351	0.00691394001889295	5895	0	0	3.14379528415955	6.49072353450251	5.91350300563827	8.68202943386917	0.188590641133312
BA_only	hippocampus	AA	psi	chr8_81446527_81448399	chr8	81446527	81448399	18	18	0	0	0.0671118173414248	0.985907779499035	2.61371936609456	2.61371936609456	1872	344	Promoter	0	Heritable	0.111585896025905	0.902067592988897	0.00822010988618252	0	0	0	1.11585896025905	7.53476265703754	5.84354441703136	0	0.960774255228963
BA_only	hippocampus	AA	psi	chr8_81630100_81630576	chr8	81630100	81630576	65	65	0	0	0.0262450471535139	0.975932065139872	1.82880722255628	-1.82880722255628	476	291	Genic/other	2	Heritable	0.105835268438623	0.783477531775327	0.00984187593453231	0	0	0	1.05835268438623	6.16541785423142	5.67675380226828	0	0.603663968860453
BA_only	hippocampus	AA	psi	chr8_81745570_81746164	chr8	81745570	81746164	64	64	0	0	0.0089520793905625	0.937818091156935	4.53849501531423	4.53849501531423	594	263	Genic/other	0	Non-heritable	0.0858099092864633	0.732000480982884	0.00649627258965749	12816	0	0	0.858099092864633	6.38687931936265	5.57594910314632	9.45852769372982	1.51259546487603
BA_only	hippocampus	AA	psi	chr8_81779256_81780890	chr8	81779256	81780890	63	63	0	0	0.0152391723485528	0.96638172115807	2.53253494045942	2.53253494045942	1634	258	Intergenic	0	Heritable	0.127719299243026	0.861033711615236	0.00771153386873033	46502	0	0	1.27719299243026	7.39878627541995	5.55682806169954	10.7472721056234	0.929220757819181
BA_only	hippocampus	AA	psi	chr8_81781234_81781678	chr8	81781234	81781678	63	63	0	0	0.00352650874278918	0.866906756094015	2.8520426483494	-2.8520426483494	444	256	Intergenic	0	Non-heritable	0.0811332340594894	0.709734332291309	0.00991426695287162	48480	0	0	0.811332340594894	6.09582456243223	5.54907608489522	10.7889272475932	1.0480354597857
BA_only	hippocampus	AA	psi	chr8_81842461_81842982	chr8	81842461	81842982	59	59	0	0	0.0408451996548352	0.980549382116533	2.42982419584655	-2.42982419584655	521	223	Promoter	1	Non-heritable	0.0611393153144038	0.727998033115289	0.00856779146283504	0	0	0	0.611393153144038	6.25575004175337	5.41164605185504	0	0.887818911462532
BA_only	hippocampus	AA	psi	chr8_8210250_8210751	chr8	8210250	8210751	234	234	0	0	0.00178877355617174	0.796268588634543	8.65496395513915	8.65496395513915	501	241	Genic/other	0	Non-heritable	0.0487537935435492	0.661479510163471	0.00943038244309418	0	0	0	0.487537935435492	6.21660610108487	5.48893772615669	0	2.15813302514627
BA_only	hippocampus	AA	psi	chr8_8225297_8226944	chr8	8225297	8226944	236	236	0	0	8.13434885448858e-05	0.350801550356867	39.477918336365	39.477918336365	1647	258	Promoter	2	Heritable	0.138778437576164	0.797095589814806	0.00130800757513508	0	0	0	1.38778437576164	7.40671073017764	5.55682806169954	0	3.67574148638604
BA_only	hippocampus	AA	psi	chr8_8228232_8230099	chr8	8228232	8230099	236	236	0	2	6.26138297496218e-06	0.0716741282154165	47.8652149315279	47.8652149315279	1867	247	Promoter	2	Heritable	0.170202382682844	0.742035719146816	0.00852704008208515	0	0	1	1.70202382682844	7.53208814354172	5.51342874616498	0	3.86838903896648
BA_only	hippocampus	AA	psi	chr8_8324135_8325198	chr8	8324135	8325198	248	248	0	0	0.00134665652437842	0.755643700753314	5.09975316008374	5.09975316008374	1063	279	Genic/other	0	Non-heritable	0.0824232507837198	0.762759499609699	0.00651253031200331	26353	0	0	0.824232507837198	6.96885037834195	5.63478960316925	10.1793753451052	1.62919214053626
BA_only	hippocampus	AA	psi	chr8_8384193_8384783	chr8	8384193	8384783	265	265	0	0	0.000938614981995448	0.708361817463044	4.44831553688297	4.44831553688297	590	335	Enhancer	1	Non-heritable	0.0904500947851612	0.785337052119508	0.00708525195204533	4865	0	0	0.904500947851612	6.38012253689977	5.8171111599632	8.49002752334347	1.4925254957277
BA_only	hippocampus	AA	psi	chr8_8398878_8399570	chr8	8398878	8399570	239	239	0	0	0.0028187329663406	0.8436517891388	4.33994505132682	-4.33994505132682	692	323	Intergenic	0	Non-heritable	0.0812006107658634	0.776288730679257	0.0118504455237205	0	0	0	0.812006107658634	6.53958595561767	5.78074351579233	0	1.46786168935174
BA_only	hippocampus	AA	psi	chr8_84085122_84085847	chr8	84085122	84085847	1	1	0	0	0.868101247220975	0.999100225123066	0.214805754874788	-0.214805754874788	725	223	Genic/other	0	Heritable	0.256917188467286	0.830418212075589	0.00809758119854023	96226	0	0	2.56917188467286	6.58617165485468	5.41164605185504	11.4744652625553	-1.53802107837057
BA_only	hippocampus	AA	psi	chr8_8443386_8443800	chr8	8443386	8443800	217	217	0	0	0.000447962816005091	0.604162640906295	11.4794594423	11.4794594423	414	357	Intergenic	0	Heritable	0.125440459113143	0.87070286533639	0.00767498718095153	13281	0	0	1.25440459113143	6.02586597382531	5.8805329864007	9.49416501410066	2.44055930374625
BA_only	hippocampus	AA	psi	chr8_85465438_85468745	chr8	85465438	85468745	132	132	0	0	0.00449451330691616	0.894604930613054	1.7209093143334	1.7209093143334	3307	129	Promoter	2	Heritable	0.122325422243544	0.690266710065175	0.00782146241953697	0	0	0	1.22325422243544	8.10379671298179	4.86753445045558	0	0.542852828062968
BA_only	hippocampus	AA	psi	chr8_8593911_8594330	chr8	8593911	8594330	90	90	0	0	0.00336046782163077	0.864842488415492	1.33832113905567	-1.33832113905567	419	422	Intergenic	0	Heritable	0.153132734113688	0.896221893666877	0.0130114264322595	20192	0	0	1.53132734113688	6.03787091992214	6.04737217904628	9.91309128867882	0.29141595462118
BA_only	hippocampus	AA	psi	chr8_859818_860342	chr8	859818	860342	5	5	0	0	0.0263594146396787	0.975932065139872	1.71580439770397	-1.71580439770397	524	558	Genic/other	0	Heritable	0.105043224208856	0.935559730354348	0.00780397034090493	0	0	0	1.05043224208856	6.26149168432104	6.3261494731551	0	0.53988201304489
BA_only	hippocampus	AA	psi	chr8_8702524_8702731	chr8	8702524	8702731	107	107	0	0	0.00340797733328398	0.866296289904077	3.72768337393957	-3.72768337393957	207	486	Genic/other	1	Heritable	0.141906382751696	0.915918874798691	0.00792903485444848	14091	0	0	1.41906382751696	5.33271879326537	6.18826412308259	9.55336253946113	1.3157869640159
BA_only	hippocampus	AA	psi	chr8_87973393_87974921	chr8	87973393	87974921	1	1	0	0	0.420356630518298	0.994840206451052	0.227203480304564	0.227203480304564	1528	198	Promoter	0	Heritable	0.106937221742937	0.776267412031985	0.00613879233548872	239617	0	0	1.06937221742937	7.33171496972647	5.29330482472449	12.3868012676104	-1.48190922999714
BA_only	hippocampus	AA	psi	chr8_8804728_8805273	chr8	8804728	8805273	103	103	0	0	0.00924189443259184	0.939841915020693	1.14577713668025	1.14577713668025	545	543	Genic/other	0	Heritable	0.125691826869204	0.91976476836619	0.00975421630195264	0	0	0	1.25691826869204	6.30078579466324	6.29894924685594	0	0.136083137497785
BA_only	hippocampus	AA	psi	chr8_88300382_88300650	chr8	88300382	88300650	39	39	0	0	0.0351722098815702	0.980327953711174	1.80667180758808	-1.80667180758808	268	211	Genic/other	0	Heritable	0.148579675593004	0.749810749373603	0.00721138046793261	26541	0	0	1.48579675593004	5.59098698051086	5.35658627467201	10.1864836629972	0.591486377842894
BA_only	hippocampus	AA	psi	chr8_901926_902507	chr8	901926	902507	4	4	0	0	0.324266492108213	0.993828622005322	0.904017164542977	0.904017164542977	581	580	Genic/other	2	Non-heritable	0.0692974246589243	0.932191599602957	0.00804460259042609	0	0	0	0.692974246589243	6.36475075685191	6.36475075685191	0	-0.100906920382179
BA_only	hippocampus	AA	psi	chr8_9151805_9151891	chr8	9151805	9151891	343	343	0	0	0.0031626073586004	0.853185837570312	5.49762825879605	5.49762825879605	86	527	Promoter	2	Non-heritable	0.0221056349533242	0.8286272079687	0.00615681894240661	24	0	0	0.221056349533242	4.45434729625351	6.26909628370626	3.2188758248682	1.70431677537942
BA_only	hippocampus	AA	psi	chr8_91975876_91976523	chr8	91975876	91976523	17	17	0	0	0.0512475230655441	0.984153364580922	4.17424284121081	-4.17424284121081	647	257	Promoter	0	Non-heritable	0.078822125266041	0.783106373019564	0.00759085045545079	15365	0	0	0.78822125266041	6.4723462945009	5.55295958492162	9.63991255542758	1.42893298885298
BA_only	hippocampus	AA	psi	chr8_92068344_92069538	chr8	92068344	92069538	17	17	0	0	0.0217697797990366	0.975932065139872	2.3847857046019	-2.3847857046019	1194	286	Genic/other	0	Heritable	0.185944076066552	0.856419460207198	0.00669449546312665	0	0	0	1.85944076066552	7.08506429395255	5.65948221575962	0	0.869109273176724
BA_only	hippocampus	AA	psi	chr8_92100625_92101274	chr8	92100625	92101274	17	17	0	0	0.0565020741399361	0.98577631996496	3.78747166429533	-3.78747166429533	649	300	Promoter	1	Heritable	0.124684667850647	0.880469618780969	0.01049086480119	5277	0	0	1.24684667850647	6.47543271670409	5.70711026474888	8.57130251706327	1.33169869207362
BA_only	hippocampus	AA	psi	chr8_93226420_93227487	chr8	93226420	93227487	119	119	0	0	0.000201614814842652	0.487513751356527	9.12156989259853	9.12156989259853	1067	235	Genic/other	0	Non-heritable	0.0540056452625817	0.748543131526336	0.00655279072899977	0	0	0	0.540056452625817	6.97260625130175	5.46383180502561	0	2.21064192771494
BA_only	hippocampus	AA	psi	chr8_9402399_9403129	chr8	9402399	9403129	328	328	0	0	0.000993726353792782	0.718066796783097	6.69357621508884	-6.69357621508884	730	455	Promoter	0	Non-heritable	0.0756262768516596	0.932609299377186	0.0085123567370707	0	0	0	0.756262768516596	6.59304453414244	6.12249280951439	0	1.90114829410589
BA_only	hippocampus	AA	psi	chr8_94119266_94120601	chr8	94119266	94120601	35	35	0	0	0.00675680949806482	0.926633311800278	0.746573550466372	-0.746573550466372	1335	305	Enhancer	0	Non-heritable	0.0677268340163642	0.787477664016142	0.00928102028499911	0	0	0	0.677268340163642	7.19668657083435	5.72358510195238	0	-0.292261126380295
BA_only	hippocampus	AA	psi	chr8_94261004_94261758	chr8	94261004	94261758	28	28	0	0	0.0593230331791036	0.98577631996496	1.04251255904255	-1.04251255904255	754	345	Promoter	1	Non-heritable	0.0311523875357237	0.781484150477561	0.0106062808398159	0	0	0	0.311523875357237	6.62539236800796	5.84643877505773	0	0.0416337312536782
BA_only	hippocampus	AA	psi	chr8_94613108_94613396	chr8	94613108	94613396	116	116	0	0	0.0148067321312826	0.966089857218066	4.30478816041043	-4.30478816041043	288	319	Intergenic	0	Heritable	0.288421235622002	0.83457091300822	0.00635616578348511	18686	0	0	2.88421235622002	5.66296048013595	5.76832099579377	9.83558337392225	1.45972793118949
BA_only	hippocampus	AA	psi	chr8_94893450_94894114	chr8	94893450	94894114	53	53	0	0	0.00596478493629766	0.918414150018684	3.85280961089002	-3.85280961089002	664	354	Promoter	1	Heritable	0.113549088345319	0.895674970856558	0.00913218010873619	0	0	0	1.13549088345319	6.49828214947643	5.87211778947542	0	1.34880265380558
BA_only	hippocampus	AA	psi	chr8_94930495_94930816	chr8	94930495	94930816	52	52	0	0	0.0280537509706544	0.975932065139872	2.40116583828196	-2.40116583828196	321	376	Genic/other	0	Heritable	0.113778907110831	0.888749142294757	0.00901203331453685	0	0	0	1.13778907110831	5.77144112313002	5.93224518744801	0	0.875954389523275
BA_only	hippocampus	AA	psi	chr8_94950235_94951425	chr8	94950235	94951425	52	52	0	0	0.0486761892877265	0.982844443292717	3.01026982269116	-3.01026982269116	1190	384	Promoter	1	Non-heritable	0.081747270221578	0.862126465858949	0.00589005538162601	0	0	0	0.81747270221578	7.08170858610558	5.95324333428779	0	1.10202972015522
BA_only	hippocampus	AA	psi	chr8_95173636_95175542	chr8	95173636	95175542	71	71	0	0	0.0949957635605498	0.990396554460552	3.05531183946807	-3.05531183946807	1906	421	Intergenic	0	Non-heritable	0.0653795301722514	0.857789972803006	0.00714002803605525	19604	0	0	0.653795301722514	7.55276208421415	6.04500531403601	9.88353991472643	1.11688166579954
BA_only	hippocampus	AA	psi	chr8_96156946_96157143	chr8	96156946	96157143	21	21	0	0	0.00124407405895122	0.747738399837652	1.59669466186852	-1.59669466186852	197	546	Genic/other	1	Heritable	0.190656536015465	0.944935736513304	0.00862190197032207	40293	0	0	1.90656536015465	5.28320372873799	6.30444880242198	10.6039578534759	0.467935662393286
BA_only	hippocampus	AA	psi	chr8_96236124_96236327	chr8	96236124	96236327	21	21	0	0	0.0509118570361502	0.984153364580922	0.675559327884344	0.675559327884344	203	488	Promoter	0	Non-heritable	0.0893060832638775	0.935683351499487	0.0108447174304451	0	0	0	0.893060832638775	5.31320597904179	6.19236248947487	0	-0.392214282531861
BA_only	hippocampus	AA	psi	chr8_96276598_96276979	chr8	96276598	96276979	20	20	0	0	0.0185006976760056	0.972503866121758	0.677307231660629	-0.677307231660629	381	480	Genic/other	0	Heritable	0.207881420408518	0.929877429540344	0.00571044796169601	32678	0	0	2.07881420408518	5.9427993751267	6.17586727010576	10.3944879487506	-0.389630280864165
BA_only	hippocampus	AA	psi	chr8_96309130_96309596	chr8	96309130	96309596	20	20	0	0	0.085570518574415	0.988137148207548	0.756832861572538	-0.756832861572538	466	479	Promoter	0	Non-heritable	0.0646188930297068	0.886242406352113	0.0102429542586512	62633	0	0	0.646188930297068	6.14418563412565	6.17378610390194	11.0450635406364	-0.278612827234597
BA_only	hippocampus	AA	psi	chr8_96420020_96420267	chr8	96420020	96420267	20	20	0	0	0.0807273594631049	0.988137148207548	1.32871575396906	-1.32871575396906	247	435	Intergenic	0	Non-heritable	0.0749180403574069	0.90854175204036	0.00577391823078682	0	0	0	0.749180403574069	5.50938833662798	6.07764224334903	0	0.284212884749653
BA_only	hippocampus	AA	psi	chr8_97446609_97446957	chr8	97446609	97446957	1	1	0	0	0.40992788138243	0.99461028164865	0.0212184027744972	0.0212184027744972	348	392	Intergenic	0	Non-heritable	0.0370456072456828	0.843069973967816	0.00695914602443929	240647	0	0	0.370456072456828	5.85220247977447	5.97380961186926	12.3910905638719	-3.85288594715666
BA_only	hippocampus	AA	psi	chr8_97736292_97737324	chr8	97736292	97737324	3	3	0	0	0.672318763275238	0.99725367388771	0.00864590297563301	0.00864590297563301	1032	468	Intergenic	0	Heritable	0.122670157570272	0.929737299746546	0.011744109638061	13412	0	0	1.22670157570272	6.93925394604151	6.15060276844628	9.50397966490209	-4.75066855806228
BA_only	hippocampus	AA	psi	chr8_97867811_97868350	chr8	97867811	97868350	14	14	0	0	0.114247990221062	0.990898390030923	1.1059048935729	-1.1059048935729	539	437	Promoter	1	Heritable	0.129104115063324	0.923364018725692	0.00649216457461875	52482	0	0	1.29104115063324	6.289715570909	6.08221891037645	10.8682445866183	0.100663917100469
BA_only	hippocampus	AA	psi	chr8_97929009_97930135	chr8	97929009	97930135	15	15	0	0	0.0227851146688935	0.975932065139872	2.12347740493287	-2.12347740493287	1126	458	Genic/other	0	Heritable	0.128305857633928	0.880194779539966	0.00574657711110538	1386	0	0	1.28305857633928	7.02642680869964	6.12905021006055	7.23489842031483	0.753055034940138
BA_only	hippocampus	AA	psi	chr8_98005097_98005701	chr8	98005097	98005701	16	16	0	0	0.00685381537870264	0.928266498635133	1.13026527602531	-1.13026527602531	604	458	Genic/other	0	Heritable	0.117927436055461	0.875161947853034	0.00761351561530075	1435	0	0	1.17927436055461	6.40357419793482	6.12905021006055	7.26961674960817	0.122452371565011
BA_only	hippocampus	AA	psi	chr8_98157969_98159156	chr8	98157969	98159156	16	16	0	0	0.0045405708108744	0.896384732001839	0.89588505921186	-0.89588505921186	1187	416	Genic/other	0	Non-heritable	0.0802201172208749	0.862917204946106	0.00752841171023236	8072	0	0	0.802201172208749	7.07918439460967	6.0330862217988	8.99628043939502	-0.109943145203537
BA_only	hippocampus	AA	psi	chr8_98293127_98293433	chr8	98293127	98293433	15	15	0	0	0.0497528560694572	0.984017207786399	1.09457701722035	1.09457701722035	306	396	Genic/other	1	Heritable	0.106349419826269	0.86763376897701	0.0106579657646576	70647	0	0	1.06349419826269	5.72358510195238	5.98393628068719	11.1654650791486	0.090368012133379
BA_only	hippocampus	AA	psi	chr8_9829949_9831819	chr8	9829949	9831819	60	60	0	0	0.0163738597668361	0.969245141301252	1.21330884459083	-1.21330884459083	1870	395	Intergenic	0	Heritable	0.509822791460243	0.888441720589698	0.0157913897545468	53298	0	0	5.09822791460243	7.53369370984863	5.98141421125448	10.8836728482519	0.193351217989248
BA_only	hippocampus	AA	psi	chr8_98972718_98972915	chr8	98972718	98972915	51	51	0	0	0.0148566011400402	0.966089857218066	5.97260970369099	5.97260970369099	197	108	Genic/other	2	Non-heritable	0.0877294352855638	0.627067274354162	0.00620185539624394	0	0	0	0.877294352855638	5.28320372873799	4.69134788222914	0	1.78718396985923
BA_only	hippocampus	AA	psi	chr8_9902210_9902798	chr8	9902210	9902798	58	58	0	0	0.00210878371634499	0.815187053503819	1.30605753971337	1.30605753971337	588	391	Promoter	1	Heritable	0.144731852877517	0.888231768090031	0.0074135538374047	0	0	0	1.44731852877517	6.37672694789863	5.97126183979046	0	0.26701309551383
BA_only	hippocampus	AA	psi	chr8_9933230_9933418	chr8	9933230	9933418	58	58	0	0	0.00822917594385925	0.933559278800072	1.97981126081833	-1.97981126081833	188	376	Intergenic	0	Heritable	0.15875094174551	0.923828292436917	0.00793984177529405	0	0	0	1.5875094174551	5.23644196282995	5.93224518744801	0	0.683001522394896
BA_only	hippocampus	AA	psi	chr8_996491_996933	chr8	996491	996933	2	2	0	0	0.12210713103466	0.991064867102684	2.15535488488542	-2.15535488488542	442	598	Genic/other	0	Heritable	0.111359898444569	0.900897021869125	0.0075302996732554	0	0	0	1.11359898444569	6.0913098820777	6.39526159811545	0	0.767955394398311
BA_only	hippocampus	AA	psi	chr9_100474703_100475077	chr9	100474703	100475077	24	24	0	0	0.0951108498842483	0.990400450319684	2.08064566173143	-2.08064566173143	374	179	Genic/other	1	Non-heritable	0.0448033170726439	0.643930619520242	0.0100260664287386	24145	0	0	0.448033170726439	5.92425579741453	5.19295685089021	10.0918740138923	0.732678264644835
BA_only	hippocampus	AA	psi	chr9_101270893_101271740	chr9	101270893	101271740	16	16	0	0	0.0829735525793472	0.988137148207548	0.541038313774148	-0.541038313774148	847	263	Genic/other	0	Non-heritable	0.0620884688192062	0.837763656481387	0.00898134312137857	83666	0	0	0.620884688192062	6.74170069465206	5.57594910314632	11.3345999135016	-0.614265163875383
BA_only	hippocampus	AA	psi	chr9_101446189_101447329	chr9	101446189	101447329	8	8	0	0	0.249409766385387	0.99258796918521	0.595346313519002	-0.595346313519002	1140	302	Genic/other	2	Heritable	0.112109769726206	0.875540230268212	0.00849643821264281	3924	0	0	1.12109769726206	7.03878354138854	5.71373280550937	8.27512163021651	-0.518611986431135
BA_only	hippocampus	AA	psi	chr9_101448586_101448705	chr9	101448586	101448705	8	8	0	0	0.147520087752458	0.991064867102684	0.566100515942602	0.566100515942602	119	310	Genic/other	1	Heritable	0.12848347784713	0.894460421773144	0.0114029281420896	6321	0	0	1.2848347784713	4.77912349311153	5.73979291217923	8.75179089277556	-0.568983608876888
BA_only	hippocampus	AA	psi	chr9_103188478_103189741	chr9	103188478	103189741	5	5	0	0	0.06578781550706	0.985907779499035	1.34123392814969	-1.34123392814969	1263	283	Genic/other	0	Non-heritable	0.0988284069896562	0.852312905271014	0.00767070774977707	17701	0	0	0.988284069896562	7.14124512235049	5.64897423816121	9.78143290652882	0.293590039606586
BA_only	hippocampus	AA	psi	chr9_103236021_103236524	chr9	103236021	103236524	5	5	0	0	0.0545468932517468	0.98577631996496	1.4451343974862	1.4451343974862	503	289	Genic/other	0	Heritable	0.373666242319713	0.880134548089424	0.0075388084938125	8306	0	0	3.73666242319713	6.22059017009974	5.66988092298052	9.02485381183907	0.368202332800101
BA_only	hippocampus	AA	psi	chr9_10446179_10447329	chr9	10446179	10447329	4	4	0	0	0.481656842082477	0.994840206451052	0.535397588792556	0.535397588792556	1150	572	Enhancer	0	Heritable	0.363628273754448	0.92004994714332	0.00837212479869036	166096	0	0	3.63628273754448	7.0475172213573	6.35088571671474	12.0203272340295	-0.62474563279097
BA_only	hippocampus	AA	psi	chr9_104810637_104811452	chr9	104810637	104811452	25	25	0	0	0.0312656856275092	0.977016055735487	2.71767953923825	2.71767953923825	815	436	Genic/other	0	Non-heritable	0.0474665584505951	0.854482986088888	0.00816660691759153	4892	0	0	0.474665584505951	6.70318811324086	6.07993319509559	8.49556089128912	0.999778409307421
BA_only	hippocampus	AA	psi	chr9_105178180_105178559	chr9	105178180	105178559	107	107	0	0	0.00845477324616476	0.933559278800072	2.99819933835632	2.99819933835632	379	439	Genic/other	0	Heritable	0.154023429083048	0.92643766141382	0.00746377412111809	20798	0	0	1.54023429083048	5.93753620508243	6.08677472691231	9.9426601876106	1.09801189125109
BA_only	hippocampus	AA	psi	chr9_105247316_105247586	chr9	105247316	105247586	104	104	0	0	0.000599656707205518	0.652505028625638	3.08481860479061	3.08481860479061	270	472	Genic/other	1	Heritable	0.101148390473643	0.922814258967849	0.0111824666040002	0	0	0	1.01148390473643	5.59842195899838	6.15909538849193	0	1.12649285977487
BA_only	hippocampus	AA	psi	chr9_105276914_105277428	chr9	105276914	105277428	106	106	0	0	0.00642952504085879	0.922405547591613	3.68175108876802	3.68175108876802	514	433	Genic/other	0	Non-heritable	0.0968951484386849	0.864121660286105	0.00695123668002642	0	0	0	0.968951484386849	6.24222326545517	6.07304453410041	0	1.30338848106044
BA_only	hippocampus	AA	psi	chr9_105391799_105393185	chr9	105391799	105393185	154	154	0	0	0.00112729404382088	0.726050490461723	5.41712580362314	-5.41712580362314	1386	364	Genic/other	0	Heritable	0.132531041459698	0.821754975477982	0.00650205292829446	0	0	0	1.32531041459698	7.23417717974985	5.89989735358249	0	1.6895653821072
BA_only	hippocampus	AA	psi	chr9_106621244_106621860	chr9	106621244	106621860	250	250	0	0	0.00310857829210179	0.849752756919949	3.33403288693704	-3.33403288693704	616	371	Genic/other	0	Non-heritable	0.0639487979684687	0.913028744212562	0.00777341785499839	0	0	0	0.639487979684687	6.42324696353352	5.91889385427315	0	1.20418265138761
BA_only	hippocampus	AA	psi	chr9_107918795_107919660	chr9	107918795	107919660	6	6	0	0	0.00936651822097908	0.939841915020693	0.886458115952618	0.886458115952618	865	592	Promoter	0	Heritable	0.12727653511364	0.961099476177777	0.00661411263425076	23479	0	0	1.2727653511364	6.76272950693188	6.38519439899773	10.063904273942	-0.120521389831528
BA_only	hippocampus	AA	psi	chr9_108185356_108186299	chr9	108185356	108186299	7	7	0	0	0.431168624862629	0.994840206451052	0.630387464309399	-0.630387464309399	943	482	Intergenic	0	Heritable	0.431128045289596	0.91786535863039	0.00746851677071464	26638	0	0	4.31128045289596	6.84906628263346	6.18001665365257	10.1901315864122	-0.461420610068927
BA_only	hippocampus	AA	psi	chr9_108743851_108744143	chr9	108743851	108744143	29	29	0	0	0.00487637091360572	0.903845859635741	1.39006906894118	-1.39006906894118	292	334	Intergenic	0	Non-heritable	0.0824389493654159	0.846346635062488	0.00876913537167383	125038	0	0	0.824389493654159	5.67675380226828	5.81413053182507	11.7363809676226	0.329353442987727
BA_only	hippocampus	AA	psi	chr9_108783851_108784238	chr9	108783851	108784238	29	29	0	0	0.00139991497054742	0.759071555562182	1.41393326775852	1.41393326775852	387	337	Enhancer	0	Heritable	0.113574245373101	0.864359432534867	0.00779713214903675	84943	0	0	1.13574245373101	5.95842469302978	5.82304589548302	11.3497474948235	0.346375379485883
BA_only	hippocampus	AA	psi	chr9_109391085_109391460	chr9	109391085	109391460	10	10	0	0	0.0455494879464864	0.98171760103388	1.21854626308889	-1.21854626308889	375	358	Genic/other	0	Heritable	0.174002018931393	0.925943739058703	0.0110318589054563	7661	0	0	1.74002018931393	5.92692602597041	5.88332238848828	8.9440283252606	0.19765856881459
BA_only	hippocampus	AA	psi	chr9_110393798_110394695	chr9	110393798	110394695	9	9	0	0	0.145217736242488	0.991064867102684	0.375395080722009	0.375395080722009	897	442	Genic/other	0	Non-heritable	0.083013332955726	0.886416805509561	0.0142955390304527	56003	0	0	0.83013332955726	6.7990558620588	6.09356977004514	10.9331783957378	-0.979776232373926
BA_only	hippocampus	AA	psi	chr9_111034168_111035524	chr9	111034168	111035524	7	7	0	0	0.0583249576311021	0.98577631996496	2.19634374267326	2.19634374267326	1356	340	Genic/other	1	Non-heritable	0.0535418551330271	0.797769181677028	0.00946511521892766	0	0	0	0.535418551330271	7.21229446850034	5.83188247728352	0	0.786794047222541
BA_only	hippocampus	AA	psi	chr9_111387688_111388508	chr9	111387688	111388508	15	15	0	0	0.0838598824580166	0.988137148207548	0.912795577363573	0.912795577363573	820	297	Genic/other	0	Heritable	0.10044636262469	0.877700338753767	0.00718682848606237	63046	0	0	1.0044636262469	6.7093043402583	5.69709348650541	11.0516357589763	-0.0912433146225849
BA_only	hippocampus	AA	psi	chr9_111411657_111413108	chr9	111411657	111413108	16	16	0	0	0.248129302756115	0.99236856565158	0.993698660094504	0.993698660094504	1451	311	Promoter	0	Non-heritable	0.0944256205753629	0.87445853527475	0.00812001431426593	38446	0	0	0.944256205753629	7.28000825288419	5.74300318780948	10.5570359484828	-0.00632126708273409
BA_only	hippocampus	AA	psi	chr9_112347562_112349015	chr9	112347562	112349015	50	50	0	0	0.00692872237698621	0.929720234112971	1.76561902323829	-1.76561902323829	1453	341	Enhancer	0	Non-heritable	0.0939488093127226	0.879315826714072	0.00587549770910948	14091	0	0	0.939488093127226	7.28138566357028	5.83481073706261	9.55336253946113	0.568501355942096
BA_only	hippocampus	AA	psi	chr9_112378304_112378914	chr9	112378304	112378914	50	50	0	0	0.0180352353006422	0.971329835771253	1.1446426099896	1.1446426099896	610	334	Genic/other	1	Heritable	0.318400158494527	0.844917413262189	0.0138633610629876	1265	0	0	3.18400158494527	6.41345895716736	5.81413053182507	7.14361760270412	0.135092466006081
BA_only	hippocampus	AA	psi	chr9_112489092_112490030	chr9	112489092	112490030	54	54	0	0	0.00346337695934244	0.866906756094015	0.849228390972352	-0.849228390972352	938	355	Genic/other	2	Non-heritable	0.0826429068284446	0.880797057151926	0.0140677296268615	2701	0	0	0.826429068284446	6.84374994900623	5.87493073085203	7.90174751852014	-0.163427105326569
BA_only	hippocampus	AA	psi	chr9_112747209_112748313	chr9	112747209	112748313	7	7	0	0	0.331200819240776	0.993828622005322	0.828189240346027	-0.828189240346027	1104	319	Enhancer	1	Non-heritable	0.0578779074995402	0.811046903011345	0.00841883323940528	0	0	0	0.578779074995402	7.00669522683704	5.76832099579377	0	-0.188513587493631
BA_only	hippocampus	AA	psi	chr9_113011458_113011637	chr9	113011458	113011637	17	17	0	0	0.258094881471737	0.992837608310815	1.14965044276265	1.14965044276265	179	365	Genic/other	1	Non-heritable	0.0580617729357287	0.887684666199143	0.00871289176007601	38234	0	0	0.580617729357287	5.18738580584076	5.90263333340137	10.5515066054783	0.139457942052308
BA_only	hippocampus	AA	psi	chr9_113058989_113059869	chr9	113058989	113059869	19	19	0	0	0.0233506416038839	0.975932065139872	1.29520398188861	1.29520398188861	880	365	Genic/other	2	Non-heritable	0.0954858764308585	0.912128556661021	0.009378741568001	2431	0	0	0.954858764308585	6.77992190747225	5.90263333340137	7.79646924308606	0.258668205440012
BA_only	hippocampus	AA	psi	chr9_113061255_113062808	chr9	113061255	113062808	19	19	0	0	0.0412510311307524	0.980549382116533	1.08936526325409	-1.08936526325409	1553	364	Promoter	2	Heritable	0.140324370704233	0.915929209334644	0.0259631799408181	4697	0	0	1.40324370704233	7.34794382314869	5.89989735358249	8.45489216521886	0.0855952085124957
BA_only	hippocampus	AA	psi	chr9_113088940_113090551	chr9	113088940	113090551	25	25	0	0	0.013503304007375	0.964283399649536	0.973974867702306	0.973974867702306	1611	362	Genic/other	2	Heritable	0.129478882448896	0.903364105251224	0.0164427849760139	12021	0	0	1.29478882448896	7.38461038317697	5.89440283426485	9.39449358359911	-0.0263697685856883
BA_only	hippocampus	AA	psi	chr9_113111592_113112951	chr9	113111592	113112951	25	25	0	0	0.02157940902859	0.975932065139872	2.17623204981992	2.17623204981992	1359	360	Promoter	2	Heritable	0.139606897368955	0.846609517689442	0.00879365391769496	211	0	0	1.39606897368955	7.21450441415114	5.88887795833288	5.35658627467201	0.777594968445339
BA_only	hippocampus	AA	psi	chr9_113151937_113154687	chr9	113151937	113154687	34	34	0	0	0.0164892216196803	0.969551756742057	1.52365616822817	1.52365616822817	2750	384	Enhancer	2	Heritable	0.102100532733895	0.867678370587069	0.00974697350717237	3105	0	0	1.02100532733895	7.91935619066062	5.95324333428779	8.04109100370863	0.421112826974696
BA_only	hippocampus	AA	psi	chr9_113156422_113157459	chr9	113156422	113157459	34	34	0	0	0.0555883485923993	0.98577631996496	2.79371067214959	2.79371067214959	1037	394	Genic/other	0	Non-heritable	0.0706608373967748	0.881706522530709	0.00774523855183087	333	0	0	0.706608373967748	6.94408720822953	5.97888576490112	5.8111409929767	1.02737070577721
BA_only	hippocampus	AA	psi	chr9_113376044_113376416	chr9	113376044	113376416	39	39	0	0	0.0276208218806413	0.975932065139872	1.43587130580508	1.43587130580508	372	466	Promoter	1	Heritable	0.39672045498113	0.890524208138041	0.0106296216927722	0	0	0	3.9672045498113	5.91889385427315	6.1463292576689	0	0.361771853661444
BA_only	hippocampus	AA	psi	chr9_113400504_113400620	chr9	113400504	113400620	39	39	0	0	0.0118025519765944	0.954402191811006	2.39903397224593	2.39903397224593	116	455	Genic/other	1	Heritable	0.382570815901011	0.910573419198941	0.00883803392055439	0	0	0	3.82570815901011	4.75359019110636	6.12249280951439	0	0.875066148928525
BA_only	hippocampus	AA	psi	chr9_113536312_113538406	chr9	113536312	113538406	29	29	0	0	0.0134350636468547	0.964283399649536	2.04082514296622	-2.04082514296622	2094	406	Promoter	0	Non-heritable	0.0598404166921764	0.890112833488055	0.00782384136225816	0	0	0	0.598404166921764	7.64683139143048	6.0088131854426	0	0.71335421282156
BA_only	hippocampus	AA	psi	chr9_113548560_113549261	chr9	113548560	113549261	29	29	0	0	0.128736661573424	0.991064867102684	2.17879834393206	2.17879834393206	701	417	Genic/other	0	Heritable	0.107993793533419	0.931050263420397	0.00773206340280598	0	0	0	1.07993793533419	6.55250788703459	6.03548143252476	0	0.778773511034193
BA_only	hippocampus	AA	psi	chr9_114106358_114107669	chr9	114106358	114107669	16	16	0	0	0.0253547927021006	0.975932065139872	2.06635094423147	2.06635094423147	1311	634	Intergenic	0	Non-heritable	0.0867105351274617	0.948290489960896	0.0119971259164023	7422	0	0	0.867105351274617	7.1785454837637	6.45362499889269	8.91233856711755	0.725784227631769
BA_only	hippocampus	AA	psi	chr9_114174716_114175509	chr9	114174716	114175509	17	17	0	0	0.113787096819947	0.990898390030923	2.70866574963678	2.70866574963678	793	578	Enhancer	0	Heritable	0.138565678063219	0.937244390861957	0.00788515016595211	45614	0	0	1.38565678063219	6.67582322163485	6.361302477573	10.7279918887796	0.99645617403524
BA_only	hippocampus	AA	psi	chr9_114441879_114442614	chr9	114441879	114442614	10	10	0	0	0.0040230922681749	0.877181378423641	1.36474540362094	1.36474540362094	735	577	Genic/other	0	Heritable	0.177934899605381	0.959130333759119	0.00975353547870037	15667	0	0	1.77934899605381	6.59987049921284	6.35957386867238	9.65937569478572	0.310967901073929
BA_only	hippocampus	AA	psi	chr9_115944229_115944784	chr9	115944229	115944784	58	58	0	0	0.00692710589747548	0.929637864377832	2.38535557273911	2.38535557273911	555	313	Enhancer	0	Non-heritable	0.0824365603131746	0.872088415544301	0.00864228672751093	0	0	0	0.824365603131746	6.31896811374643	5.74939298590825	0	0.869348204522526
BA_only	hippocampus	AA	psi	chr9_116696651_116697875	chr9	116696651	116697875	3	3	0	0	0.375687540179687	0.994416868537123	0.124249778028746	0.124249778028746	1224	410	Genic/other	0	Heritable	0.103323921461043	0.910079814898614	0.00966116132435032	0	0	0	1.03323921461043	7.10987946307227	6.01859321449623	0	-2.08546132001292
BA_only	hippocampus	AA	psi	chr9_117642621_117643533	chr9	117642621	117643533	141	141	0	0	0.0218139864106788	0.975932065139872	1.51590031605362	-1.51590031605362	912	337	Promoter	0	Heritable	0.270699154351519	0.876609305614531	0.0165881293994947	61031	0	0	2.70699154351519	6.81563999007433	5.82304589548302	11.0191535957701	0.416009537072948
BA_only	hippocampus	AA	psi	chr9_117843782_117844592	chr9	117843782	117844592	156	156	0	0	0.0159181596277925	0.967716068030647	2.60441734469295	2.60441734469295	810	302	Genic/other	0	Heritable	0.583560868593124	0.875977361742945	0.00999033681719444	0	0	0	5.83560868593124	6.69703424766648	5.71373280550937	0	0.957208985963402
BA_only	hippocampus	AA	psi	chr9_118896212_118897575	chr9	118896212	118897575	8	8	0	0	0.112765283477153	0.990898390030923	1.00807652157908	-1.00807652157908	1363	370	Intergenic	0	Non-heritable	0.0606397695646056	0.905967123346283	0.0100107467067111	50878	0	0	0.606397695646056	7.21744343169653	5.91620206260744	10.8372055437328	0.00804409095267685
BA_only	hippocampus	AA	psi	chr9_120583806_120584513	chr9	120583806	120584513	19	19	0	0	0.00370104631863054	0.867953489674172	3.1123953035988	3.1123953035988	707	260	Enhancer	1	Non-heritable	0.0355927104859316	0.610035199920126	0.00778868164431118	11828	0	0	0.355927104859316	6.56103066589657	5.56452040732269	9.37830942254574	1.13539262704006
BA_only	hippocampus	AA	psi	chr9_120842040_120842286	chr9	120842040	120842286	75	75	0	0	0.00216218168991292	0.815187053503819	1.12944530320858	-1.12944530320858	246	208	Promoter	1	Heritable	0.586700638668598	0.834217145316236	0.0164168164639813	0	0	0	5.86700638668598	5.50533153593236	5.34233425196481	0	0.121726638939783
BA_only	hippocampus	AA	psi	chr9_120843383_120843775	chr9	120843383	120843775	75	75	0	0	0.0181581817668998	0.971491284972723	3.05130744095931	-3.05130744095931	392	209	Promoter	1	Heritable	0.738602980292486	0.881861801171185	0.0282335003349947	0	0	0	7.38602980292486	5.97126183979046	5.34710753071747	0	1.11557017121121
BA_only	hippocampus	AA	psi	chr9_121267002_121267249	chr9	121267002	121267249	275	275	0	0	0.00266403969570751	0.835655744705892	4.30019015132155	4.30019015132155	247	252	Promoter	0	Heritable	0.141453288942795	0.811382817610717	0.00870193258346397	969	0	0	1.41453288942795	5.50938833662798	5.53338948872752	6.87729607149743	1.45865924528483
BA_only	hippocampus	AA	psi	chr9_121529409_121529956	chr9	121529409	121529956	266	266	0	0	0.00128781014626416	0.748685029382681	3.35571044470619	3.35571044470619	547	325	Intergenic	0	Heritable	0.106317041331603	0.830500115197554	0.00826576720823516	30748	0	0	1.06317041331603	6.30444880242198	5.78689738136671	10.3336127523807	1.21066350797771
BA_only	hippocampus	AA	psi	chr9_121566950_121567235	chr9	121566950	121567235	262	262	0	0	0.000473607923554341	0.604162640906295	3.42385580645713	-3.42385580645713	285	317	Promoter	0	Heritable	0.172061118662306	0.869548651647301	0.00732501604091943	0	0	0	1.72061118662306	5.65248918026865	5.76205138278018	0	1.23076734771328
BA_only	hippocampus	AA	psi	chr9_121598098_121598409	chr9	121598098	121598409	261	261	0	0	0.00552721681421884	0.914301706404424	5.66539490584391	-5.66539490584391	311	323	Promoter	2	Heritable	0.176177504033572	0.879956736446014	0.00773837577034958	0	0	0	1.76177504033572	5.73979291217923	5.78074351579233	0	1.7343766035849
BA_only	hippocampus	AA	psi	chr9_121700178_121700330	chr9	121700178	121700330	85	85	0	0	0.00348171170150606	0.866906756094015	5.98429081831884	-5.98429081831884	152	386	Promoter	1	Non-heritable	0.067177135940367	0.878319093915121	0.00652354425285354	0	0	0	0.67177135940367	5.02388052084628	5.95842469302978	0	1.7891378404803
BA_only	hippocampus	AA	psi	chr9_121700747_121701062	chr9	121700747	121701062	85	85	0	0	0.0145709971268958	0.966089857218066	3.61099914955791	-3.61099914955791	315	384	Enhancer	1	Heritable	0.109178417871461	0.883468549161925	0.00633892138509596	0	0	0	1.09178417871461	5.75257263882563	5.95324333428779	0	1.28398450955032
BA_only	hippocampus	AA	psi	chr9_121736095_121736682	chr9	121736095	121736682	19	19	0	0	0.0535865327071629	0.985016765603212	3.54718978173716	3.54718978173716	587	412	Promoter	2	Heritable	0.122274050907156	0.919774758495408	0.0103553483942259	0	0	0	1.22274050907156	6.3750248198281	6.02344759296103	0	1.26615568203893
BA_only	hippocampus	AA	psi	chr9_121750600_121751225	chr9	121750600	121751225	10	10	0	0	0.0323732944815826	0.978626341055726	2.29258279113006	2.29258279113006	625	406	Promoter	0	Non-heritable	0.0892864135241635	0.887426450487642	0.00804682099472239	0	0	0	0.892864135241635	6.4377516497364	6.0088131854426	0	0.829679042764526
BA_only	hippocampus	AA	psi	chr9_121897562_121898294	chr9	121897562	121898294	17	17	0	0	0.0378773216277965	0.980549382116533	1.28377522480286	1.28377522480286	732	444	Genic/other	1	Heritable	0.421786498365317	0.903430783645539	0.00942729281800012	75819	0	0	4.21786498365317	6.59578051396131	6.09807428216624	11.2361173890703	0.249805139168005
BA_only	hippocampus	AA	psi	chr9_121950893_121951092	chr9	121950893	121951092	13	13	0	0	0.0438814440069411	0.980789550235948	0.97138249943457	-0.97138249943457	199	444	Genic/other	0	Heritable	0.110342270457808	0.922696759359153	0.0078670589445812	23021	0	0	1.10342270457808	5.29330482472449	6.09807428216624	10.044205559475	-0.0290349547559932
BA_only	hippocampus	AA	psi	chr9_122406186_122406840	chr9	122406186	122406840	34	34	0	0	0.000415118386134473	0.594226331763507	2.22181085198543	-2.22181085198543	654	420	Promoter	0	Heritable	0.601410799905064	0.869784168248993	0.00816346761671546	0	0	0	6.01410799905064	6.4831073514572	6.04263283368238	0	0.798322566975854
BA_only	hippocampus	AA	psi	chr9_122564233_122565369	chr9	122564233	122565369	28	28	0	0	0.015369683771132	0.967076513219291	4.74941818590519	4.74941818590519	1136	386	Genic/other	0	Heritable	0.540861910261568	0.894688828681798	0.00704547547137519	0	0	0	5.40861910261568	7.0352685992811	5.95842469302978	0	1.55802212547205
BA_only	hippocampus	AA	psi	chr9_123368614_123369030	chr9	123368614	123369030	7	7	0	0	0.0948525476022581	0.990309884323148	0.896232173843842	0.896232173843842	416	210	Promoter	1	Heritable	0.112616411852721	0.765037555622976	0.00704754672699964	14882	0	0	1.12616411852721	6.03068526026126	5.35185813347607	9.60797490096916	-0.109555765822271
BA_only	hippocampus	AA	psi	chr9_123373168_123373687	chr9	123373168	123373687	6	6	0	0	0.140524345355624	0.991064867102684	1.90071770196476	-1.90071770196476	519	200	Genic/other	1	Non-heritable	0.0646082547352066	0.758130552164227	0.007331240066535	10225	0	0	0.646082547352066	6.25190388316589	5.30330490805908	9.23268877563994	0.642231557984764
BA_only	hippocampus	AA	psi	chr9_123376021_123376419	chr9	123376021	123376419	6	6	0	0	0.0864690218309413	0.988137148207548	0.515744294546189	-0.515744294546189	398	210	Enhancer	1	Heritable	0.111632564594684	0.779964583406168	0.0092572578304723	7493	0	0	1.11632564594684	5.98645200528444	5.35185813347607	8.92185797935363	-0.66214417014325
BA_only	hippocampus	AA	psi	chr9_124006966_124007789	chr9	124006966	124007789	26	26	0	0	0.0439938809495849	0.980789550235948	2.6617812064471	2.6617812064471	823	363	Genic/other	1	Non-heritable	0.0942193922463057	0.913062315549328	0.00668937293496398	297	0	0	0.942193922463057	6.71295620067707	5.89715386763674	5.69709348650541	0.978995528934585
BA_only	hippocampus	AA	psi	chr9_124014106_124014791	chr9	124014106	124014791	32	32	0	0	0.036630853912332	0.980549382116533	1.41561163254298	-1.41561163254298	685	370	Promoter	1	Heritable	0.100073577857852	0.895605417162339	0.00819681844850321	0	0	0	1.00073577857852	6.52941883826223	5.91620206260744	0	0.347561693913517
BA_only	hippocampus	AA	psi	chr9_124016066_124017103	chr9	124016066	124017103	32	32	0	0	0.0492223504416194	0.983232136838056	1.54231172700557	-1.54231172700557	1037	379	Genic/other	1	Heritable	0.124134994461609	0.876114162116462	0.00843208987935502	943	0	0	1.24134994461609	6.94408720822953	5.94017125272043	6.8501261661455	0.43328241878498
BA_only	hippocampus	AA	psi	chr9_124151305_124152136	chr9	124151305	124152136	33	33	0	0	0.0212708813155099	0.975932065139872	3.29528339096941	-3.29528339096941	831	369	Intergenic	0	Heritable	0.503439820675987	0.89228905352593	0.00679930053182448	3980	0	0	5.03439820675987	6.72262979485545	5.91350300563827	8.28928832300032	1.19249217365478
BA_only	hippocampus	AA	psi	chr9_124190612_124191608	chr9	124190612	124191608	34	34	0	0	0.0379143084860406	0.980549382116533	2.40772358172558	2.40772358172558	996	362	Intergenic	0	Heritable	0.104785239389267	0.854266131731485	0.00901953974088261	0	0	0	1.04785239389267	6.9037472575846	5.89440283426485	0	0.87868173336861
BA_only	hippocampus	AA	psi	chr9_124195271_124195992	chr9	124195271	124195992	34	34	0	0	0.00128132488838535	0.748685029382681	3.80657433165859	-3.80657433165859	721	356	Intergenic	0	Heritable	0.544303375984802	0.844719159862398	0.0097891041355702	0	0	0	5.44303375984802	6.58063913728495	5.87773578177964	0	1.33672966176088
BA_only	hippocampus	AA	psi	chr9_124258896_124259694	chr9	124258896	124259694	19	19	0	0	0.0459835327175067	0.981789757189854	3.08743317652129	-3.08743317652129	798	364	Genic/other	1	Heritable	0.115483477175169	0.822203730327708	0.00963558644321819	0	0	0	1.15483477175169	6.68210859744981	5.89989735358249	0	1.12734006172684
BA_only	hippocampus	AA	psi	chr9_124838831_124839206	chr9	124838831	124839206	11	11	0	0	0.0143404489848649	0.965409062830075	1.47986418114433	1.47986418114433	375	215	Intergenic	0	Heritable	0.126449302986558	0.819303255938223	0.0101355919774727	18204	0	0	1.26449302986558	5.92692602597041	5.37527840768417	9.80945156060953	0.391950320825248
BA_only	hippocampus	AA	psi	chr9_125067266_125067539	chr9	125067266	125067539	30	30	0	0	0.09008267502802	0.989446665475032	4.02827562315265	-4.02827562315265	273	162	Genic/other	0	Non-heritable	0.0771005139955516	0.64864743001582	0.00967099114649075	91151	0	0	0.771005139955516	5.60947179518496	5.09375020080676	11.4202837217202	1.39333840179832
BA_only	hippocampus	AA	psi	chr9_125199724_125199797	chr9	125199724	125199797	40	40	0	0	0.00148937539277909	0.76848123494041	3.62066692855017	3.62066692855017	73	165	Promoter	1	Non-heritable	0.088454043723687	0.705751327714716	0.00785404525989941	779	0	0	0.88454043723687	4.29045944114839	5.11198778835654	6.65929391968364	1.28665824603665
BA_only	hippocampus	AA	psi	chr9_125541748_125542391	chr9	125541748	125542391	33	33	0	0	0.00217618932042479	0.815187053503819	1.64639411678354	1.64639411678354	643	169	Genic/other	0	Non-heritable	0.0887638162334248	0.764465583641449	0.0086837930658691	0	0	0	0.887638162334248	6.46614472423762	5.13579843705026	0	0.49858751878294
BA_only	hippocampus	AA	psi	chr9_125748833_125749161	chr9	125748833	125749161	17	17	0	0	0.0539330238186676	0.985176584192382	1.61305275943563	-1.61305275943563	328	330	Promoter	1	Non-heritable	0.0454671814172602	0.785190600239616	0.00986437432402611	0	0	0	0.454671814172602	5.79301360838414	5.80211837537706	0	0.47812851369513
BA_only	hippocampus	AA	psi	chr9_125960708_125961753	chr9	125960708	125961753	12	12	0	0	0.140033721258263	0.991064867102684	0.817913978849693	0.817913978849693	1045	359	Genic/other	0	Heritable	0.108539994480469	0.898534510587973	0.00820367103781413	23	0	0	1.08539994480469	6.95177216439891	5.88610403145016	3.17805383034795	-0.200998096013349
BA_only	hippocampus	AA	psi	chr9_126024505_126024747	chr9	126024505	126024747	5	5	0	0	0.0415835465468733	0.980549382116533	0.572768440935528	0.572768440935528	242	351	Intergenic	0	Non-heritable	0.0563946582773734	0.863586195789257	0.00738141452102465	63820	0	0	0.563946582773734	5.48893772615669	5.8636311755981	11.0638375687787	-0.557273743526595
BA_only	hippocampus	AA	psi	chr9_126058030_126058419	chr9	126058030	126058419	7	7	0	0	0.00808493799673275	0.933559278800072	1.39253752210522	1.39253752210522	389	380	Genic/other	0	Heritable	0.116046941526183	0.889328694412802	0.00813520998095969	68851	0	0	1.16046941526183	5.96357934361845	5.9427993751267	11.1397145523914	0.331127645493935
BA_only	hippocampus	AA	psi	chr9_126107428_126108038	chr9	126107428	126108038	7	7	0	0	0.0921296580835755	0.989446665475032	0.747560480633167	0.747560480633167	610	397	Genic/other	0	Heritable	0.129067899566052	0.889180869467535	0.0113180097275391	19232	0	0	1.29067899566052	6.41345895716736	5.98645200528444	9.86438283265537	-0.29094005306749
BA_only	hippocampus	AA	psi	chr9_126297786_126299097	chr9	126297786	126299097	13	13	0	0	0.0684051174970237	0.985907779499035	0.881706203041473	-0.881706203041473	1311	493	Promoter	0	Non-heritable	0.0867778859430653	0.883953285397763	0.00891447210590034	0	0	0	0.867778859430653	7.1785454837637	6.20253551718792	0	-0.125896370252451
BA_only	hippocampus	AA	psi	chr9_126307340_126308123	chr9	126307340	126308123	13	13	0	0	0.0134264057143732	0.964283399649536	0.752822332173602	-0.752822332173602	783	513	Intergenic	0	Non-heritable	0.0820353490021937	0.906921508521859	0.00966293799539184	9275	0	0	0.820353490021937	6.6631326959908	6.24222326545517	9.13518569837542	-0.28392601238729
BA_only	hippocampus	AA	psi	chr9_126517680_126518162	chr9	126517680	126518162	26	26	0	0	0.0575594044923419	0.98577631996496	3.11300400211695	3.11300400211695	482	519	Promoter	1	Heritable	0.121137269049178	0.950959334498534	0.00678512221786992	0	0	0	1.21137269049178	6.1779441140506	6.25382881157547	0	1.13558818028516
BA_only	hippocampus	AA	psi	chr9_126879015_126879596	chr9	126879015	126879596	10	10	0	0	0.0165913046507443	0.969892390754483	1.52085195405382	-1.52085195405382	581	325	Genic/other	0	Heritable	0.108329566326832	0.785745007137947	0.0136967282360253	0	0	0	1.08329566326832	6.36475075685191	5.78689738136671	0	0.419270680502224
BA_only	hippocampus	AA	psi	chr9_127095886_127096584	chr9	127095886	127096584	19	19	0	0	0.0566124815269087	0.98577631996496	2.11019021323396	-2.11019021323396	698	295	Genic/other	0	Heritable	0.122607636997792	0.813529392440542	0.00920904229064738	0	0	0	1.22607636997792	6.54821910276237	5.69035945432406	0	0.746778096615871
BA_only	hippocampus	AA	psi	chr9_127133962_127134247	chr9	127133962	127134247	19	19	0	0	0.0143431033131338	0.965447559837692	1.1809411727046	1.1809411727046	285	293	Genic/other	0	Heritable	0.118042652113112	0.871161050421433	0.00834555224535791	11646	0	0	1.18042652113112	5.65248918026865	5.68357976733868	9.36280391510265	0.166311733015321
BA_only	hippocampus	AA	psi	chr9_127226245_127226427	chr9	127226245	127226427	35	35	0	0	0.17850715672996	0.991064867102684	1.66979577336842	1.66979577336842	182	232	Genic/other	1	Heritable	0.165442514527643	0.809772874513472	0.00761119949998823	0	0	0	1.65442514527643	5.2040066870768	5.4510384535657	0	0.512701333543062
BA_only	hippocampus	AA	psi	chr9_127388504_127388803	chr9	127388504	127388803	65	65	0	0	0.0288884184917492	0.975932065139872	1.2165416979599	1.2165416979599	299	225	Genic/other	0	Non-heritable	0.071516094091635	0.789868677578823	0.00705384563928738	0	0	0	0.71516094091635	5.70044357339069	5.42053499927229	0	0.196012167865306
BA_only	hippocampus	AA	psi	chr9_127402257_127402597	chr9	127402257	127402597	65	65	0	0	0.046889719019853	0.982445572707507	3.09747143034476	3.09747143034476	340	233	Promoter	2	Heritable	0.218150633234165	0.822415304353928	0.00824779604653133	0	0	0	2.18150633234165	5.82894561761021	5.4553211153577	0	1.13058611425097
BA_only	hippocampus	AA	psi	chr9_127545796_127546023	chr9	127545796	127546023	97	97	0	0	0.00499130548976251	0.908606669964064	4.24267170239736	-4.24267170239736	227	280	Enhancer	0	Non-heritable	0.0549122938577186	0.867601450163381	0.00719475687657985	0	0	0	0.549122938577186	5.4249500174814	5.63835466933375	0	1.44519319164952
BA_only	hippocampus	AA	psi	chr9_127698857_127699366	chr9	127698857	127699366	172	172	0	0	0.000943834021278604	0.708361817463044	5.25879108007996	-5.25879108007996	509	314	Enhancer	2	Heritable	0.115552103429861	0.846815257677079	0.0127727732648868	3477	0	0	1.15552103429861	6.23244801655052	5.75257263882563	8.15421269491423	1.6599011695512
BA_only	hippocampus	AA	psi	chr9_127741818_127742791	chr9	127741818	127742791	150	150	0	0	0.00647441572371241	0.92284858637232	6.08337236559291	-6.08337236559291	973	331	Genic/other	0	Non-heritable	0.086621758249585	0.888376764548665	0.00822272014365364	6697	0	0	0.86621758249585	6.88038408218601	5.80513496891649	8.80956425335415	1.80555920924548
BA_only	hippocampus	AA	psi	chr9_127809637_127809997	chr9	127809637	127809997	143	143	0	0	0.00708644333106862	0.931602204679102	2.17177904784314	-2.17177904784314	360	329	Promoter	2	Heritable	0.567600988846815	0.869549055851398	0.0108966208680975	836	0	0	5.67600988846815	5.88610403145016	5.79909265446053	6.72982407048948	0.775546673989248
BA_only	hippocampus	AA	psi	chr9_127827754_127827967	chr9	127827754	127827967	144	144	0	0	0.00495415738520867	0.905308309188915	3.12771234988034	3.12771234988034	213	324	Genic/other	2	Heritable	0.101358183533682	0.878539609318421	0.010095910915175	0	0	0	1.01358183533682	5.36129216570943	5.78382518232974	0	1.14030186189481
BA_only	hippocampus	AA	psi	chr9_127948992_127949629	chr9	127948992	127949629	152	152	0	0	0.0102455199905566	0.944902218841749	10.0017142676556	-10.0017142676556	637	337	Promoter	1	Non-heritable	0.0566041375396249	0.868035939319928	0.00756109551861729	3974	0	0	0.566041375396249	6.45676965557216	5.82304589548302	8.28778002708843	2.30275650606755
BA_only	hippocampus	AA	psi	chr9_128138531_128140187	chr9	128138531	128140187	135	135	0	0	0.00625892320607517	0.920376068783091	3.72873819571658	3.72873819571658	1656	309	Intergenic	0	Heritable	0.120392391487895	0.864371009037196	0.0245625443415994	9475	0	0	1.20392391487895	7.41216033494521	5.73657229747919	9.15651756527868	1.31606989377553
BA_only	hippocampus	AA	psi	chr9_128192565_128193439	chr9	128192565	128193439	88	88	0	0	0.00400351463136489	0.876526751905212	5.1829307630469	-5.1829307630469	874	320	Promoter	2	Heritable	0.301110951933037	0.859547332149366	0.00985461201378156	0	0	0	3.01110951933037	6.77308037565554	5.77144112313002	0	1.64537068257716
BA_only	hippocampus	AA	psi	chr9_128374270_128374623	chr9	128374270	128374623	90	90	0	0	0.00279684048918074	0.842320220530838	8.17710434033307	-8.17710434033307	353	285	Enhancer	1	Non-heritable	0.09199551651273	0.788945887620448	0.00730900201828155	0	0	0	0.9199551651273	5.8664680569333	5.65599181081985	0	2.10133809654308
BA_only	hippocampus	AA	psi	chr9_128390080_128392580	chr9	128390080	128392580	78	78	0	0	0.0208607490426215	0.975856666808667	5.35763402576609	-5.35763402576609	2500	281	Promoter	2	Non-heritable	0.0618740851574981	0.829906689132967	0.00684425988209952	12043	0	0	0.618740851574981	7.82404601085629	5.64190707093811	9.39632188960162	1.67852246639442
BA_only	hippocampus	AA	psi	chr9_128394000_128394741	chr9	128394000	128394741	78	78	0	0	0.0159250412740116	0.967716068030647	3.02133797793684	-3.02133797793684	741	280	Promoter	1	Non-heritable	0.06949935715984	0.819319312744207	0.00854428379861155	15963	0	0	0.6949935715984	6.60800062529609	5.63835466933375	9.67809146616862	1.10569977563568
BA_only	hippocampus	AA	psi	chr9_128405573_128406174	chr9	128405573	128406174	76	76	0	0	0.0118376186686746	0.954769470024854	6.87292527120753	-6.87292527120753	601	263	Intergenic	0	Non-heritable	0.0874584597990236	0.689306659421487	0.007154737813463	5897	0	0	0.874584597990236	6.39859493453521	5.57594910314632	8.68236858937522	1.9275898207298
BA_only	hippocampus	AA	psi	chr9_128553805_128555423	chr9	128553805	128555423	57	57	0	0	0.00906504484628966	0.938585776116121	3.55435705590174	3.55435705590174	1618	240	Enhancer	2	Non-heritable	0.0350280462437981	0.769505643771577	0.00924872044285281	0	0	0	0.350280462437981	7.38894609761844	5.48479693349066	0	1.26817419342575
BA_only	hippocampus	AA	psi	chr9_128733195_128733458	chr9	128733195	128733458	61	61	0	0	0.00459278750743937	0.897902156989577	2.11608939572394	-2.11608939572394	263	255	Genic/other	0	Non-heritable	0.0860583956246999	0.706538797805084	0.00950044408616625	352	0	0	0.860583956246999	5.57215403217777	5.54517744447956	5.8664680569333	0.749569765335938
BA_only	hippocampus	AA	psi	chr9_128805690_128805939	chr9	128805690	128805939	63	63	0	0	0.00987902625651463	0.94287323248505	1.83231218109428	1.83231218109428	249	291	Genic/other	0	Heritable	0.104443391011129	0.855921069931533	0.00817438322039627	14309	0	0	1.04443391011129	5.51745289646471	5.67675380226828	9.5687138725505	0.605578661719767
BA_only	hippocampus	AA	psi	chr9_129164649_129165151	chr9	129164649	129165151	77	77	0	0	0.0304404742987728	0.976893291659941	4.65155476220316	-4.65155476220316	502	484	Genic/other	0	Heritable	0.44201468776792	0.899718967348874	0.0104463598784413	11985	0	0	4.4201468776792	6.21860011969173	6.18414889093748	9.39149458101813	1.53720152332713
BA_only	hippocampus	AA	psi	chr9_129253072_129253517	chr9	129253072	129253517	179	179	0	0	0.00508101796253938	0.909885926705608	5.14185418739462	5.14185418739462	445	521	Genic/other	0	Non-heritable	0.0739770125795187	0.882977927435516	0.00802685461648586	4866	0	0	0.739770125795187	6.09807428216624	6.25766758788264	8.49023300983346	1.63741375320921
BA_only	hippocampus	AA	psi	chr9_129425468_129426727	chr9	129425468	129426727	156	156	0	0	0.00563751450886797	0.914301706404424	6.30104472289361	-6.30104472289361	1259	557	Intergenic	0	Heritable	0.117334314198858	0.944624119533171	0.00728422360379112	0	0	0	1.17334314198858	7.13807303404435	6.32435896238131	0	1.84071545026714
BA_only	hippocampus	AA	psi	chr9_129427028_129428123	chr9	129427028	129428123	156	156	0	0	0.00346655592547474	0.866906756094015	4.40411556255915	-4.40411556255915	1095	545	Enhancer	0	Heritable	0.175970355939336	0.952429547266202	0.00920245925788221	0	0	0	1.75970355939336	6.9985096422506	6.30261897574491	0	1.48253946114988
BA_only	hippocampus	AA	psi	chr9_129752284_129752409	chr9	129752284	129752409	99	99	0	0	0.026878667865837	0.975932065139872	3.34512827338904	-3.34512827338904	125	590	Genic/other	0	Heritable	0.110405467413174	0.925473941703112	0.00659081159049102	33710	0	0	1.10405467413174	4.8283137373023	6.3818160174061	10.425579472576	1.20750504363377
BA_only	hippocampus	AA	psi	chr9_129809367_129809795	chr9	129809367	129809795	25	25	0	0	0.0365365770954687	0.980549382116533	1.41483390621653	-1.41483390621653	428	580	Genic/other	0	Non-heritable	0.0919486701237278	0.94977007229774	0.00655749008518283	0	0	0	0.919486701237278	6.0591231955818	6.36475075685191	0	0.347012150507804
BA_only	hippocampus	AA	psi	chr9_129866573_129866723	chr9	129866573	129866723	21	21	0	0	0.00299052519796768	0.846513053928579	2.02104986828627	-2.02104986828627	150	567	Genic/other	1	Heritable	0.303188973473621	0.907588469843395	0.00556211383605383	13565	0	0	3.03188973473621	5.01063529409626	6.34212141872115	9.51532194150603	0.70361711812004
BA_only	hippocampus	AA	psi	chr9_129923810_129924119	chr9	129923810	129924119	14	14	0	0	0.0385643875954312	0.980549382116533	0.837991952349242	-0.837991952349242	309	582	Genic/other	0	Heritable	0.125162595191017	0.95017850982505	0.0088003175543251	0	0	0	1.25162595191017	5.73334127689775	6.36818718635049	0	-0.176746770014737
BA_only	hippocampus	AA	psi	chr9_130266514_130266680	chr9	130266514	130266680	10	10	0	0	0.00959173263310337	0.939841915020693	1.27991658811555	-1.27991658811555	166	521	Genic/other	1	Non-heritable	0.0988506731370312	0.90689733342377	0.00740067033065055	0	0	0	0.988506731370312	5.11198778835654	6.25766758788264	0	0.246794918086443
BA_only	hippocampus	AA	psi	chr9_130445828_130446329	chr9	130445828	130446329	24	24	0	0	0.0458574642276159	0.981789757189854	4.02943954885513	4.02943954885513	501	562	Enhancer	1	Heritable	0.134166395000691	0.950207907272908	0.00998966316926884	0	0	0	1.34166395000691	6.21660610108487	6.33327962813969	0	1.39362729900624
BA_only	hippocampus	AA	psi	chr9_130473716_130474517	chr9	130473716	130474517	52	52	0	0	0.018877577110216	0.972503866121758	3.21825526565415	3.21825526565415	801	588	Genic/other	0	Non-heritable	0.0582943317776609	0.951575033764506	0.00637323494954602	21491	0	0	0.582943317776609	6.68586094706836	6.37842618365159	9.97543605184871	1.16883937284909
BA_only	hippocampus	AA	psi	chr9_130535229_130535533	chr9	130535229	130535533	47	47	0	0	0.00838169911316383	0.933559278800072	1.2206564070373	-1.2206564070373	304	656	Genic/other	2	Heritable	0.149811451118317	0.959672336786502	0.0103208717111268	0	0	0	1.49811451118317	5.71702770140622	6.48768401848461	0	0.199388760801796
BA_only	hippocampus	AA	psi	chr9_130536458_130537027	chr9	130536458	130537027	47	47	0	0	0.0229521826159584	0.975932065139872	2.01144536658786	2.01144536658786	569	641	Promoter	1	Heritable	0.113333783995289	0.964279381054126	0.0114664570424333	45	0	0	1.13333783995289	6.34388043412633	6.46458830368996	3.8286413964891	0.698853556477396
BA_only	hippocampus	AA	psi	chr9_130550816_130551559	chr9	130550816	130551559	47	47	0	0	0.00168141312824534	0.786661074605562	2.05761617639599	2.05761617639599	743	672	Intergenic	0	Heritable	0.51015877915813	0.942829216070692	0.00996225622040894	12852	0	0	5.1015877915813	6.61069604471776	6.51174532964473	9.46133252611013	0.721548121669019
BA_only	hippocampus	AA	psi	chr9_130824018_130825333	chr9	130824018	130825333	35	35	0	0	0.00252328894828581	0.830598713704804	2.70244056721753	2.70244056721753	1315	611	Genic/other	0	Non-heritable	0.0870609118114664	0.950203921730708	0.0132768622588522	0	0	0	0.870609118114664	7.18159194461187	6.41673228251233	0	0.994155282210865
BA_only	hippocampus	AA	psi	chr9_130836545_130837868	chr9	130836545	130837868	39	39	0	0	0.0159659266725205	0.967790987409223	3.04654112662567	3.04654112662567	1323	624	Genic/other	1	Heritable	0.130960740769568	0.957489415979467	0.007931508846426	0	0	0	1.30960740769568	7.18765716411496	6.4377516497364	0	1.11400689352865
BA_only	hippocampus	AA	psi	chr9_130839663_130839952	chr9	130839663	130839952	39	39	0	0	0.00500520764757949	0.909249789297999	2.40523955812149	-2.40523955812149	289	640	Genic/other	1	Heritable	0.127117228280693	0.958002758566617	0.00665104415485121	0	0	0	1.27117228280693	5.66642668811243	6.46302945692067	0	0.877649511121254
BA_only	hippocampus	AA	psi	chr9_130842664_130843427	chr9	130842664	130843427	39	39	0	0	0.001409939017495	0.760188330071088	4.20065890829891	4.20065890829891	763	618	Genic/other	0	Heritable	0.102380023851227	0.958633870428281	0.00918462992813002	0	0	0	1.02380023851227	6.63725803128446	6.4281052726846	0	1.43524139829337
BA_only	hippocampus	AA	psi	chr9_130908161_130908415	chr9	130908161	130908415	62	62	0	0	0.0147005863383718	0.966089857218066	2.04898784466115	-2.04898784466115	254	612	Genic/other	1	Heritable	0.412499314145511	0.903185574589189	0.00942877055729251	25505	0	0	4.12499314145511	5.53733426701854	6.41836493593621	10.1466689975868	0.717345941792221
BA_only	hippocampus	AA	psi	chr9_130912970_130913150	chr9	130912970	130913150	64	64	0	0	0.0148900362116789	0.966089857218066	4.61215922236346	-4.61215922236346	180	603	Genic/other	1	Non-heritable	0.0364599392625903	0.94340665635116	0.00713724344673573	20770	0	0	0.364599392625903	5.19295685089021	6.40357419793482	9.94131306207611	1.52869612747505
BA_only	hippocampus	AA	psi	chr9_131061060_131061271	chr9	131061060	131061271	44	44	0	0	0.0041905782946037	0.88413881341503	1.21740740904935	1.21740740904935	211	507	Genic/other	0	Heritable	0.118705854592251	0.898964275551334	0.00804496127213653	18026	0	0	1.18705854592251	5.35185813347607	6.23048144757848	9.79962591300204	0.196723531234697
BA_only	hippocampus	AA	psi	chr9_131076780_131077059	chr9	131076780	131077059	44	44	0	0	0.0275411023350421	0.975932065139872	1.16810358615992	1.16810358615992	279	504	Promoter	0	Non-heritable	0.0573568170735967	0.934372438130501	0.00913539508865432	2238	0	0	0.573568170735967	5.63121178182137	6.22455842927536	7.71378461659876	0.155381575815233
BA_only	hippocampus	AA	psi	chr9_131097461_131098277	chr9	131097461	131098277	44	44	0	0	0.0748516738755858	0.986472287232623	1.28915159005261	-1.28915159005261	816	523	Promoter	1	Non-heritable	0.0625964618776831	0.916415304992169	0.00667022663867268	0	0	0	0.625964618776831	6.70441435496411	6.26149168432104	0	0.253984327633096
BA_only	hippocampus	AA	psi	chr9_131214425_131215235	chr9	131214425	131215235	44	44	0	0	0.0198877798600311	0.975042617701122	1.63464937363301	1.63464937363301	810	473	Genic/other	0	Non-heritable	0.0918531307436739	0.939882110638517	0.00810970410611331	12777	0	0	0.918531307436739	6.69703424766648	6.16120732169508	9.45548022116229	0.491428337091603
BA_only	hippocampus	AA	psi	chr9_131359532_131359886	chr9	131359532	131359886	122	122	0	0	0.00942644021976396	0.939841915020693	1.93804477868003	1.93804477868003	354	543	Intergenic	0	Heritable	0.517527625880221	0.931958452013726	0.00891985607150382	13844	0	0	5.17527625880221	5.86929691313377	6.29894924685594	9.53567943560506	0.661679623975534
BA_only	hippocampus	AA	psi	chr9_131517670_131518264	chr9	131517670	131518264	91	91	0	0	0.00240874147090906	0.824728302674626	1.37306454850529	-1.37306454850529	594	428	Promoter	0	Non-heritable	0.0839541006585173	0.901865774349222	0.00944089105134782	26	0	0	0.839541006585173	6.38687931936265	6.06145691892802	3.29583686600433	0.317045145713413
BA_only	hippocampus	AA	psi	chr9_131526069_131526708	chr9	131526069	131526708	90	90	0	0	0.00195389043743297	0.805899841953447	1.88772867482047	1.88772867482047	639	430	Promoter	1	Heritable	0.139789771986426	0.917146511303414	0.00906768945886653	0	0	0	1.39789771986426	6.45990445437754	6.06610809010375	0	0.635374352322842
BA_only	hippocampus	AA	psi	chr9_131608827_131608979	chr9	131608827	131608979	89	89	0	0	0.000747418290673629	0.677254417144753	2.16869967199566	-2.16869967199566	152	369	Genic/other	0	Non-heritable	0.0632128393061653	0.860220055271602	0.00619121360434765	0	0	0	0.632128393061653	5.02388052084628	5.91350300563827	0	0.77412776305859
BA_only	hippocampus	AA	psi	chr9_131660387_131660801	chr9	131660387	131660801	90	90	0	0	0.000620208846001851	0.657105411686211	1.51317183903394	1.51317183903394	414	396	Genic/other	0	Heritable	0.102873059097501	0.879969436544156	0.00938082803009699	9576	0	0	1.02873059097501	6.02586597382531	5.98393628068719	9.16711966952162	0.414208010004653
BA_only	hippocampus	AA	psi	chr9_131858287_131858493	chr9	131858287	131858493	9	9	0	0	0.0373039516459665	0.980549382116533	0.823900887266811	-0.823900887266811	206	432	Genic/other	0	Non-heritable	0.0960818750934616	0.923361807978815	0.00805372349270067	25605	0	0	0.960818750934616	5.32787616878958	6.07073772800249	10.1505819780061	-0.193705026612987
BA_only	hippocampus	AA	psi	chr9_131910688_131910870	chr9	131910688	131910870	4	4	0	0	0.183416828980454	0.991064867102684	0.525095272372641	-0.525095272372641	182	415	Genic/other	0	Non-heritable	0.082649867772716	0.899177910564646	0.00803803501219146	0	0	0	0.82649867772716	5.2040066870768	6.03068526026126	0	-0.644175542624271
BA_only	hippocampus	AA	psi	chr9_132164016_132164559	chr9	132164016	132164559	7	7	0	0	0.00141392030899108	0.760354180375728	3.23400015375397	-3.23400015375397	543	512	Genic/other	1	Non-heritable	0.0821420047977128	0.934150592537344	0.00687274567881814	38778	0	0	0.821420047977128	6.29710931993394	6.24027584517077	10.5656341419763	1.17371981179003
BA_only	hippocampus	AA	psi	chr9_132185356_132185796	chr9	132185356	132185796	7	7	0	0	0.100495099243027	0.990400450319684	2.4573015453213	2.4573015453213	440	502	Genic/other	0	Non-heritable	0.0816595742921406	0.938512909648165	0.0100556140486247	17541	0	0	0.816595742921406	6.08677472691231	6.22059017009974	9.77235328451133	0.899063819146449
BA_only	hippocampus	AA	psi	chr9_132487201_132487499	chr9	132487201	132487499	2	2	0	0	0.50241663889133	0.994940626024064	0.0931823239703493	0.0931823239703493	298	494	Genic/other	1	Non-heritable	0.0741777599260297	0.943074849419735	0.00760286872688449	217585	0	0	0.741777599260297	5.69709348650541	6.20455776256869	12.2903494536588	-2.37319712493177
BA_only	hippocampus	AA	psi	chr9_132733091_132733875	chr9	132733091	132733875	19	19	0	0	0.199682049045008	0.991064867102684	1.52371503070698	-1.52371503070698	784	548	Genic/other	0	Non-heritable	0.0861295491008271	0.906092501260639	0.00801037973610392	133077	0	0	0.861295491008271	6.66440902035041	6.30809844150953	11.7986907014652	0.421151458617898
BA_only	hippocampus	AA	psi	chr9_132833793_132834119	chr9	132833793	132834119	21	21	0	0	0.0958286632003174	0.990400450319684	2.52068130467133	2.52068130467133	326	579	Genic/other	0	Non-heritable	0.0721698404490397	0.945556254158875	0.00846991147610848	32833	0	0	0.721698404490397	5.78689738136671	6.36302810354047	10.3992198428545	0.924529227946665
BA_only	hippocampus	AA	psi	chr9_133049933_133050844	chr9	133049933	133050844	38	38	0	0	0.0146342297919625	0.966089857218066	2.88139560978557	2.88139560978557	911	553	Genic/other	0	Heritable	0.102789342067477	0.95305419645626	0.00843309692448508	0	0	0	1.02789342067477	6.81454289725996	6.31716468674728	0	1.05827476697526
BA_only	hippocampus	AA	psi	chr9_133137722_133138371	chr9	133137722	133138371	60	60	0	0	0.0240664928559951	0.975932065139872	1.78621660471844	-1.78621660471844	649	583	Genic/other	0	Heritable	0.104789793145993	0.959600358931442	0.00971319597314518	15870	0	0	1.04789793145993	6.47543271670409	6.36990098282823	9.67224882350756	0.580099759936649
BA_only	hippocampus	AA	psi	chr9_133185106_133186134	chr9	133185106	133186134	51	51	0	0	0.0153202660382333	0.967076513219291	2.38914997790524	-2.38914997790524	1028	644	Intergenic	0	Heritable	0.380785931179731	0.941909589249883	0.0108163255324207	21351	0	0	3.80785931179731	6.93537044601511	6.46925031679577	9.96890069108436	0.870937649087546
BA_only	hippocampus	AA	psi	chr9_133199641_133200210	chr9	133199641	133200210	46	46	0	0	0.00392107703784711	0.876132919298309	2.24865380667754	2.24865380667754	569	666	Enhancer	2	Heritable	0.102114513714811	0.964478767168038	0.00896426159342284	33398	0	0	1.02114513714811	6.34388043412633	6.50279004591562	10.4162812383968	0.810331733462376
BA_only	hippocampus	AA	psi	chr9_133245518_133245875	chr9	133245518	133245875	57	57	0	0	0.000437207049856666	0.600933463320688	3.49730603682142	3.49730603682142	357	641	Genic/other	0	Non-heritable	0.0521498829417704	0.963362961672073	0.00835086935389388	0	0	0	0.521498829417704	5.87773578177964	6.46458830368996	0	1.25199297121537
BA_only	hippocampus	AA	psi	chr9_133255539_133255681	chr9	133255539	133255681	57	57	0	0	0.0235637879060273	0.975932065139872	2.24747895835575	-2.24747895835575	142	642	Genic/other	2	Heritable	0.422443259791279	0.940020039848328	0.00650014971377047	0	0	0	4.22443259791279	4.95582705760126	6.46614472423762	0	0.809809129524859
BA_only	hippocampus	AA	psi	chr9_133379152_133379533	chr9	133379152	133379533	52	52	0	0	0.0240504647786109	0.975932065139872	2.80302280239273	-2.80302280239273	381	700	Genic/other	1	Non-heritable	0.0976666144866775	0.963117145580794	0.00829600107481954	3229	0	0	0.976666144866775	5.9427993751267	6.55250788703459	8.0802374162167	1.03069841071276
BA_only	hippocampus	AA	psi	chr9_133390315_133391974	chr9	133390315	133391974	53	53	0	0	0.00832552987266258	0.933559278800072	2.67086120582897	-2.67086120582897	1659	701	Genic/other	0	Heritable	0.621856207536325	0.944856861026659	0.0135792114969912	14392	0	0	6.21856207536325	7.41397029019044	6.55393340402581	9.57449725626267	0.982400973148138
BA_only	hippocampus	AA	psi	chr9_133539355_133539781	chr9	133539355	133539781	41	41	0	0	0.00512409009155072	0.909885926705608	3.69498728309289	3.69498728309289	426	776	Genic/other	0	Non-heritable	0.0974442252516025	0.972529574930161	0.00947260805816088	39600	0	0	0.974442252516025	6.05443934626937	6.65544035036765	10.586609649449	1.30697711544781
BA_only	hippocampus	AA	psi	chr9_133701181_133701681	chr9	133701181	133701681	14	14	0	0	0.000420633551614074	0.595949298354404	2.03710806422576	2.03710806422576	500	767	Genic/other	2	Non-heritable	0.0764263903667382	0.964272030510726	0.00855738385653934	32521	0	0	0.764263903667382	6.21460809842219	6.64378973314767	10.3896720623857	0.711531191421837
BA_only	hippocampus	AA	psi	chr9_133789401_133789970	chr9	133789401	133789970	10	10	0	0	0.0451006585764806	0.981395945960329	2.80797856814182	-2.80797856814182	569	809	Genic/other	0	Non-heritable	0.0740824314094943	0.965799499636195	0.00972147900978536	1046	0	0	0.740824314094943	6.34388043412633	6.69703424766648	6.95368421087054	1.03246485726759
BA_only	hippocampus	AA	psi	chr9_133792557_133792762	chr9	133792557	133792762	10	10	0	0	0.0454055342884185	0.981589333839837	2.03706232099067	2.03706232099067	205	792	Genic/other	1	Heritable	0.4975096962693	0.953232266282368	0.0119834849124731	4202	0	0	4.975096962693	5.32300997913841	6.67582322163485	8.34355383500512	0.711508736182835
BA_only	hippocampus	AA	psi	chr9_133805363_133805666	chr9	133805363	133805666	13	13	0	0	0.306073580765071	0.993663620961428	2.3479509655105	2.3479509655105	303	816	Genic/other	0	Non-heritable	0.094111971385462	0.973535067418351	0.00959806296026031	3471	0	0	0.94111971385462	5.71373280550937	6.70563909486	8.15248607578024	0.853543022493403
BA_only	hippocampus	AA	psi	chr9_133916088_133916458	chr9	133916088	133916458	25	25	0	0	0.0372560569262481	0.980549382116533	1.82958608800424	1.82958608800424	370	838	Genic/other	1	Non-heritable	0.0975871461527874	0.975408935071167	0.00735829162027596	91531	0	0	0.975871461527874	5.91350300563827	6.73221070646721	11.4244439168994	0.604089765317724
BA_only	hippocampus	AA	psi	chr9_133918204_133918393	chr9	133918204	133918393	25	25	0	0	0.0418440425066413	0.980549382116533	1.68836943876001	1.68836943876001	189	833	Genic/other	1	Heritable	0.114793871529414	0.978859644805382	0.00875868871863805	89596	0	0	1.14793871529414	5.24174701505964	6.72623340235875	11.4030771162596	0.523763239974535
BA_only	hippocampus	AA	psi	chr9_134010625_134011106	chr9	134010625	134011106	34	34	0	0	0.0244031712755375	0.975932065139872	4.19590813853215	4.19590813853215	481	875	Intergenic	1	Non-heritable	0.0939378837420614	0.971329905478253	0.00843983100720444	0	0	0	0.939378837420614	6.17586727010576	6.77536609093639	0	1.4341098000495
BA_only	hippocampus	AA	psi	chr9_134011888_134011928	chr9	134011888	134011928	34	34	0	0	0.00490333845208455	0.903845859635741	4.20488798293589	-4.20488798293589	40	852	Intergenic	1	Heritable	0.194678432122641	0.945325167606986	0.00437400203218616	0	0	0	1.94678432122641	3.68887945411394	6.74875954749168	0	1.43624765643184
BA_only	hippocampus	AA	psi	chr9_134014576_134014660	chr9	134014576	134014660	34	34	0	0	0.103416363568181	0.990610842832516	2.03025327674172	-2.03025327674172	84	868	Intergenic	2	Heritable	0.178701897315225	0.958685111205114	0.00830929416201697	0	0	0	1.78701897315225	4.43081679884331	6.76734312526539	0	0.708160557064294
BA_only	hippocampus	AA	psi	chr9_134069119_134069381	chr9	134069119	134069381	43	43	0	0	0.0263451211154242	0.975932065139872	1.64400607622514	1.64400607622514	262	864	Promoter	1	Heritable	0.354010720537148	0.966398499557149	0.00898206512761024	791	0	0	3.54010720537148	5.5683445037611	6.76272950693188	6.67456139181443	0.497135998710554
BA_only	hippocampus	AA	psi	chr9_134158084_134158509	chr9	134158084	134158509	43	43	0	0	0.00250319339641929	0.827739280566027	1.20923395065332	1.20923395065332	425	841	Genic/other	1	Non-heritable	0.0806297194312739	0.978729547529016	0.00699028443641552	0	0	0	0.806297194312739	6.05208916892442	6.73578001424233	0	0.189987068753163
BA_only	hippocampus	AA	psi	chr9_134215882_134216261	chr9	134215882	134216261	54	54	0	0	0.0138912661510597	0.964441318501853	4.1346372025735	-4.1346372025735	379	859	Genic/other	0	Non-heritable	0.0943751494160201	0.973902406803464	0.00899948384899123	0	0	0	0.943751494160201	5.93753620508243	6.75693238924755	0	1.4193995888524
BA_only	hippocampus	AA	psi	chr9_134258570_134258856	chr9	134258570	134258856	98	98	0	0	0.0014436683600123	0.762484248609066	2.8260970964238	-2.8260970964238	286	855	Intergenic	0	Non-heritable	0.0736135352177391	0.975291978919536	0.0079621008859875	1386	0	0	0.736135352177391	5.65599181081985	6.75227037614174	7.23489842031483	1.03889664546384
BA_only	hippocampus	AA	psi	chr9_134384967_134385745	chr9	134384967	134385745	94	94	0	0	0.0417653122176137	0.980549382116533	3.95650255961237	-3.95650255961237	778	904	Promoter	0	Non-heritable	0.0984311656475525	0.976775083065505	0.00978623884439892	56734	0	0	0.984311656475525	6.65672652417839	6.80793494369993	10.9461465832251	1.37536044553294
BA_only	hippocampus	AA	psi	chr9_134407839_134408004	chr9	134407839	134408004	86	86	0	0	0.0083962781935232	0.933559278800072	3.29948009918245	-3.29948009918245	165	901	Genic/other	1	Non-heritable	0.0135307866066469	0.981673033819133	0.00841380108174435	34475	0	0	0.135307866066469	5.10594547390058	6.80461452006262	10.4480187087673	1.1937649133893
BA_only	hippocampus	AA	psi	chr9_13442914_13444087	chr9	13442914	13444087	24	24	0	0	0.0882004059387044	0.988893217018337	2.40691091509202	2.40691091509202	1173	493	Genic/other	0	Non-heritable	0.0643051354340492	0.921973687134277	0.00762736290488123	1734	0	0	0.643051354340492	7.06731984865348	6.20253551718792	7.45876269238096	0.878344151507125
BA_only	hippocampus	AA	psi	chr9_134622928_134623287	chr9	134622928	134623287	65	65	0	0	0.00398813762851538	0.876453522128082	1.78303953981261	-1.78303953981261	359	890	Intergenic	0	Non-heritable	0.0692071896509459	0.974692248660538	0.0105780076402233	4950	0	0	0.692071896509459	5.88332238848828	6.79234442747081	8.50734485536142	0.578319520246106
BA_only	hippocampus	AA	psi	chr9_134704715_134704966	chr9	134704715	134704966	81	81	0	0	0.0168909416643181	0.970581273335112	2.56620573047037	-2.56620573047037	251	947	Genic/other	0	Non-heritable	0.0835633501129657	0.976046846303619	0.00741481884692571	4805	0	0	0.835633501129657	5.52545293913178	6.85435450225502	8.47762041629641	0.942428442429895
BA_only	hippocampus	AA	psi	chr9_134717392_134718410	chr9	134717392	134718410	81	81	0	0	0.00853291347842516	0.933559278800072	2.82877678461021	-2.82877678461021	1018	953	Genic/other	0	Non-heritable	0.0934009188098314	0.985009671185941	0.00647922272311951	17482	0	0	0.934009188098314	6.92559519711047	6.86066367144829	9.76898425919765	1.03984439016475
BA_only	hippocampus	AA	psi	chr9_134792611_134793191	chr9	134792611	134793191	43	43	0	0	0.00907237203830246	0.938585776116121	1.74993305532726	1.74993305532726	580	961	Genic/other	0	Heritable	0.237176512531758	0.97075804009958	0.0142375661200818	32712	0	0	2.37176512531758	6.36302810354047	6.86901445066571	10.3955278313987	0.559577538819512
BA_only	hippocampus	AA	psi	chr9_134863283_134863712	chr9	134863283	134863712	37	37	0	0	0.00716650621392492	0.931602204679102	1.31382437005315	-1.31382437005315	429	984	Genic/other	0	Heritable	0.427772315729208	0.969183448331109	0.0127758489824602	17208	0	0	4.27772315729208	6.06145691892802	6.89264164117209	9.75318778176491	0.272942258202483
BA_only	hippocampus	AA	psi	chr9_135040787_135041549	chr9	135040787	135041549	45	45	0	0	0.0917054289947402	0.989446665475032	0.986801092693011	0.986801092693011	762	1021	Intergenic	0	Heritable	0.150504676898701	0.976926156309522	0.00955714378753751	34252	0	0	1.50504676898701	6.63594655568665	6.92951677076365	10.4415294310954	-0.0132867768842977
BA_only	hippocampus	AA	psi	chr9_135198965_135199288	chr9	135198965	135199288	39	39	0	0	0.00621375308522767	0.920376068783091	6.34383255484478	6.34383255484478	323	972	Intergenic	0	Non-heritable	0.0986430388059099	0.986799485924353	0.00680837147777215	5905	0	0	0.986430388059099	5.77765232322266	6.88038408218601	8.68372406230387	1.84748309130531
BA_only	hippocampus	AA	psi	chr9_135216785_135217336	chr9	135216785	135217336	39	39	0	0	0.033499679164234	0.979164877002956	2.03761938636409	2.03761938636409	551	972	Genic/other	0	Heritable	0.478393228662428	0.955006222849516	0.00634363173933215	0	0	0	4.78393228662428	6.31173480915292	6.88038408218601	0	0.711782163858499
BA_only	hippocampus	AA	psi	chr9_135256655_135257433	chr9	135256655	135257433	48	48	0	0	0.00885095901447803	0.934483079748553	5.89799543136146	5.89799543136146	778	958	Genic/other	1	Heritable	0.178224282828752	0.976066845196051	0.00755588037535925	10947	0	0	1.78224282828752	6.65672652417839	6.86589107488344	9.30091207016057	1.77461253748018
BA_only	hippocampus	AA	psi	chr9_135358209_135358315	chr9	135358209	135358315	46	46	0	0	0.0855286141679482	0.988137148207548	3.12149557447873	3.12149557447873	106	914	Intergenic	0	Heritable	0.254586143835324	0.966100125140268	0.00626550888377298	4030	0	0	2.54586143835324	4.66343909411207	6.81892406527552	8.30176976311717	1.13831224096756
BA_only	hippocampus	AA	psi	chr9_135422414_135422951	chr9	135422414	135422951	45	45	0	0	0.00718752702871487	0.931602204679102	1.82229893564642	1.82229893564642	537	842	Intergenic	0	Heritable	0.282296675651682	0.9620265078867	0.00782057120979623	12082	0	0	2.82296675651682	6.28599809450887	6.73696695800186	9.39955478502731	0.600098860925729
BA_only	hippocampus	AA	psi	chr9_135513062_135513398	chr9	135513062	135513398	46	46	0	0	0.0215323832712216	0.975932065139872	4.83366526032853	-4.83366526032853	336	830	Intergenic	0	Heritable	0.10815410180723	0.955649638779976	0.0102737055257685	9519	0	0	1.0815410180723	5.8171111599632	6.72262979485545	9.16115012778541	1.57560503501998
BA_only	hippocampus	AA	psi	chr9_135545704_135546068	chr9	135545704	135546068	47	47	0	0	0.0779239963211359	0.987720536119146	2.27379303674202	2.27379303674202	364	814	Promoter	1	Heritable	0.207279001577961	0.958041301226977	0.0082677655702846	1912	0	0	2.07279001577961	5.89715386763674	6.70318811324086	7.55642796944025	0.821449382718054
BA_only	hippocampus	AA	psi	chr9_135603515_135603720	chr9	135603515	135603720	45	45	0	0	0.00829490632238666	0.933559278800072	1.15191376660627	1.15191376660627	205	842	Promoter	0	Non-heritable	0.0930851732481388	0.979294838075305	0.010634152738218	18621	0	0	0.930851732481388	5.32300997913841	6.73696695800186	9.83209895644847	0.1414247127766
BA_only	hippocampus	AA	psi	chr9_135611446_135612005	chr9	135611446	135612005	42	42	0	0	0.00797073397274981	0.933559278800072	3.42105930556778	-3.42105930556778	559	838	Genic/other	0	Heritable	0.391632416028384	0.946632816624743	0.00977969634222507	26552	0	0	3.91632416028384	6.3261494731551	6.73221070646721	10.186898014637	1.22995024450864
BA_only	hippocampus	AA	psi	chr9_135811669_135811975	chr9	135811669	135811975	26	26	0	0	0.198070989229509	0.991064867102684	1.81630549809446	-1.81630549809446	306	694	Genic/other	0	Non-heritable	0.0936975637201749	0.970930079457251	0.00898367935812954	3239	0	0	0.936975637201749	5.72358510195238	6.54391184556479	8.08332860878638	0.596804497359347
BA_only	hippocampus	AA	psi	chr9_135981021_135981227	chr9	135981021	135981227	71	71	0	0	0.00941037147637025	0.939841915020693	2.1438340524643	-2.1438340524643	206	618	Intergenic	1	Non-heritable	0.0500451284904023	0.959049631046086	0.0107524487284922	7658	0	0	0.500451284904023	5.32787616878958	6.4281052726846	8.94363670590959	0.762595843974646
BA_only	hippocampus	AA	psi	chr9_136045443_136045586	chr9	136045443	136045586	65	65	0	0	0.0110238862218344	0.94780387576136	1.59104271055936	-1.59104271055936	143	588	Genic/other	0	Non-heritable	0.0974428994164058	0.950788325017695	0.00684924475643097	63232	0	0	0.974428994164058	4.96284463025991	6.37842618365159	11.0545815957598	0.464389600383819
BA_only	hippocampus	AA	psi	chr9_13607432_13609118	chr9	13607432	13609118	24	24	0	0	0.0582469898930838	0.98577631996496	3.39602671745872	3.39602671745872	1686	516	Genic/other	0	Non-heritable	0.0766350511735918	0.942753274796674	0.00916642867282363	0	0	0	0.766350511735918	7.4301141385618	6.24804287450843	0	1.22260613869455
BA_only	hippocampus	AA	psi	chr9_136299749_136300474	chr9	136299749	136300474	157	157	0	0	0.001136299261095	0.728104889170376	2.93372724021789	-2.93372724021789	725	557	Genic/other	1	Non-heritable	0.0469135982365407	0.941352371539707	0.0073354272433194	2818	0	0	0.469135982365407	6.58617165485468	6.32435896238131	7.94413749111411	1.07627371364698
BA_only	hippocampus	AA	psi	chr9_136345075_136345715	chr9	136345075	136345715	157	157	0	0	0.0091966246650968	0.939585238273321	2.87835172521988	2.87835172521988	640	563	Genic/other	2	Heritable	0.140133226472111	0.951089421793684	0.00962398595071882	7439	0	0	1.40133226472111	6.46146817635372	6.33505425149806	8.91462612782714	1.05721781615383
BA_only	hippocampus	AA	psi	chr9_136347311_136347884	chr9	136347311	136347884	157	157	0	0	0.00857287159538212	0.933559278800072	2.91993884731639	2.91993884731639	573	573	Genic/other	2	Heritable	0.189649917271496	0.917992326170902	0.00721400018301527	5270	0	0	1.89649917271496	6.35088571671474	6.35262939631957	8.56997537685521	1.07156267678575
BA_only	hippocampus	AA	psi	chr9_136494596_136495192	chr9	136494596	136495192	224	224	0	0	0.0111275997478883	0.948703871232836	2.77129185529671	2.77129185529671	596	532	Genic/other	2	Heritable	0.14028166558973	0.948977984052522	0.00854718224441742	4066	0	0	1.4028166558973	6.39024066706535	6.27852142416584	8.31066090590723	1.01931358884256
BA_only	hippocampus	AA	psi	chr9_136511930_136512703	chr9	136511930	136512703	234	234	0	0	0.00279237833676168	0.842320220530838	3.99578932971478	-3.99578932971478	773	500	Enhancer	1	Non-heritable	0.0929918800327758	0.939826803987884	0.00816051236413453	777	0	0	0.929918800327758	6.65027904858742	6.21660610108487	6.65672652417839	1.38524114160758
BA_only	hippocampus	AA	psi	chr9_136526767_136527159	chr9	136526767	136527159	235	235	0	0	0.00526949914064403	0.910718986954723	5.14275883958804	5.14275883958804	392	508	Genic/other	2	Heritable	0.108540934386695	0.935715101937414	0.00779191662415443	9014	0	0	1.08540934386695	5.97126183979046	6.23244801655052	9.10664513563742	1.63758967663805
BA_only	hippocampus	AA	psi	chr9_136541774_136542355	chr9	136541774	136542355	236	236	0	0	0.000199727086752518	0.487513751356527	4.6185124175122	-4.6185124175122	581	495	Promoter	1	Heritable	0.13871223030852	0.949619036221428	0.00861012956523163	4015	0	0	1.3871223030852	6.36475075685191	6.20657592672493	8.29804166137157	1.53007266785825
BA_only	hippocampus	AA	psi	chr9_136543777_136544225	chr9	136543777	136544225	236	236	0	0	0.000870029841087086	0.696297367007034	3.54060897818561	-3.54060897818561	448	504	Genic/other	1	Non-heritable	0.0953081192177843	0.90961490909913	0.00919117377843456	2145	0	0	0.953081192177843	6.10479323241499	6.22455842927536	7.67136092319064	1.26429874291103
BA_only	hippocampus	AA	psi	chr9_136596510_136597014	chr9	136596510	136597014	238	238	0	0	0.00923119040056543	0.939841915020693	3.43155934003446	-3.43155934003446	504	485	Enhancer	0	Heritable	0.119388848727286	0.937751930697131	0.00829032621823363	0	0	0	1.19388848727286	6.22257626807137	6.18620862390049	0	1.23301477887033
BA_only	hippocampus	AA	psi	chr9_136740985_136741582	chr9	136740985	136741582	234	234	0	0	0.00333555578583338	0.862452317086168	5.96171280504559	-5.96171280504559	597	451	Genic/other	1	Heritable	0.168482463497884	0.901552310892896	0.00508716248895875	0	0	0	1.68482463497884	6.3919171133926	6.11368217983223	0	1.78535782486484
BA_only	hippocampus	AA	psi	chr9_136760543_136760656	chr9	136760543	136760656	241	241	0	0	0.000446911484582229	0.604162640906295	3.97511314018423	-3.97511314018423	113	424	Genic/other	1	Heritable	0.382534804760794	0.891559978763083	0.00826197842268717	2091	0	0	3.82534804760794	4.72738781871234	6.05208916892442	7.64587582518481	1.38005321315631
BA_only	hippocampus	AA	psi	chr9_136766585_136766743	chr9	136766585	136766743	244	244	0	0	0.0013740560532057	0.758185047287174	9.27853211878665	9.27853211878665	158	419	Promoter	1	Heritable	0.108946654916988	0.903548533185383	0.00791139182767114	2191	0	0	1.08946654916988	5.06259503302697	6.04025471127741	7.69256964806791	2.2277033585097
BA_only	hippocampus	AA	psi	chr9_136769789_136770600	chr9	136769789	136770600	244	244	0	0	0.005965876508359	0.918414150018684	8.14804429929415	8.14804429929415	811	429	Genic/other	2	Heritable	0.110095752765828	0.896218657836453	0.00734144201404502	5395	0	0	1.10095752765828	6.69826805411541	6.06378520868761	8.59341321732765	2.09777793640748
BA_only	hippocampus	AA	psi	chr9_136786511_136786763	chr9	136786511	136786763	248	248	0	0	0.00252325468870265	0.830598713704804	4.80052542299781	4.80052542299781	252	413	Genic/other	0	Heritable	0.109793441315929	0.92370172859871	0.00836595212103063	4660	0	0	1.09793441315929	5.52942908751142	6.02586597382531	8.44698529637274	1.56872537713084
BA_only	hippocampus	AA	psi	chr9_136866814_136867008	chr9	136866814	136867008	250	250	0	0	0.00441144956913687	0.88997635598352	3.13171705360929	3.13171705360929	194	397	Promoter	1	Heritable	0.323210855851278	0.893175324984223	0.00988610192973299	3907	0	0	3.23210855851278	5.26785815906333	5.98645200528444	8.27078101316267	1.1415814367584
BA_only	hippocampus	AA	psi	chr9_137022063_137023138	chr9	137022063	137023138	161	161	0	0	0.00121446318811834	0.741782412295099	3.45070590662038	3.45070590662038	1075	425	Genic/other	2	Non-heritable	0.0394113585285308	0.878878935342632	0.00657713450006955	0	0	0	0.394113585285308	6.98007594056176	6.05443934626937	0	1.23857882362593
BA_only	hippocampus	AA	psi	chr9_137023719_137023871	chr9	137023719	137023871	161	161	0	0	0.00186946278095026	0.800632140208814	5.93815776697497	-5.93815776697497	152	405	Genic/other	1	Heritable	0.106844377365863	0.891718843964592	0.00548060653715807	0	0	0	1.06844377365863	5.02388052084628	6.00635315960173	0	1.78139894671524
BA_only	hippocampus	AA	psi	chr9_137189836_137190102	chr9	137189836	137190102	148	148	0	0	0.0209062944167383	0.975856666808667	2.37640509382986	-2.37640509382986	266	327	Genic/other	1	Heritable	0.13176082992582	0.843499020401004	0.00947229997224114	28	0	0	1.3176082992582	5.5834963087817	5.79301360838414	3.36729582998647	0.865588885212115
BA_only	hippocampus	AA	psi	chr9_137194832_137195645	chr9	137194832	137195645	144	144	0	0	0.0205918794386812	0.975856666808667	3.49351204040566	-3.49351204040566	813	324	Promoter	0	Heritable	0.149506157803533	0.871562637321396	0.00841705186252015	0	0	0	1.49506157803533	6.70073110954781	5.78382518232974	0	1.25090754838345
BA_only	hippocampus	AA	psi	chr9_137278859_137279815	chr9	137278859	137279815	116	116	0	0	0.00250867466771052	0.828365432527787	2.593327665147	-2.593327665147	956	304	Genic/other	1	Heritable	0.151812518080077	0.88776385120369	0.0108152918330552	1173	0	0	1.51812518080077	6.8627579130514	5.72031177660741	7.06817200038804	0.952941867699888
BA_only	hippocampus	AA	psi	chr9_137304132_137304528	chr9	137304132	137304528	114	114	0	0	0.00148628129258146	0.767584757419801	2.82830408047935	2.82830408047935	396	308	Genic/other	1	Non-heritable	0.0769533316768055	0.866360186289266	0.0117247719427706	2734	0	0	0.769533316768055	5.98141421125448	5.73334127689775	7.91388671485608	1.0396772707116
BA_only	hippocampus	AA	psi	chr9_137318893_137319437	chr9	137318893	137319437	116	116	0	0	0.0108061900690057	0.944902218841749	2.18330892460481	2.18330892460481	544	309	Genic/other	1	Heritable	0.155158679028178	0.875282789148747	0.010258203660336	9285	0	0	1.55158679028178	6.29894924685594	5.73657229747919	9.13626316857987	0.780841585926447
BA_only	hippocampus	AA	psi	chr9_137370725_137371230	chr9	137370725	137371230	90	90	0	0	0.00537975150438325	0.912911536031513	9.98096469977646	9.98096469977646	505	339	Genic/other	2	Non-heritable	0.0566529815004006	0.873132071784098	0.00689021927272288	2368	0	0	0.566529815004006	6.22455842927536	5.82894561761021	7.77022320415879	2.30067974995794
BA_only	hippocampus	AA	psi	chr9_137461661_137462292	chr9	137461661	137462292	102	102	0	0	0.0102375655980893	0.944902218841749	4.67545056194291	-4.67545056194291	631	328	Genic/other	2	Heritable	0.538087806271769	0.889298624482214	0.0191205429154537	124	0	0	5.38087806271769	6.44730586254121	5.79605775076537	4.8283137373023	1.54232553712171
BA_only	hippocampus	AA	psi	chr9_137575526_137575708	chr9	137575526	137575708	89	89	0	0	0.0679899004180281	0.985907779499035	4.24093676064657	4.24093676064657	182	310	Promoter	1	Heritable	0.120135987224092	0.890052264861922	0.00970797281392273	0	0	0	1.20135987224092	5.2040066870768	5.73979291217923	0	1.44478418131425
BA_only	hippocampus	AA	psi	chr9_137740187_137740512	chr9	137740187	137740512	79	79	0	0	0.00637343565534273	0.920376068783091	4.34924818530104	4.34924818530104	325	287	Genic/other	0	Heritable	0.166247063630413	0.837132690967827	0.00754962477109699	0	0	0	1.66247063630413	5.78382518232974	5.66296048013595	0	1.47000300149757
BA_only	hippocampus	AA	psi	chr9_137764271_137765263	chr9	137764271	137765263	79	79	0	0	0.0926654259587068	0.989446665475032	4.40063111505981	4.40063111505981	992	282	Genic/other	0	Non-heritable	0.0883605230742819	0.849372809108004	0.00937154134715303	0	0	0	0.883605230742819	6.89972310728487	5.64544689764324	0	1.48174796815163
BA_only	hippocampus	AA	psi	chr9_137786526_137786679	chr9	137786526	137786679	80	80	0	0	0.0309539771167753	0.976893291659941	2.64795134907937	-2.64795134907937	153	258	Genic/other	2	Heritable	0.10122403767628	0.754550598403913	0.00779804299663812	0	0	0	1.0122403767628	5.03043792139244	5.55682806169954	0	0.973786268978321
BA_only	hippocampus	AA	psi	chr9_137793663_137793827	chr9	137793663	137793827	80	80	0	0	0.0180598982980596	0.971452676751561	8.45892218436953	8.45892218436953	164	262	Genic/other	0	Non-heritable	0.0812655940551687	0.826352996646078	0.0133765272972222	0	0	0	0.812655940551687	5.0998664278242	5.57215403217777	0	2.13522176530931
BA_only	hippocampus	AA	psi	chr9_137820300_137820592	chr9	137820300	137820592	77	77	0	0	0.0351076258656715	0.980327953711174	5.43834456451519	5.43834456451519	292	257	Genic/other	1	Heritable	0.118060416957628	0.814839297516491	0.0102489413385717	0	0	0	1.18060416957628	5.67675380226828	5.55295958492162	0	1.69347470840204
BA_only	hippocampus	AA	psi	chr9_137846949_137847305	chr9	137846949	137847305	74	74	0	0	0.0184995144625195	0.972503866121758	6.53349995665682	6.53349995665682	356	257	Genic/other	0	Heritable	0.192896292623204	0.818622444886701	0.00972595534402973	12599	0	0	1.92896292623204	5.87493073085203	5.55295958492162	9.44145209293957	1.87694278234365
BA_only	hippocampus	AA	psi	chr9_138023854_138024081	chr9	138023854	138024081	84	84	0	0	0.00579381055327362	0.91658260669542	4.77504854865273	4.77504854865273	227	201	Genic/other	1	Heritable	0.203674436046538	0.833217950908526	0.00498424440311938	1090	0	0	2.03674436046538	5.4249500174814	5.30826769740121	6.99484998583307	1.56340414323234
BA_only	hippocampus	AA	psi	chr9_138147795_138148084	chr9	138147795	138148084	73	73	0	0	0.00424297909746079	0.886931936675683	3.55524095524647	3.55524095524647	289	181	Genic/other	1	Heritable	0.135978771994891	0.798621495190629	0.0133268152183756	2223	0	0	1.35978771994891	5.66642668811243	5.2040066870768	7.70706265537047	1.26842284302462
BA_only	hippocampus	AA	psi	chr9_138220920_138221006	chr9	138220920	138221006	72	72	0	0	0.0176496197799641	0.970931943606436	4.49822291035119	4.49822291035119	86	158	Promoter	1	Non-heritable	0.0557588594995	0.688829870268043	0.00770991985216569	0	0	0	0.557588594995	4.45434729625351	5.06890420222023	0	1.50368241219151
BA_only	hippocampus	AA	psi	chr9_14303652_14304905	chr9	14303652	14304905	30	30	0	0	0.0385192601092399	0.980549382116533	2.48505321275175	-2.48505321275175	1253	715	Genic/other	0	Heritable	0.119739103774887	0.962610696704429	0.00869981760313175	0	0	0	1.19739103774887	7.13329595489607	6.57368016696065	0	0.910294076925577
BA_only	hippocampus	AA	psi	chr9_14344996_14346336	chr9	14344996	14346336	31	31	0	0	0.00362069026164473	0.866906756094015	1.95925923376555	1.95925923376555	1340	722	Promoter	2	Non-heritable	0.0623250094358121	0.957043589105402	0.00710885161396259	0	0	0	0.623250094358121	7.20042489294496	6.58340922215877	0	0.672566464951982
BA_only	hippocampus	AA	psi	chr9_15134702_15134867	chr9	15134702	15134867	36	36	0	0	0.00371023973619428	0.867953489674172	10.3138931452813	10.3138931452813	165	521	Genic/other	0	Non-heritable	0.0878010557045359	0.950962050388911	0.0134806539789568	11735	0	0	0.878010557045359	5.10594547390058	6.25766758788264	9.37041631982282	2.33349183638191
BA_only	hippocampus	AA	psi	chr9_16152413_16153046	chr9	16152413	16153046	1	1	0	0	0.819778977029474	0.998086123615204	0.0953160971890754	-0.0953160971890754	633	432	Intergenic	0	Heritable	0.115824490227649	0.904953992812711	0.00670291856192145	50991	0	0	1.15824490227649	6.45047042214418	6.07073772800249	10.8394240366571	-2.35055646697838
BA_only	hippocampus	AA	psi	chr9_16154065_16154428	chr9	16154065	16154428	1	1	0	0	0.546945815360578	0.996346185215389	0.205274959131991	-0.205274959131991	363	427	Intergenic	0	Heritable	0.131844817038025	0.916260627060426	0.0106284846845485	49609	0	0	1.31844817038025	5.89440283426485	6.0591231955818	10.8119477052951	-1.58340488576123
BA_only	hippocampus	AA	psi	chr9_16829074_16829681	chr9	16829074	16829681	11	11	0	0	0.114171288911806	0.990898390030923	1.0140351367661	1.0140351367661	607	460	Genic/other	2	Heritable	0.149178816401438	0.922848021091756	0.00864312232133263	0	0	0	1.49178816401438	6.4085287910595	6.13339804299665	0	0.0139375660733249
BA_only	hippocampus	AA	psi	chr9_17907827_17908114	chr9	17907827	17908114	1	1	0	0	0.906156419458394	0.999431086262393	0.164959513513879	0.164959513513879	287	488	Genic/other	1	Non-heritable	0.0773002894416572	0.938427267822956	0.0103644669439916	2039	0	0	0.773002894416572	5.65948221575962	6.19236248947487	7.62070508683826	-1.80205514721257
BA_only	hippocampus	AA	psi	chr9_18255208_18255297	chr9	18255208	18255297	5	5	0	0	0.198353241583665	0.991064867102684	1.29271412437383	1.29271412437383	89	476	Genic/other	0	Heritable	0.146404121726354	0.941842942563629	0.00848943767347171	182723	0	0	1.46404121726354	4.48863636973214	6.16751649088834	12.1157320966287	0.256743988241824
BA_only	hippocampus	AA	psi	chr9_18439114_18439600	chr9	18439114	18439600	5	5	0	0	0.275015446704236	0.993437465767387	0.476801834064486	0.476801834064486	486	555	Genic/other	1	Heritable	0.128400101032327	0.943014832343788	0.00840453163752631	80	0	0	1.28400101032327	6.18620862390049	6.32076829425058	4.39444915467244	-0.740654295653564
BA_only	hippocampus	AA	psi	chr9_19645615_19648851	chr9	19645615	19648851	12	12	0	0	0.0516546620932078	0.984153364580922	2.01242011467566	-2.01242011467566	3236	430	Genic/other	0	Heritable	0.377728597802602	0.896645310354817	0.0124261562155642	140426	0	0	3.77728597802602	8.08209327817838	6.06610809010375	11.8524430597774	0.699338039920772
BA_only	hippocampus	AA	psi	chr9_20658303_20658767	chr9	20658303	20658767	5	5	0	0	0.0762351428946264	0.987408598172976	1.20032816194789	-1.20032816194789	464	403	Promoter	0	Heritable	0.103706829280871	0.925753184585059	0.0115090186329191	24773	0	0	1.03706829280871	6.13988455222626	6.00141487796115	10.1175499951141	0.182594996029281
BA_only	hippocampus	AA	psi	chr9_21403323_21404247	chr9	21403323	21404247	65	65	0	0	0.0161589490349375	0.968106276565941	2.86244349223248	2.86244349223248	924	309	Promoter	1	Non-heritable	0.0532592895662943	0.792328893388647	0.00769151125166202	24	0	0	0.532592895662943	6.82871207164168	5.73657229747919	3.2188758248682	1.05167563147422
BA_only	hippocampus	AA	psi	chr9_21803798_21804036	chr9	21803798	21804036	73	73	0	0	0.0099013677080097	0.944023377872314	6.90987044624763	-6.90987044624763	238	361	Genic/other	1	Heritable	0.109926783704523	0.889928773771566	0.00693194417489733	0	0	0	1.09926783704523	5.47227067367148	5.89164421182577	0	1.93295089031696
BA_only	hippocampus	AA	psi	chr9_23229920_23230281	chr9	23229920	23230281	7	7	0	0	0.274415262305825	0.993437465767387	2.11025797497242	-2.11025797497242	361	483	Genic/other	0	Non-heritable	0.0830585684107351	0.922660155173347	0.00720357168056018	3861	0	0	0.830585684107351	5.88887795833288	6.18208490671663	8.25894046298846	0.746810207773323
BA_only	hippocampus	AA	psi	chr9_23412415_23412953	chr9	23412415	23412953	2	2	0	0	0.548117746565852	0.996372748468176	0.311688100547286	0.311688100547286	538	475	Genic/other	0	Non-heritable	0.0642695076055084	0.929718704809459	0.007388196447477	101861	0	0	0.642695076055084	6.28785856016178	6.16541785423142	11.5313742350387	-1.1657522368334
BA_only	hippocampus	AA	psi	chr9_26208782_26210459	chr9	26208782	26210459	2	2	0	0	0.656913331760226	0.99725367388771	0.450992154379147	0.450992154379147	1677	385	Intergenic	0	Non-heritable	0.0647867709396214	0.835522277923983	0.00698526497343439	50908	0	0	0.647867709396214	7.42476176182321	5.95583736946483	10.8377950041971	-0.796305313512544
BA_only	hippocampus	AA	psi	chr9_2633798_2634642	chr9	2633798	2634642	65	65	0	0	0.00768796570707302	0.933559278800072	1.97135330981378	-1.97135330981378	844	820	Genic/other	0	Heritable	0.121125978140491	0.972613354043688	0.00681094722964872	0	0	0	1.21125978140491	6.73815249459596	6.71052310945243	0	0.678720271270358
BA_only	hippocampus	AA	psi	chr9_27344415_27345126	chr9	27344415	27345126	20	20	0	0	0.026372918013192	0.975932065139872	0.905526898690107	-0.905526898690107	711	529	Genic/other	0	Non-heritable	0.0624336324703175	0.925766749752882	0.00840765208556767	47801	0	0	0.624336324703175	6.56667242980324	6.27287700654617	10.7748227586084	-0.0992382851591736
BA_only	hippocampus	AA	psi	chr9_27498017_27498290	chr9	27498017	27498290	20	20	0	0	0.0179922254723198	0.971197196579887	0.861434290970789	-0.861434290970789	273	564	Promoter	0	Non-heritable	0.0769455944467944	0.952099493663468	0.00874033686077392	228	0	0	0.769455944467944	5.60947179518496	6.33682573114644	5.43372200355424	-0.149156487128467
BA_only	hippocampus	AA	psi	chr9_27654261_27655500	chr9	27654261	27655500	18	18	0	0	0.00847199808187098	0.933559278800072	1.49116067428573	-1.49116067428573	1239	586	Intergenic	0	Heritable	0.120132145423132	0.951790526620426	0.0126713226053177	0	0	0	1.20132145423132	7.12205988162914	6.3750248198281	0	0.399554799449886
BA_only	hippocampus	AA	psi	chr9_31030617_31031142	chr9	31030617	31031142	1	1	0	0	0.0763317948866331	0.987408598172976	0.990203365481935	-0.990203365481935	525	235	Intergenic	0	Heritable	0.107027462304881	0.793280173072102	0.00735832176591788	0	0	0	1.07027462304881	6.26339826259162	5.46383180502561	0	-0.00984492717157691
BA_only	hippocampus	AA	psi	chr9_31470106_31470798	chr9	31470106	31470798	0	0	0	0					692	285	Intergenic	0	Heritable	0.597775809424759	0.904367689444587	0.00668740036034862	119664	0	0	5.97775809424759	6.53958595561767	5.65599181081985	11.6924514511287	
BA_only	hippocampus	AA	psi	chr9_3224958_3225312	chr9	3224958	3225312	22	22	0	0	0.0375442825089842	0.980549382116533	3.17243889717481	3.17243889717481	354	494	Genic/other	0	Non-heritable	0.0619300713227079	0.901862005573773	0.00685169784574915	24657	0	0	0.619300713227079	5.86929691313377	6.20455776256869	10.1128566704285	1.15450066342329
BA_only	hippocampus	AA	psi	chr9_32525259_32525384	chr9	32525259	32525384	57	57	0	0	0.0257666031147035	0.975932065139872	2.18711816905789	2.18711816905789	125	379	Genic/other	1	Non-heritable	0.0761867723577096	0.824931412909285	0.00912545188675505	0	0	0	0.761867723577096	4.8283137373023	5.94017125272043	0	0.782584777298188
BA_only	hippocampus	AA	psi	chr9_32553379_32553488	chr9	32553379	32553488	57	57	0	0	0.0383303641920643	0.980549382116533	2.0330381056096	2.0330381056096	109	380	Promoter	1	Non-heritable	0.0902281029630264	0.890790820829224	0.00964823183568456	0	0	0	0.902281029630264	4.69134788222914	5.9427993751267	0	0.709531282925747
BA_only	hippocampus	AA	psi	chr9_32902398_32903368	chr9	32902398	32903368	62	62	0	0	0.0235414858701076	0.975932065139872	2.66711367292274	-2.66711367292274	970	377	Genic/other	0	Heritable	0.71490384675064	0.889245503243001	0.00710085865746314	70283	0	0	7.1490384675064	6.87729607149743	5.93489419561959	11.1602994558778	0.980996870059231
BA_only	hippocampus	AA	psi	chr9_33024196_33024306	chr9	33024196	33024306	59	59	0	0	0.00515160258837623	0.909885926705608	2.18721699738854	-2.18721699738854	110	364	Promoter	1	Heritable	0.13120878534359	0.889451464048204	0.0109929349055314	0	0	0	1.3120878534359	4.70048036579242	5.89989735358249	0	0.782629962829911
BA_only	hippocampus	AA	psi	chr9_33511577_33512352	chr9	33511577	33512352	94	94	0	0	0.0131454848095521	0.964283399649536	3.02751595664307	-3.02751595664307	775	264	Promoter	1	Non-heritable	0.0760084178632908	0.824229210589797	0.0114795294987411	589	0	0	0.760084178632908	6.65286302935335	5.57972982598622	6.38012253689977	1.10774247030175
BA_only	hippocampus	AA	psi	chr9_33522677_33523559	chr9	33522677	33523559	90	90	0	0	0.00235957308833923	0.82299556070563	2.21219507318075	-2.21219507318075	882	283	Promoter	2	Non-heritable	0.0756871730192226	0.78865442065106	0.00832937068345882	0	0	0	0.756871730192226	6.78219205600679	5.64897423816121	0	0.793985272890992
BA_only	hippocampus	AA	psi	chr9_33624382_33624642	chr9	33624382	33624642	90	90	0	0	0.00264986938393466	0.835655744705892	2.2203395045956	2.2203395045956	260	255	Genic/other	0	Heritable	0.104007027894633	0.784814615137871	0.00827593436892432	17371	0	0	1.04007027894633	5.56068163101553	5.54517744447956	9.76261499365471	0.797660118693422
BA_only	hippocampus	AA	psi	chr9_33721641_33721882	chr9	33721641	33721882	49	49	0	0	0.0115188386138756	0.95315577890577	1.61097126353462	-1.61097126353462	241	244	Genic/other	0	Heritable	0.128727850740611	0.828674744726013	0.00862623351203677	11361	0	0	1.28727850740611	5.48479693349066	5.50125821054473	9.33802973311707	0.476837272586209
BA_only	hippocampus	AA	psi	chr9_33778917_33780238	chr9	33778917	33780238	28	28	0	0	0.0254180355616288	0.975932065139872	2.12312027500495	-2.12312027500495	1321	227	Genic/other	0	Heritable	0.111166938106344	0.841928714652432	0.00731843874968626	0	0	0	1.11166938106344	7.18614430452233	5.42934562895444	0	0.752886839149533
BA_only	hippocampus	AA	psi	chr9_34049977_34050075	chr9	34049977	34050075	27	27	0	0	0.0011762280908887	0.733428443642724	3.23609899300724	3.23609899300724	98	181	Promoter	1	Non-heritable	0.0833161095909381	0.740665685361946	0.00727849788129627	0	0	0	0.833161095909381	4.58496747867057	5.2040066870768	0	1.17436859298265
BA_only	hippocampus	AA	psi	chr9_34381452_34381632	chr9	34381452	34381632	24	24	0	0	0.018415313572294	0.972503866121758	1.65371357486331	-1.65371357486331	180	201	Promoter	1	Non-heritable	0.0365695167588153	0.62967389181948	0.00769911533646942	0	0	0	0.365695167588153	5.19295685089021	5.30826769740121	0	0.503023416469631
BA_only	hippocampus	AA	psi	chr9_34593014_34593262	chr9	34593014	34593262	129	129	0	0	0.00293811809843243	0.846222391562562	3.7012937169631	3.7012937169631	248	210	Genic/other	1	Non-heritable	0.0809033635528265	0.690780869018469	0.00757151184205509	2931	0	0	0.809033635528265	5.51342874616498	5.35185813347607	7.98344006300654	1.30868241447076
BA_only	hippocampus	AA	psi	chr9_34620919_34621543	chr9	34620919	34621543	129	129	0	0	0.0205573882888088	0.975856666808667	1.97207095765884	-1.97207095765884	624	226	Promoter	1	Non-heritable	0.0909624183393325	0.792283089964021	0.00856809114301727	565	0	0	0.909624183393325	6.43615036836943	5.4249500174814	6.33859407820318	0.679084243189516
BA_only	hippocampus	AA	psi	chr9_34759554_34760115	chr9	34759554	34760115	145	145	0	0	0.000517179516324201	0.624022525863078	3.86292226945605	3.86292226945605	561	232	Genic/other	0	Heritable	0.142347789632768	0.730535976094033	0.00651759301053936	0	0	0	1.42347789632768	6.3297209055227	5.4510384535657	0	1.3514239642625
BA_only	hippocampus	AA	psi	chr9_34987586_34988527	chr9	34987586	34988527	118	118	0	0	0.00972043740576765	0.939841915020693	2.07079118767191	2.07079118767191	941	226	Genic/other	1	Heritable	0.147568572565305	0.813929611847425	0.00901988016501959	0	0	0	1.47568572565305	6.84694313958538	5.4249500174814	0	0.727930755346943
BA_only	hippocampus	AA	psi	chr9_35538169_35538391	chr9	35538169	35538391	57	57	0	0	0.00111377986330123	0.726050490461723	3.22955003216987	3.22955003216987	222	256	Promoter	0	Non-heritable	0.0805561051648594	0.701065179254984	0.00751656760891424	0	0	0	0.805561051648594	5.40267738187228	5.54907608489522	0	1.17234282170085
BA_only	hippocampus	AA	psi	chr9_35673899_35674193	chr9	35673899	35674193	77	77	0	0	0.0132650830790112	0.964283399649536	2.57679918043991	2.57679918043991	294	278	Promoter	1	Non-heritable	0.0711154606884169	0.849578720607013	0.00968882794966645	2012	0	0	0.711154606884169	5.68357976733868	5.63121178182137	7.60738142563979	0.94654800486215
BA_only	hippocampus	AA	psi	chr9_36765190_36765669	chr9	36765190	36765669	25	25	0	0	0.141727141876326	0.991064867102684	0.570916092276478	-0.570916092276478	479	406	Promoter	0	Heritable	0.443479719460444	0.879496224403328	0.010699615082892	14207	0	0	4.43479719460444	6.17170059741092	6.0088131854426	9.56156046523195	-0.56051301133615
BA_only	hippocampus	AA	psi	chr9_37446652_37447871	chr9	37446652	37447871	15	15	0	0	0.0167470160783606	0.970581273335112	3.04574666264128	3.04574666264128	1219	345	Genic/other	0	Heritable	0.131445237923036	0.879466202975792	0.00870597027563462	9990	0	0	1.31445237923036	7.10578612948127	5.84643877505773	9.20943996673302	1.11374608379222
BA_only	hippocampus	AA	psi	chr9_37800141_37800301	chr9	37800141	37800301	20	20	0	0	0.0743036289936396	0.986186896048602	1.54864340002534	1.54864340002534	160	406	Promoter	1	Heritable	0.425428370811056	0.875574040770432	0.0137546686668579	0	0	0	4.25428370811056	5.07517381523383	6.0088131854426	0	0.437379328364598
BA_only	hippocampus	AA	psi	chr9_37927264_37927769	chr9	37927264	37927769	13	13	0	0	0.0289753407819871	0.975932065139872	1.11545437327364	-1.11545437327364	505	483	Genic/other	0	Non-heritable	0.0185973050702882	0.837791523350648	0.00721818022890967	23195	0	0	0.185973050702882	6.22455842927536	6.18208490671663	10.0517351289963	0.109261840529984
BA_only	hippocampus	AA	psi	chr9_37995647_37996442	chr9	37995647	37996442	21	21	0	0	0.0214355689166838	0.975932065139872	2.91678274468483	2.91678274468483	795	499	Genic/other	0	Non-heritable	0.0409220645233384	0.833432481485674	0.00744357574184231	75108	0	0	0.409220645233384	6.67834211465433	6.21460809842219	11.226695670785	1.07048121251558
BA_only	hippocampus	AA	psi	chr9_38487733_38487993	chr9	38487733	38487993	31	31	0	0	0.00619699805392976	0.920376068783091	2.92312636974623	2.92312636974623	260	546	Genic/other	1	Non-heritable	0.0981666241188801	0.94438756057413	0.0076647864050034	0	0	0	0.981666241188801	5.56068163101553	6.30444880242198	0	1.07265372150859
BA_only	hippocampus	AA	psi	chr9_38526670_38526861	chr9	38526670	38526861	32	32	0	0	0.00598016466943348	0.918975427356839	2.2898991687575	-2.2898991687575	191	548	Promoter	1	Heritable	0.149527320239652	0.940051424576859	0.00929740114118054	13987	0	0	1.49527320239652	5.25227342804663	6.30809844150953	9.54595509818327	0.828507789853493
BA_only	hippocampus	AA	psi	chr9_38643702_38644193	chr9	38643702	38644193	32	32	0	0	0.0374187902114849	0.980549382116533	1.40605047059493	-1.40605047059493	491	523	Intergenic	0	Non-heritable	0.0671320914873631	0.933311688902883	0.0076919889129057	6182	0	0	0.671320914873631	6.19644412779452	6.26149168432104	8.72955886955857	0.34078469643878
BA_only	hippocampus	AA	psi	chr9_38656552_38657674	chr9	38656552	38657674	32	32	0	0	0.0268676050555735	0.975932065139872	1.84765423120844	1.84765423120844	1122	510	Genic/other	0	Heritable	0.620442033975491	0.891565912572437	0.00834733049904093	0	0	0	6.20442033975491	7.02286808608264	6.2363695902037	0	0.613916856801125
BA_only	hippocampus	AA	psi	chr9_39078440_39078667	chr9	39078440	39078667	48	48	0	0	0.00194654569000704	0.804679915749906	5.13603425993326	-5.13603425993326	227	203	Genic/other	1	Non-heritable	0.0842518263919386	0.723411852751431	0.0087704119723538	0	0	0	0.842518263919386	5.4249500174814	5.31811999384422	0	1.63628123886019
BA_only	hippocampus	AA	psi	chr9_39132832_39133147	chr9	39132832	39133147	52	52	0	0	0.0224038018230267	0.975932065139872	6.67025871000853	-6.67025871000853	315	177	Genic/other	2	Heritable	0.128865116636848	0.700834979101219	0.0102173909527514	0	0	0	1.28865116636848	5.75257263882563	5.18178355029209	0	1.89765864778225
BA_only	hippocampus	AA	psi	chr9_4339099_4339595	chr9	4339099	4339595	8	8	0	0	0.0319218652754318	0.977287214201968	0.667992890674369	0.667992890674369	496	879	Genic/other	0	Non-heritable	0.0916901315048854	0.974178996205759	0.00848298798829228	39677	0	0	0.916901315048854	6.20657592672493	6.77992190747225	10.5885521569027	-0.403477733234947
BA_only	hippocampus	AA	psi	chr9_5304439_5304707	chr9	5304439	5304707	4	4	0	0	0.116914206533686	0.990898390030923	0.517346880515229	0.517346880515229	268	456	Promoter	2	Non-heritable	0.0602348646358831	0.914514318349949	0.0211487562871171	68	0	0	0.602348646358831	5.59098698051086	6.12468339089421	4.23410650459726	-0.659041661357611
BA_only	hippocampus	AA	psi	chr9_5310303_5312469	chr9	5310303	5312469	4	4	0	0	0.499045864279542	0.994840206451052	1.6035136928307	1.6035136928307	2166	451	Promoter	0	Non-heritable	0.0541142405445433	0.893238490425955	0.000378344604715354	0	0	0	0.541142405445433	7.68063742756094	6.11368217983223	0	0.4721972856903
BA_only	hippocampus	AA	psi	chr9_5314156_5314893	chr9	5314156	5314893	4	4	0	0	0.469128796112559	0.994840206451052	1.30293667988157	-1.30293667988157	737	441	Intergenic	0	Non-heritable	0.0754389352244317	0.878669014258183	0.000649808440538034	11	0	0	0.754389352244317	6.60258789218934	6.0913098820777	2.484906649788	0.264620708997248
BA_only	hippocampus	AA	psi	chr9_5327086_5327322	chr9	5327086	5327322	4	4	0	0	0.014140618441955	0.964826773227435	0.890691909271	-0.890691909271	236	463	Intergenic	0	Non-heritable	0.0696529682972354	0.912511204142984	0.00161948885422031	12941	0	0	0.696529682972354	5.46383180502561	6.13988455222626	9.46823311561721	-0.115756680920709
BA_only	hippocampus	AA	psi	chr9_5328176_5331452	chr9	5328176	5331452	6	6	0	0	0.225425338278617	0.991497141402577	7.37595583826267	7.37595583826267	3276	444	Intergenic	0	Non-heritable	0.0307461264680284	0.88851037992585	0.000494233379659884	14031	0	0	0.307461264680284	8.09437844497296	6.09807428216624	9.54909571461196	1.99822550037177
BA_only	hippocampus	AA	psi	chr9_5332683_5334204	chr9	5332683	5334204	6	6	0	0	0.136509793772037	0.991064867102684	11.8575162167894	11.8575162167894	1521	445	Intergenic	0	Non-heritable	0.0640464808849635	0.937160346181272	0.000839420046308943	18538	0	0	0.640464808849635	7.32712329225929	6.10031895202006	9.82763190023259	2.47296194725185
BA_only	hippocampus	AA	psi	chr9_5335316_5337178	chr9	5335316	5337178	6	6	0	0	0.191681282151926	0.991064867102684	11.662493569759	11.662493569759	1862	441	Genic/other	2	Non-heritable	0.0962738184209367	0.916343820991455	0.00154953159536237	21171	0	0	0.962738184209367	7.52940645783701	6.0913098820777	9.96043483297788	2.45637801567033
BA_only	hippocampus	AA	psi	chr9_5339605_5339641	chr9	5339605	5339641	6	6	0	0	0.0123330669745908	0.958949015439713	1.69727397585037	-1.69727397585037	36	429	Promoter	1	Heritable	0.145078709661043	0.930026005446748	0.00764012883548103	22246	0	0	1.45078709661043	3.58351893845611	6.06378520868761	10.0099624470431	0.529023426284395
BA_only	hippocampus	AA	psi	chr9_5449569_5449826	chr9	5449569	5449826	6	6	0	0	0.141655963639263	0.991064867102684	4.22894481382388	4.22894481382388	257	392	Promoter	1	Non-heritable	0.0695273403250801	0.900082560679766	0.0063347532974269	6338	0	0	0.695273403250801	5.54907608489522	5.97380961186926	8.75447630628417	1.44195251130755
BA_only	hippocampus	AA	psi	chr9_562418_564357	chr9	562418	564357	40	40	0	0	0.087850666137599	0.988867920402182	1.56990553059163	1.56990553059163	1939	843	Genic/other	0	Non-heritable	0.054452621358711	0.954151224979378	0.00874304456081191	0	0	0	0.54452621358711	7.56992765524265	6.73815249459596	0	0.451015452321956
BA_only	hippocampus	AA	psi	chr9_5627422_5628017	chr9	5627422	5628017	21	21	0	0	0.0439068270145898	0.980789550235948	3.42102444282919	3.42102444282919	595	389	Enhancer	1	Non-heritable	0.0441677403561794	0.811593961976234	0.0074982894641072	0	0	0	0.441677403561794	6.38856140554563	5.96614673912369	0	1.22994005382996
BA_only	hippocampus	AA	psi	chr9_6439240_6439432	chr9	6439240	6439432	184	184	0	0	0.00197556140254942	0.80614848610333	3.54490157894046	3.54490157894046	192	386	Genic/other	0	Heritable	0.112487234577157	0.903688153615467	0.00862143939476965	0	0	0	1.12487234577157	5.25749537202778	5.95842469302978	0	1.26551039907421
BA_only	hippocampus	AA	psi	chr9_6623883_6624714	chr9	6623883	6624714	189	189	0	0	0.00139808074854561	0.759071555562182	3.32869952884603	-3.32869952884603	831	423	Promoter	0	Heritable	0.505620208829082	0.900057426288335	0.0101398920376329	0	0	0	5.05620208829082	6.72262979485545	6.04973345523196	0	1.20258169884103
BA_only	hippocampus	AA	psi	chr9_6716238_6716423	chr9	6716238	6716423	181	181	0	0	0.000474140861697281	0.604162640906295	3.95296382719214	3.95296382719214	185	451	Promoter	1	Heritable	0.182382309362936	0.885791576170716	0.00651978439664872	0	0	0	1.82382309362936	5.22035582507832	6.11368217983223	0	1.37446563607947
BA_only	hippocampus	AA	psi	chr9_68322224_68322622	chr9	68322224	68322622	101	101	0	0	0.0080745882387401	0.933559278800072	3.98136553017563	-3.98136553017563	398	159	Promoter	0	Non-heritable	0.0813516269737105	0.654663841475257	0.0108685815760556	6067	0	0	0.813516269737105	5.98645200528444	5.07517381523383	8.71078434046842	1.38162486099745
BA_only	hippocampus	AA	psi	chr9_68324349_68324407	chr9	68324349	68324407	101	101	0	0	0.0608684947246876	0.98577631996496	1.40229583815044	-1.40229583815044	58	153	Genic/other	0	Non-heritable	0.0659310239668262	0.649538852055951	0.0293242276886059	4282	0	0	0.659310239668262	4.06044301054642	5.03695260241363	8.36240897761537	0.338110785003334
BA_only	hippocampus	AA	psi	chr9_68996145_68996702	chr9	68996145	68996702	70	70	0	0	0.00949675039139719	0.939841915020693	2.55411669583218	-2.55411669583218	557	352	Genic/other	0	Heritable	0.194011586770344	0.891529011691457	0.00778886901605414	0	0	0	1.94011586770344	6.32256523992728	5.8664680569333	0	0.937706451880436
BA_only	hippocampus	AA	psi	chr9_69015617_69016374	chr9	69015617	69016374	78	78	0	0	0.0109679883490255	0.946626318637551	3.71152580592605	-3.71152580592605	757	358	Genic/other	2	Heritable	0.495946239080642	0.868352297510375	0.00720123488567769	7169	0	0	4.95946239080642	6.62936325343745	5.88332238848828	8.87766093359367	1.31144306320965
BA_only	hippocampus	AA	psi	chr9_69186379_69187880	chr9	69186379	69187880	85	85	0	0	0.00223571027540723	0.818039030279412	3.04471808635982	-3.04471808635982	1501	350	Genic/other	0	Heritable	0.125220604738058	0.889166418541372	0.00753210138186985	0	0	0	1.25220604738058	7.31388683163346	5.86078622346587	0	1.11340831768397
BA_only	hippocampus	AA	psi	chr9_69204503_69205231	chr9	69204503	69205231	85	85	0	0	0.0146959328868503	0.966089857218066	3.51458350080589	-3.51458350080589	728	348	Promoter	0	Heritable	0.124710802131777	0.874003785832721	0.0103843674531119	0	0	0	1.24710802131777	6.59030104819669	5.85507192220243	0	1.25692102914008
BA_only	hippocampus	AA	psi	chr9_70410446_70411875	chr9	70410446	70411875	104	104	0	0	0.00215559283216828	0.815187053503819	1.99719616311829	-1.99719616311829	1429	282	Enhancer	1	Heritable	0.119158116318218	0.835521000425546	0.00542620132070633	2534	0	0	1.19158116318218	7.26473017792987	5.64544689764324	7.83794891602528	0.691744283519054
BA_only	hippocampus	AA	psi	chr9_708367_708673	chr9	708367	708673	36	36	0	0	0.0117684477012699	0.954282031344193	1.40241743244784	-1.40241743244784	306	911	Enhancer	1	Non-heritable	0.0934636414971084	0.978222386433003	0.0130002702688715	0	0	0	0.934636414971084	5.72358510195238	6.81563999007433	0	0.338197492117308
BA_only	hippocampus	AA	psi	chr9_71767319_71767617	chr9	71767319	71767617	5	5	0	0	0.110694608537642	0.990898390030923	2.60247412756015	2.60247412756015	298	371	Genic/other	1	Heritable	0.131456502341019	0.877008762548421	0.0105140811093458	27255	0	0	1.31456502341019	5.69709348650541	5.91889385427315	10.2130289593408	0.956462583920683
BA_only	hippocampus	AA	psi	chr9_71908161_71908648	chr9	71908161	71908648	11	11	0	0	0.348115666800853	0.993907636149293	2.16260579267283	-2.16260579267283	487	375	Genic/other	2	Non-heritable	0.0914158525832624	0.904233172915928	0.00912542394273079	3187	0	0	0.914158525832624	6.18826412308259	5.9295891433899	8.06714903991011	0.771313884718537
BA_only	hippocampus	AA	psi	chr9_71965183_71966264	chr9	71965183	71966264	13	13	0	0	0.142432496425193	0.991064867102684	4.23985320392028	4.23985320392028	1081	362	Genic/other	0	Non-heritable	0.0770960542371321	0.890556095984481	0.00890668592284512	0	0	0	0.770960542371321	6.98564181763921	5.89440283426485	0	1.44452864928618
BA_only	hippocampus	AA	psi	chr9_72150218_72150340	chr9	72150218	72150340	110	110	0	0	0.00343600821403917	0.866906756094015	4.40596386954748	-4.40596386954748	122	327	Genic/other	1	Heritable	0.273360983767678	0.863828563037605	0.00853426453205892	0	0	0	2.73360983767678	4.80402104473326	5.79301360838414	0	1.4829590503319
BA_only	hippocampus	AA	psi	chr9_7217188_7218078	chr9	7217188	7218078	3	3	0	0	0.220534242588199	0.991290284450776	0.867466760026821	-0.867466760026821	890	610	Intergenic	0	Heritable	0.751442443919028	0.934318895221136	0.0066629945606557	86588	0	0	7.51442443919028	6.79122146272619	6.4150969591716	11.3689280656975	-0.142178073339382
BA_only	hippocampus	AA	psi	chr9_74358032_74359130	chr9	74358032	74359130	19	19	0	0	0.047748057324645	0.982661996589092	0.901414309942958	0.901414309942958	1098	285	Intergenic	0	Heritable	0.108712070134039	0.863950347821104	0.00894572757379078	13356	0	0	1.08712070134039	7.00124562206948	5.65599181081985	9.49979587097711	-0.103790282516122
BA_only	hippocampus	AA	psi	chr9_74774035_74774853	chr9	74774035	74774853	6	6	0	0	0.0214969796569606	0.975932065139872	1.09443279058324	1.09443279058324	818	397	Genic/other	0	Heritable	0.126862535261446	0.886290820466669	0.0121091268404886	35627	0	0	1.26862535261446	6.70686233660275	5.98645200528444	10.4808871245518	0.0902362387301839
BA_only	hippocampus	AA	psi	chr9_7655437_7656822	chr9	7655437	7656822	0	0	0	0					1385	664	Enhancer	0	Heritable	0.10947955773737	0.959993292262159	0.0103785691951195	141814	0	0	1.0947955773737	7.23345541862144	6.49978704065585	11.8622786702782	
BA_only	hippocampus	AA	psi	chr9_76571497_76572567	chr9	76571497	76572567	8	8	0	0	0.0295813073431786	0.976741514025636	3.00895059562355	-3.00895059562355	1070	648	Genic/other	0	Heritable	0.146090644407426	0.94953066855233	0.0173510729034671	46819	0	0	1.46090644407426	6.97541392745595	6.47543271670409	10.7540657410449	1.10159138196766
BA_only	hippocampus	AA	psi	chr9_76893037_76894100	chr9	76893037	76894100	6	6	0	0	0.162059431305631	0.991064867102684	0.885839391722321	0.885839391722321	1063	452	Genic/other	0	Non-heritable	0.0676206903830007	0.889042783806137	0.0105116553142809	30918	0	0	0.676206903830007	6.96885037834195	6.11589212548303	10.3391261606518	-0.121219606971451
BA_only	hippocampus	AA	psi	chr9_76904500_76905391	chr9	76904500	76905391	4	4	0	0	0.0207887666794031	0.975856666808667	3.15710895423538	3.15710895423538	891	447	Genic/other	1	Heritable	0.112336698296694	0.899166311147273	0.00843995404408183	42381	0	0	1.12336698296694	6.79234442747081	6.10479323241499	10.6544790227805	1.14965672410071
BA_only	hippocampus	AA	psi	chr9_77426906_77427745	chr9	77426906	77427745	8	8	0	0	0.0197205854002627	0.974612769745579	0.785657658352952	0.785657658352952	839	388	Genic/other	0	Heritable	0.558393697096046	0.912446008686347	0.0105005815035909	10949	0	0	5.58393697096046	6.73221070646721	5.96357934361845	9.30109473524465	-0.241234117873103
BA_only	hippocampus	AA	psi	chr9_77534241_77534723	chr9	77534241	77534723	3	3	0	0	0.369683789228506	0.994240189962501	0.0824018093848391	-0.0824018093848391	482	310	Genic/other	0	Non-heritable	0.0749051089916637	0.861810460375986	0.00820603994389794	118284	0	0	0.749051089916637	6.1779441140506	5.73979291217923	11.6808522456465	-2.49614776239737
BA_only	hippocampus	AA	psi	chr9_776059_777503	chr9	776059	777503	20	20	0	0	0.0726549744958744	0.985907779499035	0.776952599597529	-0.776952599597529	1444	923	Intergenic	0	Heritable	0.472095442457243	0.962240973788929	0.014696201212589	27915	0	0	4.72095442457243	7.27517231945277	6.82871207164168	10.236955280137	-0.252375921983519
BA_only	hippocampus	AA	psi	chr9_78127842_78128893	chr9	78127842	78128893	5	5	0	0	0.0304327118154571	0.976893291659941	2.66873012684454	-2.66873012684454	1051	324	Intergenic	0	Heritable	0.104373678015052	0.856496758017835	0.00633071959553756	34859	0	0	1.04373678015052	6.95749737087695	5.78382518232974	10.459095319074	0.981602755098543
BA_only	hippocampus	AA	psi	chr9_78552542_78553730	chr9	78552542	78553730	0	0	0	0					1188	419	Intergenic	0	Heritable	0.72787656079866	0.924136914105832	0.00884856329801051	160634	0	0	7.2787656079866	7.08002649992259	6.04025471127741	11.9868899895031	
BA_only	hippocampus	AA	psi	chr9_79277860_79278382	chr9	79277860	79278382	23	23	0	0	0.155609934831376	0.991064867102684	1.05193064929277	-1.05193064929277	522	390	Intergenic	0	Heritable	0.20978490659577	0.915720710251098	0.00840545165789376	69518	0	0	2.0978490659577	6.25766758788264	5.96870755998537	11.149355375486	0.050627198923346
BA_only	hippocampus	AA	psi	chr9_79395818_79395960	chr9	79395818	79395960	37	37	0	0	0.067430264805432	0.985907779499035	2.20525499072402	2.20525499072402	142	398	Intergenic	0	Heritable	0.103855466003242	0.906720159372885	0.00871738762977328	110044	0	0	1.03855466003242	4.95582705760126	5.98896141688986	11.6086446520288	0.790843148799116
BA_only	hippocampus	AA	psi	chr9_79574068_79575824	chr9	79574068	79575824	37	37	0	0	0.0103582886386659	0.944902218841749	2.07945136982513	2.07945136982513	1756	418	Promoter	2	Heritable	0.118281401276609	0.938177465815672	0.00737946390149814	0	0	0	1.18281401276609	7.47079377419506	6.03787091992214	0	0.732104099223063
BA_only	hippocampus	AA	psi	chr9_81613132_81613719	chr9	81613132	81613719	8	8	0	0	0.0479680153797741	0.982661996589092	0.880300730946775	-0.880300730946775	587	435	Promoter	0	Heritable	0.129649945505872	0.868039053069826	0.0103936148365196	0	0	0	1.29649945505872	6.3750248198281	6.07764224334903	0	-0.127491678817602
BA_only	hippocampus	AA	psi	chr9_81823414_81824805	chr9	81823414	81824805	12	12	0	0	0.0134288972719849	0.964283399649536	0.852441347186398	0.852441347186398	1391	395	Intergenic	0	Heritable	0.176286654180811	0.91817881536606	0.00814502848757786	3593	0	0	1.76286654180811	7.23777819192344	5.98141421125448	8.18702106734351	-0.159650861414719
BA_only	hippocampus	AA	psi	chr9_81826547_81827338	chr9	81826547	81827338	12	12	0	0	0.12122689939934	0.991064867102684	0.540272218721586	-0.540272218721586	791	386	Intergenic	0	Heritable	0.151786966600635	0.922335477719349	0.00807131475384027	6726	0	0	1.51786966600635	6.67329796776765	5.95842469302978	8.81388455802561	-0.615682139191078
BA_only	hippocampus	AA	psi	chr9_82488025_82488582	chr9	82488025	82488582	27	27	0	0	0.0921825885343033	0.989446665475032	2.25156759211251	2.25156759211251	557	286	Genic/other	0	Heritable	0.111854619315969	0.873985388795583	0.00852582621526051	0	0	0	1.11854619315969	6.32256523992728	5.65948221575962	0	0.811626685675164
BA_only	hippocampus	AA	psi	chr9_83218833_83219102	chr9	83218833	83219102	16	16	0	0	0.0336042348344899	0.979164877002956	0.834825151616764	0.834825151616764	269	419	Promoter	0	Non-heritable	0.0729580830390087	0.854448407733604	0.00818055254289715	0	0	0	0.729580830390087	5.59471137960184	6.04025471127741	0	-0.180532963341172
BA_only	hippocampus	AA	psi	chr9_83220175_83220855	chr9	83220175	83220855	16	16	0	0	0.0374606585198116	0.980549382116533	2.86434602726344	2.86434602726344	680	420	Genic/other	0	Non-heritable	0.0871280611048188	0.923374146338358	0.0083543095286108	0	0	0	0.871280611048188	6.52209279817015	6.04263283368238	0	1.05234006486672
BA_only	hippocampus	AA	psi	chr9_83837083_83837200	chr9	83837083	83837200	196	196	0	0	0.00397514468337008	0.876132919298309	2.84832869188194	-2.84832869188194	117	361	Genic/other	0	Heritable	0.110707687775123	0.816831967200032	0.0124047765533674	0	0	0	1.10707687775123	4.76217393479776	5.89164421182577	0	1.04673240187657
BA_only	hippocampus	AA	psi	chr9_84140171_84140705	chr9	84140171	84140705	51	51	0	0	0.0170994814836056	0.970581273335112	2.06348584868624	-2.06348584868624	534	324	Intergenic	2	Heritable	0.104778596743416	0.749526688012163	0.0081673340190342	43555	0	0	1.04778596743416	6.2803958389602	5.78382518232974	10.681802745466	0.724396717115168
BA_only	hippocampus	AA	psi	chr9_84671473_84672141	chr9	84671473	84672141	27	27	0	0	0.0553332412131431	0.98577631996496	2.90085705604882	-2.90085705604882	668	358	Promoter	1	Heritable	0.100214483431417	0.898922789470083	0.00703154673097173	0	0	0	1.00214483431417	6.50428817353665	5.88332238848828	0	1.06500623334591
BA_only	hippocampus	AA	psi	chr9_85004563_85005412	chr9	85004563	85005412	14	14	0	0	0.00345015432488239	0.866906756094015	2.37847812119794	2.37847812119794	849	392	Genic/other	0	Heritable	0.363076639010668	0.92021474547064	0.00753058615403987	0	0	0	3.63076639010668	6.74405918631135	5.97380961186926	0	0.866460842480868
BA_only	hippocampus	AA	psi	chr9_85076973_85077694	chr9	85076973	85077694	12	12	0	0	0.0578987093203296	0.98577631996496	2.27262331156253	-2.27262331156253	721	411	Genic/other	0	Heritable	0.388920196334923	0.893279281729649	0.0118080846093506	0	0	0	3.88920196334923	6.58063913728495	6.02102334934953	0	0.820934812511306
BA_only	hippocampus	AA	psi	chr9_85521421_85521999	chr9	85521421	85521999	45	45	0	0	0.0182020736040248	0.97174211759878	2.83026148207519	2.83026148207519	578	344	Intergenic	1	Heritable	0.155131415629011	0.892839256737395	0.00924089135993547	0	0	0	1.55131415629011	6.35957386867238	5.84354441703136	0	1.0403691074131
BA_only	hippocampus	AA	psi	chr9_85542034_85542354	chr9	85542034	85542354	63	63	0	0	0.0106024408336609	0.944902218841749	1.62217412671426	1.62217412671426	320	339	Intergenic	0	Heritable	0.131307542016627	0.876267846091977	0.0109500863909735	1654	0	0	1.31307542016627	5.76832099579377	5.82894561761021	7.41155628781116	0.483767309187262
BA_only	hippocampus	AA	psi	chr9_85858277_85858805	chr9	85858277	85858805	131	131	0	0	0.00294106298629067	0.846222391562562	4.57544406765635	4.57544406765635	528	305	Promoter	0	Heritable	0.149542715553012	0.862758038175363	0.00756683845683636	8930	0	0	1.49542715553012	6.26909628370626	5.72358510195238	9.09728364968389	1.52070376017126
BA_only	hippocampus	AA	psi	chr9_87147964_87148057	chr9	87147964	87148057	66	66	0	0	0.0166744523811021	0.970206696916312	3.5025650193206	3.5025650193206	93	530	Promoter	1	Heritable	0.154980056655759	0.909108163178707	0.0103222300918364	840	0	0	1.54980056655759	4.53259949315326	6.27476202124194	6.73459165997295	1.25349556560074
BA_only	hippocampus	AA	psi	chr9_87238435_87239207	chr9	87238435	87239207	63	63	0	0	0.00782874309761759	0.933559278800072	3.03897957841443	-3.03897957841443	772	538	Genic/other	0	Non-heritable	0.0926236577083959	0.937544686779354	0.00842408354027702	20849	0	0	0.926236577083959	6.64898455002478	6.289715570909	9.94510922722695	1.11152179736535
BA_only	hippocampus	AA	psi	chr9_87492166_87493959	chr9	87492166	87493959	107	107	0	0	0.0127364718614368	0.961717006536833	2.11315869188427	2.11315869188427	1793	499	Intergenic	1	Heritable	0.693575595043177	0.930192624000758	0.00699951111640057	3812	0	0	6.93575595043177	7.49164547360513	6.21460809842219	8.24617155985756	0.748183843188926
BA_only	hippocampus	AA	psi	chr9_87499232_87500260	chr9	87499232	87500260	107	107	0	0	0.00248758836034189	0.826335415989171	2.47707190163159	-2.47707190163159	1028	519	Genic/other	1	Heritable	0.141709740105885	0.958193551755427	0.00870586615489705	261	0	0	1.41709740105885	6.93537044601511	6.25382881157547	5.5683445037611	0.907077181830497
BA_only	hippocampus	AA	psi	chr9_87944406_87945792	chr9	87944406	87945792	368	368	0	0	0.0042508977624718	0.887118256256123	4.48816398743813	4.48816398743813	1386	495	Promoter	0	Heritable	0.136712527221394	0.90242524543109	0.0197396875272343	0	0	0	1.36712527221394	7.23417717974985	6.20657592672493	0	1.50144370887143
BA_only	hippocampus	AA	psi	chr9_88584003_88584545	chr9	88584003	88584545	17	17	0	0	0.0340974874170952	0.979346259483413	1.63310097616933	1.63310097616933	542	441	Intergenic	0	Heritable	0.101672826066238	0.917556281493811	0.00760550775673412	3	0	0	1.01672826066238	6.29526600143965	6.0913098820777	1.38629436111989	0.490480652963785
BA_only	hippocampus	AA	psi	chr9_8858963_8859414	chr9	8858963	8859414	1	1	0	0	0.16836937930569	0.991064867102684	0.588076453862119	0.588076453862119	451	620	Genic/other	1	Non-heritable	0.0999157240833675	0.96042963849024	0.00708201454191106	0	0	0	0.999157240833675	6.11146733950268	6.43133108193348	0	-0.530898298956219
BA_only	hippocampus	AA	psi	chr9_88828215_88829024	chr9	88828215	88829024	11	11	0	0	0.0611327062332278	0.985907779499035	1.74314501364817	1.74314501364817	809	336	Intergenic	0	Heritable	0.130979072636964	0.907015004770625	0.00869556532707609	89641	0	0	1.30979072636964	6.69579891705849	5.82008293035236	11.4035792391341	0.555690966546644
BA_only	hippocampus	AA	psi	chr9_88945870_88949156	chr9	88945870	88949156	2	2	0	0	0.571760839493838	0.996516377177201	0.721838350437621	-0.721838350437621	3286	382	Intergenic	0	Heritable	0.41166422577166	0.890202832088643	0.00857041863831008	42027	0	0	4.1166422577166	8.09742629859721	5.94803498918065	10.6460913418087	-0.325954042663842
BA_only	hippocampus	AA	psi	chr9_89176271_89177097	chr9	89176271	89177097	10	10	0	0	0.0633554883592932	0.985907779499035	1.10584784666181	-1.10584784666181	826	384	Enhancer	1	Non-heritable	0.0984953079796404	0.903749160881516	0.0103514573148079	138277	0	0	0.984953079796404	6.71659477352098	5.95324333428779	11.8370214305234	0.100612331849054
BA_only	hippocampus	AA	psi	chr9_89282223_89282538	chr9	89282223	89282538	9	9	0	0	0.316567331331314	0.993800967213629	0.91968906983779	-0.91968906983779	315	391	Intergenic	0	Heritable	0.147861336165409	0.91294669722177	0.010716655054691	36073	0	0	1.47861336165409	5.75257263882563	5.97126183979046	10.4933276632301	-0.0837196227573401
BA_only	hippocampus	AA	psi	chr9_89436350_89436676	chr9	89436350	89436676	146	146	0	0	0.00209449404140796	0.814610583534308	7.76419159238431	7.76419159238431	326	441	Promoter	0	Non-heritable	0.0406379672160661	0.851013895334719	0.00757231581357591	0	0	0	0.406379672160661	5.78689738136671	6.0913098820777	0	2.04952234331039
BA_only	hippocampus	AA	psi	chr9_89448470_89449146	chr9	89448470	89449146	148	148	0	0	0.00273156103438051	0.840817154309229	4.15013874318973	4.15013874318973	676	432	Promoter	0	Non-heritable	0.0643749933232962	0.913858286201029	0.00945097708436024	0	0	0	0.643749933232962	6.51619307604296	6.07073772800249	0	1.42314176818724
BA_only	hippocampus	AA	psi	chr9_89479781_89479901	chr9	89479781	89479901	164	164	0	0	8.55806848342875e-05	0.357115007671868	3.1432940864312	-3.1432940864312	120	444	Promoter	0	Non-heritable	0.0564909963124611	0.886233454756024	0.0126499902688006	0	0	0	0.564909963124611	4.78749174278205	6.09807428216624	0	1.14527132532179
BA_only	hippocampus	AA	psi	chr9_89495664_89496480	chr9	89495664	89496480	165	165	0	0	0.00100049741728853	0.718185739473938	4.00436795773786	4.00436795773786	816	436	Genic/other	1	Non-heritable	0.0293717765123401	0.879234777133152	0.008612248907098	0	0	0	0.293717765123401	6.70441435496411	6.07993319509559	0	1.38738575726486
BA_only	hippocampus	AA	psi	chr9_89505921_89506723	chr9	89505921	89506723	165	165	0	0	0.00595810165682923	0.918414150018684	7.1814413203946	7.1814413203946	802	416	Intergenic	0	Non-heritable	0.0468013605025993	0.838416202510927	0.00751466587587567	8001	0	0	0.468013605025993	6.68710860786652	6.0330862217988	8.98744678941718	1.97150010530887
BA_only	hippocampus	AA	psi	chr9_89639383_89639774	chr9	89639383	89639774	169	169	0	0	0.00817517461328985	0.933559278800072	5.53526913486698	-5.53526913486698	391	459	Promoter	0	Heritable	0.511786977082492	0.911190380116003	0.00837980634586474	204	0	0	5.11786977082492	5.96870755998537	6.13122648948314	5.32300997913841	1.71114019097062
BA_only	hippocampus	AA	psi	chr9_89716249_89717268	chr9	89716249	89717268	167	167	0	0	0.000255777075684819	0.503902674622265	4.14161187343841	4.14161187343841	1019	466	Genic/other	0	Heritable	0.616201866019674	0.914474260136287	0.00779838049583489	0	0	0	6.16201866019674	6.92657703322273	6.1463292576689	0	1.42108505588829
BA_only	hippocampus	AA	psi	chr9_90001428_90002170	chr9	90001428	90002170	34	34	0	0	0.16583289984599	0.991064867102684	2.18558526846391	-2.18558526846391	742	474	Genic/other	0	Heritable	0.118687348627546	0.952377702069724	0.00875421570901675	0	0	0	1.18687348627546	6.60934924316738	6.16331480403464	0	0.781883654676147
BA_only	hippocampus	AA	psi	chr9_90226742_90227037	chr9	90226742	90227037	24	24	0	0	0.0574610774371829	0.98577631996496	2.3239495988191	2.3239495988191	295	428	Intergenic	0	Heritable	0.11401917393522	0.908011878207488	0.00527828756521266	74615	0	0	1.1401917393522	5.68697535633982	6.06145691892802	11.2201102404067	0.843268155802392
BA_only	hippocampus	AA	psi	chr9_91159890_91160108	chr9	91159890	91160108	63	63	0	0	0.0101692361933614	0.944902218841749	2.485402658169	-2.485402658169	218	376	Promoter	2	Heritable	0.100817165718938	0.885435527128326	0.00869564466487595	0	0	0	1.00817165718938	5.38449506278909	5.93224518744801	0	0.910434685926237
BA_only	hippocampus	AA	psi	chr9_91713776_91715078	chr9	91713776	91715078	2	2	0	0	0.209571223689936	0.991109148328494	0.358890933749926	-0.358890933749926	1302	299	Genic/other	2	Heritable	0.178352024672775	0.875129902704555	0.00947537619045519	41022	0	0	1.78352024672775	7.17165682276851	5.7037824746562	10.6218881640082	-1.02473671449906
BA_only	hippocampus	AA	psi	chr9_91900571_91901466	chr9	91900571	91901466	55	55	0	0	0.00925007881942564	0.939841915020693	3.17003612049005	-3.17003612049005	895	281	Genic/other	1	Heritable	0.174496629135432	0.882469792975874	0.00732667076497448	0	0	0	1.74496629135432	6.79682371827486	5.64190707093811	0	1.15374298545517
BA_only	hippocampus	AA	psi	chr9_91948206_91948397	chr9	91948206	91948397	56	56	0	0	0.0162603480006025	0.969104619306886	1.6782582707793	-1.6782582707793	191	255	Genic/other	1	Non-heritable	0.0916705650564141	0.805826896939898	0.00949529787949624	24440	0	0	0.916705650564141	5.25227342804663	5.54517744447956	10.1040173289788	0.517756517999614
BA_only	hippocampus	AA	psi	chr9_92948262_92948598	chr9	92948262	92948598	84	84	0	0	0.00235898867703981	0.82299556070563	1.83793820339634	-1.83793820339634	336	257	Genic/other	0	Non-heritable	0.091871602451035	0.797730949982864	0.0125747847373778	0	0	0	0.91871602451035	5.8171111599632	5.55295958492162	0	0.608644407153191
BA_only	hippocampus	AA	psi	chr9_93155939_93156219	chr9	93155939	93156219	23	23	0	0	0.0400215731044626	0.980549382116533	2.20313978906338	2.20313978906338	280	281	Intergenic	0	Heritable	0.130992086283711	0.858652206370277	0.00809858973061331	21795	0	0	1.30992086283711	5.63478960316925	5.64190707093811	9.98948174570299	0.7898835243013
BA_only	hippocampus	AA	psi	chr9_93160414_93160584	chr9	93160414	93160584	23	23	0	0	0.0562686245803034	0.98577631996496	3.63466965535522	-3.63466965535522	170	279	Intergenic	0	Heritable	0.115387744227345	0.820909895833188	0.00746470596881871	25025	0	0	1.15387744227345	5.13579843705026	5.63478960316925	10.127670563425	1.29051823075015
BA_only	hippocampus	AA	psi	chr9_93860630_93861530	chr9	93860630	93861530	23	23	0	0	0.0386565600260266	0.980549382116533	6.02959491568256	6.02959491568256	900	268	Intergenic	2	Heritable	0.610875673372303	0.853635224500459	0.0106355449002969	2518	0	0	6.10875673372303	6.80239476332431	5.59471137960184	7.83161727635261	1.79667983197893
BA_only	hippocampus	AA	psi	chr9_94083269_94085376	chr9	94083269	94085376	69	69	0	0	0.0134354721949587	0.964283399649536	6.19727487705634	-6.19727487705634	2107	285	Promoter	0	Non-heritable	0.0800672631762999	0.796009208700994	0.00768872707633955	0	0	0	0.800672631762999	7.65302041380419	5.65599181081985	0	1.82410966108176
BA_only	hippocampus	AA	psi	chr9_94347573_94347667	chr9	94347573	94347667	73	73	0	0	0.00160158415677132	0.783886688546869	5.43666845513724	-5.43666845513724	94	263	Promoter	0	Heritable	0.113138934463606	0.813517500132202	0.00603026591131645	0	0	0	1.13138934463606	4.54329478227	5.57594910314632	0	1.69316645876866
BA_only	hippocampus	AA	psi	chr9_94604061_94604343	chr9	94604061	94604343	32	32	0	0	0.102725063826811	0.990610842832516	0.787638690661598	0.787638690661598	282	230	Genic/other	0	Heritable	0.199062121807011	0.772827956589757	0.00865769430417001	16147	0	0	1.99062121807011	5.64190707093811	5.44241771052179	9.68955148197283	-0.238715795966782
BA_only	hippocampus	AA	psi	chr9_94772336_94773154	chr9	94772336	94773154	24	24	0	0	0.0121834393846963	0.95809323095415	2.34033392776384	2.34033392776384	818	200	Genic/other	0	Non-heritable	0.0987613276335458	0.662118945079824	0.00893188121355911	0	0	0	0.987613276335458	6.70686233660275	5.30330490805908	0	0.850293627633814
BA_only	hippocampus	AA	psi	chr9_94865429_94866260	chr9	94865429	94866260	13	13	0	0	0.105938495526361	0.990610842832516	1.21781079664719	-1.21781079664719	831	186	Genic/other	0	Non-heritable	0.0632889384151477	0.720222771087617	0.0098135917384328	40967	0	0	0.632889384151477	6.72262979485545	5.23110861685459	10.6205465531424	0.197054826062629
BA_only	hippocampus	AA	psi	chr9_94913454_94914523	chr9	94913454	94914523	13	13	0	0	0.132297129016079	0.991064867102684	2.22689771463473	2.22689771463473	1069	221	Genic/other	0	Non-heritable	0.0858312369388368	0.755393053470732	0.00670041126817235	5811	0	0	0.858312369388368	6.97447891102505	5.40267738187228	8.66768002469017	0.800609462045393
BA_only	hippocampus	AA	psi	chr9_94945527_94946117	chr9	94945527	94946117	17	17	0	0	0.057196203405504	0.98577631996496	0.852040305937925	0.852040305937925	590	223	Genic/other	0	Non-heritable	0.0594722816525402	0.777359633949023	0.0116663911379378	0	0	0	0.594722816525402	6.38012253689977	5.41164605185504	0	-0.16012143409637
BA_only	hippocampus	AA	psi	chr9_95005947_95007964	chr9	95005947	95007964	23	23	0	0	0.0385509092966923	0.980549382116533	3.63504678928195	3.63504678928195	2017	234	Genic/other	2	Non-heritable	0.0714011173123978	0.771638155033449	0.00443467380590716	0	0	0	0.714011173123978	7.60936653795421	5.45958551414416	0	1.29062198553313
BA_only	hippocampus	AA	psi	chr9_95049107_95050204	chr9	95049107	95050204	23	23	0	0	0.0361177499938068	0.980549382116533	1.93082964396001	-1.93082964396001	1097	222	Genic/other	1	Non-heritable	0.0931523915908812	0.797000455564656	0.00836806118722707	0	0	0	0.931523915908812	7.00033446027523	5.40717177146012	0	0.657949783066213
BA_only	hippocampus	AA	psi	chr9_95077532_95078726	chr9	95077532	95078726	22	22	0	0	0.00277870604133706	0.842320220530838	2.94180124376341	2.94180124376341	1194	240	Enhancer	0	Heritable	0.142496281694593	0.780919315175477	0.00771058091907876	2053	0	0	1.42496281694593	7.08506429395255	5.48479693349066	7.6275443904885	1.07902206509222
BA_only	hippocampus	AA	psi	chr9_95080996_95081939	chr9	95080996	95081939	22	22	0	0	0.0300366421094107	0.976891416474381	2.50706699676085	2.50706699676085	943	252	Genic/other	1	Non-heritable	0.048002919785403	0.750956582471047	0.00657621705048579	0	0	0	0.48002919785403	6.84906628263346	5.53338948872752	0	0.919113546685288
BA_only	hippocampus	AA	psi	chr9_95084406_95084733	chr9	95084406	95084733	22	22	0	0	0.0666422842808344	0.985907779499035	2.61129640884871	2.61129640884871	327	246	Promoter	1	Non-heritable	0.0542587400692976	0.635769086589858	0.0105080122570542	0	0	0	0.542587400692976	5.78996017089725	5.50938833662798	0	0.959846810216502
BA_only	hippocampus	AA	psi	chr9_95086090_95086788	chr9	95086090	95086788	22	22	0	0	0.00096789272598131	0.71452060403796	4.05712433357605	4.05712433357605	698	247	Promoter	2	Non-heritable	0.0895307816003518	0.767663931158863	0.00786974618209316	0	0	0	0.895307816003518	6.54821910276237	5.51342874616498	0	1.40047443289835
BA_only	hippocampus	AA	psi	chr9_95108240_95108359	chr9	95108240	95108359	22	22	0	0	0.0311360769465471	0.976893291659941	2.93262682717409	-2.93262682717409	119	251	Genic/other	0	Non-heritable	0.05163167515474	0.823126291423684	0.0058379983665698	0	0	0	0.5163167515474	4.77912349311153	5.52942908751142	0	1.07589855284342
BA_only	hippocampus	AA	psi	chr9_95148003_95148275	chr9	95148003	95148275	22	22	0	0	0.0142401980223247	0.964826773227435	3.14732742447644	-3.14732742447644	272	255	Genic/other	0	Heritable	0.122596222589916	0.782204045131275	0.00707112337149158	791	0	0	1.22596222589916	5.605802066296	5.54517744447956	6.67456139181443	1.14655365921459
BA_only	hippocampus	AA	psi	chr9_95189383_95189613	chr9	95189383	95189613	22	22	0	0	0.0195640131336858	0.973631121108853	4.27067282465019	4.27067282465019	230	245	Genic/other	0	Heritable	0.116868702804979	0.849320103304167	0.00685788672299575	0	0	0	1.16868702804979	5.4380793089232	5.50533153593236	0	1.4517713873449
BA_only	hippocampus	AA	psi	chr9_95313058_95313972	chr9	95313058	95313972	32	32	0	0	0.000361184343491127	0.566263173502353	3.55884011218938	-3.55884011218938	914	300	Enhancer	2	Non-heritable	0.0711497916000472	0.793068918832962	0.00909903830966952	0	0	0	0.711497916000472	6.81783057145415	5.70711026474888	0	1.26943468340309
BA_only	hippocampus	AA	psi	chr9_95477500_95477738	chr9	95477500	95477738	32	32	0	0	0.0411954294927237	0.980549382116533	2.41365050145514	-2.41365050145514	238	306	Genic/other	0	Non-heritable	0.0363836883147286	0.727716825117676	0.00738339568726632	1465	0	0	0.363836883147286	5.47227067367148	5.7268477475872	7.2902928824466	0.88114033649223
BA_only	hippocampus	AA	psi	chr9_95493337_95494328	chr9	95493337	95494328	27	27	0	0	0.0284815906625842	0.975932065139872	3.11217336070636	-3.11217336070636	991	310	Promoter	0	Heritable	0.165399917872089	0.887468861310053	0.00766623676592712	0	0	0	1.65399917872089	6.89871453432999	5.73979291217923	0	1.1353213151456
BA_only	hippocampus	AA	psi	chr9_95517634_95517794	chr9	95517634	95517794	27	27	0	0	0.00759386355619053	0.933559278800072	3.60439538616158	-3.60439538616158	160	300	Promoter	1	Non-heritable	0.0575306354150574	0.786659014183925	0.00704987851327095	1010	0	0	0.575306354150574	5.07517381523383	5.70711026474888	6.91869521902047	1.28215404409505
BA_only	hippocampus	AA	psi	chr9_95529289_95529647	chr9	95529289	95529647	27	27	0	0	0.0177778249148001	0.970931943606436	2.23069784358617	-2.23069784358617	358	298	Intergenic	0	Heritable	0.277224268734516	0.78620309676237	0.0088388470490658	0	0	0	2.77224268734516	5.8805329864007	5.70044357339069	0	0.802314475344764
BA_only	hippocampus	AA	psi	chr9_95752048_95752446	chr9	95752048	95752446	58	58	0	0	0.00548066136857416	0.914301706404424	4.03596926548639	4.03596926548639	398	401	Intergenic	2	Non-heritable	0.0833260052297428	0.9081516925607	0.0103197273372269	34014	0	0	0.833260052297428	5.98645200528444	5.99645208861902	10.4345568827792	1.39524648984752
BA_only	hippocampus	AA	psi	chr9_96049413_96049807	chr9	96049413	96049807	67	67	0	0	0.0226071922635679	0.975932065139872	1.34414290523775	1.34414290523775	394	364	Genic/other	0	Non-heritable	0.0703182672588672	0.892375586398226	0.00963332284046003	10536	0	0	0.703182672588672	5.97635090929793	5.89989735358249	9.26264815159953	0.295756572190087
BA_only	hippocampus	AA	psi	chr9_96217485_96217572	chr9	96217485	96217572	32	32	0	0	0.027878274875794	0.975932065139872	1.09704385425139	-1.09704385425139	87	313	Enhancer	1	Non-heritable	0.0727515348431703	0.845733322979584	0.00922734846149047	17997	0	0	0.727515348431703	4.46590811865458	5.74939298590825	9.79801591959389	0.0926191661376175
BA_only	hippocampus	AA	psi	chr9_96501807_96503025	chr9	96501807	96503025	76	76	0	0	0.0431964026146202	0.980549382116533	2.90510489080095	-2.90510489080095	1218	268	Genic/other	0	Non-heritable	0.0619615426768713	0.799195602907385	0.010335830794239	763	0	0	0.619615426768713	7.10496544826984	5.59471137960184	6.63856778916652	1.06646950008253
BA_only	hippocampus	AA	psi	chr9_96555893_96558153	chr9	96555893	96558153	75	75	0	0	0.0447433579211906	0.981395945960329	2.5176111094541	-2.5176111094541	2260	251	Enhancer	0	Non-heritable	0.0413499733921987	0.786893438861248	0.00773792732050131	7301	0	0	0.413499733921987	7.72312009226633	5.52942908751142	8.89590356221558	0.923310483446462
BA_only	hippocampus	AA	psi	chr9_96617579_96618043	chr9	96617579	96618043	80	80	0	0	0.0382164158469289	0.980549382116533	4.33381328527347	-4.33381328527347	464	225	Genic/other	1	Non-heritable	0.0895441446415723	0.794878357965594	0.00826318432626756	0	0	0	0.895441446415723	6.13988455222626	5.42053499927229	0	1.46644782310767
BA_only	hippocampus	AA	psi	chr9_97237350_97237981	chr9	97237350	97237981	151	151	0	0	0.0184205739491948	0.972503866121758	2.54534215522409	2.54534215522409	631	216	Promoter	1	Heritable	0.247246457391098	0.827044584174031	0.0188889220671042	0	0	0	2.47246457391098	6.44730586254121	5.37989735354046	0	0.934265087025971
BA_only	hippocampus	AA	psi	chr9_974961_975901	chr9	974961	975901	23	23	0	0	0.0108766984504527	0.945612922348557	0.972917982499413	0.972917982499413	940	934	Promoter	1	Non-heritable	0.0797606231610942	0.974036196652922	0.00884215659595321	69667	0	0	0.797606231610942	6.84587987526405	6.84054652928869	11.1514963808517	-0.0274554834936718
BA_only	hippocampus	AA	psi	chr9_97570918_97571649	chr9	97570918	97571649	24	24	0	0	0.0308154242734633	0.976893291659941	1.79869151184649	1.79869151184649	731	250	Genic/other	0	Heritable	0.121390840930504	0.809945238745902	0.00742920964285047	46776	0	0	1.21390840930504	6.59441345974978	5.52545293913178	10.7531469081117	0.587059468251209
BA_only	hippocampus	AA	psi	chr9_978034_978666	chr9	978034	978666	23	23	0	0	0.0637250583772592	0.985907779499035	0.761699673548688	-0.761699673548688	632	917	Genic/other	1	Non-heritable	0.0888659235500124	0.973926314162638	0.00864818121036401	66902	0	0	0.888659235500124	6.44888939414686	6.82219739062049	11.1109990881602	-0.272202917057481
BA_only	hippocampus	AA	psi	chr9_97855927_97857049	chr9	97855927	97857049	24	24	0	0	0.0011378503899965	0.728104889170376	1.61032399874036	1.61032399874036	1122	367	Genic/other	1	Heritable	0.136555575796114	0.862025246604535	0.00689991272797492	3010	0	0	1.36555575796114	7.02286808608264	5.90808293816893	8.01002752848173	0.476435406413597
BA_only	hippocampus	AA	psi	chr9_979053_981882	chr9	979053	981882	23	23	0	0	0.00627179787569441	0.920376068783091	1.01243902435934	1.01243902435934	2829	944	Genic/other	2	Non-heritable	0.0869669759292729	0.978937239234003	0.010109561134216	63686	0	0	0.869669759292729	7.94767857130157	6.85118492749374	11.0617357391001	0.0123623052072533
BA_only	hippocampus	AA	psi	chr9_97958735_97959464	chr9	97958735	97959464	22	22	0	0	0.116191569925715	0.990898390030923	1.37741900571997	-1.37741900571997	729	402	Intergenic	0	Non-heritable	0.0851118455771212	0.917891375470302	0.0089065486944748	24144	0	0	0.851118455771212	6.59167373200866	5.99893656194668	10.0918325983076	0.320211469550786
BA_only	hippocampus	AA	psi	chr9_98119674_98119854	chr9	98119674	98119854	10	10	0	0	0.0206368006797408	0.975856666808667	1.55633214440016	-1.55633214440016	180	417	Promoter	1	Heritable	0.161863628601835	0.870942507587973	0.00872104681935135	691	0	0	1.61863628601835	5.19295685089021	6.03548143252476	6.53958595561767	0.442331869813545
BA_only	hippocampus	AA	psi	chr9_98974520_98974790	chr9	98974520	98974790	92	92	0	0	0.000979779749875031	0.716185863339116	2.51487234169347	-2.51487234169347	270	362	Genic/other	0	Heritable	0.153721930186461	0.916439710327014	0.00588360908940468	102330	0	0	1.53721930186461	5.59842195899838	5.89440283426485	11.5359679363383	0.922222047469785
BA_only	hippocampus	AA	psi	chr9_99201527_99201816	chr9	99201527	99201816	39	39	0	0	0.146934771159153	0.991064867102684	3.32537781004019	-3.32537781004019	289	296	Intergenic	0	Non-heritable	0.0875825511325703	0.784917988041881	0.0108367452594042	36292	0	0	0.875825511325703	5.66642668811243	5.6937321388027	10.4993801641918	1.20158329773968
BA_only	hippocampus	AA	psi	chr9_99828954_99829020	chr9	99828954	99829020	108	108	0	0	0.00266613068071637	0.835655744705892	3.94934771917603	-3.94934771917603	66	137	Genic/other	1	Non-heritable	0.0895734684735245	0.611644352755913	0.00674098060197871	0	0	0	0.895734684735245	4.18965474202643	4.92725368515721	0	1.3735504334231
BA_only	hippocampus	AA	psi	chr9_998317_999202	chr9	998317	999202	11	11	0	0	0.119070320218953	0.99090322242539	0.327689668411147	0.327689668411147	885	925	Intergenic	2	Non-heritable	0.0954473999251789	0.974324320738793	0.020125473916874	46366	0	0	0.954473999251789	6.78558764500793	6.83087423464618	10.7443432782902	-1.1156882208404
BA_only	hippocampus	AA	psi	chrX_101097701_101098473	chrX	101097701	101098473	18	18	0	0	0.192307479603749	0.991064867102684	2.02952507654186	-2.02952507654186	772	240	Promoter	2	Non-heritable	0.0302582979606026	0.588513836680909	0.0422710496739459	0	0	0	0.302582979606026	6.64898455002478	5.48479693349066	0	0.707801818167382
BA_only	hippocampus	AA	psi	chrX_101931553_101932167	chrX	101931553	101932167	18	18	0	0	0.0394069915888514	0.980549382116533	1.56695750645141	-1.56695750645141	614	81	Promoter	2	Heritable	0.180078091412545	0.444141681102862	0.0444807300408641	0	0	0	1.80078091412545	6.41999492814714	4.40671924726425	0	0.44913585161607
BA_only	hippocampus	AA	psi	chrX_102651236_102651958	chrX	102651236	102651958	81	81	0	0	0.014903915026169	0.966089857218066	12.2278666024205	-12.2278666024205	722	85	Promoter	1	Non-heritable	0.0116045145595116	0.324783670716945	0.0480463240224733	0	0	0	0.116045145595116	6.58202513889283	4.45434729625351	0	2.50371749559654
BA_only	hippocampus	AA	psi	chrX_103215676_103215915	chrX	103215676	103215915	93	93	0	0	0.000626808610071981	0.657105411686211	8.9088793609058	8.9088793609058	239	115	Genic/other	1	Heritable	0.101406604416905	0.50303803709277	0.0464211406867946	38101	0	0	1.01406604416905	5.47646355193151	4.75359019110636	10.5480220531754	2.1870484615083
BA_only	hippocampus	AA	psi	chrX_109733088_109733364	chrX	109733088	109733364	14	14	0	0	0.0331429930877318	0.979164877002956	3.24590496546767	3.24590496546767	276	159	Promoter	1	Non-heritable	0.0551747892197437	0.637813081312714	0.0437207782880514	0	0	0	0.551747892197437	5.62040086571715	5.07517381523383	0	1.17739419431629
BA_only	hippocampus	AA	psi	chrX_11110943_11111637	chrX	11110943	11111637	58	58	0	0	0.0161216114006691	0.968106276565941	2.80462495585907	2.80462495585907	694	119	Promoter	2	Non-heritable	0.063923432029031	0.577560542593777	0.049692643905424	0	0	0	0.63923432029031	6.54247196050681	4.78749174278205	0	1.03126982802472
BA_only	hippocampus	AA	psi	chrX_11757707_11759161	chrX	11757707	11759161	110	110	0	1	7.48268926653909e-06	0.0797472339017146	6.03651687701548	6.03651687701548	1454	146	Promoter	2	Non-heritable	0.0636469082971786	0.552061042319345	0.0485813568605786	0	0	1	0.636469082971786	7.28207365809347	4.99043258677874	0	1.79782717127094
BA_only	hippocampus	AA	psi	chrX_118727888_118728213	chrX	118727888	118728213	12	12	0	0	0.118773639043539	0.99090322242539	3.14032087252894	-3.14032087252894	325	230	Genic/other	1	Non-heritable	0.0764955252230395	0.68006006393119	0.0473056873621226	30028	0	0	0.764955252230395	5.78382518232974	5.44241771052179	10.3099188603896	1.14432498658712
BA_only	hippocampus	AA	psi	chrX_118974275_118976419	chrX	118974275	118976419	11	11	0	0	0.00265416255837733	0.835655744705892	6.89943272367012	-6.89943272367012	2144	245	Promoter	2	Non-heritable	0.0895543921270585	0.656828825175473	0.0470366480197251	0	0	0	0.895543921270585	7.67042852219069	5.50533153593236	0	1.931439195712
BA_only	hippocampus	AA	psi	chrX_119236502_119237151	chrX	119236502	119237151	13	13	0	0	0.021317889040606	0.975932065139872	5.19481500156279	5.19481500156279	649	273	Genic/other	2	Non-heritable	0.0421146063408858	0.702145476011503	0.0440879308497035	0	0	0	0.421146063408858	6.47543271670409	5.61312810638807	0	1.64766101497835
BA_only	hippocampus	AA	psi	chrX_119468174_119468674	chrX	119468174	119468674	24	24	0	0	0.109523377217023	0.990898390030923	10.2426009881371	10.2426009881371	500	267	Promoter	2	Non-heritable	0.0307887781223059	0.698689950385817	0.0460266943376698	0	0	0	0.307887781223059	6.21460809842219	5.59098698051086	0	2.3265555910822
BA_only	hippocampus	AA	psi	chrX_119469222_119469354	chrX	119469222	119469354	24	24	0	0	0.0216751411533864	0.975932065139872	14.5006940431026	14.5006940431026	132	277	Promoter	1	Non-heritable	0.0499489454293625	0.799092781462507	0.0434954029968359	0	0	0	0.499489454293625	4.88280192258637	5.62762111369064	0	2.67419651401222
BA_only	hippocampus	AA	psi	chrX_119606157_119606438	chrX	119606157	119606438	27	27	0	0	0.0405544681936524	0.980549382116533	15.5351830971855	15.5351830971855	281	261	Promoter	1	Non-heritable	0.0557968865987221	0.651041732183162	0.0442451252719192	10303	0	0	0.557968865987221	5.63835466933375	5.5683445037611	9.24028744834414	2.74310732952711
BA_only	hippocampus	AA	psi	chrX_119871450_119872415	chrX	119871450	119872415	17	17	0	0	0.0238658987256545	0.975932065139872	5.72670342741769	-5.72670342741769	965	294	Promoter	2	Heritable	0.143253543016053	0.832853072559653	0.0463414544776142	30373	0	0	1.43253543016053	6.87212810133899	5.68697535633982	10.3213422582902	1.74514004883671
BA_only	hippocampus	AA	psi	chrX_120251491_120251870	chrX	120251491	120251870	24	24	0	0	0.000694202909921248	0.664948855064319	5.52051091848102	-5.52051091848102	379	241	Enhancer	2	Heritable	0.108581427786005	0.743831689655393	0.0467171266862712	0	0	0	1.08581427786005	5.93753620508243	5.48893772615669	0	1.70847041551307
BA_only	hippocampus	AA	psi	chrX_120469401_120469478	chrX	120469401	120469478	29	29	0	0	0.0492780030180575	0.983382963027712	2.54019014764523	-2.54019014764523	77	241	Promoter	0	Non-heritable	0.0658330718658001	0.734271463313791	0.0448023916779311	27670	0	0	0.658330718658001	4.34380542185368	5.48893772615669	10.228140212352	0.932238943442842
BA_only	hippocampus	AA	psi	chrX_123733088_123733246	chrX	123733088	123733246	49	49	0	0	0.0416267839349778	0.980549382116533	17.7809225849236	17.7809225849236	158	269	Promoter	1	Non-heritable	0.0845542180643107	0.850615634798705	0.0463175891943153	26229	0	0	0.845542180643107	5.06259503302697	5.59842195899838	10.1746590728609	2.87812611821781
BA_only	hippocampus	AA	psi	chrX_126165752_126166326	chrX	126165752	126166326	2	2	0	0	0.385390333908605	0.99451450116979	3.22883393894831	3.22883393894831	574	163	Promoter	1	Heritable	0.1434558749288	0.772133547153039	0.0509204047768504	55686	0	0	1.434558749288	6.35262939631957	5.0998664278242	10.9275020054972	1.17212106553847
BA_only	hippocampus	AA	psi	chrX_129523238_129523837	chrX	129523238	129523837	13	13	0	0	0.000207858196268968	0.491440403246537	3.00299460131224	-3.00299460131224	599	230	Promoter	2	Non-heritable	0.0611431852466343	0.706564123144837	0.0444116293547721	4876	0	0	0.611431852466343	6.39526159811545	5.44241771052179	8.49228555571005	1.09960999456476
BA_only	hippocampus	AA	psi	chrX_129677888_129678128	chrX	129677888	129678128	22	22	0	0	0.0719851700755273	0.985907779499035	1.26981069600414	1.26981069600414	240	227	Genic/other	1	Non-heritable	0.0871214487266777	0.828091241265107	0.0471536414410951	0	0	0	0.871214487266777	5.48063892334199	5.42934562895444	0	0.238867838970946
BA_only	hippocampus	AA	psi	chrX_129843350_129844528	chrX	129843350	129844528	31	31	0	0	0.000839093023421955	0.687917320011867	13.7814923757403	-13.7814923757403	1178	205	Promoter	2	Non-heritable	0.0731252483438351	0.711808049148738	0.0525665815137912	19670	0	0	0.731252483438351	7.07157336421153	5.32787616878958	9.88690074893173	2.62332656057338
BA_only	hippocampus	AA	psi	chrX_129931765_129933169	chrX	129931765	129933169	51	51	0	0	0.0394612936233796	0.980549382116533	8.46946192613661	8.46946192613661	1404	193	Enhancer	1	Non-heritable	0.039916150530946	0.598563194692811	0.0521518999592474	0	0	0	0.39916150530946	7.24708058458576	5.26785815906333	0	2.13646698080628
BA_only	hippocampus	AA	psi	chrX_129980303_129981062	chrX	129980303	129981062	50	50	0	0	0.108733301597204	0.990898390030923	13.5420902246197	13.5420902246197	759	192	Promoter	1	Heritable	0.104938249410954	0.640046065792524	0.0458421180786905	689	0	0	1.04938249410954	6.63200177739563	5.26269018890489	6.53669159759131	2.60580263035684
BA_only	hippocampus	AA	psi	chrX_129982393_129983930	chrX	129982393	129983930	50	50	0	0	0.039203023215673	0.980549382116533	16.2061068472412	16.2061068472412	1537	194	Promoter	1	Non-heritable	0.0809213769224989	0.592906317112537	0.0480479548690007	0	0	0	0.809213769224989	7.3375877435386	5.27299955856375	0	2.78538813770069
BA_only	hippocampus	AA	psi	chrX_130060033_130060192	chrX	130060033	130060192	49	49	0	0	0.00726685223583098	0.9324765259379	12.2758797612696	12.2758797612696	159	184	Intergenic	1	Heritable	0.104002854913093	0.750747959012529	0.04518312200696	21119	0	0	1.04002854913093	5.06890420222023	5.22035582507832	9.9579757378202	2.50763634290614
BA_only	hippocampus	AA	psi	chrX_130171152_130172308	chrX	130171152	130172308	49	49	0	0	0.015319258349971	0.967076513219291	11.4659427579653	11.4659427579653	1156	166	Promoter	1	Heritable	0.127996267118035	0.73487558890143	0.0456527362480118	816	0	0	1.27996267118035	7.05272104923232	5.11799381241676	6.70563909486	2.43938114301772
BA_only	hippocampus	AA	psi	chrX_131704398_131705033	chrX	131704398	131705033	23	23	0	0	0.000488129766014261	0.606132461238265	3.55713836695508	-3.55713836695508	635	161	Genic/other	0	Non-heritable	0.0259696648689438	0.542812065421912	0.0472942350639982	0	0	0	0.259696648689438	6.45362499889269	5.08759633523238	0	1.26895639492402
BA_only	hippocampus	AA	psi	chrX_131728634_131729583	chrX	131728634	131729583	23	23	0	0	0.000434402849411647	0.600933463320688	3.77985998729699	-3.77985998729699	949	153	Genic/other	0	Non-heritable	0.0258326026262244	0.62264881755627	0.0516608556140485	0	0	0	0.258326026262244	6.85540879860993	5.03695260241363	0	1.32968697119346
BA_only	hippocampus	AA	psi	chrX_131741442_131741958	chrX	131741442	131741958	23	23	0	0	0.000140089366755021	0.427037609173052	5.30548997751113	5.30548997751113	516	156	Genic/other	0	Non-heritable	0.0842725384106097	0.557906598602751	0.0473990582188203	0	0	0	0.842725384106097	6.24610676548156	5.05624580534831	0	1.66874213113929
BA_only	hippocampus	AA	psi	chrX_131746804_131747307	chrX	131746804	131747307	23	23	0	0	0.000459412203720193	0.604162640906295	10.1012914777842	-10.1012914777842	503	161	Enhancer	0	Heritable	0.141181344522764	0.703840410633163	0.045550191968346	0	0	0	1.41181344522764	6.22059017009974	5.08759633523238	0	2.31266328575018
BA_only	hippocampus	AA	psi	chrX_131752643_131753058	chrX	131752643	131753058	23	23	0	0	0.00163048954533756	0.786487079885734	5.17724833153985	-5.17724833153985	415	155	Genic/other	0	Non-heritable	0.036741836967714	0.570087040586189	0.0427372909809207	2687	0	0	0.36741836967714	6.0282785202307	5.04985600724954	7.89655270164304	1.64427370693339
BA_only	hippocampus	AA	psi	chrX_131763388_131763871	chrX	131763388	131763871	23	23	0	0	0.00930627406756683	0.939841915020693	2.48381567469446	2.48381567469446	483	152	Genic/other	0	Non-heritable	0.0722792747484938	0.553378325719103	0.0434791589165311	4824	0	0	0.722792747484938	6.18001665365257	5.03043792139244	8.48156601377309	0.90979596030953
BA_only	hippocampus	AA	psi	chrX_131792294_131793061	chrX	131792294	131793061	25	25	0	0	0.000422532149983073	0.595949298354404	4.00766299633535	-4.00766299633535	767	139	Genic/other	1	Non-heritable	0.0676522337050986	0.644374254015903	0.049373883219427	0	0	0	0.676522337050986	6.64248680136726	4.9416424226093	0	1.38820827999197
BA_only	hippocampus	AA	psi	chrX_132489312_132489963	chrX	132489312	132489963	30	30	0	0	0.000252974947692839	0.503902674622265	6.70119882495645	6.70119882495645	651	120	Promoter	1	Non-heritable	0.019708372251298	0.530890723262659	0.0502521610795779	0	0	0	0.19708372251298	6.47850964220857	4.79579054559674	0	1.90228644098127
BA_only	hippocampus	AA	psi	chrX_132957259_132957888	chrX	132957259	132957888	1	1	0	0	0.240857508917898	0.992195442327479	2.0230047694656	-2.0230047694656	629	135	Promoter	1	Non-heritable	0.0537474601012855	0.654886946086434	0.0446604459731232	0	0	0	0.537474601012855	6.44413125670044	4.91265488573605	0	0.704583920746139
BA_only	hippocampus	AA	psi	chrX_133985143_133985936	chrX	133985143	133985936	10	10	0	0	0.00457551038775497	0.897520405788695	10.5009776991262	10.5009776991262	793	106	Promoter	2	Non-heritable	0.0661780389041956	0.477114275639476	0.0474015246185078	0	0	0	0.661780389041956	6.67582322163485	4.67282883446191	0	2.35146836798341
BA_only	hippocampus	AA	psi	chrX_134796801_134796951	chrX	134796801	134796951	29	29	0	0	0.0299447498833069	0.976741514025636	14.9465690053956	-14.9465690053956	150	174	Promoter	1	Non-heritable	0.0660871089789847	0.655272436329652	0.0490883922920392	0	0	0	0.660871089789847	5.01063529409626	5.16478597392351	0	2.70448177620021
BA_only	hippocampus	AA	psi	chrX_135051890_135052433	chrX	135051890	135052433	27	27	0	0	0.0085609623553135	0.933559278800072	7.24443370143468	7.24443370143468	543	164	Promoter	2	Non-heritable	0.0217019416203418	0.69083177915208	0.0463356053699335	0	0	0	0.217019416203418	6.29710931993394	5.10594547390058	0	1.98023341004486
BA_only	hippocampus	AA	psi	chrX_135097922_135099331	chrX	135097922	135099331	19	19	0	0	0.00564517626703913	0.914301706404424	9.93305928765961	9.93305928765961	1409	158	Promoter	2	Heritable	0.150861684057526	0.777188224697632	0.0575541889262831	19978	0	0	1.50861684057526	7.25063551189868	5.06890420222023	9.90243700089995	2.29586851697878
BA_only	hippocampus	AA	psi	chrX_135421734_135422700	chrX	135421734	135422700	9	9	0	0	0.019292030078065	0.973353388707841	3.06086952281072	-3.06086952281072	966	107	Promoter	2	Non-heritable	0.0737484285800923	0.538386332890507	0.0525146485091388	24340	0	0	0.737484285800923	6.87316383421252	4.68213122712422	10.0999174503319	1.11869903664744
BA_only	hippocampus	AA	psi	chrX_135521082_135521640	chrX	135521082	135521640	9	9	0	0	0.0898040645102191	0.989446665475032	5.96147920114802	5.96147920114802	558	97	Promoter	2	Non-heritable	0.0407622473167666	0.493249638176383	0.0481871039755596	0	0	0	0.407622473167666	6.32435896238131	4.58496747867057	0	1.7853186400732
BA_only	hippocampus	AA	psi	chrX_135973789_135973959	chrX	135973789	135973959	136	136	0	0	0.0246363164668028	0.975932065139872	5.54353944689155	-5.54353944689155	170	103	Promoter	1	Non-heritable	0.0651128901418268	0.491590832518288	0.0448302976907435	191	0	0	0.651128901418268	5.13579843705026	4.64439089914137	5.25749537202778	1.7126331878908
BA_only	hippocampus	AA	psi	chrX_136147647_136147865	chrX	136147647	136147865	137	137	0	0	0.0144946022994879	0.966089857218066	6.99113976954226	6.99113976954226	218	107	Promoter	1	Non-heritable	0.0419069361595567	0.423410564546507	0.0429731667207038	0	0	0	0.419069361595567	5.38449506278909	4.68213122712422	0	1.94464360154285
BA_only	hippocampus	AA	psi	chrX_136496496_136497889	chrX	136496496	136497889	9	9	0	0	0.142479200475779	0.991064867102684	3.58052924114279	3.58052924114279	1393	127	Promoter	2	Non-heritable	0.084028853489301	0.596109375753091	0.0458291698142784	38344	0	0	0.84028853489301	7.23921497377981	4.85203026391962	10.554379420199	1.27551062500076
BA_only	hippocampus	AA	psi	chrX_136880165_136880636	chrX	136880165	136880636	189	189	0	0	0.001418366727342	0.760354180375728	7.90898782830393	-7.90898782830393	471	155	Promoter	1	Non-heritable	0.0363294025545129	0.51980408915368	0.0447922964630359	845	0	0	0.363294025545129	6.15485809401642	5.04985600724954	6.74051935960622	2.06799981383271
BA_only	hippocampus	AA	psi	chrX_147911473_147912357	chrX	147911473	147912357	50	50	0	0	0.0100179881145894	0.944902218841749	2.7873608628546	2.7873608628546	884	232	Promoter	2	Non-heritable	0.0667373994668207	0.761251950526486	0.0505456982084989	0	0	0	0.667373994668207	6.78445706263764	5.4510384535657	0	1.02509522445709
BA_only	hippocampus	AA	psi	chrX_148500482_148501332	chrX	148500482	148501332	3	3	0	0	0.0481273008496541	0.982661996589092	0.993409658888557	0.993409658888557	850	206	Promoter	2	Non-heritable	0.0550989591966496	0.628429110791345	0.0483863418494088	82959	0	0	0.550989591966496	6.74523634948436	5.33271879326537	11.3261138429034	-0.00661214322905691
BA_only	hippocampus	AA	psi	chrX_149539702_149541623	chrX	149539702	149541623	27	27	0	0	0.000610418767791713	0.656556947226755	25.1304671347608	-25.1304671347608	1921	166	Promoter	2	Non-heritable	0.0285262288549914	0.603686290188741	0.0527893392066041	0	0	0	0.285262288549914	7.56060116276856	5.11799381241676	0	3.2240809405097
BA_only	hippocampus	AA	psi	chrX_149631009_149631432	chrX	149631009	149631432	26	26	0	0	0.0863274759963664	0.988137148207548	7.73375060959853	-7.73375060959853	423	162	Genic/other	2	Non-heritable	0.0499645148972697	0.62167338522106	0.0452871031741505	0	0	0	0.499645148972697	6.04737217904628	5.09375020080676	0	2.04559394797924
BA_only	hippocampus	AA	psi	chrX_149937868_149938749	chrX	149937868	149938749	52	52	0	0	0.00458465287001812	0.897520405788695	10.4679671780744	-10.4679671780744	881	189	Promoter	2	Non-heritable	0.0851202217278075	0.624774433628735	0.0551266837218419	0	0	0	0.851202217278075	6.78105762593618	5.24702407216049	0	2.34831985016494
BA_only	hippocampus	AA	psi	chrX_149939846_149940447	chrX	149939846	149940447	51	51	0	0	0.00723502015151791	0.931602204679102	8.02475334888659	-8.02475334888659	601	204	Promoter	1	Non-heritable	0.0639044615729611	0.684561668276296	0.0570090666002753	0	0	0	0.639044615729611	6.39859493453521	5.32300997913841	0	2.08253093444865
BA_only	hippocampus	AA	psi	chrX_150364963_150365023	chrX	150364963	150365023	13	13	0	0	0.00687501978826762	0.928603340265007	12.5094424648943	-12.5094424648943	60	249	Genic/other	1	Non-heritable	0.0798897208440523	0.847214722179717	0.0417484401206618	0	0	0	0.798897208440523	4.0943445622221	5.52146091786225	0	2.52648375713034
BA_only	hippocampus	AA	psi	chrX_150693883_150693997	chrX	150693883	150693997	41	41	0	0	0.0379578088502736	0.980549382116533	7.93254818517658	-7.93254818517658	114	417	Genic/other	1	Non-heritable	0.0311867512580522	0.803576243611979	0.0466190783814713	0	0	0	0.311867512580522	4.7361984483945	6.03548143252476	0	2.07097432011721
BA_only	hippocampus	AA	psi	chrX_150983264_150984560	chrX	150983264	150984560	13	13	0	0	0.203351228021071	0.991064867102684	2.68088677993887	2.68088677993887	1296	397	Promoter	1	Non-heritable	0.0388648744067686	0.862997514189177	0.0510356322642555	62477	0	0	0.388648744067686	7.16703787691222	5.98645200528444	11.042569773758	0.986147631558392
BA_only	hippocampus	AA	psi	chrX_151396436_151397728	chrX	151396436	151397728	10	10	0	0	0.183700703434152	0.991064867102684	1.48993316688761	-1.48993316688761	1292	485	Promoter	2	Non-heritable	0.0813583777466004	0.932979321801026	0.0481768559950359	0	0	0	0.813583777466004	7.16394668434255	6.18620862390049	0	0.398731271225242
BA_only	hippocampus	AA	psi	chrX_152830918_152831270	chrX	152830918	152831270	17	17	0	0	0.190834848179943	0.991064867102684	3.10445089846124	-3.10445089846124	352	218	Promoter	2	Non-heritable	0.0632048463616373	0.675915943073665	0.0435673205950709	0	0	0	0.632048463616373	5.8636311755981	5.3890717298165	0	1.13283685867193
BA_only	hippocampus	AA	psi	chrX_153056455_153056939	chrX	153056455	153056939	7	7	0	0	0.0670517006817774	0.985907779499035	3.65320098369305	3.65320098369305	484	300	Promoter	2	Non-heritable	0.0862348294059725	0.730656527487392	0.0436032394422063	1831	0	0	0.862348294059725	6.18208490671663	5.70711026474888	7.51316354523408	1.29560376784155
BA_only	hippocampus	AA	psi	chrX_153333730_153333944	chrX	153333730	153333944	19	19	0	0	0.0756028160090397	0.987023137100836	1.95621261316126	1.95621261316126	214	344	Promoter	2	Non-heritable	0.0393811396475203	0.653403396276238	0.0452628503209787	340	0	0	0.393811396475203	5.36597601502185	5.84354441703136	5.83188247728352	0.671010268752556
BA_only	hippocampus	AA	psi	chrX_15334770_15335081	chrX	15334770	15335081	26	26	0	0	0.157761913866071	0.991064867102684	4.42119077190099	-4.42119077190099	311	146	Genic/other	1	Heritable	0.106250202267387	0.655247077886794	0.0442338198791274	0	0	0	1.06250202267387	5.73979291217923	4.99043258677874	0	1.48640906747578
BA_only	hippocampus	AA	psi	chrX_153411850_153412117	chrX	153411850	153412117	35	35	0	0	0.0122008997080789	0.95809323095415	5.28420450538102	-5.28420450538102	267	323	Genic/other	2	Non-heritable	0.0504485816619468	0.785079665547565	0.0440510584163521	33346	0	0	0.504485816619468	5.58724865840025	5.78074351579233	10.4147230922751	1.66472209056305
BA_only	hippocampus	AA	psi	chrX_153968507_153969293	chrX	153968507	153969293	94	94	0	0	0.00589024277341243	0.91660165241749	3.46628574264184	-3.46628574264184	786	290	Promoter	2	Heritable	0.122990581521432	0.815975439231555	0.0430212489935387	3566	0	0	1.22990581521432	6.66695679242921	5.67332326717149	8.17948018535889	1.24308363239645
BA_only	hippocampus	AA	psi	chrX_154019133_154019931	chrX	154019133	154019931	85	85	0	0	0.0026412579132954	0.835655744705892	6.16043482021606	6.16043482021606	798	260	Promoter	2	Non-heritable	0.0444196939982831	0.72727975675647	0.0586773752756111	0	0	0	0.444196939982831	6.68210859744981	5.56452040732269	0	1.81814736437491
BA_only	hippocampus	AA	psi	chrX_154020080_154020483	chrX	154020080	154020483	85	85	0	0	0.00142592675618518	0.761222352305806	6.63852875447922	6.63852875447922	403	258	Promoter	2	Non-heritable	0.0658593360281238	0.67338213337769	0.0482163767733553	402	0	0	0.658593360281238	5.99893656194668	5.55682806169954	5.99893656194668	1.89289036732315
BA_only	hippocampus	AA	psi	chrX_154341455_154341667	chrX	154341455	154341667	217	217	3	3	5.73641077537851e-09	0.000443237163518096	9.4265845195038	-9.4265845195038	212	174	Intergenic	1	Non-heritable	0.0896901305602957	0.600613386494394	0.0502141465365587	8539	1	1	0.896901305602957	5.35658627467201	5.16478597392351	9.05251628678262	2.24353383904477
BA_only	hippocampus	AA	psi	chrX_154370507_154370773	chrX	154370507	154370773	216	216	0	0	0.00138181678670011	0.758574055158455	8.56519234957967	8.56519234957967	266	164	Genic/other	2	Non-heritable	0.0469321303334328	0.703209203351961	0.0448651878127633	2958	0	0	0.469321303334328	5.5834963087817	5.10594547390058	7.99260665240021	2.14770659031895
BA_only	hippocampus	AA	psi	chrX_154378005_154379951	chrX	154378005	154379951	216	216	0	0	0.00227279183700224	0.820192749465547	11.6266786104978	-11.6266786104978	1946	163	Promoter	2	Non-heritable	0.0509921051861752	0.626319272743519	0.0534466462131093	0	0	0	0.509921051861752	7.57353126274595	5.0998664278242	0	2.45330233851129
BA_only	hippocampus	AA	psi	chrX_154397194_154398265	chrX	154397194	154398265	219	219	0	0	0.000246894832382935	0.503902674622265	14.8698523076862	14.8698523076862	1071	158	Promoter	2	Non-heritable	0.0532580006563082	0.591456798916126	0.0464738827932454	0	0	0	0.532580006563082	6.97634807044775	5.06890420222023	0	2.69933582886163
BA_only	hippocampus	AA	psi	chrX_154412129_154412437	chrX	154412129	154412437	222	222	0	0	0.00530700215632071	0.911505484735131	9.36565088643995	-9.36565088643995	308	152	Promoter	2	Non-heritable	0.0824605993487828	0.61699381894959	0.045971926842323	0	0	0	0.824605993487828	5.73009978297357	5.03043792139244	0	2.23704883657105
BA_only	hippocampus	AA	psi	chrX_154428396_154428668	chrX	154428396	154428668	226	226	0	0	0.0013100891110801	0.751221462279749	12.3118001185716	-12.3118001185716	272	157	Promoter	1	Heritable	0.162234672716403	0.691767518018816	0.0495308750817866	2	0	0	1.62234672716403	5.605802066296	5.06259503302697	1.09861228866811	2.51055816253311
BA_only	hippocampus	AA	psi	chrX_154444557_154444671	chrX	154444557	154444671	226	226	0	0	0.00116941569130583	0.731640745144602	18.4198713571598	18.4198713571598	114	146	Promoter	1	Heritable	0.108610509326846	0.585701206972404	0.0428895252250748	0	0	0	1.08610509326846	4.7361984483945	4.99043258677874	0	2.91343004747812
BA_only	hippocampus	AA	psi	chrX_154478424_154478619	chrX	154478424	154478619	231	231	0	0	2.3262103718224e-05	0.168506317690368	13.9084415657673	-13.9084415657673	195	138	Genic/other	2	Non-heritable	0.0755538427193482	0.622050479561193	0.0424974540816603	7359	0	0	0.755538427193482	5.27299955856375	4.93447393313069	8.90381521172292	2.63249596340917
BA_only	hippocampus	AA	psi	chrX_154479129_154479328	chrX	154479129	154479328	231	231	0	0	1.0651590025282e-05	0.101816901898574	9.46317082712432	9.46317082712432	199	141	Promoter	1	Heritable	0.10199765856621	0.659476078854938	0.0431972082670098	6650	0	0	1.0199765856621	5.29330482472449	4.95582705760126	8.80252249828442	2.24740751053067
BA_only	hippocampus	AA	psi	chrX_154485807_154486397	chrX	154485807	154486397	230	230	0	0	6.89891990289503e-05	0.319836686266175	8.46098232402084	8.46098232402084	590	136	Promoter	2	Non-heritable	0.0530583694787907	0.459705127506491	0.0492391247871922	0	0	0	0.530583694787907	6.38012253689977	4.91998092582813	0	2.13546528200978
BA_only	hippocampus	AA	psi	chrX_154486889_154487024	chrX	154486889	154487024	230	230	0	0	0.00191588141230489	0.801360789073658	10.8213364841137	-10.8213364841137	135	144	Promoter	1	Heritable	0.104450936618819	0.665295809666742	0.0436276643603591	351	0	0	1.04450936618819	4.90527477843843	4.97673374242057	5.8636311755981	2.38151978650319
BA_only	hippocampus	AA	psi	chrX_154491096_154491237	chrX	154491096	154491237	230	230	0	0	0.00502876048078319	0.909885926705608	8.47577389297939	8.47577389297939	141	144	Promoter	2	Non-heritable	0.0309521336450583	0.416409218363949	0.0451585360409565	501	0	0	0.309521336450583	4.94875989037817	4.97673374242057	6.21860011969173	2.13721196508323
BA_only	hippocampus	AA	psi	chrX_154762474_154763088	chrX	154762474	154763088	117	117	0	0	0.0171611295327753	0.970581273335112	7.51845344487127	-7.51845344487127	614	126	Promoter	2	Non-heritable	0.0446204403510483	0.454706277169183	0.0466154377921834	1877	0	0	0.446204403510483	6.41999492814714	4.84418708645859	7.53796265976821	2.01736045921442
BA_only	hippocampus	AA	psi	chrX_155070725_155071038	chrX	155070725	155071038	7	7	0	0	0.0504116054068059	0.984077279506327	6.35026222259448	6.35026222259448	313	70	Promoter	2	Non-heritable	0.0288681905047599	0.45624274951961	0.044515121829595	0	0	0	0.288681905047599	5.74620319054015	4.26267987704132	0	1.8484961085235
BA_only	hippocampus	AA	psi	chrX_17737043_17738114	chrX	17737043	17738114	18	18	0	0	0.092492720660927	0.989446665475032	2.84663673596501	2.84663673596501	1071	147	Promoter	1	Non-heritable	0.0992352629352142	0.586957815336837	0.0474809728346475	0	0	0	0.992352629352142	6.97634807044775	4.99721227376412	0	1.046138208292
BA_only	hippocampus	AA	psi	chrX_19514886_19515222	chrX	19514886	19515222	47	47	0	0	0.00856205258498051	0.933559278800072	11.9877990587257	11.9877990587257	336	201	Genic/other	2	Non-heritable	0.0832850917350104	0.760199857490877	0.0489394797455397	21235	0	0	0.832850917350104	5.8171111599632	5.30826769740121	9.96345313370356	2.48388938828006
BA_only	hippocampus	AA	psi	chrX_23783422_23783972	chrX	23783422	23783972	16	16	0	0	0.0792900305887533	0.988137148207548	4.83778106741775	4.83778106741775	550	348	Promoter	2	Non-heritable	0.0832501108762936	0.847281957260159	0.053827543957093	0	0	0	0.832501108762936	6.30991827822652	5.85507192220243	0	1.5764561605269
BA_only	hippocampus	AA	psi	chrX_24024419_24025033	chrX	24024419	24025033	11	11	0	0	0.0485039633672893	0.982661996589092	4.94746753450534	4.94746753450534	614	265	Promoter	2	Non-heritable	0.0881277006732448	0.721443140318906	0.0485613281599573	0	0	0	0.881277006732448	6.41999492814714	5.5834963087817	0	1.59887583849436
BA_only	hippocampus	AA	psi	chrX_24693899_24694286	chrX	24693899	24694286	8	8	0	0	0.461583543543383	0.994840206451052	1.81888694447647	-1.81888694447647	387	182	Promoter	2	Non-heritable	0.0756100446772289	0.684475800720796	0.0452713244611711	0	0	0	0.756100446772289	5.95842469302978	5.20948615284142	0	0.598224750533017
BA_only	hippocampus	AA	psi	chrX_30653959_30654102	chrX	30653959	30654102	1	1	0	0	0.263626782878774	0.992882652000718	0.502753955273784	-0.502753955273784	143	289	Genic/other	1	Non-heritable	0.0586114944124827	0.803637548339341	0.0435198772682054	0	0	0	0.586114944124827	4.96284463025991	5.66988092298052	0	-0.687654363192336
BA_only	hippocampus	AA	psi	chrX_38326702_38326988	chrX	38326702	38326988	21	21	0	0	0.0307736800327819	0.976893291659941	8.09770723763512	8.09770723763512	286	257	Promoter	1	Non-heritable	0.0639860023222404	0.767572373063606	0.0443702883002612	886	0	0	0.639860023222404	5.65599181081985	5.55295958492162	6.78784498230958	2.09158096576301
BA_only	hippocampus	AA	psi	chrX_41336300_41337769	chrX	41336300	41337769	116	116	0	0	0.00771396291761062	0.933559278800072	4.41490301472874	4.41490301472874	1469	228	Genic/other	2	Non-heritable	0.0785015123816783	0.744748911160597	0.047492855056363	0	0	0	0.785015123816783	7.29233717617388	5.43372200355424	0	1.48498586886084
BA_only	hippocampus	AA	psi	chrX_42778285_42778441	chrX	42778285	42778441	2	2	0	0	0.153879602148728	0.991064867102684	1.20750733893134	-1.20750733893134	156	151	Promoter	1	Non-heritable	0.0293423725935749	0.536385690096684	0.0445205533229584	66855	0	0	0.293423725935749	5.04985600724954	5.02388052084628	11.1102963316813	0.188558192597574
BA_only	hippocampus	AA	psi	chrX_43655216_43655840	chrX	43655216	43655840	8	8	0	0	0.0805029008873913	0.988137148207548	1.01083566101649	1.01083566101649	624	147	Promoter	2	Non-heritable	0.0177835310583616	0.562841108765448	0.0462731412552098	518	0	0	0.177835310583616	6.43615036836943	4.99721227376412	6.25190388316589	0.0107773857949528
BA_only	hippocampus	AA	psi	chrX_46574021_46575612	chrX	46574021	46575612	23	23	0	0	0.176491785726463	0.991064867102684	22.3858482337322	22.3858482337322	1591	159	Genic/other	2	Non-heritable	0.077741452112812	0.540963054192994	0.0479630796532469	10761	0	0	0.77741452112812	7.37211802833779	5.07517381523383	9.28377669004936	3.1084289843738
BA_only	hippocampus	AA	psi	chrX_46836651_46837214	chrX	46836651	46837214	24	24	0	0	0.0655752967213799	0.985907779499035	6.52601727626878	6.52601727626878	563	156	Promoter	2	Non-heritable	0.0554132668987134	0.480225151572111	0.0494329300949446	53161	0	0	0.554132668987134	6.33327962813969	5.05624580534831	10.8810991343919	1.87579684699826
BA_only	hippocampus	AA	psi	chrX_46912161_46913247	chrX	46912161	46913247	42	42	0	0	0.0303070562256081	0.976893291659941	5.43065391687721	-5.43065391687721	1086	158	Promoter	1	Non-heritable	0.0418989014394765	0.550932809349694	0.0490626795745723	0	0	0	0.418989014394765	6.99025650049388	5.06890420222023	0	1.69205955521742
BA_only	hippocampus	AA	psi	chrX_47143946_47144361	chrX	47143946	47144361	67	67	0	0	0.00142933205425795	0.761222352305806	7.58155787256522	-7.58155787256522	415	202	Promoter	2	Heritable	0.110999614767755	0.670831262624304	0.0484282843665971	0	0	0	1.10999614767755	6.0282785202307	5.31320597904179	0	2.02571870394121
BA_only	hippocampus	AA	psi	chrX_47219576_47220083	chrX	47219576	47220083	66	66	0	0	0.0146104264528378	0.966089857218066	11.3557520839461	-11.3557520839461	507	198	Genic/other	1	Non-heritable	0.0516393078057461	0.616594363770355	0.0501696842557536	0	0	0	0.516393078057461	6.22851100359118	5.29330482472449	0	2.42972440796966
BA_only	hippocampus	AA	psi	chrX_47561313_47561699	chrX	47561313	47561699	14	14	0	0	0.0316825484078113	0.977060807838727	2.143482597778	2.143482597778	386	219	Promoter	1	Non-heritable	0.0492774387453648	0.778888628128865	0.0419765115292796	9706	0	0	0.492774387453648	5.95583736946483	5.39362754635236	9.18060255371223	0.762431893086891
BA_only	hippocampus	AA	psi	chrX_47619465_47619814	chrX	47619465	47619814	14	14	0	0	0.0221645490978457	0.975932065139872	4.09983402524948	4.09983402524948	349	210	Promoter	1	Heritable	0.135406583427058	0.809615158021622	0.0420992509323511	8462	0	0	1.35406583427058	5.85507192220243	5.35185813347607	9.04345899967011	1.41094649368351
BA_only	hippocampus	AA	psi	chrX_47649936_47651190	chrX	47649936	47651190	14	14	0	0	0.0319878381195195	0.97748455075509	1.26153831434457	-1.26153831434457	1254	208	Promoter	2	Non-heritable	0.0690525079031808	0.755932974969064	0.0529451051590958	0	0	0	0.690525079031808	7.13409372119287	5.34233425196481	0	0.232331868617355
BA_only	hippocampus	AA	psi	chrX_47658520_47658922	chrX	47658520	47658922	14	14	0	0	0.160389281765245	0.991064867102684	1.80048972414452	1.80048972414452	402	207	Promoter	2	Non-heritable	0.0722984224033343	0.761085231832111	0.0477497135521734	13	0	0	0.722984224033343	5.99645208861902	5.33753807970132	2.63905732961526	0.588058702421291
BA_only	hippocampus	AA	psi	chrX_48071087_48071328	chrX	48071087	48071328	15	15	0	0	0.0289457997035475	0.975932065139872	5.09148008746268	5.09148008746268	241	174	Promoter	2	Non-heritable	0.0676330073954379	0.703671035354984	0.0455149077397802	0	0	0	0.676330073954379	5.48479693349066	5.16478597392351	0	1.62756857364869
BA_only	hippocampus	AA	psi	chrX_48475993_48476647	chrX	48475993	48476647	131	131	0	0	0.0122723538270401	0.958335243046836	23.948251829221	23.948251829221	654	133	Promoter	1	Non-heritable	0.0433951267094009	0.759817057793607	0.0496149508213734	0	0	0	0.433951267094009	6.4831073514572	4.89783979995091	0	3.17589532909354
BA_only	hippocampus	AA	psi	chrX_48508388_48508570	chrX	48508388	48508570	135	135	0	0	0.00501630161203746	0.909365649076715	14.8403543056792	14.8403543056792	182	130	Promoter	1	Non-heritable	0.0288299318002987	0.650398306489983	0.046659808248097	0	0	0	0.288299318002987	5.2040066870768	4.87519732320115	0	2.69735011317384
BA_only	hippocampus	AA	psi	chrX_48539432_48540210	chrX	48539432	48540210	135	135	0	0	0.000655652133413644	0.660644830675263	9.60453452883592	9.60453452883592	778	133	Promoter	2	Non-heritable	0.0429130544711031	0.757846190865789	0.0502536918386005	0	0	0	0.429130544711031	6.65672652417839	4.89783979995091	0	2.2622353347481
BA_only	hippocampus	AA	psi	chrX_48598186_48598384	chrX	48598186	48598384	319	319	0	0	0.000252496426019395	0.503902674622265	11.9530928657867	-11.9530928657867	198	123	Promoter	2	Non-heritable	0.0650331659154563	0.635847696297948	0.0443301500088849	0	0	0	0.650331659154563	5.28826703069454	4.82028156560504	0	2.48099006294737
BA_only	hippocampus	AA	psi	chrX_48675892_48676877	chrX	48675892	48676877	368	368	0	0	0.000742686799773912	0.677254417144753	16.9270707718062	16.9270707718062	985	112	Promoter	2	Heritable	0.128144524043901	0.640012939797145	0.0506715059585586	0	0	0	1.28144524043901	6.89264164117209	4.72738781871234	0	2.82891416179012
BA_only	hippocampus	AA	psi	chrX_48696742_48696905	chrX	48696742	48696905	374	374	0	0	0.000264557928572084	0.511042141323885	16.0029737655547	16.0029737655547	163	106	Genic/other	1	Non-heritable	0.0551223489117774	0.460045929724341	0.0419517696576458	0	0	0	0.551223489117774	5.09375020080676	4.67282883446191	0	2.77277456594194
BA_only	hippocampus	AA	psi	chrX_48736948_48737420	chrX	48736948	48737420	379	379	0	0	0.000668525688255905	0.662516029185809	8.60289007366321	8.60289007366321	472	106	Promoter	2	Non-heritable	0.0224187738500984	0.495218499123947	0.0492902798824879	0	0	0	0.224187738500984	6.15697898558556	4.67282883446191	0	2.15209820304512
BA_only	hippocampus	AA	psi	chrX_48801605_48802390	chrX	48801605	48802390	424	424	0	1	8.47548543790146e-06	0.0863575593616015	15.6958314668194	15.6958314668194	785	99	Promoter	2	Non-heritable	0.066815596049514	0.459087413819618	0.0459169835269675	0	0	1	0.66815596049514	6.66568371778241	4.60517018598809	0	2.75339516606936
BA_only	hippocampus	AA	psi	chrX_48891365_48891527	chrX	48891365	48891527	471	471	0	0	2.12600876174997e-05	0.157848299046263	10.9473934467854	10.9473934467854	162	95	Enhancer	1	Heritable	0.107259118618857	0.623766544201633	0.0434215888141496	2482	0	0	1.07259118618857	5.08759633523238	4.56434819146784	7.81722278550817	2.39310138745016
BA_only	hippocampus	AA	psi	chrX_48897443_48898087	chrX	48897443	48898087	471	471	0	1	4.1675173653203e-06	0.0572517997219848	26.0638671248111	-26.0638671248111	644	99	Promoter	2	Non-heritable	0.0697689025764053	0.491240157273242	0.0456442142976476	0	0	1	0.697689025764053	6.46769872610435	4.60517018598809	0	3.26054995419519
BA_only	hippocampus	AA	psi	chrX_48898514_48898647	chrX	48898514	48898647	471	471	0	0	0.000942841317259258	0.708361817463044	10.0823137751936	10.0823137751936	133	95	Promoter	1	Non-heritable	0.0534656704292852	0.4860073419395	0.0431381288095605	0	0	0	0.534656704292852	4.89034912822175	4.56434819146784	0	2.31078277848435
BA_only	hippocampus	AA	psi	chrX_48956982_48959034	chrX	48956982	48959034	482	482	0	0	3.89057940628783e-05	0.237327391456929	11.6469815213853	11.6469815213853	2052	89	Promoter	2		0.0110549251402543		0.052736951914141	0	0	0	0.110549251402543	7.62657020629066	4.49980967033027	0	2.45504705042211
BA_only	hippocampus	AA	psi	chrX_49042959_49043262	chrX	49042959	49043262	422	422	0	0	0.000118398000514835	0.413849507326493	5.36027084488385	5.36027084488385	303	83	Genic/other	2	Non-heritable	0.0550462626975738	0.437470400347225	0.0470850564004618	2503	0	0	0.550462626975738	5.71373280550937	4.43081679884331	7.82564473221999	1.67901450643356
BA_only	hippocampus	AA	psi	chrX_49073879_49074294	chrX	49073879	49074294	240	240	2	3	7.99562796259623e-07	0.0195095005577445	14.3846121868988	14.3846121868988	415	81	Promoter	1		0.00841796566734822		0.0437183932142059	69	1	1	0.0841796566734822	6.0282785202307	4.40671924726425	4.24849524204936	2.66615903778706
BA_only	hippocampus	AA	psi	chrX_49100940_49101755	chrX	49100940	49101755	237	237	0	0	1.54955821598617e-05	0.126031822309483	11.6034595894956	11.6034595894956	815	72	Promoter	2	Non-heritable	0.0419686316881773	0.432175133801072	0.0490867603052233	0	0	0	0.419686316881773	6.70318811324086	4.29045944114839	0	2.45130329498304
BA_only	hippocampus	AA	psi	chrX_49155614_49156774	chrX	49155614	49156774	210	210	1	1	9.59708450598232e-07	0.0211868893586258	7.72202710702034	-7.72202710702034	1160	83	Promoter	2	Non-heritable	0.0767057629621918	0.499895701158505	0.0510807917308279	0	1	1	0.767057629621918	7.05617528410041	4.43081679884331	0	2.04407690949352
BA_only	hippocampus	AA	psi	chrX_49163421_49163652	chrX	49163421	49163652	189	189	0	0	0.000151344676697266	0.438120483327961	4.27880992288816	-4.27880992288816	231	81	Promoter	2	Non-heritable	0.0662095070998063	0.515405917078075	0.0448996158033472	0	0	0	0.662095070998063	5.44241771052179	4.40671924726425	0	1.45367491786627
BA_only	hippocampus	AA	psi	chrX_49171666_49172623	chrX	49171666	49172623	189	189	2	3	2.59751218911759e-06	0.04219262056672	7.3108488800388	-7.3108488800388	957	87	Promoter	2	Non-heritable	0.0381015319377657	0.464144079042077	0.0521826100192731	5555	1	1	0.381015319377657	6.86380339145295	4.47733681447821	8.62263370387423	1.98935939424773
BA_only	hippocampus	AA	psi	chrX_49186178_49186373	chrX	49186178	49186373	184	184	0	0	0.000215057907576465	0.493572802891482	6.21483250806592	-6.21483250806592	195	85	Genic/other	2	Non-heritable	0.0666755364385387	0.425346069682904	0.0417595094905496	0	0	0	0.666755364385387	5.27299955856375	4.45434729625351	0	1.82693877658121
BA_only	hippocampus	AA	psi	chrX_49190679_49191819	chrX	49190679	49191819	184	184	0	0	0.000196786537066813	0.483991992986825	10.9242088729278	-10.9242088729278	1140	85	Genic/other	2	Non-heritable	0.0840569162946058	0.589289690423835	0.0514555106083984	1643	0	0	0.840569162946058	7.03878354138854	4.45434729625351	7.40488757561613	2.39098132489769
BA_only	hippocampus	AA	psi	chrX_49268975_49270445	chrX	49268975	49270445	91	91	0	1	5.61318405075348e-06	0.0675920669783251	13.8342054085628	-13.8342054085628	1470	84	Promoter	2	Heritable	0.104230515202057	0.514490559724505	0.0603195957058393	0	0	1	1.04230515202057	7.29301767977278	4.44265125649032	0	2.62714417888721
BA_only	hippocampus	AA	psi	chrX_49879523_49880040	chrX	49879523	49880040	4	4	0	0	0.448824364072799	0.994840206451052	0.651402031016698	-0.651402031016698	517	90	Promoter	2	Non-heritable	0.0348584628930709	0.514162634277635	0.0531097936852053	43441	0	0	0.348584628930709	6.24804287450843	4.51085950651685	10.6791819940636	-0.42862825286782
BA_only	hippocampus	AA	psi	chrX_51496142_51496271	chrX	51496142	51496271	12	12	0	0	0.0391169863030613	0.980549382116533	8.98326184499079	-8.98326184499079	129	96	Genic/other	1	Non-heritable	0.0587094854874039	0.480596949217042	0.0414475615544189	2837	0	0	0.587094854874039	4.85981240436167	4.57471097850338	7.95085485771999	2.19536305188242
BA_only	hippocampus	AA	psi	chrX_53683551_53684580	chrX	53683551	53684580	7	7	0	0	0.142245607458999	0.991064867102684	1.65063273399846	-1.65063273399846	1029	129	Promoter	2	Non-heritable	0.0433352431506072	0.542959879668117	0.0474834790237144	0	0	0	0.433352431506072	6.93634273583405	4.86753445045558	0	0.50115869561355
BA_only	hippocampus	AA	psi	chrX_54043773_54044720	chrX	54043773	54044720	17	17	0	0	0.269207247807935	0.993437465767387	1.74818910337748	-1.74818910337748	947	114	Promoter	2	Heritable	0.110279155213504	0.543994040678603	0.0469660431950937	0	0	0	1.10279155213504	6.85329909318608	4.74493212836325	0	0.55858045981245
BA_only	hippocampus	AA	psi	chrX_54182507_54183106	chrX	54182507	54183106	17	17	0	0	0.30069373182189	0.993663620961428	1.94772965906257	-1.94772965906257	599	129	Promoter	1	Non-heritable	0.0660306900221843	0.551701328264672	0.0466495647640347	19086	0	0	0.660306900221843	6.39526159811545	4.86753445045558	9.85676275402989	0.666664422008556
BA_only	hippocampus	AA	psi	chrX_54357660_54359003	chrX	54357660	54359003	11	11	0	0	0.0209707299524682	0.975856666808667	3.35542851243617	-3.35542851243617	1343	125	Promoter	1	Non-heritable	0.0643947792982644	0.442752461829092	0.0449383384065179	118650	0	0	0.643947792982644	7.20266119652324	4.83628190695148	11.6839416899784	1.21057948877585
BA_only	hippocampus	AA	psi	chrX_54440174_54440268	chrX	54440174	54440268	11	11	0	0	0.0189380073127727	0.97294422691241	1.13010113259582	-1.13010113259582	94	122	Promoter	0	Non-heritable	0.0735556810386905	0.475281895365089	0.043316907353234	90033	0	0	0.735556810386905	4.54329478227	4.81218435537242	11.4079426557501	0.122307135440726
BA_only	hippocampus	AA	psi	chrX_54495086_54495845	chrX	54495086	54495845	9	9	0	0	0.246953830592639	0.992357527579722	0.894266929327774	-0.894266929327774	759	119	Genic/other	1	Non-heritable	0.0656203580528953	0.481177715770843	0.0493935894406186	34456	0	0	0.656203580528953	6.63200177739563	4.78749174278205	10.4474674488343	-0.111750958525605
BA_only	hippocampus	AA	psi	chrX_54530616_54530952	chrX	54530616	54530952	9	9	0	0	0.244431190797495	0.992299860644177	1.44537851532619	-1.44537851532619	336	122	Genic/other	1	Non-heritable	0.0224721961547619	0.460470246209531	0.0484767977293084	0	0	0	0.224721961547619	5.8171111599632	4.81218435537242	0	0.36837124250315
BA_only	hippocampus	AA	psi	chrX_54808717_54808895	chrX	54808717	54808895	32	32	0	0	0.116188495485814	0.990898390030923	1.75128092389375	1.75128092389375	178	125	Promoter	2	Heritable	0.141039628033042	0.694961582858034	0.0431889863982742	0	0	0	1.41039628033042	5.18178355029209	4.83628190695148	0	0.560347482406722
BA_only	hippocampus	AA	psi	chrX_55000275_55000902	chrX	55000275	55000902	37	37	0	0	0.0516335972863164	0.984153364580922	3.7754003594454	3.7754003594454	627	117	Promoter	2	Non-heritable	0.0774982778071453	0.460705093551468	0.0470589862796306	8440	0	0	0.774982778071453	6.44094654063292	4.77068462446567	9.04085606398372	1.32850643520845
BA_only	hippocampus	AA	psi	chrX_56767533_56767749	chrX	56767533	56767749	64	64	0	0	0.000185792779966223	0.477398618736782	5.25761700599327	-5.25761700599327	216	60	Genic/other	0	Heritable	0.191996016609123	0.535921548417022	0.0422126386569005	0	0	0	1.91996016609123	5.37527840768417	4.11087386417331	0	1.65967788531199
BA_only	hippocampus	AA	psi	chrX_57592506_57592731	chrX	57592506	57592731	1	1	0	0	0.976841941371266	0.999614796863798	0.0140502571865835	-0.0140502571865835	225	43	Genic/other	1	Low prediction	0.0575318784281868	0.236002675376407	0.0419866851961132	103748	0	0	0.575318784281868	5.41610040220442	3.78418963391826	11.5497297994923	-4.26511386654452
BA_only	hippocampus	AA	psi	chrX_68828826_68829390	chrX	68828826	68829390	145	145	0	0	0.000144119739303004	0.431795965327074	11.1086124120489	11.1086124120489	564	287	Promoter	1	Non-heritable	0.0861277789990825	0.696973869451546	0.0438787343169848	36108	0	0	0.861277789990825	6.33505425149806	5.66296048013595	10.4942974207283	2.40772070134652
BA_only	hippocampus	AA	psi	chrX_69504654_69506103	chrX	69504654	69506103	8	8	0	0	0.114435791854305	0.990898390030923	3.3897578034472	-3.3897578034472	1449	232	Genic/other	1	Non-heritable	0.0647858151291828	0.661594727173237	0.045069433972724	0	0	0	0.647858151291828	7.27862894232068	5.4510384535657	0	1.22075847737929
BA_only	hippocampus	AA	psi	chrX_70434421_70434871	chrX	70434421	70434871	13	13	0	0	0.00346749733917836	0.866906756094015	4.36976395651123	4.36976395651123	450	188	Enhancer	2	Non-heritable	0.0066111923860654	0.497487823075248	0.0477793184469257	0	0	0	0.066111923860654	6.10924758276437	5.24174701505964	0	1.47470899540879
BA_only	hippocampus	AA	psi	chrX_70445150_70445504	chrX	70445150	70445504	13	13	0	0	0.0384197158949121	0.980549382116533	12.826380899821	-12.826380899821	354	188	Genic/other	1	Non-heritable	0.0231301315913924	0.695728038301885	0.0472031929044238	53	0	0	0.231301315913924	5.86929691313377	5.24174701505964	3.98898404656427	2.55150405854087
BA_only	hippocampus	AA	psi	chrX_71365695_71365825	chrX	71365695	71365825	109	109	0	0	0.00231607973811114	0.821533152951244	4.82077189683874	-4.82077189683874	130	162	Promoter	1	Non-heritable	0.0367470198597766	0.644275483449527	0.0435856750651093	9460	0	0	0.367470198597766	4.86753445045558	5.09375020080676	9.15493336470444	1.57293406188745
BA_only	hippocampus	AA	psi	chrX_71367283_71367480	chrX	71367283	71367480	109	109	0	0	0.0117021295949572	0.95374925853225	8.08099661639464	-8.08099661639464	197	158	Genic/other	1	Non-heritable	0.061449241813922	0.560052265266394	0.0441145894972046	7805	0	0	0.61449241813922	5.28320372873799	5.06890420222023	8.96264794774056	2.08951520977748
BA_only	hippocampus	AA	psi	chrX_73079441_73079522	chrX	73079441	73079522	148	148	0	0	2.92063443455304e-05	0.20209220990993	4.01195962588104	4.01195962588104	81	83	Promoter	1	Non-heritable	0.0381738819519873	0.44392378719916	0.0838741725088507	0	0	0	0.381738819519873	4.39444915467244	4.43081679884331	0	1.38927980920188
BA_only	hippocampus	AA	psi	chrX_73850950_73852376	chrX	73850950	73852376	459	459	3	3	3.57336023132209e-10	3.31324819336369e-05	28.5970118795643	28.5970118795643	1426	90	Promoter	0	Low prediction	0.0200632643389339	0.245328064042256	0.0457056917801518	19	1	1	0.200632643389339	7.26262860097424	4.51085950651685	2.99573227355399	3.35330223298159
BA_only	hippocampus	AA	psi	chrX_74420333_74420538	chrX	74420333	74420538	344	344	0	0	0.000453499958833567	0.604162640906295	26.8724386704213	-26.8724386704213	205	95	Promoter	1	Non-heritable	0.018495954262602	0.429439227952087	0.0437505666795652	1528	0	0	0.18495954262602	5.32300997913841	4.56434819146784	7.33236920592906	3.29110117699147
BA_only	hippocampus	AA	psi	chrX_74614128_74615014	chrX	74614128	74615014	3	3	0	0	0.194179094598968	0.991064867102684	0.171285531045196	0.171285531045196	886	96	Promoter	2	Non-heritable	0.0134007844573073	0.399462822402854	0.0489813602652653	0	0	0	0.134007844573073	6.78671695060508	4.57471097850338	0	-1.76442328442298
BA_only	hippocampus	AA	psi	chrX_74924029_74925340	chrX	74924029	74925340	5	5	0	0	0.134343850377327	0.991064867102684	1.41860783642596	1.41860783642596	1311	86	Enhancer	2	Non-heritable	0.0339434600534597	0.415718081736613	0.0467393545699013	134927	0	0	0.339434600534597	7.1785454837637	4.46590811865458	11.8124965818144	0.34967600087584
BA_only	hippocampus	AA	psi	chrX_75746879_75747603	chrX	75746879	75747603	0	0	0	0					724	86	Promoter	0	Non-heritable	0.0337707224572271	0.34219592228346	0.0511841448629338	0	0	0	0.337707224572271	6.58479139238572	4.46590811865458	0	
BA_only	hippocampus	AA	psi	chrX_77895682_77895861	chrX	77895682	77895861	41	41	0	0	0.0398042171291263	0.980549382116533	4.80080559096415	4.80080559096415	179	77	Promoter	2	Non-heritable	0.0251929584341633	0.312512992291749	0.0434589452802807	0	0	0	0.251929584341633	5.18738580584076	4.35670882668959	0	1.56878373736557
BA_only	hippocampus	AA	psi	chrX_78103858_78104038	chrX	78103858	78104038	33	33	0	0	0.0130110143621262	0.964283399649536	6.08310056822159	-6.08310056822159	180	84	Promoter	1	Heritable	0.110314844455915	0.520068430287616	0.0457758785332026	0	0	0	1.10314844455915	5.19295685089021	4.44265125649032	0	1.80551452951416
