task_id	chrom	start	end	snp_id	beta
2368	3	75713044	75720449	chr3_75214531_A_G_rs142357696	-0.0877351563212701
2368	3	75713044	75720449	chr3_75214962_A_C_rs187355208	0
2368	3	75713044	75720449	chr3_75215452_C_T_rs191110335	0
2368	3	75713044	75720449	chr3_75215453_A_G_rs183257465	0
2368	3	75713044	75720449	chr3_75216391_C_T_rs.	0
2368	3	75713044	75720449	chr3_75216676_C_G_rs138043393	0
2368	3	75713044	75720449	chr3_75219865_C_G_rs79310369	-0.0485870387951601
2368	3	75713044	75720449	chr3_75221880_A_G_rs112682217	0
2368	3	75713044	75720449	chr3_75224781_A_T_rs367679035	-0.0382346730387086
2368	3	75713044	75720449	chr3_75225211_C_T_rs567738388	0.16220361802404
2368	3	75713044	75720449	chr3_75226652_A_T_rs79402409	-0.0789957394090173
2368	3	75713044	75720449	chr3_75227563_A_G_rs532636150	0.0277393259074163
2368	3	75713044	75720449	chr3_75236971_C_T_rs140968539	-0.0247519514710431
2368	3	75713044	75720449	chr3_75237267_A_G_rs115451741	0.282306190277381
2368	3	75713044	75720449	chr3_75240276_A_T_rs7428818	-0.200013741985696
2368	3	75713044	75720449	chr3_75240852_C_T_rs78623741	0
2368	3	75713044	75720449	chr3_75241791_A_T_rs146528551	0.217581707438032
2368	3	75713044	75720449	chr3_75243897_A_G_rs116227787	-0.0315437222241272
2368	3	75713044	75720449	chr3_75246114_C_CA_rs532391452	0
2368	3	75713044	75720449	chr3_75250408_G_T_rs6795730	0
2368	3	75713044	75720449	chr3_75253461_A_G_rs60777890	-0.025588034426703
2368	3	75713044	75720449	chr3_75256060_A_T_rs114015270	0
2368	3	75713044	75720449	chr3_75265864_A_ATATT_rs149581378	-0.0964979331261323
2368	3	75713044	75720449	chr3_75269426_A_AT_rs.	0.00464738395975866
2368	3	75713044	75720449	chr3_75269834_C_G_rs73840461	0.0907324449995597
2368	3	75713044	75720449	chr3_75270212_A_G_rs114822491	-0.161860882257245
2368	3	75713044	75720449	chr3_75270364_C_T_rs60868329	0.252605053940508
2368	3	75713044	75720449	chr3_75272370_C_T_rs183622070	0
2368	3	75713044	75720449	chr3_75279191_C_T_rs.	0.0495060920105301
2368	3	75713044	75720449	chr3_75280421_A_G_rs57607927	0
2368	3	75713044	75720449	chr3_75281341_G_T_rs112076715	-0.107701877212782
2368	3	75713044	75720449	chr3_75282982_A_T_rs116187808	0.163896313237608
2368	3	75713044	75720449	chr3_75283048_C_T_rs111681387	-0.0279828246411887
2368	3	75713044	75720449	chr3_75283989_A_T_rs7356131	0.00545598512750522
2368	3	75713044	75720449	chr3_75285928_A_G_rs114897489	0.035018918874086
2368	3	75713044	75720449	chr3_75289119_A_G_rs536304902	0
2368	3	75713044	75720449	chr3_75299803_C_G_rs138762022	-0.021493395972936
2368	3	75713044	75720449	chr3_75311010_G_T_rs.	-0.0277599859053078
2368	3	75713044	75720449	chr3_75311219_C_T_rs113539238	0
2368	3	75713044	75720449	chr3_75313886_G_T_rs115604957	0.024761833173345
2368	3	75713044	75720449	chr3_75314511_A_G_rs148953740	-0.0143326659399612
2368	3	75713044	75720449	chr3_75316333_C_T_rs2324006	-0.00841789840382389
2368	3	75713044	75720449	chr3_75316346_A_G_rs142282946	0.0526305893050954
2368	3	75713044	75720449	chr3_75319409_C_T_rs.	0
2368	3	75713044	75720449	chr3_75324604_C_T_rs114870981	0.0374170584080193
2368	3	75713044	75720449	chr3_75325245_C_T_rs11914450	0.0436742986073219
2368	3	75713044	75720449	chr3_75326959_A_G_rs9824516	0.0526202877415616
2368	3	75713044	75720449	chr3_75327924_C_T_rs11707334	-0.00969434811015955
2368	3	75713044	75720449	chr3_75328126_A_T_rs6796799	0.000163339697597036
2368	3	75713044	75720449	chr3_75328308_C_T_rs115390656	0.125993689182244
2368	3	75713044	75720449	chr3_75328757_C_T_rs112487847	0.00619334392253332
2368	3	75713044	75720449	chr3_75328974_C_G_rs4677497	-0.0166296780001235
2368	3	75713044	75720449	chr3_75329351_A_C_rs112506856	0.03057630781314
2368	3	75713044	75720449	chr3_75335042_A_G_rs139946965	0
2368	3	75713044	75720449	chr3_75336263_A_G_rs145322073	0
2368	3	75713044	75720449	chr3_75337879_A_G_rs112049502	-0.0435940500627077
2368	3	75713044	75720449	chr3_75339363_A_C_rs6783159	-0.162404692916537
2368	3	75713044	75720449	chr3_75339736_A_G_rs73840491	-0.226242650028425
2368	3	75713044	75720449	chr3_75341036_A_C_rs61394504	0
2368	3	75713044	75720449	chr3_75342054_A_C_rs142478362	0
2368	3	75713044	75720449	chr3_75343509_A_T_rs77970097	0
2368	3	75713044	75720449	chr3_75343579_C_T_rs115339130	-0.0103770522503976
2368	3	75713044	75720449	chr3_75344079_C_G_rs55666371	-0.0555915797406303
2368	3	75713044	75720449	chr3_75345636_A_C_rs6767960	-0.000542242001168999
2368	3	75713044	75720449	chr3_75347928_G_T_rs9866742	-0.0405183316010747
2368	3	75713044	75720449	chr3_75349361_A_G_rs145241061	0.12022698895591
2368	3	75713044	75720449	chr3_75349515_C_T_rs143046863	0.0535324007715356
2368	3	75713044	75720449	chr3_75349554_A_T_rs11928221	0.072256747827787
2368	3	75713044	75720449	chr3_75351153_C_T_rs11929508	-0.033422811565176
2368	3	75713044	75720449	chr3_75351617_A_G_rs73116919	0.456127145123433
2368	3	75713044	75720449	chr3_75352370_A_G_rs192291350	0
2368	3	75713044	75720449	chr3_75352833_G_T_rs71319887	0.0291192343007706
2368	3	75713044	75720449	chr3_75354750_A_G_rs4677510	0.476055707785268
2368	3	75713044	75720449	chr3_75359307_A_G_rs62259091	-0.0359578892803083
2368	3	75713044	75720449	chr3_75359504_A_G_rs115966833	0.0451476765417967
2368	3	75713044	75720449	chr3_75361743_C_T_rs58922735	0.0462720330110745
2368	3	75713044	75720449	chr3_75361958_C_T_rs140616532	-0.0221715756371291
2368	3	75713044	75720449	chr3_75362282_A_G_rs143620833	-0.0340176495064754
2368	3	75713044	75720449	chr3_75366137_C_T_rs113939755	-0.142934898579596
2368	3	75713044	75720449	chr3_75367813_A_T_rs186401338	0.0516814242673899
2368	3	75713044	75720449	chr3_75368741_T_TATG_rs201491219	0.351668883867132
2368	3	75713044	75720449	chr3_75370859_A_G_rs145229804	-0.0655580880034001
2368	3	75713044	75720449	chr3_75371029_A_G_rs62259093	0
2368	3	75713044	75720449	chr3_75371113_A_G_rs567842078	0
2368	3	75713044	75720449	chr3_75373294_C_T_rs13101028	0.00842550465321324
2368	3	75713044	75720449	chr3_75374015_C_G_rs4515077	0
2368	3	75713044	75720449	chr3_75374435_C_T_rs116826903	-0.00998467501549377
2368	3	75713044	75720449	chr3_75375162_C_CTCTT_rs531608323	0
2368	3	75713044	75720449	chr3_75376115_A_G_rs12637829	0
2368	3	75713044	75720449	chr3_75377288_C_T_rs139339436	0.0468827590027029
2368	3	75713044	75720449	chr3_75380182_C_T_rs556330787	0
2368	3	75713044	75720449	chr3_75388682_C_T_rs561951422	0
2368	3	75713044	75720449	chr3_75390800_T_TG_rs200406552	0.0922709116944764
2368	3	75713044	75720449	chr3_75391271_C_CG_rs532316988	0.0805736926366558
2368	3	75713044	75720449	chr3_75391548_A_C_rs527236864	0
2368	3	75713044	75720449	chr3_75391711_A_T_rs112221994	-0.0690221641467931
2368	3	75713044	75720449	chr3_75397437_C_T_rs111524230	-0.0643772303469459
2368	3	75713044	75720449	chr3_75397975_A_G_rs9828284	-0.0366294216243657
2368	3	75713044	75720449	chr3_75398881_A_T_rs6549734	0
2368	3	75713044	75720449	chr3_75399022_C_T_rs146554921	0
2368	3	75713044	75720449	chr3_75399693_C_T_rs113156675	-0.00507914367328898
2368	3	75713044	75720449	chr3_75404962_G_T_rs141534346	0
2368	3	75713044	75720449	chr3_75406523_C_T_rs77133187	0.169552467434331
2368	3	75713044	75720449	chr3_75408809_C_T_rs142552312	-0.0954543323383711
2368	3	75713044	75720449	chr3_75409784_C_T_rs61593644	0.0273763083213223
2368	3	75713044	75720449	chr3_75411114_A_G_rs148631522	-0.00326476124844249
2368	3	75713044	75720449	chr3_75414483_C_T_rs112417213	7.80833214503399e-05
2368	3	75713044	75720449	chr3_75414676_C_T_rs144962296	0.0251089505250949
2368	3	75713044	75720449	chr3_75419011_A_G_rs144388000	-0.0652751938474779
2368	3	75713044	75720449	chr3_75420225_A_G_rs191067513	0
2368	3	75713044	75720449	chr3_75423116_A_G_rs143233800	0
2368	3	75713044	75720449	chr3_75426092_A_G_rs529643182	0
2368	3	75713044	75720449	chr3_75430628_A_AGAGT_rs79261256	-0.0674415990336827
2368	3	75713044	75720449	chr3_75434259_C_T_rs13321731	-0.049763873223939
2368	3	75713044	75720449	chr3_75439296_C_G_rs72628673	0.00751422098176576
2368	3	75713044	75720449	chr3_75440496_A_G_rs149474460	-0.0159494619918553
2368	3	75713044	75720449	chr3_75442449_C_G_rs146535952	-0.00361450964375012
2368	3	75713044	75720449	chr3_75442797_A_G_rs149083775	0
2368	3	75713044	75720449	chr3_75442839_A_C_rs141265108	0
2368	3	75713044	75720449	chr3_75444496_C_T_rs189366513	0
2368	3	75713044	75720449	chr3_75449350_A_G_rs574283981	0
2368	3	75713044	75720449	chr3_75450380_A_G_rs145967057	0.0632248755181147
2368	3	75713044	75720449	chr3_75455317_A_G_rs116652168	-0.127286318219046
2368	3	75713044	75720449	chr3_75463335_G_T_rs145583885	-0.0115121654764506
2368	3	75713044	75720449	chr3_75467799_C_T_rs116750448	0
2368	3	75713044	75720449	chr3_75469994_C_T_rs112557480	0
2368	3	75713044	75720449	chr3_75470024_A_G_rs7636588	0.00855153514259204
2368	3	75713044	75720449	chr3_75478049_A_G_rs72885187	0.222680179199616
2368	3	75713044	75720449	chr3_75488219_C_G_rs147291239	0
2368	3	75713044	75720449	chr3_75489165_G_T_rs35711433	0.00769584297192839
2368	3	75713044	75720449	chr3_75492887_A_G_rs573550144	0.060679803687936
2368	3	75713044	75720449	chr3_75515983_G_T_rs9818927	0.0319164811787692
2368	3	75713044	75720449	chr3_75553012_C_T_rs.	0
2368	3	75713044	75720449	chr3_75557668_C_T_rs140481292	0.100949462738381
2368	3	75713044	75720449	chr3_75559416_C_T_rs145097925	-0.198633174736517
2368	3	75713044	75720449	chr3_75560791_A_T_rs181704031	-0.00320983672619107
2368	3	75713044	75720449	chr3_75569575_A_G_rs1192050471	-0.0768032648091015
2368	3	75713044	75720449	chr3_75572645_A_G_rs9310329	-0.071795146790114
2368	3	75713044	75720449	chr3_75572924_A_T_rs58433321	-0.175092853524586
2368	3	75713044	75720449	chr3_75580672_A_G_rs3866348	-0.0359178498372509
2368	3	75713044	75720449	chr3_75585092_G_T_rs1347122663	0
2368	3	75713044	75720449	chr3_75585637_A_G_rs1362736376	0.181299561548105
2368	3	75713044	75720449	chr3_75587298_C_T_rs2001244	0.00177116580060203
2368	3	75713044	75720449	chr3_75592600_A_C_rs59814453	0.108836865587906
2368	3	75713044	75720449	chr3_75592943_C_T_rs112386704	-0.0186937558411027
2368	3	75713044	75720449	chr3_75593909_C_T_rs796082232	-0.069548404770426
2368	3	75713044	75720449	chr3_75606878_A_C_rs4677561	0
2368	3	75713044	75720449	chr3_75607048_C_T_rs2944627	-1.46772081423081e-05
2368	3	75713044	75720449	chr3_75608796_C_T_rs13315655	-0.0267192453529718
2368	3	75713044	75720449	chr3_75613725_A_AC_rs139870088	0.0069223345332676
2368	3	75713044	75720449	chr3_75614150_A_G_rs370351289	-0.016299955445044
2368	3	75713044	75720449	chr3_75614299_A_G_rs11706168	0.00845102004920329
2368	3	75713044	75720449	chr3_75618164_A_G_rs369713772	0
2368	3	75713044	75720449	chr3_75618893_C_T_rs.	-0.00527993560173218
2368	3	75713044	75720449	chr3_75624583_A_G_rs375378467	-0.0607226660966009
2368	3	75713044	75720449	chr3_75633133_C_T_rs1516824	0.00862812499485469
2368	3	75713044	75720449	chr3_75633782_C_T_rs2077232	0.00806098842965736
2368	3	75713044	75720449	chr3_75639565_C_G_rs2918569	-0.0729376092284221
2368	3	75713044	75720449	chr3_75645663_A_G_rs2944631	-0.00742627219863673
2368	3	75713044	75720449	chr3_75658084_A_G_rs2165005	0.00228984215043403
2368	3	75713044	75720449	chr3_75690334_G_T_rs544924	-0.00895238093039484
2368	3	75713044	75720449	chr3_75711582_A_C_rs796793608	0
2368	3	75713044	75720449	chr3_75717482_A_G_rs9872565	0
2368	3	75713044	75720449	chr3_75751580_A_G_rs2918580	0
2368	3	75713044	75720449	chr3_75763198_A_G_rs73117292	-0.182594030603403
2368	3	75713044	75720449	chr3_75765734_A_C_rs191540092	0
2368	3	75713044	75720449	chr3_75778976_C_T_rs190306586	0.0133645160589281
2368	3	75713044	75720449	chr3_75788352_A_G_rs112093752	-0.0476966946231128
2368	3	75713044	75720449	chr3_75814109_C_T_rs9310346	-0.0451518344922954
2368	3	75713044	75720449	chr3_75814363_C_T_rs62266842	0.301180265061354
2368	3	75713044	75720449	chr3_75816580_A_G_rs9310347	0.0401634748492899
2368	3	75713044	75720449	chr3_75833910_C_T_rs150242916	-0.0154875988551996
2368	3	75713044	75720449	chr3_75836761_C_G_rs11720442	0.000603597938110324
2368	3	75713044	75720449	chr3_75845704_A_G_rs147470524	0
2368	3	75713044	75720449	chr3_75874741_A_G_rs79077102	0
2368	3	75713044	75720449	chr3_75875002_C_T_rs4974323	0.137213152403067
2368	3	75713044	75720449	chr3_75886040_C_T_rs541817013	0
2368	3	75713044	75720449	chr3_75892514_G_T_rs140671012	0
2368	3	75713044	75720449	chr3_75900696_A_T_rs57153207	0
2368	3	75713044	75720449	chr3_75902701_A_G_rs115550460	-0.126138925105306
2368	3	75713044	75720449	chr3_75904091_C_G_rs62269781	0.00535662184505052
2368	3	75713044	75720449	chr3_75908035_A_T_rs185883825	0
2368	3	75713044	75720449	chr3_75916576_A_G_rs9846941	0
2368	3	75713044	75720449	chr3_75924719_C_T_rs58466908	0
2368	3	75713044	75720449	chr3_75926477_C_T_rs146639322	0
2368	3	75713044	75720449	chr3_75929715_A_G_rs907722	0
2368	3	75713044	75720449	chr3_75933719_A_AC_rs143258048	-0.00445867039006411
2368	3	75713044	75720449	chr3_75935194_A_T_rs377750005	-0.0775674962906117
2368	3	75713044	75720449	chr3_75938077_A_G_rs147797499	-0.162298389288053
2368	3	75713044	75720449	chr3_75938489_C_T_rs2324402	0
2368	3	75713044	75720449	chr3_75938753_C_G_rs540315206	-0.13231675855526
2368	3	75713044	75720449	chr3_75941929_A_C_rs536891413	0.0103183155516444
2368	3	75713044	75720449	chr3_75945814_A_G_rs540650083	-0.113667820198948
2368	3	75713044	75720449	chr3_75951964_G_T_rs73841055	0.0145784650533954
2368	3	75713044	75720449	chr3_75957705_G_GT_rs201505991	-0.0866026428804826
2368	3	75713044	75720449	chr3_75957961_G_T_rs35742811	-0.0296700312813861
2368	3	75713044	75720449	chr3_75961005_A_T_rs116078493	0
2368	3	75713044	75720449	chr3_75964331_A_G_rs73125299	-0.0283574102047337
2368	3	75713044	75720449	chr3_75964508_G_GT_rs200344337	0
2368	3	75713044	75720449	chr3_75973078_G_T_rs76717119	0.230678959624173
2368	3	75713044	75720449	chr3_75975418_C_T_rs62267177	-0.00676898704486722
2368	3	75713044	75720449	chr3_75982261_A_AT_rs373153230	0.251514235289203
2368	3	75713044	75720449	chr3_75992325_G_T_rs595189	0.155306195115624
2368	3	75713044	75720449	chr3_75996026_A_G_rs115378575	0.0120065567141858
2368	3	75713044	75720449	chr3_75997785_A_G_rs184357052	0.151685538095636
2368	3	75713044	75720449	chr3_76000511_C_T_rs149595276	0.0550987017182024
2368	3	75713044	75720449	chr3_76018171_G_T_rs117609447	0.147276519775222
2368	3	75713044	75720449	chr3_76021659_G_T_rs673642	-0.0373057269313882
2368	3	75713044	75720449	chr3_76028627_C_T_rs72890383	-0.0482001499400597
2368	3	75713044	75720449	chr3_76030088_A_G_rs576466799	-0.0438012531619092
2368	3	75713044	75720449	chr3_76036116_A_G_rs71315331	-0.0448421722525165
2368	3	75713044	75720449	chr3_76037360_C_T_rs141906168	0
2368	3	75713044	75720449	chr3_76041859_A_G_rs73841082	0.0166969861589844
2368	3	75713044	75720449	chr3_76042394_A_G_rs1463693	0.00250783944199189
2368	3	75713044	75720449	chr3_76043531_A_T_rs141385690	0.152869270205956
2368	3	75713044	75720449	chr3_76047828_C_G_rs28496780	-0.0865832308608574
2368	3	75713044	75720449	chr3_76065388_A_G_rs9833136	0.0408435704829307
2368	3	75713044	75720449	chr3_76075879_A_G_rs73842965	-0.0712551556312677
2368	3	75713044	75720449	chr3_76080833_C_T_rs7624572	0.0763686125245188
2368	3	75713044	75720449	chr3_76086217_C_T_rs9847106	-0.0136500286140867
2368	3	75713044	75720449	chr3_76086890_A_G_rs141485787	-0.192962658293414
2368	3	75713044	75720449	chr3_76087557_C_T_rs1601982	-0.124510880991666
2368	3	75713044	75720449	chr3_76088863_A_G_rs184910557	-0.0537062560945662
2368	3	75713044	75720449	chr3_76091499_A_G_rs76491015	0
2368	3	75713044	75720449	chr3_76098537_A_G_rs74885741	-0.0292472239751262
2368	3	75713044	75720449	chr3_76105302_A_G_rs9840793	-0.00446481074608933
2368	3	75713044	75720449	chr3_76106822_C_T_rs114500951	-0.000472235071392532
2368	3	75713044	75720449	chr3_76108956_G_GATA_rs149459481	-0.0232019513439347
2368	3	75713044	75720449	chr3_76109421_A_C_rs76258963	0.0186656426988599
2368	3	75713044	75720449	chr3_76109457_C_T_rs78217555	0
2368	3	75713044	75720449	chr3_76109460_C_T_rs6774553	0.0305352824638778
2368	3	75713044	75720449	chr3_76109505_A_G_rs62268907	0
2368	3	75713044	75720449	chr3_76109510_C_T_rs6549833	0
2368	3	75713044	75720449	chr3_76109607_C_T_rs17013794	0.0436260108485058
2368	3	75713044	75720449	chr3_76109637_A_C_rs17013796	0.00145245385492706
2368	3	75713044	75720449	chr3_76109664_A_T_rs113009480	-0.138961399745222
2368	3	75713044	75720449	chr3_76109796_A_G_rs7632601	-0.0650691697129708
2368	3	75713044	75720449	chr3_76110214_A_G_rs76634159	0
2368	3	75713044	75720449	chr3_76110670_A_G_rs2219702	0.0195105592698684
2368	3	75713044	75720449	chr3_76110755_G_T_rs2199492	-0.00597000074979921
2368	3	75713044	75720449	chr3_76112585_C_G_rs9867506	-0.0137449977093382
2368	3	75713044	75720449	chr3_76117584_A_T_rs78798795	-0.00194108462156564
2368	3	75713044	75720449	chr3_76117611_A_G_rs3843873	0.014021599413159
2368	3	75713044	75720449	chr3_76118586_C_T_rs6772097	-0.00833967824153656
2368	3	75713044	75720449	chr3_76118599_A_G_rs7626462	0.00433981237313207
2368	3	75713044	75720449	chr3_76119144_A_G_rs186283294	0
2368	3	75713044	75720449	chr3_76123038_C_T_rs1903735	0.0615130634536976
2368	3	75713044	75720449	chr3_76124059_G_GT_rs370279633	0
2368	3	75713044	75720449	chr3_76124121_C_T_rs531029670	-0.0157729683202829
2368	3	75713044	75720449	chr3_76124707_A_AAATT_rs148059855	-0.107167277554017
2368	3	75713044	75720449	chr3_76125239_A_G_rs73114896	-0.194248300466793
2368	3	75713044	75720449	chr3_76126112_C_G_rs76440202	-0.0262263670040727
2368	3	75713044	75720449	chr3_76129620_A_C_rs17577554	0.0181062464016741
2368	3	75713044	75720449	chr3_76130137_A_G_rs6773901	-0.0432940061888777
2368	3	75713044	75720449	chr3_76131751_C_G_rs149425046	0.0661041366436648
2368	3	75713044	75720449	chr3_76135652_A_G_rs143042308	-0.0284402667068396
2368	3	75713044	75720449	chr3_76138553_C_T_rs111813814	0
2368	3	75713044	75720449	chr3_76139148_A_G_rs76726617	0.00455475617447301
2368	3	75713044	75720449	chr3_76143236_G_T_rs4538381	0.0220187076075131
2368	3	75713044	75720449	chr3_76143279_C_T_rs76470313	-0.0258801266603957
2368	3	75713044	75720449	chr3_76143290_A_G_rs143717173	0
2368	3	75713044	75720449	chr3_76143567_A_G_rs13068823	0
2368	3	75713044	75720449	chr3_76144085_C_T_rs13074390	0
2368	3	75713044	75720449	chr3_76145296_C_T_rs548688550	-0.070803589887879
2368	3	75713044	75720449	chr3_76147622_A_G_rs114941378	0.0455148152171722
2368	3	75713044	75720449	chr3_76149090_G_T_rs9858857	0.160151887205128
2368	3	75713044	75720449	chr3_76153578_A_G_rs143837261	0
2368	3	75713044	75720449	chr3_76157939_C_G_rs55791437	-0.182959041709023
2368	3	75713044	75720449	chr3_76158123_A_G_rs115221486	0
2368	3	75713044	75720449	chr3_76169036_G_T_rs74616892	-0.0263084241352657
2368	3	75713044	75720449	chr3_76171247_A_G_rs76871687	0.0191775165134408
2368	3	75713044	75720449	chr3_76171344_G_GA_rs569104036	0
2368	3	75713044	75720449	chr3_76172461_C_T_rs79919568	-0.0259191616575044
2368	3	75713044	75720449	chr3_76176745_A_T_rs28599652	0.00403434233330478
2368	3	75713044	75720449	chr3_76177459_C_T_rs113229078	0.126536816039142
2368	3	75713044	75720449	chr3_76180001_A_T_rs138150628	-0.0389898855621744
2368	3	75713044	75720449	chr3_76183310_A_C_rs6787182	-0.0291537295927004
2368	3	75713044	75720449	chr3_76184386_A_G_rs143050774	0.111908672991417
2368	3	75713044	75720449	chr3_76185569_G_T_rs150135416	-0.0109610395699562
2368	3	75713044	75720449	chr3_76188517_C_T_rs4552365	0.055568000063578
2368	3	75713044	75720449	chr3_76192281_C_T_rs113581576	0.00329770045695565
2368	3	75713044	75720449	chr3_76199555_C_T_rs1603257	-0.0140441448867946
2368	3	75713044	75720449	chr3_76208168_A_G_rs150467942	-0.0284420609250852
2368	3	75713044	75720449	chr3_76208649_A_G_rs35286145	0.00247928977201906
2368	3	75713044	75720449	chr3_76209982_C_G_rs150403589	0.0426802761117165
2368	3	75713044	75720449	chr3_76212075_C_T_rs143691929	0.0407342178429016
2368	3	75713044	75720449	chr3_76212476_A_T_rs72630377	-0.00813266964902797
2368	3	75713044	75720449	chr3_76214085_A_G_rs2088178	-0.0899871862796364
2368	3	75713044	75720449	chr3_76214623_C_G_rs138352424	-0.0289086686334445
2368	3	75713044	75720449	chr3_76219233_A_C_rs186466408	0.0607091272571401
2368	3	75713044	75720449	chr3_76220093_C_T_rs112448469	0
