task_id	chrom	start	end	snp_id	beta
2431	4	111838008	111840128	chr4_111338426_A_G_rs536875574	-0.0631479178520736
2431	4	111838008	111840128	chr4_111338628_G_T_rs570874088	-0.0238050922151628
2431	4	111838008	111840128	chr4_111343735_A_G_rs146455336	0.274409973941768
2431	4	111838008	111840128	chr4_111344162_A_G_rs6827443	0.0425246839256875
2431	4	111838008	111840128	chr4_111345738_A_T_rs576865976	0
2431	4	111838008	111840128	chr4_111347847_C_T_rs115730591	0
2431	4	111838008	111840128	chr4_111352230_C_T_rs189456581	0.0439842011788058
2431	4	111838008	111840128	chr4_111353969_A_C_rs111587944	0.0469107275798648
2431	4	111838008	111840128	chr4_111354746_A_G_rs142577569	0
2431	4	111838008	111840128	chr4_111356048_A_G_rs2661763	0.0256740854792978
2431	4	111838008	111840128	chr4_111360074_A_G_rs67862869	-0.0127182840265975
2431	4	111838008	111840128	chr4_111360127_G_T_rs75586533	0
2431	4	111838008	111840128	chr4_111362282_G_T_rs533074856	-0.00529629585247198
2431	4	111838008	111840128	chr4_111368475_A_G_rs182859413	0.0308812331257046
2431	4	111838008	111840128	chr4_111368568_C_T_rs11931657	0.0239012194747485
2431	4	111838008	111840128	chr4_111369936_C_G_rs79766354	-0.209776177862925
2431	4	111838008	111840128	chr4_111370058_C_T_rs563732667	0
2431	4	111838008	111840128	chr4_111372819_T_TA_rs34999400	0.00389100625159507
2431	4	111838008	111840128	chr4_111373529_C_T_rs75623293	0.0319666153236799
2431	4	111838008	111840128	chr4_111375249_C_T_rs12512751	-0.0556927433697962
2431	4	111838008	111840128	chr4_111376363_A_G_rs76028648	0.0679545893123534
2431	4	111838008	111840128	chr4_111376387_C_T_rs115497086	0.00908801837544866
2431	4	111838008	111840128	chr4_111376850_A_G_rs115098199	-0.133446603838149
2431	4	111838008	111840128	chr4_111377631_C_T_rs149245130	-0.184714574530297
2431	4	111838008	111840128	chr4_111377634_C_G_rs6849072	0.116271394344914
2431	4	111838008	111840128	chr4_111377934_C_G_rs2661760	0.00926648545398297
2431	4	111838008	111840128	chr4_111379311_A_G_rs142649518	0
2431	4	111838008	111840128	chr4_111379458_C_T_rs57335139	0
2431	4	111838008	111840128	chr4_111380880_C_G_rs144922632	-0.0108175747976366
2431	4	111838008	111840128	chr4_111381365_G_T_rs4546310	0
2431	4	111838008	111840128	chr4_111381638_C_T_rs567522788	0
2431	4	111838008	111840128	chr4_111386915_C_T_rs78311156	0.0613309470785251
2431	4	111838008	111840128	chr4_111391758_A_T_rs13144920	0
2431	4	111838008	111840128	chr4_111392911_A_G_rs187076205	0
2431	4	111838008	111840128	chr4_111395537_C_T_rs1052127808	0.116932343015768
2431	4	111838008	111840128	chr4_111397290_C_T_rs9884480	-0.00309343085979101
2431	4	111838008	111840128	chr4_111402514_A_G_rs925162	0.0548173177914933
2431	4	111838008	111840128	chr4_111402575_C_T_rs188016184	0
2431	4	111838008	111840128	chr4_111404486_A_G_rs2715014	-0.0190536869797921
2431	4	111838008	111840128	chr4_111413229_C_G_rs149458871	0
2431	4	111838008	111840128	chr4_111438185_C_T_rs57998383	0.0166839986358417
2431	4	111838008	111840128	chr4_111441545_A_G_rs2654742	0.0579561377484509
2431	4	111838008	111840128	chr4_111446579_A_C_rs79319906	-0.254355418442834
2431	4	111838008	111840128	chr4_111449267_C_G_rs1394003	0
2431	4	111838008	111840128	chr4_111462320_G_T_rs79534359	0
2431	4	111838008	111840128	chr4_111466039_A_G_rs114608274	-0.0136789555675279
2431	4	111838008	111840128	chr4_111469964_A_G_rs115041446	0
2431	4	111838008	111840128	chr4_111473109_C_T_rs3109364	-0.0672186002451785
2431	4	111838008	111840128	chr4_111480527_G_T_rs10049750	0.0856108620689377
2431	4	111838008	111840128	chr4_111480765_G_T_rs146457709	0
2431	4	111838008	111840128	chr4_111485805_C_T_rs72678859	-0.0424179945557424
2431	4	111838008	111840128	chr4_111492551_T_TAG_rs146740711	0.0683347861809639
2431	4	111838008	111840128	chr4_111496854_C_G_rs11936825	0
2431	4	111838008	111840128	chr4_111500771_C_T_rs79435779	-0.260225751694124
2431	4	111838008	111840128	chr4_111513749_A_G_rs139675471	0
2431	4	111838008	111840128	chr4_111513890_A_G_rs147706953	-0.0744260892071202
2431	4	111838008	111840128	chr4_111536872_A_T_rs74503118	-0.105022757465295
2431	4	111838008	111840128	chr4_111538430_A_G_rs28540463	0.148740317998879
2431	4	111838008	111840128	chr4_111546456_A_G_rs3934797	-0.0253841475108929
2431	4	111838008	111840128	chr4_111565923_A_G_rs188692871	0
2431	4	111838008	111840128	chr4_111581515_C_T_rs17043420	0.0180036277016987
2431	4	111838008	111840128	chr4_111583887_C_T_rs115835162	0
2431	4	111838008	111840128	chr4_111584692_C_T_rs10049994	0.0180670238497794
2431	4	111838008	111840128	chr4_111586301_A_C_rs28664576	0
2431	4	111838008	111840128	chr4_111592647_A_T_rs73842086	-0.0083646689746925
2431	4	111838008	111840128	chr4_111598009_C_G_rs115185202	0
2431	4	111838008	111840128	chr4_111598182_A_G_rs186662648	0
2431	4	111838008	111840128	chr4_111599015_C_T_rs189037813	-0.0348048554015685
2431	4	111838008	111840128	chr4_111599445_C_T_rs186271357	-0.0244569066735494
2431	4	111838008	111840128	chr4_111605480_A_G_rs72680111	-0.00169758782318165
2431	4	111838008	111840128	chr4_111606284_C_T_rs116115188	0
2431	4	111838008	111840128	chr4_111608480_G_GTA_rs112032846	-0.0434316372564743
2431	4	111838008	111840128	chr4_111608974_G_T_rs13134991	-0.0281811233351087
2431	4	111838008	111840128	chr4_111609450_C_T_rs2597863	-0.00980427374513236
2431	4	111838008	111840128	chr4_111611326_C_T_rs10011583	0
2431	4	111838008	111840128	chr4_111618788_A_G_rs73843815	-0.0527828785396431
2431	4	111838008	111840128	chr4_111619786_C_T_rs13151169	0.0708705881334929
2431	4	111838008	111840128	chr4_111622485_C_G_rs370296584	0.0810049884103736
2431	4	111838008	111840128	chr4_111623502_A_AGAT_rs140169513	0.111797211787415
2431	4	111838008	111840128	chr4_111629904_C_G_rs144367793	0
2431	4	111838008	111840128	chr4_111630261_C_T_rs1470715	0.0468049499261552
2431	4	111838008	111840128	chr4_111632421_C_T_rs115929696	-0.103978128295159
2431	4	111838008	111840128	chr4_111633812_C_T_rs2717206	0.153253286184824
2431	4	111838008	111840128	chr4_111637884_C_T_rs193286256	-0.0190326886717038
2431	4	111838008	111840128	chr4_111638947_A_T_rs180835491	0
2431	4	111838008	111840128	chr4_111639637_A_G_rs186640707	0.056042290415988
2431	4	111838008	111840128	chr4_111641871_T_TCACACGCACACC_rs147725902	0.122038088576519
2431	4	111838008	111840128	chr4_111647722_A_G_rs146934494	0
2431	4	111838008	111840128	chr4_111655540_A_G_rs138832651	-0.117199144113846
2431	4	111838008	111840128	chr4_111663713_A_G_rs77440866	-0.00310150425714187
2431	4	111838008	111840128	chr4_111673181_A_C_rs76868546	0.0169930402542777
2431	4	111838008	111840128	chr4_111673764_C_T_rs115935611	0
2431	4	111838008	111840128	chr4_111676451_A_T_rs138543189	0.261393171953899
2431	4	111838008	111840128	chr4_111679621_C_T_rs11946643	0.0141805990366994
2431	4	111838008	111840128	chr4_111686122_A_G_rs77283416	-0.0228896521077648
2431	4	111838008	111840128	chr4_111693024_C_T_rs151084043	-0.0163255083166122
2431	4	111838008	111840128	chr4_111699791_A_T_rs114495425	-0.086555355188468
2431	4	111838008	111840128	chr4_111700697_A_G_rs549863083	0
2431	4	111838008	111840128	chr4_111706048_C_T_rs72680134	0.00579951548499069
2431	4	111838008	111840128	chr4_111721855_C_T_rs17043693	-0.00811559405896192
2431	4	111838008	111840128	chr4_111725575_A_C_rs6857240	0.0195837545383091
2431	4	111838008	111840128	chr4_111726871_C_T_rs17043700	0.00731519095947976
2431	4	111838008	111840128	chr4_111734750_A_G_rs112564921	0
2431	4	111838008	111840128	chr4_111736461_A_G_rs77522163	-0.089977944205057
2431	4	111838008	111840128	chr4_111739654_A_G_rs114536619	0
2431	4	111838008	111840128	chr4_111753809_A_G_rs9995040	0
2431	4	111838008	111840128	chr4_111759108_C_G_rs143162112	0
2431	4	111838008	111840128	chr4_111775771_C_T_rs12508492	0.0633021128107232
2431	4	111838008	111840128	chr4_111779899_G_GT_rs.	-0.00302347820533033
2431	4	111838008	111840128	chr4_111807187_T_TTGTG_rs.	0
2431	4	111838008	111840128	chr4_111822622_A_G_rs17652071	-0.0527897851161889
2431	4	111838008	111840128	chr4_111835211_C_T_rs13128359	0.0179469901135668
2431	4	111838008	111840128	chr4_111836390_A_T_rs116321216	0.0754022659718779
2431	4	111838008	111840128	chr4_111843004_C_T_rs77376220	-0.151803793323315
2431	4	111838008	111840128	chr4_111847848_C_T_rs385040	-0.0194764759688162
2431	4	111838008	111840128	chr4_111855850_A_C_rs115652563	0
2431	4	111838008	111840128	chr4_111857585_C_T_rs60403054	0.00803879582564004
2431	4	111838008	111840128	chr4_111864721_A_G_rs111544847	0
2431	4	111838008	111840128	chr4_111865828_A_C_rs138362363	-0.0720483506202685
2431	4	111838008	111840128	chr4_111866631_A_G_rs35797006	0.0509679970649043
2431	4	111838008	111840128	chr4_111866989_C_T_rs2202520	0.00620861773217687
2431	4	111838008	111840128	chr4_111878222_T_TC_rs10716727	-0.0328230504446012
2431	4	111838008	111840128	chr4_111879841_C_G_rs17627091	0.0243181704192907
2431	4	111838008	111840128	chr4_111881821_A_T_rs150780180	0
2431	4	111838008	111840128	chr4_111887950_A_C_rs17044154	-0.0566006712246283
2431	4	111838008	111840128	chr4_111894396_C_T_rs113735469	0.0518968690261237
2431	4	111838008	111840128	chr4_111894469_A_G_rs76614206	-0.0705863164170418
2431	4	111838008	111840128	chr4_111906662_C_T_rs17627266	0.0496725662824272
2431	4	111838008	111840128	chr4_111906827_C_T_rs28497881	0
2431	4	111838008	111840128	chr4_111910062_C_T_rs181001457	0
2431	4	111838008	111840128	chr4_111914794_G_T_rs227889	-0.0361439487443392
2431	4	111838008	111840128	chr4_111933216_C_CT_rs.	0
2431	4	111838008	111840128	chr4_111934275_G_T_rs13143342	0
2431	4	111838008	111840128	chr4_111963997_C_G_rs1981565	-0.101430545254472
2431	4	111838008	111840128	chr4_111971600_A_ATATTT_rs561522583	0.0270295014101641
2431	4	111838008	111840128	chr4_111973344_C_G_rs72682321	0
2431	4	111838008	111840128	chr4_111975295_A_C_rs111480204	0
2431	4	111838008	111840128	chr4_111979270_A_G_rs147958936	0
2431	4	111838008	111840128	chr4_111980583_A_AG_rs61310098	0
2431	4	111838008	111840128	chr4_111988342_C_T_rs75600353	-0.0388073609441061
2431	4	111838008	111840128	chr4_111990274_C_T_rs72682338	-0.184174012305127
2431	4	111838008	111840128	chr4_111996228_C_T_rs74686346	0
2431	4	111838008	111840128	chr4_111998863_C_CA_rs149524684	0
2431	4	111838008	111840128	chr4_112000135_A_T_rs116257987	-0.0464413927349251
2431	4	111838008	111840128	chr4_112001593_C_T_rs181114192	0.0849329825324933
2431	4	111838008	111840128	chr4_112004422_C_G_rs150224673	-0.183053279249257
2431	4	111838008	111840128	chr4_112006043_C_G_rs148354292	0
2431	4	111838008	111840128	chr4_112009708_A_G_rs910029907	-0.19173537043777
2431	4	111838008	111840128	chr4_112030699_C_T_rs112352497	0.0370570389439948
2431	4	111838008	111840128	chr4_112036357_C_T_rs113761933	0
2431	4	111838008	111840128	chr4_112041296_A_C_rs114252979	0.235965990545691
2431	4	111838008	111840128	chr4_112044497_G_T_rs73841593	0
2431	4	111838008	111840128	chr4_112051328_A_AT_rs.	0.0411481116015537
2431	4	111838008	111840128	chr4_112076470_C_T_rs144971670	-0.607899722311911
2431	4	111838008	111840128	chr4_112092505_A_T_rs192407603	0
2431	4	111838008	111840128	chr4_112093745_A_AAAT_rs33969835	-0.00789514433918553
2431	4	111838008	111840128	chr4_112100055_G_T_rs72905742	0
2431	4	111838008	111840128	chr4_112105232_G_T_rs77760546	-0.0811804385040828
2431	4	111838008	111840128	chr4_112107314_C_T_rs114275361	0.120688010122731
2431	4	111838008	111840128	chr4_112109374_A_G_rs116219085	0.00385676770001867
2431	4	111838008	111840128	chr4_112112018_A_C_rs6533595	0.0457714351007621
2431	4	111838008	111840128	chr4_112135635_C_T_rs141603024	0.0553588879375088
2431	4	111838008	111840128	chr4_112142112_A_T_rs111589843	-0.188226487881872
2431	4	111838008	111840128	chr4_112149252_C_T_rs.	-0.0135820965466278
2431	4	111838008	111840128	chr4_112159594_A_G_rs763459	-0.204798037616712
2431	4	111838008	111840128	chr4_112171642_A_G_rs190219199	0
2431	4	111838008	111840128	chr4_112172339_C_T_rs548638909	0
2431	4	111838008	111840128	chr4_112179712_A_T_rs182426689	0
2431	4	111838008	111840128	chr4_112183886_A_T_rs4834237	0.0088294343143332
2431	4	111838008	111840128	chr4_112184888_C_T_rs114235291	0
2431	4	111838008	111840128	chr4_112196398_A_G_rs536323623	0
2431	4	111838008	111840128	chr4_112205426_A_G_rs1554467	0
2431	4	111838008	111840128	chr4_112207169_A_G_rs76694988	0.0262709018476634
2431	4	111838008	111840128	chr4_112207562_T_TC_rs376105842	0.0049568967847262
2431	4	111838008	111840128	chr4_112212635_G_GA_rs34279452	-0.0384480018898902
2431	4	111838008	111840128	chr4_112218282_C_T_rs72664582	-0.171445295741873
2431	4	111838008	111840128	chr4_112220385_C_T_rs78550235	-0.722146523052918
2431	4	111838008	111840128	chr4_112221574_C_T_rs76521001	-0.0515520529934936
2431	4	111838008	111840128	chr4_112223662_A_G_rs185386192	0
2431	4	111838008	111840128	chr4_112236490_A_G_rs72894913	0.219321973002776
2431	4	111838008	111840128	chr4_112237840_C_T_rs114012828	0.245664636959542
2431	4	111838008	111840128	chr4_112241620_A_G_rs115792216	0
2431	4	111838008	111840128	chr4_112243524_A_G_rs183496802	0
2431	4	111838008	111840128	chr4_112244042_A_G_rs10020210	-0.00056515301475076
2431	4	111838008	111840128	chr4_112246813_A_T_rs190443426	0
2431	4	111838008	111840128	chr4_112253087_A_ATATAAC_rs200785150	0
2431	4	111838008	111840128	chr4_112255047_A_G_rs542773131	0
2431	4	111838008	111840128	chr4_112264918_G_GA_rs200229785	0.126215293542112
2431	4	111838008	111840128	chr4_112268931_A_G_rs145941819	0
2431	4	111838008	111840128	chr4_112275297_A_C_rs146261891	0
2431	4	111838008	111840128	chr4_112278848_C_T_rs115416647	0.0427119453666395
2431	4	111838008	111840128	chr4_112284573_A_C_rs116597985	0.0609483008477425
2431	4	111838008	111840128	chr4_112284984_C_G_rs909031	0.00377819627791026
2431	4	111838008	111840128	chr4_112286121_C_T_rs17604670	0.0850672367206052
2431	4	111838008	111840128	chr4_112293375_C_T_rs17627616	0.00319918271299343
2431	4	111838008	111840128	chr4_112299541_C_T_rs73843065	0.0246098839499409
2431	4	111838008	111840128	chr4_112300363_A_T_rs28474790	0.0206130634337938
2431	4	111838008	111840128	chr4_112301353_A_C_rs147301405	-0.0138535193681432
2431	4	111838008	111840128	chr4_112302108_A_T_rs17044393	0.0907479912854943
2431	4	111838008	111840128	chr4_112305913_A_G_rs10440335	-0.12045926797773
2431	4	111838008	111840128	chr4_112306296_A_G_rs1043478540	0
2431	4	111838008	111840128	chr4_112307323_A_G_rs192148596	0
2431	4	111838008	111840128	chr4_112310831_A_T_rs17443637	0
2431	4	111838008	111840128	chr4_112316814_A_C_rs116032495	0.0554814775912326
2431	4	111838008	111840128	chr4_112319851_C_G_rs.	0.188415263421956
2431	4	111838008	111840128	chr4_112323823_A_G_rs4834259	0.0343586593690964
2431	4	111838008	111840128	chr4_112324282_A_G_rs192520485	0.0513677995978677
2431	4	111838008	111840128	chr4_112325140_C_T_rs4834260	-0.0973164752700077
2431	4	111838008	111840128	chr4_112325282_A_G_rs17044418	0
2431	4	111838008	111840128	chr4_112325437_A_C_rs17044419	-0.00457951149374133
2431	4	111838008	111840128	chr4_112325505_A_T_rs7664469	-0.00991449728547935
2431	4	111838008	111840128	chr4_112325548_C_T_rs2882659	0
2431	4	111838008	111840128	chr4_112325816_C_T_rs2351451	0.0140552947121334
2431	4	111838008	111840128	chr4_112326279_A_G_rs10018567	0.0173565390668844
2431	4	111838008	111840128	chr4_112326882_A_G_rs28418345	-0.0757859029428543
2431	4	111838008	111840128	chr4_112327253_A_T_rs77439190	0
2431	4	111838008	111840128	chr4_112329231_A_G_rs72896910	0.0153950882444496
2431	4	111838008	111840128	chr4_112331020_A_G_rs34699840	0
2431	4	111838008	111840128	chr4_112332716_A_T_rs114038813	0.0405904249734198
2431	4	111838008	111840128	chr4_112332882_C_G_rs139770996	-0.0252295754645972
2431	4	111838008	111840128	chr4_112333885_C_T_rs28707221	0
2431	4	111838008	111840128	chr4_112334902_A_G_rs17044440	0.0813587618695912
2431	4	111838008	111840128	chr4_112335640_C_G_rs141928247	0
2431	4	111838008	111840128	chr4_112336264_G_T_rs146307250	-0.129386430826366
2431	4	111838008	111840128	chr4_112336800_C_T_rs77056030	0.0262718019632795
2431	4	111838008	111840128	chr4_112336926_G_T_rs2882660	0
